0.000763 4.070290
0.001526 18.158500
0.002288 3.237700
0.003051 10.285500
0.013730 9.691900
0.014493 20.752100
0.015256 15.047600
0.016018 59.436100
0.016781 27.469800
0.017544 34.248500
0.018307 8.508630
0.019069 10.482600
0.019832 33.795100
0.020595 39.189300
0.021358 28.094500
0.022121 72.012200
0.022883 10.534600
0.023646 5.476430
0.024409 25.906400
0.025172 15.044300
0.025934 35.482700
0.026697 14.866700
0.027460 16.254300
0.028223 4.627670
0.028986 15.273100
0.029748 6.866300
0.030511 18.072000
0.031274 16.080900
0.032037 13.608700
0.032799 3.912470
0.033562 23.902100
0.034325 6.634250
0.035088 6.419920
0.048818 8.389800
0.049580 5.484940
0.050343 59.935500
0.051106 15.171100
0.051869 44.313300
0.052632 2.248520
0.053394 14.852500
0.054157 13.139300
0.054920 32.967400
0.055683 19.483000
0.056445 10.506400
0.057208 82.503900
0.057971 31.089000
0.058734 3.285490
0.059497 24.822600
0.060259 48.303800
0.061022 13.106000
0.061785 49.446800
0.062548 49.930300
0.063310 5.182080
0.064073 16.586200
0.064836 8.919490
0.065599 10.283600
0.066362 24.677100
0.067124 26.856200
0.067887 35.024700
0.068650 34.020400
0.077803 59.483000
0.078566 37.959800
0.079329 5.175010
0.080092 36.591400
0.080854 45.517800
0.081617 20.142500
0.082380 16.860600
0.083143 9.803190
0.083905 4.543710
0.084668 4.345890
0.085431 50.268000
0.086194 3.611090
0.086957 16.808000
0.087719 26.822400
0.088482 7.043750
0.089245 34.624400
0.090008 33.721700
0.090770 9.576430
0.091533 10.519400
0.092296 59.827800
0.093059 9.870820
0.093822 9.945950
0.094584 10.015900
0.095347 5.274760
0.096110 15.408900
0.096873 17.204900
0.097635 13.901100
0.098398 21.268900
0.099161 14.718700
0.099924 64.725800
0.100686 51.611800
0.101449 18.333600
0.102212 8.877760
0.102975 24.828900
0.103738 3.459980
0.104500 47.166400
0.105263 58.934100
0.106026 55.841900
0.106789 5.178070
0.107551 11.084400
0.108314 16.414000
0.109077 15.113200
0.109840 5.788020
0.110603 36.866500
0.111365 40.922700
0.112128 17.816700
0.112891 46.320100
0.113654 8.389970
0.114416 24.705300
0.115179 45.189900
0.115942 51.218700
0.119756 58.116000
0.120519 25.989200
0.121281 21.520300
0.122044 8.779100
0.122807 18.097700
0.123570 23.624000
0.124333 11.316800
0.125095 46.662300
0.125858 37.899000
0.126621 25.893300
0.127384 6.688400
0.128146 42.922400
0.128909 21.567500
0.129672 14.746900
0.130435 48.932500
0.131198 15.239100
0.131960 6.084390
0.132723 8.726380
0.133486 3.746510
0.134249 4.716290
0.135011 4.325220
0.135774 31.051300
0.136537 9.376360
0.137300 32.940000
0.138063 18.309100
0.138825 21.269100
0.139588 3.727200
0.140351 18.965800
0.141114 45.868400
0.141876 36.533300
0.142639 45.395400
0.143402 19.409000
0.144165 43.491800
0.144928 21.371100
0.145690 11.043200
0.146453 70.492400
0.147216 7.811070
0.147979 11.688600
0.148741 8.336490
0.149504 14.863500
0.150267 17.786300
0.151030 21.647900
0.151793 17.854400
0.152555 39.308400
0.153318 37.904800
0.159420 9.958660
0.160183 7.772400
0.163997 8.324900
0.164760 5.649780
0.165523 8.690830
0.166285 38.537800
0.167048 27.488700
0.167811 6.431980
0.169336 18.320300
0.170099 5.332880
0.170862 14.875900
0.171625 11.340000
0.172387 23.834500
0.173150 54.716400
0.173913 21.128400
0.174676 14.727800
0.175439 75.774500
0.176201 5.064930
0.176964 7.689090
0.177727 3.662530
0.178490 36.320400
0.179252 4.425030
0.180015 6.711950
0.180778 11.484400
0.181541 13.482200
0.182304 66.781800
0.183066 14.629300
0.183829 10.475700
0.184592 20.161200
0.185355 30.039100
0.186117 9.167420
0.186880 6.600250
0.187643 3.139560
0.188406 3.725260
0.189169 8.809220
0.189931 33.375600
0.190694 23.375100
0.191457 24.086100
0.192220 16.420100
0.192982 20.361700
0.193745 5.036820
0.194508 82.196000
0.195271 17.532100
0.196034 69.117500
0.196796 24.325900
0.197559 22.324700
0.198322 6.611300
0.199085 21.950500
0.199847 22.840600
0.200610 29.481400
0.201373 19.710500
0.202136 9.468010
0.202899 26.700100
0.203661 4.684900
0.204424 9.559060
0.205187 33.008900
0.205950 15.934000
0.206712 35.089300
0.207475 75.562600
0.208238 16.113600
0.209001 29.476000
0.209764 4.641790
0.210526 9.065800
0.211289 25.752500
0.212052 8.205150
0.212815 30.308600
0.213577 19.825400
0.214340 31.078200
0.215103 34.242800
0.218154 67.121200
0.218917 17.578100
0.219680 30.042800
0.220442 13.499700
0.221205 16.635000
0.221968 29.973300
0.222731 33.343100
0.223494 2.282940
0.224256 14.090800
0.225019 18.545500
0.225782 13.889700
0.226545 36.152700
0.227307 14.487000
0.228070 25.200500
0.228833 11.061300
0.229596 27.809300
0.230359 51.392300
0.231121 30.159400
0.231884 17.363600
0.232647 35.034000
0.233410 57.750000
0.234172 40.357300
0.234935 67.094700
0.235698 14.258600
0.236461 11.174400
0.237223 6.093070
0.237986 46.300100
0.238749 42.881000
0.239512 46.892100
0.240275 11.817900
0.241037 22.687000
0.241800 19.709900
0.242563 60.345200
0.243326 31.462700
0.244088 24.091200
0.244851 31.791000
0.245614 89.393000
0.246377 5.853600
0.247140 24.461400
0.247902 72.757700
0.248665 50.445000
0.249428 18.804200
0.250191 48.346000
0.250953 7.630170
0.251716 93.674800
0.252479 4.295890
0.253242 44.015900
0.254005 44.252800
0.254767 11.421800
0.255530 27.890600
0.256293 17.904000
0.257056 17.301900
0.257818 5.818470
0.258581 13.451000
0.259344 56.033100
0.260107 7.384670
0.260870 10.340800
0.261632 10.349500
0.262395 30.241700
0.263158 3.917650
0.263921 8.958990
0.264683 26.660800
0.265446 42.402200
0.266209 34.543500
0.266972 6.970920
0.267735 50.618100
0.268497 9.815110
0.269260 7.354500
0.270023 84.967400
0.272311 69.269400
0.273074 14.715200
0.273837 78.667900
0.274600 16.857400
0.275362 22.180900
0.276125 78.548300
0.276888 95.603100
0.277651 12.561700
0.278413 11.837700
0.279176 20.077800
0.279939 66.533700
0.280702 35.288500
0.281465 9.613040
0.282227 7.372460
0.282990 47.574500
0.283753 22.970500
0.284516 20.495900
0.285278 68.584200
0.286041 27.794600
0.286804 39.368800
0.287567 13.418600
0.288330 8.907350
0.289092 30.047700
0.289855 8.861400
0.290618 49.136000
0.291381 10.071700
0.292143 61.738500
0.292906 22.168100
0.293669 14.936300
0.294432 51.465400
0.295195 5.708360
0.295957 23.000600
0.296720 37.648100
0.297483 9.857760
0.298246 8.338650
0.299008 41.469200
0.299771 7.550080
0.300534 4.949480
0.301297 52.477300
0.302059 16.053600
0.302822 44.151500
0.303585 34.612600
0.304348 7.936990
0.305111 26.640100
0.305873 45.758500
0.306636 18.251400
0.307399 12.492600
0.308162 37.714300
0.308924 28.359700
0.309687 23.280100
0.310450 5.175710
0.311213 20.139000
0.311976 5.558870
0.312738 35.662900
0.313501 7.861210
0.314264 9.648060
0.315027 14.563300
0.315789 5.786200
0.316552 42.902800
0.317315 73.642200
0.318078 33.623300
0.318841 8.011680
0.319603 1.742320
0.320366 32.625100
0.321129 28.532900
0.321892 39.307500
0.322654 16.459500
0.323417 34.561900
0.324180 8.126720
0.324943 11.669000
0.325706 11.720300
0.326468 8.616650
0.327231 47.424400
0.327994 5.440160
0.328757 17.359300
0.329519 21.077900
0.330282 29.359500
0.331045 8.548940
0.331808 5.470760
0.332571 55.095600
0.333333 8.880290
0.334096 38.873800
0.334859 9.758860
0.335622 6.880570
0.336384 18.781800
0.337147 34.778900
0.337910 35.356800
0.338673 7.827830
0.339436 7.370090
0.340198 50.303000
0.340961 63.189300
0.341724 7.582570
0.342487 9.958970
0.343249 24.156800
0.344012 30.853500
0.344775 28.992400
0.345538 36.117200
0.346301 28.443700
0.347063 14.555900
0.347826 38.829300
0.348589 26.533300
0.349352 46.350900
0.350114 5.272400
0.350877 6.660840
0.351640 37.682100
0.352403 54.941000
0.353166 8.488730
0.353928 18.370100
0.354691 3.147060
0.355454 24.091000
0.356217 24.346700
0.356979 20.610700
0.357742 56.559200
0.358505 44.514300
0.359268 9.980230
0.360031 50.550300
0.360793 9.748970
0.361556 83.418100
0.362319 56.694000
0.363082 17.196700
0.363844 4.166980
0.364607 33.274200
0.365370 9.566710
0.366133 9.819000
0.366895 16.194200
0.367658 38.669200
0.368421 33.021100
0.369184 83.007600
0.369947 9.351990
0.370709 31.331600
0.371472 25.777600
0.372235 53.741700
0.372998 29.955000
0.373760 33.818000
0.374523 26.249500
0.375286 10.958900
0.376049 18.537500
0.376812 21.891400
0.377574 20.837000
0.378337 7.286630
0.379100 4.445930
0.379863 12.380000
0.380625 10.740300
0.381388 41.083700
0.382151 39.914300
0.382914 57.055500
0.383677 23.332100
0.384439 17.456300
0.385202 24.292200
0.385965 44.284600
0.386728 9.170070
0.387490 51.976700
0.388253 20.855500
0.389016 8.696800
0.389779 22.269400
0.390542 2.543150
0.391304 39.199800
0.392067 2.483750
0.392830 7.762180
0.393593 2.690960
0.394355 21.385300
0.395118 5.895210
0.395881 11.078900
0.396644 18.746700
0.397407 37.240800
0.398169 29.323600
0.398932 31.704200
0.399695 16.983400
0.400458 43.642100
0.401220 50.834100
0.401983 13.792300
0.402746 35.261200
0.403509 12.553100
0.404272 31.237600
0.405034 54.092500
0.405797 38.170400
0.406560 56.036700
0.407323 13.491500
0.408085 6.563610
0.408848 30.073100
0.409611 6.100120
0.410374 2.641430
0.411137 42.917100
0.411899 39.318400
0.412662 3.251720
0.413425 7.341000
0.414188 6.671400
0.414950 60.804400
0.415713 44.051200
0.416476 43.690600
0.417239 11.008000
0.418002 8.884560
0.418764 19.332000
0.419527 16.246800
0.420290 78.073800
0.421053 29.041400
0.421815 40.795200
0.422578 20.387500
0.423341 17.599200
0.424104 36.098600
0.424867 2.269710
0.425629 33.423500
0.426392 5.170800
0.427155 13.541000
0.427918 8.672860
0.428680 9.722100
0.429443 49.413000
0.430206 20.799300
0.430969 21.032600
0.431732 13.003700
0.432494 13.152800
0.433257 69.084000
0.434020 52.777900
0.434783 61.264500
0.435545 6.784200
0.436308 27.554200
0.437071 17.220600
0.437834 8.980480
0.438596 29.439400
0.439359 8.998910
0.440122 27.080000
0.440885 14.747300
0.441648 8.578950
0.442410 7.400860
0.443173 25.054600
0.443936 41.866800
0.444699 47.597600
0.445461 17.931400
0.446224 29.970100
0.446987 8.080720
0.447750 17.132900
0.448513 30.895600
0.449275 26.405700
0.450038 30.641400
0.450801 15.170800
0.451564 17.416400
0.452326 9.225490
0.453089 3.166150
0.453852 12.775900
0.454615 26.141500
0.455378 18.734200
0.456140 29.034700
0.456903 65.491300
0.457666 31.063600
0.458429 4.658580
0.459191 11.538300
0.459954 52.227700
0.460717 10.999900
0.461480 46.602700
0.462243 31.350300
0.463005 13.828200
0.463768 2.023510
0.464531 14.305400
0.465294 15.184500
0.466056 9.529670
0.466819 32.213200
0.467582 89.700900
0.468345 15.086400
0.469108 17.817500
0.469870 15.822400
0.470633 11.901700
0.471396 10.090300
0.472159 5.151760
0.472921 57.505700
0.473684 13.144200
0.474447 49.100300
0.475210 50.316900
0.475973 6.783440
0.476735 9.600830
0.477498 7.791030
0.478261 21.908100
0.479024 16.107400
0.479786 9.085400
0.480549 50.059200
0.481312 4.821380
0.482075 40.537500
0.482838 53.919000
0.483600 11.664700
0.484363 8.895750
0.485126 31.634900
0.485889 5.193380
0.486651 27.971300
0.487414 33.648700
0.488177 3.154320
0.488940 5.773530
0.489703 23.024600
0.490465 58.296200
0.491228 5.413430
0.491991 7.918210
0.492754 84.136600
0.493516 4.721890
0.494279 48.860200
0.495042 6.450050
0.495805 57.303800
0.496568 73.684000
0.497330 50.203900
0.498093 34.380300
0.498856 71.990100
0.499619 34.176100
0.500381 6.971310
0.501144 7.718520
0.501907 56.380500
0.502670 13.817200
0.503432 26.661800
0.504195 23.268900
0.504958 13.075200
0.505721 49.148900
0.506484 15.651000
0.507246 25.733200
0.508009 35.516700
0.508772 28.681500
0.509535 54.407800
0.510297 50.945900
0.511060 31.945200
0.511823 9.000280
0.512586 30.414300
0.513349 28.579500
0.514111 16.863500
0.514874 33.509800
0.515637 25.592400
0.516400 34.530500
0.517162 9.767910
0.517925 55.625200
0.518688 26.593800
0.519451 45.631000
0.520214 8.661290
0.520976 34.680400
0.521739 14.279600
0.522502 6.038770
0.523265 17.025300
0.524027 15.388000
0.524790 1.789210
0.525553 2.192760
0.526316 52.753000
0.527079 16.212400
0.527841 10.549700
0.528604 17.871000
0.529367 16.900000
0.530130 60.256400
0.530892 57.505200
0.531655 20.288000
0.532418 8.812910
0.533181 43.028700
0.533944 32.327400
0.534706 77.488400
0.535469 4.465670
0.536232 37.996900
0.536995 8.935170
0.537757 20.611800
0.538520 34.891500
0.539283 41.742900
0.540046 3.147920
0.540809 47.626600
0.541571 10.430100
0.542334 43.934400
0.543860 67.417800
0.544622 32.053500
0.545385 33.375100
0.546148 26.561200
0.546911 10.044000
0.547674 33.355500
0.548436 10.155400
0.549199 22.073300
0.549962 39.712800
0.550725 19.939400
0.551487 50.783600
0.552250 67.392900
0.553013 53.908700
0.553776 28.483000
0.554539 8.955330
0.555301 7.587600
0.556064 8.798520
0.556827 3.388620
0.557590 4.826060
0.558352 9.548770
0.559115 23.338200
0.559878 10.412500
0.560641 34.198800
0.561404 16.773400
0.562166 50.955200
0.562929 33.206300
0.563692 15.600000
0.564455 17.641200
0.565217 3.083020
0.565980 16.591300
0.566743 7.230810
0.567506 37.655500
0.568268 37.328200
0.569031 7.594980
0.569794 27.781900
0.570557 5.367070
0.571320 6.949030
0.572082 50.084600
0.572845 14.502500
0.573608 7.584040
0.574371 5.357430
0.575133 77.557100
0.575896 28.257500
0.576659 13.333300
0.577422 30.421100
0.578185 49.545300
0.578947 34.724100
0.579710 29.034800
0.580473 27.305100
0.581236 18.519500
0.581998 39.325500
0.582761 5.179310
0.583524 13.382700
0.584287 9.991520
0.585050 44.727600
0.585812 13.192000
0.586575 12.783900
0.587338 26.890100
0.588101 2.351810
0.588863 4.962680
0.589626 8.453940
0.590389 21.982400
0.591152 24.875600
0.591915 11.516700
0.592677 35.940300
0.593440 19.466000
0.594203 8.346510
0.594966 16.366800
0.595728 31.087400
0.596491 10.344800
0.597254 34.335600
0.598017 21.147500
0.598780 38.469900
0.599542 12.295300
0.600305 19.564900
0.601068 47.242100
0.601831 6.253780
0.602593 10.649900
0.603356 15.473800
0.604119 16.551300
0.604882 85.513300
0.605645 17.214300
0.606407 68.990700
0.607170 5.579070
0.607933 7.527270
0.608696 6.455320
0.609458 17.108800
0.610221 5.406060
0.610984 53.076100
0.611747 1.772950
0.612510 5.699490
0.613272 54.976300
0.614035 24.274200
0.614798 27.191700
0.615561 34.551600
0.616323 46.585600
0.617086 73.903500
0.617849 36.800100
0.618612 23.307400
0.619375 49.816700
0.620900 9.805800
0.621663 21.764700
0.622426 18.598100
0.623188 61.889900
0.623951 66.825500
0.624714 8.924490
0.625477 16.460200
0.626240 31.313800
0.627002 6.482150
0.627765 4.760190
0.628528 8.506110
0.629291 8.491060
0.630053 22.131400
0.630816 20.322500
0.631579 58.261100
0.632342 3.343790
0.633105 8.993360
0.633867 4.305510
0.634630 38.842900
0.635393 7.397090
0.636156 17.161700
0.636918 1.766910
0.637681 15.030300
0.638444 34.952400
0.639207 21.747500
0.639969 20.276800
0.640732 6.893790
0.641495 65.857000
0.642258 20.201200
0.643021 25.932800
0.643783 9.308370
0.644546 60.312200
0.645309 11.055300
0.646072 42.264300
0.646834 36.900500
0.647597 10.428300
0.648360 7.524700
0.649123 24.304200
0.649886 47.668000
0.650648 16.403200
0.651411 32.556000
0.652174 8.508460
0.652937 24.618400
0.653699 36.667100
0.654462 88.894100
0.655225 33.867500
0.655988 23.660600
0.656751 9.816550
0.657513 5.320460
0.658276 31.347800
0.659039 12.404400
0.659802 28.005200
0.660564 18.077000
0.661327 10.968000
0.662090 24.368200
0.662853 19.619100
0.663616 39.703600
0.664378 24.052400
0.665141 69.621800
0.665904 31.150700
0.666667 19.943500
0.667429 52.651200
0.668192 48.050600
0.668955 35.426800
0.669718 51.162500
0.670481 36.763300
0.671243 48.526200
0.672006 27.496000
0.672769 34.608700
0.673532 4.694790
0.674294 21.561400
0.675057 8.937970
0.675820 17.754300
0.676583 8.339900
0.677346 25.128500
0.678108 37.818700
0.678871 47.013000
0.679634 15.680200
0.680397 11.877300
0.681159 25.612000
0.681922 22.357600
0.682685 37.095900
0.683448 3.034730
0.684211 7.124360
0.684973 14.094500
0.685736 6.798710
0.686499 91.243700
0.687262 32.954500
0.688024 13.599700
0.688787 62.003200
0.689550 12.126500
0.690313 6.256970
0.691076 56.977400
0.691838 17.441300
0.692601 12.047000
0.693364 7.499780
0.694127 20.190400
0.694889 42.192000
0.695652 9.832240
0.696415 51.297800
0.697178 3.219530
0.697941 67.405100
0.698703 22.994800
0.699466 13.943100
0.700229 20.712900
0.700992 54.973000
0.701754 7.884360
0.702517 4.953600
0.703280 25.706700
0.704043 7.219150
0.704805 4.310500
0.705568 24.995300
0.706331 34.877400
0.707094 4.828040
0.707857 6.389940
0.708619 9.701660
0.709382 7.022720
0.710145 13.986400
0.710908 6.053510
0.711670 6.888610
0.712433 6.017010
0.713196 16.900200
0.713959 38.324900
0.714722 11.633400
0.715484 7.859820
0.716247 76.300900
0.717010 10.461200
0.717773 17.317900
0.718535 9.319230
0.719298 18.302400
0.720061 6.132530
0.720824 49.940400
0.721587 22.889200
0.722349 12.448000
0.723112 9.499840
0.723875 6.516620
0.724638 23.835100
0.725400 2.963210
0.726163 40.888800
0.726926 74.370800
0.727689 45.703100
0.728452 5.807630
0.729214 22.198000
0.729977 23.100300
0.730740 20.053900
0.731503 3.538620
0.732265 24.183900
0.733028 17.500200
0.733791 17.009400
0.734554 8.407620
0.735317 7.627530
0.736079 23.599600
0.736842 7.103450
0.737605 1.942520
0.738368 65.452700
0.739130 74.831300
0.739893 5.170330
0.740656 33.492200
0.741419 31.483900
0.742182 5.928880
0.742944 26.608900
0.743707 24.850100
0.744470 66.739200
0.745233 11.695300
0.745995 56.817500
0.746758 37.592000
0.747521 29.958100
0.748284 12.808400
0.749047 48.913800
0.749809 12.438900
0.750572 11.391400
0.751335 9.486730
0.752098 24.938000
0.752860 8.730080
0.753623 50.230600
0.754386 4.961440
0.755149 92.999100
0.755912 43.420500
0.756674 4.303810
0.757437 24.735600
0.758200 12.638400
0.758963 30.395800
0.759725 8.249020
0.760488 17.213500
0.761251 8.685070
0.762014 12.453200
0.762777 15.201200
0.763539 15.644200
0.764302 9.985100
0.765065 25.850100
0.765828 3.992130
0.766590 38.770600
0.767353 18.111000
0.768116 18.551500
0.768879 3.994840
0.769641 10.459000
0.770404 20.971500
0.771167 26.761200
0.771930 20.192300
0.772693 29.976000
0.773455 8.122830
0.774218 13.606900
0.774981 18.614500
0.775744 15.427300
0.776506 30.076000
0.777269 30.825000
0.778032 30.768100
0.778795 9.638990
0.779558 13.028900
0.780320 38.700900
0.781083 16.228200
0.781846 46.658800
0.782609 13.646100
0.783371 10.740600
0.784134 49.784200
0.784897 16.040000
0.785660 4.606390
0.786423 9.666180
0.787185 22.209800
0.787948 32.253300
0.788711 12.989300
0.789474 31.505800
0.790236 57.697000
0.790999 10.148600
0.791762 6.877400
0.792525 8.230720
0.793288 11.412900
0.794050 38.441700
0.794813 11.045900
0.795576 8.953170
0.796339 19.266600
0.797101 13.934900
0.797864 87.414100
0.798627 24.665800
0.799390 34.308600
0.800153 24.312100
0.800915 61.494200
0.801678 57.819900
0.802441 5.807370
0.803204 31.737300
0.803966 28.064400
0.804729 16.970800
0.805492 10.316600
0.806255 12.954700
0.807018 11.973600
0.807780 12.433600
0.808543 16.564200
0.809306 6.668170
0.810069 7.310420
0.810831 4.281730
0.811594 14.666500
0.812357 21.919500
0.813120 7.110180
0.813883 18.305200
0.814645 28.843700
0.815408 10.595100
0.816171 13.411100
0.816934 2.649530
0.817696 18.050800
0.818459 5.315740
0.819222 5.337300
0.819985 16.103500
0.820748 36.292200
0.821510 6.527910
0.822273 5.517050
0.823036 31.721100
0.823799 8.275030
0.824561 57.765300
0.825324 12.840900
0.826087 8.206690
0.826850 13.761000
0.827613 54.709100
0.828375 50.610800
0.829138 7.383880
0.829901 30.861900
0.830664 28.425700
0.831426 7.222820
0.832189 1.134790
0.832952 32.156300
0.833715 12.372200
0.834477 7.395840
0.835240 18.170100
0.836003 23.696000
0.836766 32.741700
0.837529 9.627180
0.838291 16.037400
0.839054 5.425970
0.839817 7.576440
0.840580 7.558030
0.841342 35.634500
0.842105 5.350760
0.842868 17.047300
0.843631 13.122000
0.844394 21.501900
0.845156 7.746530
0.845919 24.804000
0.846682 18.229300
0.847445 77.343800
0.848207 11.838900
0.848970 7.701810
0.849733 28.648100
0.850496 37.652600
0.851259 15.304200
0.852021 17.181500
0.852784 11.496300
0.853547 7.398510
0.854310 80.938800
0.855072 5.193160
0.855835 30.472100
0.856598 24.755000
0.857361 53.123100
0.858124 25.676300
0.858886 64.526800
0.859649 7.238740
0.860412 5.329880
0.861175 78.954500
0.861937 72.303800
0.862700 3.566350
0.863463 16.506900
0.864226 7.743200
0.864989 72.818600
0.865751 40.851000
0.866514 16.491000
0.867277 21.209100
0.868040 23.831200
0.868802 46.294300
0.869565 9.727940
0.870328 9.815030
0.871091 19.301600
0.871854 62.906500
0.872616 23.054100
0.873379 37.860000
0.874142 6.722290
0.874905 23.760200
0.875667 5.673830
0.876430 27.053700
0.877193 10.451400
0.877956 18.177200
0.878719 21.401600
0.879481 18.606200
0.880244 15.710500
0.881007 9.034910
0.881770 11.215600
0.882532 24.808400
0.883295 33.010800
0.884058 7.490670
0.884821 6.613130
0.885584 9.146290
0.886346 6.824770
0.887109 11.202600
0.887872 8.256180
0.888635 9.366400
0.889397 27.960900
0.890160 44.768400
0.890923 8.704100
0.891686 41.795200
0.892449 6.038080
0.893211 13.378100
0.893974 18.004200
0.894737 12.016700
0.895500 9.209930
0.896262 2.939340
0.897025 7.841300
0.897788 5.878530
0.898551 60.916100
0.899314 29.587200
0.900076 23.895400
0.900839 9.063560
0.901602 2.152480
0.902365 7.302410
0.903127 3.866930
0.903890 41.591400
0.904653 40.445400
0.905416 14.875600
0.906178 2.562680
0.906941 30.017500
0.907704 22.596500
0.908467 16.648300
0.909230 16.864800
0.909992 32.245300
0.910755 4.834580
0.911518 17.258900
0.912281 28.784000
0.913043 17.127100
0.913806 33.898100
0.914569 39.614300
0.915332 11.745000
0.916095 43.909700
0.916857 21.700800
0.917620 65.464800
0.918383 18.277900
0.919146 7.278920
0.919908 15.656200
0.920671 20.798400
0.921434 25.547100
0.922197 8.471020
0.922960 34.117400
0.923722 5.288200
0.924485 48.694600
0.925248 40.285600
0.926011 73.803000
0.926773 14.006300
0.927536 36.700500
0.928299 3.939940
0.929062 14.458000
0.929825 20.985900
0.930587 14.400100
0.931350 10.580700
0.932113 67.415200
0.932876 78.774500
0.933638 21.819700
0.934401 40.104600
0.935164 19.491300
0.935927 24.512900
0.936690 8.719250
0.937452 5.467490
0.938215 4.981910
0.938978 81.867700
0.939741 8.878050
0.940503 24.033500
0.941266 27.406600
0.942029 8.249770
0.942792 25.982000
0.943555 17.573700
0.944317 15.749700
0.945080 30.499100
0.945843 22.864000
0.946606 16.031600
0.947368 38.941800
0.948131 11.940000
0.948894 4.824200
0.949657 5.344910
0.950420 3.142900
0.951182 9.729610
0.951945 29.110200
0.952708 16.434800
0.953471 15.347900
0.954233 47.378600
0.954996 5.163070
0.955759 5.396430
0.956522 21.382200
0.957285 12.434000
0.958047 5.361520
0.958810 18.688300
0.959573 29.872900
0.960336 9.665970
0.961098 42.102400
0.961861 20.196000
0.962624 45.537300
0.963387 7.329420
0.964150 3.304360
0.964912 16.945200
0.965675 12.467400
0.966438 10.007600
0.967201 14.028000
0.967963 7.333140
0.968726 9.694900
0.969489 49.738600
0.970252 1.770550
0.971014 7.495370
0.971777 8.129250
0.972540 8.852620
0.973303 3.282160
0.974066 21.320400
0.974828 22.122000
0.975591 6.332170
0.976354 39.388500
0.977117 12.767600
0.977879 16.929600
0.978642 12.098000
0.979405 7.711930
0.980168 14.112600
0.980931 20.085400
0.981693 34.897800
0.982456 78.325000
0.983219 20.682500
0.983982 14.621300
0.984744 46.612400
0.985507 9.177980
0.986270 53.214300
0.987033 15.550200
0.987796 30.674800
0.988558 34.942700
0.989321 6.718050
0.990084 18.285900
0.990847 46.061300
0.991609 31.182900
0.992372 8.203160
0.993135 23.279300
0.993898 28.071500
0.994661 32.993900
0.995423 60.436200
0.996186 30.528200
0.996949 67.309300
0.997712 8.010470
0.998474 3.627360
0.999237 9.908720
1.000000 13.568100
