0.000404 34.610700
0.000808 52.248900
0.001212 8.640370
0.001616 11.675800
0.002019 54.442000
0.002423 6.824360
0.002827 9.619090
0.003231 25.829800
0.003635 42.344700
0.004039 13.423300
0.005654 9.509200
0.006058 29.932400
0.006462 7.571700
0.006866 8.959430
0.007270 62.840500
0.007674 85.825200
0.008078 5.061810
0.008481 16.824600
0.008885 43.836800
0.009289 51.656700
0.009693 49.875500
0.010097 36.672600
0.010501 58.895900
0.010905 17.056000
0.011309 40.907900
0.011712 17.519300
0.012116 9.352370
0.012520 13.819400
0.012924 7.478430
0.013328 9.276620
0.029079 8.389800
0.029483 8.630230
0.029887 11.016100
0.030291 42.576300
0.030695 27.208100
0.036753 58.116000
0.037157 18.484100
0.037561 11.187900
0.037964 5.377120
0.038368 43.939500
0.038772 67.439700
0.039176 39.142900
0.039580 47.557200
0.039984 26.820700
0.040388 42.179300
0.040792 3.933520
0.041195 10.360000
0.041599 26.675900
0.042003 3.399580
0.042407 15.173300
0.054523 9.691900
0.054927 21.760800
0.055331 27.487100
0.055735 45.536800
0.056139 13.685100
0.056543 40.045600
0.056947 43.624600
0.057351 46.983300
0.057754 18.584000
0.058158 7.135860
0.058562 6.576570
0.058966 28.849200
0.059370 33.736000
0.059774 7.887450
0.060178 41.598200
0.060582 42.404300
0.060985 14.780900
0.061389 8.641850
0.061793 25.615100
0.062197 6.892140
0.062601 25.578000
0.063005 24.304900
0.063409 6.506630
0.063813 27.860300
0.064216 81.837000
0.064620 11.727100
0.065024 5.309640
0.065428 9.423270
0.065832 7.592130
0.066236 10.131100
0.066640 41.674500
0.067044 58.004700
0.067447 40.602500
0.067851 43.784000
0.068255 58.926200
0.068659 65.726300
0.069063 9.450520
0.069467 12.850200
0.070679 8.776500
0.071082 6.862220
0.071486 35.598700
0.071890 26.103400
0.072294 8.982620
0.072698 20.683500
0.073102 10.089700
0.073506 7.331850
0.073910 5.432170
0.074313 23.602700
0.074717 56.226100
0.075121 12.135900
0.075525 11.119800
0.075929 26.186100
0.076333 76.529300
0.076737 9.562020
0.077141 50.558800
0.077544 31.527500
0.077948 25.195700
0.078352 5.526060
0.078756 8.762590
0.079160 34.444900
0.079564 19.917400
0.079968 28.156300
0.080372 7.736090
0.080775 31.186700
0.081179 58.499400
0.081583 30.431600
0.081987 4.491470
0.082391 26.707500
0.082795 15.366500
0.083199 67.165800
0.083603 37.599800
0.084006 54.788000
0.084410 27.263200
0.084814 7.662440
0.085218 86.162900
0.085622 22.588500
0.086026 10.047200
0.086430 34.935900
0.086834 18.417400
0.087237 6.071190
0.087641 34.254100
0.088045 13.984900
0.088449 28.833100
0.088853 3.911000
0.089257 22.438800
0.089661 37.840200
0.090065 26.249000
0.090468 6.088910
0.090872 7.887560
0.091276 18.333400
0.091680 7.350870
0.092084 17.109400
0.092488 4.358170
0.092892 9.266880
0.093296 18.324900
0.093700 79.104400
0.094103 21.389600
0.094507 13.045300
0.094911 15.057800
0.095315 12.059100
0.095719 48.448100
0.096123 32.499700
0.096527 5.997860
0.096931 34.230800
0.097334 23.200800
0.097738 27.100300
0.098142 33.070800
0.098546 26.316600
0.098950 9.590120
0.099354 15.170900
0.099758 61.923200
0.100162 16.996400
0.100565 5.899070
0.100969 29.965900
0.101373 25.178000
0.101777 8.858320
0.102181 34.018100
0.102585 5.060710
0.102989 18.238000
0.103393 52.504700
0.103796 10.009800
0.104200 17.800200
0.104604 17.846900
0.105008 9.925730
0.105412 9.788450
0.105816 28.760100
0.106220 8.870260
0.106624 8.775740
0.107027 8.942670
0.107431 48.234900
0.107835 58.095300
0.108239 15.294900
0.108643 10.950300
0.109047 8.612550
0.109451 7.564280
0.109855 19.389200
0.110258 20.530900
0.110662 28.052000
0.111066 41.934700
0.111470 48.788600
0.111874 10.867000
0.112278 38.676900
0.112682 10.934000
0.113086 14.277700
0.113489 25.303900
0.113893 23.267800
0.114297 34.861100
0.114701 11.745100
0.115105 38.549100
0.115509 3.611960
0.115913 15.929400
0.116317 17.027200
0.116721 17.973200
0.117124 15.633300
0.117528 7.588100
0.117932 2.641010
0.118336 8.473820
0.118740 7.776380
0.119144 5.004580
0.119548 65.381200
0.119952 16.727000
0.120355 43.107800
0.120759 20.796900
0.126817 9.958660
0.127221 22.986500
0.127625 6.864090
0.128029 3.452840
0.128433 20.432300
0.128837 33.754800
0.129241 6.352970
0.129645 28.775900
0.130048 66.823600
0.130452 81.859900
0.130856 3.476810
0.131260 32.927100
0.131664 29.897800
0.132068 73.741100
0.132472 1.660150
0.132876 4.464630
0.133279 12.328900
0.133683 65.939100
0.134087 14.244200
0.134491 6.044430
0.134895 72.980400
0.135299 11.220500
0.135703 8.530720
0.136107 23.725300
0.136511 5.900200
0.136914 30.160200
0.137318 26.568100
0.137722 67.069800
0.138126 42.117600
0.140549 67.417800
0.140953 9.313130
0.141357 18.055100
0.141761 3.638420
0.142165 33.899600
0.142569 8.355270
0.142973 14.413900
0.143376 13.975000
0.143780 5.613090
0.144184 70.722100
0.144588 3.543060
0.144992 45.965400
0.145396 19.829600
0.145800 50.754900
0.146204 17.282200
0.146607 15.456600
0.147011 52.714400
0.147415 11.483500
0.147819 6.315360
0.148223 10.618800
0.148627 6.887900
0.149031 5.553930
0.149435 13.370700
0.149838 40.777000
0.150242 18.299800
0.150646 34.207300
0.151050 26.444000
0.151454 11.320400
0.151858 50.128800
0.152262 6.586000
0.152666 24.901700
0.153069 56.793500
0.153473 9.423370
0.153877 6.010650
0.154281 15.614900
0.154685 10.342700
0.155089 8.553460
0.155493 5.856800
0.155897 34.410600
0.156300 30.479600
0.156704 1.714780
0.157108 18.788500
0.157512 36.990500
0.157916 60.152800
0.158320 54.529600
0.158724 6.619410
0.159128 2.855180
0.159532 58.831400
0.159935 13.492600
0.160339 18.181600
0.160743 9.283010
0.161147 18.741900
0.161551 13.398400
0.161955 9.600920
0.162359 14.446700
0.168013 59.483000
0.168417 27.247500
0.168821 38.778900
0.169225 3.004100
0.169628 27.119800
0.170032 58.884200
0.170436 7.917260
0.170840 39.489100
0.171244 32.668500
0.171648 12.668100
0.172052 8.113290
0.172456 84.218500
0.172859 7.182210
0.173263 8.637050
0.173667 7.440730
0.174071 27.384200
0.174475 3.853250
0.174879 16.735500
0.175283 12.409500
0.175687 5.780870
0.176090 21.475100
0.176494 5.285250
0.176898 38.752700
0.177302 9.130750
0.177706 30.944100
0.178110 9.405150
0.178514 32.775900
0.178918 13.071300
0.179321 6.617880
0.179725 1.723520
0.180129 11.273100
0.180533 29.024800
0.180937 41.150300
0.181341 92.767900
0.181745 40.609300
0.182149 72.804000
0.182553 9.430200
0.182956 10.293800
0.183360 13.379400
0.183764 46.309400
0.184168 49.168700
0.184572 7.948310
0.184976 8.977650
0.185380 16.071400
0.185784 62.084200
0.186187 8.807910
0.186591 5.586340
0.186995 49.610700
0.189822 7.409500
0.190226 24.593300
0.190630 45.068700
0.191034 4.572660
0.194265 9.805800
0.194669 14.774700
0.195073 21.320600
0.195477 82.681800
0.195880 7.995030
0.196284 8.521680
0.196688 6.475610
0.197092 13.072400
0.197496 30.354100
0.197900 8.355170
0.198304 13.866700
0.198708 18.394100
0.199111 5.073670
0.199515 31.010300
0.199919 33.059700
0.200323 40.925100
0.200727 11.660600
0.201131 26.901700
0.201535 10.862500
0.201939 3.752680
0.202342 59.394800
0.202746 45.269600
0.204766 67.121200
0.205170 13.892300
0.205574 11.518700
0.205977 7.808250
0.206381 68.302300
0.206785 57.523100
0.207189 38.860900
0.207593 36.315000
0.207997 66.222700
0.208401 3.517840
0.208805 67.480200
0.209208 9.271160
0.209612 17.082600
0.210016 10.213200
0.210420 63.210100
0.210824 21.648600
0.211228 26.031500
0.211632 9.069760
0.212036 14.113200
0.212439 10.353400
0.212843 4.762820
0.213247 53.613500
0.213651 21.270700
0.214055 83.829100
0.214459 53.504900
0.214863 27.366300
0.215267 53.329300
0.215670 59.157300
0.216074 7.453530
0.216478 23.396800
0.216882 8.093480
0.217286 9.272630
0.217690 69.212100
0.218094 32.826600
0.218498 21.022800
0.218901 40.723700
0.219305 18.126500
0.219709 10.368800
0.220113 7.998840
0.220517 15.256600
0.221325 11.192800
0.221729 10.721000
0.222132 8.373210
0.222536 58.144500
0.224152 11.312900
0.224556 10.689100
0.224960 10.733200
0.225363 16.695800
0.225767 4.836610
0.226171 19.469600
0.226575 29.594700
0.226979 28.926400
0.227383 4.067720
0.227787 52.460600
0.228191 31.228500
0.228595 5.319690
0.228998 6.268670
0.229402 6.154470
0.229806 21.682400
0.230210 9.503110
0.230614 6.003280
0.231018 26.601300
0.231422 27.283800
0.231826 6.811830
0.232229 52.541300
0.232633 38.388400
0.233037 5.109900
0.233441 23.005300
0.233845 12.782300
0.234249 32.260300
0.234653 4.209580
0.235057 16.238900
0.235460 45.088900
0.235864 13.874400
0.236268 10.575200
0.236672 46.741600
0.237076 9.492370
0.237480 9.126640
0.237884 32.295000
0.238288 13.718700
0.238691 15.674700
0.239095 6.537930
0.239499 30.066100
0.239903 60.615300
0.240307 12.729300
0.240711 9.614590
0.241115 9.229360
0.241519 11.399400
0.241922 27.051800
0.242326 6.954720
0.242730 84.421000
0.243134 37.068500
0.243538 49.147000
0.243942 12.956200
0.244346 30.897600
0.244750 84.369500
0.245153 16.561600
0.245557 13.214200
0.245961 10.402000
0.246365 25.246600
0.246769 34.025800
0.247173 13.179200
0.247577 16.296500
0.247981 6.410680
0.248384 7.109600
0.248788 25.104200
0.249192 33.883100
0.249596 7.739850
0.250000 27.444200
0.250404 6.933720
0.250808 4.074140
0.251212 43.744100
0.251616 23.850600
0.252019 8.405060
0.252423 72.649100
0.252827 15.587200
0.253231 89.883400
0.253635 3.885510
0.254039 38.397600
0.254443 31.446200
0.254847 55.756200
0.255250 27.720300
0.255654 72.275700
0.256058 27.690200
0.256462 44.670200
0.256866 48.605400
0.257270 14.766300
0.257674 6.520260
0.258078 20.589700
0.258481 38.660900
0.258885 8.513700
0.259289 63.641400
0.259693 10.543000
0.260097 9.243830
0.260501 12.892800
0.260905 44.266000
0.261309 28.620500
0.261712 32.151600
0.262116 6.392410
0.262520 6.575410
0.262924 67.179500
0.263328 5.471300
0.263732 8.557810
0.264136 9.297740
0.264540 38.091500
0.264943 48.197700
0.265347 20.682200
0.265751 10.455800
0.266155 20.569000
0.266559 7.542440
0.266963 14.705100
0.267367 7.052570
0.267771 5.887610
0.268174 34.923500
0.268578 29.512900
0.268982 19.127600
0.269386 10.746500
0.269790 32.891300
0.270194 17.555000
0.270598 8.256770
0.271002 19.680700
0.271405 11.498500
0.271809 40.464600
0.272213 8.404610
0.272617 19.765300
0.273021 57.973900
0.273425 45.153200
0.273829 7.861860
0.274233 7.940040
0.274637 14.285800
0.275040 11.358400
0.275444 27.484100
0.275848 23.977700
0.276252 27.061600
0.276656 24.550200
0.277060 21.904500
0.277464 39.050100
0.277868 17.090200
0.278271 23.279800
0.278675 24.358400
0.279079 24.678600
0.279483 6.130590
0.279887 2.189470
0.280291 52.325000
0.280695 3.223900
0.281099 23.065600
0.281502 34.519700
0.281906 9.913110
0.282310 25.421300
0.282714 5.986420
0.283118 78.938400
0.283522 9.279810
0.283926 7.982830
0.284330 12.774800
0.284733 15.345800
0.285137 9.640560
0.285541 37.961300
0.285945 15.532500
0.286349 13.278400
0.286753 9.441230
0.287157 25.120900
0.287561 26.420500
0.287964 32.660400
0.288368 6.291510
0.288772 47.191300
0.289176 46.908600
0.289580 18.408000
0.289984 55.386000
0.290388 7.118760
0.290792 7.823690
0.291195 30.657900
0.291599 59.986300
0.292003 7.855810
0.292407 10.970100
0.292811 9.796260
0.293215 25.036400
0.293619 13.649300
0.294023 42.451000
0.294426 4.625430
0.294830 6.202410
0.295234 16.329700
0.295638 2.500600
0.296042 7.476790
0.296446 68.100800
0.296850 10.949800
0.297254 51.704500
0.297658 51.587200
0.298061 36.596700
0.298465 35.999500
0.298869 9.344250
0.299273 46.853700
0.299677 17.381900
0.300081 68.671100
0.300485 1.839160
0.300889 17.106700
0.301292 46.742500
0.301696 39.171700
0.302100 20.247300
0.302504 39.783800
0.302908 6.133920
0.303312 10.406600
0.303716 24.087000
0.304120 5.814230
0.304523 30.106000
0.304927 67.933200
0.305331 32.418900
0.305735 4.659690
0.306139 29.147100
0.306543 14.847000
0.306947 60.753100
0.307351 6.729280
0.307754 16.478800
0.308158 27.877700
0.308562 9.119470
0.308966 61.469100
0.309370 53.082200
0.310178 34.247400
0.310582 9.729680
0.310985 58.727100
0.311389 17.470100
0.311793 48.730500
0.312197 5.006960
0.312601 5.464840
0.313005 3.332710
0.313409 4.606780
0.313813 6.430890
0.314216 27.853900
0.314620 34.489500
0.315024 16.265400
0.315428 31.251700
0.315832 14.599000
0.316236 23.223800
0.316640 82.509300
0.317044 20.617900
0.317447 25.596500
0.317851 2.360850
0.318255 19.896200
0.318659 26.033100
0.319063 34.551500
0.319467 19.969100
0.319871 33.711500
0.320275 38.291300
0.320679 24.356000
0.321082 30.204900
0.321486 22.985900
0.321890 45.435000
0.322294 41.117000
0.322698 19.228100
0.323102 15.611400
0.323506 28.624900
0.323910 6.822820
0.324313 41.025900
0.324717 15.501000
0.325121 64.780200
0.325525 20.952300
0.325929 21.698500
0.326333 50.684400
0.326737 18.699700
0.327141 24.407300
0.327544 9.910050
0.327948 13.077600
0.328352 6.005770
0.328756 46.173600
0.329160 6.800590
0.329564 30.330000
0.329968 49.114000
0.330372 65.622000
0.330775 25.195900
0.331179 19.278100
0.331583 56.195100
0.331987 17.774900
0.332391 7.025090
0.332795 9.590560
0.333199 46.761000
0.333603 10.590700
0.334006 12.057700
0.334410 2.861620
0.334814 88.056400
0.335218 7.356760
0.335622 5.541790
0.336026 32.340600
0.336430 11.152100
0.336834 37.719400
0.337237 24.952800
0.337641 35.011500
0.338045 16.099600
0.338449 13.077200
0.338853 24.943300
0.339257 66.283300
0.339661 13.229300
0.340065 37.566700
0.340468 18.351600
0.340872 15.718300
0.341276 7.629870
0.341680 23.497000
0.342084 25.243000
0.342488 31.865400
0.342892 31.534600
0.343296 69.575900
0.343700 58.666600
0.344103 12.337300
0.344507 13.062000
0.344911 49.651200
0.345315 15.834400
0.345719 10.253300
0.346123 85.925100
0.346527 8.885570
0.346931 34.619600
0.347334 25.423000
0.347738 14.052300
0.348142 60.934400
0.348546 18.583200
0.348950 45.904100
0.349354 6.068820
0.349758 18.257100
0.350162 20.594900
0.350565 3.327710
0.350969 18.191500
0.351373 9.979750
0.351777 22.039900
0.352181 6.308720
0.352585 9.696820
0.352989 36.939300
0.353393 35.112700
0.353796 56.966100
0.354200 7.825410
0.354604 2.117160
0.355008 5.479770
0.355412 23.316500
0.355816 60.783700
0.356220 58.979200
0.356624 32.685800
0.357027 11.990800
0.357431 69.998300
0.357835 44.991000
0.358239 3.423660
0.358643 34.510000
0.359047 20.838500
0.359451 79.451900
0.359855 51.587300
0.360258 39.911400
0.360662 42.715000
0.361066 38.675000
0.361470 34.490900
0.361874 11.259000
0.362278 23.011700
0.362682 14.383400
0.363086 25.864600
0.363489 11.002800
0.363893 31.954400
0.364297 4.675200
0.364701 38.323000
0.365105 40.457200
0.365509 4.212580
0.365913 12.992600
0.366317 6.901760
0.366721 4.398600
0.367124 1.967900
0.367528 22.836100
0.367932 10.483400
0.368336 7.892880
0.368740 26.774600
0.369144 4.976570
0.369548 17.793600
0.369952 12.589400
0.370355 64.619700
0.370759 15.045800
0.371163 3.033020
0.371567 27.124400
0.371971 13.080500
0.372375 18.227600
0.372779 12.539100
0.373183 26.686200
0.373586 27.960000
0.373990 20.826900
0.374394 1.808260
0.374798 5.371990
0.375202 25.196800
0.375606 46.184900
0.376010 70.138900
0.376414 17.726100
0.376817 66.353000
0.377221 20.530100
0.377625 10.595300
0.378029 4.156350
0.378433 8.106340
0.378837 9.599750
0.379241 8.598380
0.379645 34.296300
0.380048 36.049100
0.380452 30.564400
0.380856 13.212100
0.381260 10.608900
0.381664 50.178700
0.382068 32.964700
0.382472 11.096800
0.382876 25.265900
0.383279 63.591200
0.383683 47.576100
0.384087 6.681510
0.384491 42.874700
0.384895 27.659800
0.385299 18.251400
0.385703 1.775350
0.386107 19.484600
0.386511 31.128900
0.386914 54.802500
0.387318 8.283570
0.387722 68.129600
0.388126 39.558900
0.388530 18.556700
0.388934 42.429700
0.389338 26.550000
0.389742 24.580700
0.390145 1.658330
0.390549 60.601100
0.390953 43.651300
0.391357 4.885290
0.391761 5.413910
0.392165 41.574700
0.392569 57.394600
0.392973 1.657450
0.393376 16.827900
0.393780 3.803580
0.394184 33.506000
0.394588 25.038600
0.394992 11.527100
0.395396 6.089160
0.395800 43.256000
0.396204 3.855110
0.396607 19.663100
0.397011 35.896800
0.397415 5.657510
0.397819 22.150400
0.398223 7.182660
0.398627 7.413890
0.399031 31.305200
0.399435 39.420400
0.399838 21.833200
0.400242 7.435810
0.400646 31.786600
0.401050 8.201750
0.401454 16.022400
0.401858 40.676200
0.402262 34.602200
0.402666 36.279800
0.403069 20.901900
0.403473 8.556880
0.403877 6.102790
0.404281 8.957010
0.404685 4.520990
0.405089 4.342580
0.405493 10.101700
0.405897 18.036700
0.406300 37.733300
0.406704 84.500500
0.407108 31.580400
0.407512 1.772950
0.407916 45.501400
0.408320 35.883400
0.408724 19.393200
0.409128 6.220430
0.409532 8.577260
0.409935 27.270300
0.410339 25.648700
0.410743 20.564000
0.411147 55.847100
0.411551 5.822170
0.411955 33.393900
0.412359 24.979200
0.412763 32.140800
0.413166 5.693510
0.413570 15.366200
0.413974 50.001800
0.414378 8.876140
0.414782 12.828700
0.415186 10.149200
0.415590 3.707820
0.415994 61.439400
0.416397 19.581400
0.416801 7.389200
0.417205 9.724890
0.417609 5.020700
0.418013 7.393820
0.418417 35.264100
0.418821 6.759940
0.419225 9.059630
0.419628 8.063490
0.420032 44.469100
0.420436 3.720730
0.420840 20.467500
0.421244 38.548100
0.421648 14.877700
0.422052 7.129920
0.422456 61.570200
0.422859 54.416900
0.423263 58.515200
0.423667 16.740400
0.424071 10.199100
0.424475 40.926100
0.424879 5.627040
0.425283 17.035200
0.425687 36.716500
0.426090 5.253700
0.426494 79.564000
0.426898 38.312600
0.427302 32.923900
0.427706 85.220900
0.428110 7.314660
0.428514 9.780360
0.428918 14.370100
0.429321 9.050250
0.429725 5.744270
0.430129 59.909900
0.430533 4.163450
0.430937 10.951800
0.431341 6.821010
0.431745 52.699900
0.432149 40.779900
0.432553 16.885200
0.432956 33.350500
0.433360 28.525800
0.433764 35.044000
0.434168 23.174100
0.434572 22.957700
0.434976 10.330500
0.435380 42.544800
0.435784 7.166590
0.436187 15.981300
0.436591 7.338230
0.436995 21.133900
0.437399 7.329800
0.437803 15.984900
0.438207 37.112800
0.438611 36.469900
0.439015 20.317900
0.439418 23.145300
0.439822 32.943400
0.440226 5.849870
0.440630 6.838610
0.441034 4.220700
0.441438 3.656650
0.441842 9.641210
0.442246 30.287000
0.442649 10.869200
0.443053 8.968230
0.443457 5.153410
0.443861 7.251560
0.444265 5.091990
0.444669 38.887200
0.445073 16.489700
0.445477 4.635010
0.445880 41.857100
0.446284 43.290300
0.446688 67.057200
0.447092 6.196670
0.447496 60.409800
0.447900 13.330200
0.448304 30.726700
0.448708 31.952100
0.449111 4.194430
0.449515 45.980300
0.449919 16.907300
0.450323 12.014300
0.450727 10.116400
0.451131 60.864500
0.451535 9.510110
0.451939 4.354970
0.452342 49.841700
0.452746 6.184950
0.453150 56.506300
0.453554 15.065000
0.453958 17.266600
0.454362 19.710800
0.454766 20.109900
0.455170 20.388300
0.455574 23.099700
0.455977 15.462000
0.456381 54.403000
0.456785 12.309800
0.457189 32.426400
0.457593 5.536370
0.457997 25.445700
0.458401 10.013900
0.458805 40.330300
0.459208 23.514300
0.459612 26.432000
0.460016 47.204800
0.460420 18.411600
0.460824 21.679900
0.461228 56.994400
0.461632 12.662700
0.462036 52.509300
0.462439 2.982160
0.462843 4.949090
0.463247 51.115700
0.463651 22.713100
0.464055 65.766900
0.464459 1.697650
0.464863 7.985040
0.465267 7.925910
0.465670 49.958000
0.466074 23.838000
0.466478 29.296900
0.466882 16.838300
0.467286 17.656100
0.467690 12.043500
0.468094 49.956500
0.468498 41.102800
0.468901 16.048600
0.469305 15.558500
0.469709 9.993980
0.470113 14.294300
0.470517 30.375800
0.470921 21.661700
0.471325 21.749200
0.471729 7.386150
0.472132 5.182930
0.472536 16.102900
0.472940 22.807100
0.473344 12.601500
0.473748 22.478800
0.474152 34.382400
0.474556 6.521730
0.474960 51.507100
0.475363 15.851200
0.475767 6.364950
0.476171 17.746200
0.476575 10.209800
0.476979 19.922400
0.477383 12.274300
0.477787 12.736800
0.478191 9.898240
0.478595 1.732310
0.478998 5.179690
0.479402 11.125500
0.479806 23.632200
0.480210 19.800200
0.480614 27.172600
0.481018 32.081200
0.481422 18.497000
0.481826 65.775800
0.482229 28.095000
0.482633 52.768100
0.483037 58.619900
0.483441 4.752200
0.483845 18.218900
0.484249 9.794760
0.484653 5.294340
0.485057 11.967900
0.485460 12.646800
0.485864 16.095100
0.486268 43.873100
0.486672 47.897000
0.487076 59.065500
0.487480 18.314000
0.487884 9.398090
0.488288 18.045700
0.488691 8.429720
0.489095 3.989900
0.489499 35.280700
0.489903 9.443810
0.490307 36.684100
0.490711 4.067130
0.491115 4.305980
0.491519 29.505300
0.491922 7.663980
0.492326 16.738100
0.492730 8.543350
0.493134 9.004190
0.493538 20.397500
0.493942 8.257600
0.494346 33.103100
0.494750 76.494900
0.495153 48.183100
0.495557 28.979100
0.495961 5.549030
0.496365 25.672500
0.496769 17.315600
0.497173 89.461200
0.497577 6.406530
0.497981 62.955100
0.498384 20.798900
0.498788 41.059100
0.499192 32.905000
0.499596 49.576900
0.500000 10.341700
0.500404 40.432900
0.500808 26.722100
0.501212 20.049200
0.501616 11.665900
0.502019 22.704700
0.502423 20.566500
0.502827 2.217340
0.503231 13.043400
0.503635 31.807300
0.504039 53.721400
0.504443 11.103800
0.504847 11.253900
0.505250 17.530900
0.505654 14.143300
0.506058 22.156200
0.506462 6.240720
0.506866 46.262400
0.507270 36.214300
0.507674 3.116370
0.508078 23.193800
0.508481 10.165700
0.508885 10.103100
0.509289 4.475870
0.509693 49.122600
0.510097 8.406060
0.510501 8.351440
0.510905 30.007800
0.511309 23.859700
0.511712 13.232200
0.512116 44.653700
0.512520 27.415300
0.512924 14.190600
0.513328 21.871700
0.513732 45.732600
0.514136 11.701900
0.514540 6.851450
0.514943 26.921200
0.515347 22.996500
0.515751 8.598600
0.516155 70.319700
0.516559 24.289800
0.516963 25.419200
0.517367 16.330000
0.517771 20.207500
0.518174 40.950600
0.518578 5.005330
0.518982 10.592300
0.519386 26.201800
0.519790 29.035500
0.520194 35.373400
0.520598 21.435800
0.521002 18.071400
0.521405 6.739040
0.521809 17.772400
0.522213 3.796790
0.522617 7.302620
0.523021 28.501300
0.523425 15.265800
0.523829 54.357400
0.524233 52.184900
0.524637 8.137460
0.525040 13.149000
0.525444 9.339430
0.525848 24.996500
0.526252 84.532200
0.526656 9.705380
0.527060 55.563000
0.527464 21.869300
0.527868 62.021700
0.528271 32.868300
0.528675 9.699320
0.529079 11.666100
0.529483 38.220700
0.529887 60.839400
0.530291 81.275000
0.530695 13.609800
0.531099 33.688600
0.531502 3.280010
0.531906 31.362200
0.532310 30.637100
0.532714 63.531700
0.533118 50.597200
0.533522 18.497800
0.533926 3.188900
0.534330 39.175900
0.534733 32.645100
0.535137 17.985800
0.535541 8.501470
0.535945 27.333100
0.536349 5.697460
0.536753 6.274910
0.537157 6.197690
0.537561 68.819500
0.537964 40.105600
0.538368 12.788100
0.538772 7.917020
0.539176 40.651600
0.539580 13.249500
0.539984 20.212300
0.540388 2.927860
0.540792 9.921210
0.541195 21.970600
0.541599 19.549300
0.542003 18.910400
0.542407 6.518400
0.542811 23.702400
0.543215 28.414100
0.543619 15.730700
0.544023 10.015800
0.544426 15.526300
0.544830 8.813830
0.545234 41.427100
0.545638 18.591900
0.546042 25.437900
0.546446 8.557060
0.546850 34.838000
0.547254 10.063500
0.547658 22.370100
0.548061 24.754100
0.548465 1.903770
0.548869 64.110900
0.549273 10.598400
0.549677 24.233000
0.550081 43.942300
0.550485 2.256340
0.550889 34.848200
0.551292 8.816810
0.551696 41.421700
0.552100 80.154900
0.552504 14.913100
0.552908 12.185700
0.553312 82.166100
0.553716 6.831060
0.554120 10.227900
0.554523 32.156200
0.554927 37.161400
0.555331 7.191120
0.555735 8.194510
0.556139 34.321500
0.556543 8.648670
0.556947 29.906300
0.557351 5.311680
0.557754 13.939300
0.558158 35.710300
0.558562 30.490400
0.558966 28.604400
0.559370 3.821610
0.559774 13.719300
0.560178 21.940000
0.560582 10.704500
0.560985 13.725800
0.561389 22.173100
0.561793 10.803300
0.562197 16.624200
0.562601 35.724200
0.563005 6.196070
0.563409 23.158400
0.563813 19.515100
0.564216 5.025050
0.564620 36.628600
0.565024 25.486600
0.565428 13.664400
0.565832 13.234100
0.566236 16.242200
0.566640 10.649800
0.567044 6.290140
0.567447 11.257100
0.567851 44.487600
0.568255 16.741700
0.568659 30.175600
0.569063 13.961400
0.569467 8.914330
0.569871 25.689000
0.570275 34.713000
0.570679 9.863820
0.571082 16.861000
0.571486 43.133100
0.571890 81.117000
0.572294 4.848320
0.572698 5.212400
0.573102 53.609500
0.573506 31.531500
0.573910 60.552600
0.574313 34.327800
0.574717 43.485300
0.575121 36.005300
0.575525 88.997300
0.575929 24.395200
0.576333 17.295300
0.576737 28.725200
0.577141 23.630800
0.577544 5.162330
0.577948 4.040310
0.578352 72.851900
0.578756 44.503600
0.579160 7.998460
0.579564 12.694900
0.579968 1.996960
0.580372 26.330300
0.580775 10.103500
0.581179 37.817700
0.581583 34.468400
0.581987 28.156800
0.582391 9.828170
0.582795 6.044310
0.583199 7.203830
0.583603 29.753500
0.584006 24.963000
0.584410 4.675270
0.584814 15.254400
0.585218 35.898800
0.585622 3.229000
0.586026 63.695300
0.586430 50.478900
0.586834 7.441430
0.587237 18.785000
0.587641 15.233300
0.588045 32.944400
0.588449 4.812360
0.588853 19.954700
0.589257 27.088000
0.589661 28.713100
0.590065 65.253400
0.590468 10.222200
0.590872 7.678900
0.591276 6.153530
0.591680 13.752900
0.592084 72.676400
0.592488 23.563600
0.592892 27.043300
0.593296 10.416600
0.593700 18.817100
0.594103 48.703900
0.594507 21.273400
0.594911 9.022870
0.595315 23.763100
0.595719 38.287000
0.596123 9.457910
0.596527 7.971290
0.596931 58.061000
0.597334 11.024300
0.597738 34.131100
0.598142 61.873200
0.598546 4.481220
0.598950 37.832300
0.599354 76.290500
0.599758 29.723100
0.600162 2.857840
0.600565 45.534200
0.600969 14.293600
0.601373 6.846870
0.601777 7.502490
0.602181 26.177500
0.602585 7.023080
0.602989 24.498000
0.603393 47.617800
0.603796 7.605710
0.604200 33.047400
0.604604 35.730500
0.605008 58.374900
0.605412 20.094500
0.605816 12.155300
0.606220 45.080600
0.606624 22.357400
0.607027 64.082600
0.607431 8.089770
0.607835 2.541520
0.608239 28.318100
0.608643 10.798700
0.609047 9.805490
0.609451 53.907300
0.609855 30.670500
0.610258 30.315200
0.610662 31.372900
0.611066 31.506900
0.611470 93.012600
0.611874 6.531290
0.612278 8.428510
0.612682 3.069890
0.613086 29.489800
0.613489 5.003570
0.613893 46.122500
0.614297 10.689700
0.614701 26.510600
0.615105 11.097600
0.615509 7.388450
0.615913 11.249100
0.616317 24.957300
0.616721 17.704100
0.617124 9.671020
0.617528 15.669200
0.617932 7.345910
0.618336 41.255700
0.618740 15.233700
0.619144 9.961240
0.619548 30.116900
0.619952 35.658500
0.620355 59.017900
0.620759 12.357800
0.621163 8.437780
0.621567 67.622200
0.621971 8.663560
0.622375 15.711500
0.622779 42.730800
0.623183 7.511840
0.623586 16.956900
0.623990 20.613000
0.624394 25.588300
0.624798 28.603700
0.625202 35.873300
0.625606 44.103600
0.626010 21.121200
0.626414 39.664700
0.626817 17.322300
0.627221 38.765900
0.627625 83.276500
0.628029 48.527000
0.628433 42.403900
0.628837 33.356000
0.629241 61.292600
0.629645 14.187900
0.630048 19.569400
0.630452 11.029700
0.630856 7.841350
0.631260 8.253080
0.631664 7.116060
0.632068 31.685100
0.632472 3.927270
0.632876 2.704390
0.633279 19.084100
0.633683 39.148800
0.634087 67.839300
0.634491 93.603400
0.634895 5.537050
0.635299 41.274500
0.635703 20.006600
0.636107 5.503030
0.636511 77.921000
0.636914 8.092410
0.637318 6.503240
0.637722 17.300700
0.638126 30.732400
0.638530 43.732100
0.638934 12.159800
0.639338 30.360700
0.639742 11.691300
0.640145 10.298900
0.640549 29.007600
0.640953 36.448100
0.641357 7.957020
0.641761 76.322300
0.642165 51.675100
0.642569 9.399960
0.642973 60.881400
0.643376 15.317300
0.643780 21.194000
0.644184 9.489230
0.644588 10.953200
0.644992 47.408100
0.645396 5.584040
0.645800 12.399500
0.646204 13.739400
0.646607 18.488300
0.647011 27.918000
0.647415 69.269400
0.647819 8.067790
0.648223 72.426900
0.648627 7.638400
0.649031 8.611100
0.649435 36.661700
0.649838 8.154880
0.650242 8.054800
0.650646 44.768800
0.651050 55.966200
0.651454 7.770820
0.651858 6.748380
0.652262 14.921800
0.652666 10.113000
0.653069 14.349700
0.653473 37.587000
0.653877 24.542400
0.654281 13.630600
0.654685 18.579600
0.655089 13.722400
0.655493 25.400900
0.655897 36.369300
0.656300 7.125210
0.656704 8.045260
0.657108 30.764100
0.657512 5.694250
0.657916 48.476400
0.658320 7.684780
0.658724 49.006900
0.659128 6.139670
0.659532 8.970740
0.659935 58.576100
0.660339 13.761300
0.660743 13.437000
0.661147 17.355100
0.661551 11.148500
0.661955 3.062270
0.662359 86.515100
0.662763 38.334000
0.663166 10.941400
0.663570 36.110200
0.663974 16.070900
0.664378 9.059790
0.664782 49.347800
0.665186 2.767750
0.665590 27.279300
0.665994 7.510810
0.666397 11.978300
0.666801 32.135000
0.667205 37.153800
0.667609 19.307100
0.668013 13.873900
0.668417 6.588410
0.668821 14.360800
0.669225 37.390400
0.669628 23.797200
0.670032 7.371290
0.670436 18.964100
0.670840 71.006500
0.671244 5.321880
0.671648 40.681100
0.672052 10.764200
0.672456 34.259400
0.672859 12.972700
0.673263 34.808400
0.673667 16.382100
0.674071 18.401500
0.674475 14.131100
0.674879 25.668900
0.675283 8.705390
0.675687 38.407800
0.676090 29.739000
0.676494 14.937600
0.676898 10.456300
0.677302 8.270990
0.677706 19.202900
0.678110 11.449300
0.678514 31.453500
0.678918 48.679900
0.679321 19.024500
0.679725 21.289500
0.680129 26.572300
0.680533 15.426600
0.680937 6.855950
0.681341 15.080300
0.681745 42.148200
0.682149 28.607100
0.682553 8.622330
0.682956 40.045500
0.683360 5.348110
0.683764 7.810350
0.684168 35.578100
0.684572 6.483850
0.684976 28.948100
0.685380 5.651950
0.685784 34.125900
0.686187 12.404300
0.686591 47.050300
0.686995 30.461800
0.687399 32.619400
0.687803 31.626300
0.688207 5.462650
0.688611 14.166500
0.689015 4.048850
0.689418 18.547500
0.689822 28.547700
0.690226 27.015300
0.690630 19.363900
0.691034 24.309100
0.691438 12.019600
0.691842 25.925900
0.692246 16.266500
0.692649 14.978100
0.693053 17.020200
0.693457 7.875300
0.693861 54.337600
0.694265 22.981600
0.694669 9.621300
0.695073 42.594200
0.695477 10.055400
0.695880 7.226500
0.696284 28.891600
0.696688 19.633100
0.697092 9.737330
0.697496 19.172400
0.697900 11.520000
0.698304 27.054100
0.698708 31.528300
0.699111 1.618220
0.699515 15.458700
0.699919 36.106700
0.700323 11.546400
0.700727 33.782600
0.701131 27.163900
0.701535 32.025900
0.701939 10.746900
0.702342 4.246340
0.702746 5.298250
0.703150 28.121700
0.703554 21.815100
0.703958 9.565070
0.704362 41.365400
0.704766 33.231000
0.705170 7.209440
0.705574 7.772490
0.705977 1.910530
0.706381 30.152300
0.706785 8.696950
0.707189 30.202300
0.707593 25.273400
0.707997 16.753100
0.708401 21.237500
0.708805 68.213400
0.709208 18.958400
0.709612 46.034700
0.710016 4.056410
0.710420 25.137300
0.710824 59.572100
0.711228 8.818290
0.711632 68.445500
0.712036 5.304100
0.712439 59.299900
0.712843 31.167500
0.713247 26.209800
0.713651 16.017000
0.714055 2.222560
0.714459 24.995100
0.714863 18.093000
0.715267 68.637700
0.715670 13.728000
0.716074 7.208450
0.716478 28.983500
0.716882 13.578400
0.717286 26.817100
0.717690 11.053800
0.718094 11.177200
0.718498 12.964500
0.718901 26.233500
0.719305 71.154200
0.719709 17.336400
0.720113 18.643900
0.720517 40.934900
0.720921 46.409500
0.721325 17.672300
0.721729 18.256300
0.722132 52.351400
0.722536 26.436600
0.722940 11.867200
0.723344 31.084100
0.723748 89.264100
0.724152 12.009900
0.724556 39.560700
0.724960 5.098600
0.725363 41.166200
0.725767 53.231900
0.726171 7.781940
0.726575 8.463140
0.726979 15.484300
0.727383 77.792500
0.727787 30.365900
0.728191 8.095490
0.728595 21.870400
0.728998 15.582900
0.729402 7.443250
0.729806 36.011000
0.730210 32.735400
0.730614 82.053700
0.731018 20.223800
0.731422 4.415880
0.731826 28.210200
0.732229 36.265700
0.732633 33.060000
0.733037 77.101300
0.733441 21.422100
0.733845 21.206900
0.734249 16.526400
0.734653 4.117480
0.735057 64.326000
0.735460 35.100500
0.735864 9.281650
0.736268 6.700940
0.736672 31.418100
0.737076 9.763010
0.737480 54.518700
0.737884 22.974800
0.738288 40.151100
0.738691 84.718800
0.739095 2.936000
0.739499 32.380800
0.739903 11.271100
0.740307 5.208570
0.740711 9.605220
0.741115 40.173300
0.741519 49.203000
0.741922 16.452000
0.742326 22.140400
0.742730 15.133600
0.743134 6.164220
0.743538 7.809660
0.743942 14.211800
0.744346 7.175170
0.744750 6.554750
0.745153 30.888300
0.745557 36.700200
0.745961 53.853900
0.746365 54.209400
0.746769 53.852400
0.747173 15.212000
0.747577 24.209800
0.747981 37.744300
0.748384 19.592600
0.748788 34.099500
0.749192 12.891000
0.749596 7.999200
0.750000 15.752300
0.750404 7.804680
0.752827 8.324900
0.753231 21.596400
0.753635 12.138400
0.754039 39.881500
0.754443 13.650000
0.754847 24.159000
0.755250 24.392600
0.755654 38.965700
0.756058 23.800400
0.756462 42.552000
0.756866 9.934570
0.757270 4.789040
0.757674 63.628000
0.758078 37.389700
0.758481 32.810600
0.758885 26.354800
0.759289 9.364790
0.759693 25.161900
0.760097 11.742200
0.760501 11.885100
0.760905 26.018200
0.761309 43.353700
0.761712 28.436700
0.762116 15.362600
0.762520 7.209070
0.762924 13.095700
0.763328 12.056100
0.763732 15.820900
0.764136 6.410860
0.764540 6.025670
0.764943 13.476800
0.765347 24.096500
0.765751 11.489700
0.766155 6.765000
0.766559 7.559960
0.766963 1.829330
0.767367 7.213200
0.767771 22.446700
0.768174 56.022900
0.768578 16.145200
0.768982 8.479610
0.769386 20.323300
0.769790 26.728600
0.770194 8.909160
0.770598 5.971520
0.771002 26.980900
0.771405 27.086800
0.771809 74.751000
0.772213 9.925890
0.772617 9.612680
0.773021 44.456000
0.773425 12.758300
0.773829 5.585710
0.774233 70.803100
0.774637 33.432400
0.775040 22.745500
0.775444 60.433700
0.775848 19.778900
0.776252 28.844600
0.776656 24.825100
0.777060 51.960100
0.777464 54.414500
0.777868 6.116430
0.778271 7.635020
0.778675 55.257200
0.779079 30.445600
0.779483 10.505700
0.779887 14.414700
0.780291 5.944050
0.780695 6.605260
0.781099 4.382140
0.781502 9.408360
0.781906 44.365600
0.782310 37.703400
0.782714 22.264300
0.783118 28.896700
0.783522 32.479300
0.783926 7.753650
0.784330 6.486700
0.784733 29.568500
0.785137 14.113500
0.785541 59.495400
0.785945 11.914100
0.786349 37.028000
0.786753 18.673900
0.787157 75.206800
0.787561 37.585500
0.787964 9.902610
0.788368 17.219200
0.788772 35.572800
0.789176 67.382800
0.789580 82.279500
0.789984 23.647700
0.790388 9.344700
0.790792 11.815700
0.791195 9.583160
0.791599 8.184120
0.792003 15.526600
0.792407 51.311700
0.792811 11.302100
0.793215 23.533600
0.793619 48.814300
0.794023 14.272500
0.794426 62.126000
0.794830 28.167000
0.795234 22.038000
0.795638 15.925400
0.796042 9.079930
0.796446 8.910070
0.796850 11.606500
0.797254 13.104500
0.797658 15.104500
0.798061 9.745180
0.798465 7.487310
0.798869 5.184880
0.799273 11.374300
0.799677 23.704500
0.800081 16.150400
0.800485 46.588000
0.800889 8.334690
0.801292 9.133660
0.801696 22.489400
0.802100 4.999580
0.802504 39.743900
0.802908 20.601600
0.803312 8.621260
0.803716 9.753240
0.804120 8.997360
0.804523 82.539000
0.804927 20.396100
0.805331 47.607700
0.805735 26.764700
0.806139 1.760750
0.806543 11.914800
0.806947 21.960100
0.807351 38.017600
0.807754 22.341900
0.808158 44.479000
0.808562 34.397100
0.808966 7.846520
0.809370 26.937000
0.809774 63.718400
0.810178 61.708600
0.810582 18.427700
0.810985 9.675240
0.811389 25.652800
0.811793 9.920880
0.812197 42.202300
0.812601 37.969200
0.813005 24.746000
0.813409 16.980900
0.813813 8.165790
0.814216 35.222700
0.814620 7.607870
0.815024 21.556600
0.815428 5.041420
0.815832 5.644730
0.816236 23.118400
0.816640 5.332080
0.817044 14.776700
0.817447 45.978700
0.817851 7.677060
0.818255 19.287100
0.818659 9.720150
0.819063 19.017300
0.819467 68.121800
0.819871 17.263600
0.820275 26.451900
0.820679 49.656700
0.821082 18.734600
0.821486 5.477910
0.821890 14.011900
0.822294 24.496400
0.822698 29.088200
0.823102 33.834200
0.823506 15.231900
0.823910 20.140600
0.824313 4.670550
0.824717 6.552580
0.825121 4.708890
0.825525 12.793200
0.825929 51.436200
0.826333 27.366600
0.826737 47.504300
0.827141 9.051690
0.827544 11.930200
0.827948 8.284270
0.828352 50.915500
0.828756 16.065800
0.829160 48.044300
0.829564 13.919600
0.829968 5.315710
0.830372 8.648800
0.830775 11.905400
0.831179 45.336000
0.831583 9.884000
0.831987 26.550300
0.832391 5.353350
0.832795 16.500500
0.833199 13.244400
0.833603 22.641200
0.834006 40.240600
0.834410 68.433800
0.834814 48.687800
0.835218 3.488320
0.835622 58.737000
0.836026 9.561840
0.836430 58.855300
0.836834 22.263900
0.837237 25.791600
0.837641 5.947000
0.838045 11.747800
0.838449 4.177740
0.838853 23.223100
0.839257 4.158340
0.839661 14.833100
0.840065 36.408600
0.840468 6.625360
0.840872 8.914300
0.841276 7.302680
0.841680 13.230200
0.842084 11.965200
0.842488 20.157800
0.842892 28.436900
0.843296 42.184900
0.843700 14.964300
0.844103 79.526900
0.844507 64.777100
0.844911 34.482600
0.845315 8.375420
0.845719 13.567300
0.846123 16.094800
0.846527 40.882700
0.846931 26.588400
0.847334 24.174800
0.847738 18.372600
0.848142 9.733090
0.848546 8.944410
0.848950 31.577200
0.849354 41.548600
0.849758 8.346560
0.850162 59.536400
0.850565 7.824040
0.850969 4.808270
0.851373 50.828400
0.851777 30.644800
0.852181 26.539100
0.852585 23.593300
0.852989 36.697300
0.853393 20.861800
0.853796 11.182200
0.854200 7.901200
0.854604 43.537100
0.855008 54.449400
0.855412 30.927500
0.855816 11.113700
0.856220 12.023100
0.856624 49.565600
0.857027 37.771400
0.857431 30.067500
0.857835 45.977100
0.858239 76.732000
0.858643 7.603070
0.859047 88.701100
0.859451 8.863260
0.859855 8.281170
0.860258 68.319000
0.860662 62.436300
0.861066 10.169900
0.861470 45.261300
0.861874 7.716890
0.862278 59.250400
0.862682 19.756300
0.863086 22.845000
0.863489 15.339700
0.863893 32.463900
0.864297 4.758450
0.864701 10.997100
0.865105 4.137160
0.865509 5.237840
0.865913 9.015620
0.866317 55.969700
0.866721 46.451000
0.867124 21.067700
0.867528 77.342000
0.867932 57.329300
0.868336 5.430030
0.868740 88.292300
0.869144 4.405700
0.869548 14.338400
0.869952 10.362800
0.870355 2.965860
0.870759 61.994000
0.871163 20.795800
0.871567 31.254200
0.871971 27.787600
0.872375 13.616900
0.872779 34.310200
0.873183 61.430200
0.873586 55.794900
0.873990 17.880100
0.874394 12.168100
0.874798 28.685400
0.875202 5.922740
0.875606 3.688090
0.876010 9.703170
0.876414 15.649400
0.876817 22.144300
0.877221 3.274200
0.877625 25.767100
0.878029 58.705800
0.878433 18.499900
0.878837 32.039400
0.879241 19.610100
0.879645 6.276390
0.880048 32.178600
0.880452 9.947310
0.880856 21.676000
0.881260 49.069700
0.881664 68.969400
0.882068 6.085900
0.882472 15.069500
0.882876 33.960800
0.883279 6.647230
0.883683 20.131800
0.884087 11.406600
0.884491 31.279600
0.884895 24.742900
0.885299 10.966700
0.885703 34.474500
0.886107 38.752000
0.886511 16.547700
0.886914 29.133600
0.887318 7.647310
0.887722 34.407700
0.888126 9.412810
0.888530 15.054400
0.888934 12.103100
0.889338 9.942030
0.889742 21.837600
0.890145 30.996200
0.890549 8.497860
0.890953 47.864000
0.891357 33.480000
0.891761 7.150960
0.892165 6.900840
0.892569 9.584970
0.892973 9.641160
0.893376 10.385300
0.893780 54.755500
0.894184 37.181200
0.894588 40.426600
0.894992 9.280790
0.895396 43.549300
0.895800 11.243100
0.896204 5.688720
0.896607 8.489450
0.897011 7.632820
0.897415 27.448400
0.897819 17.133300
0.898223 9.484370
0.898627 5.121480
0.899031 11.409700
0.899435 34.684000
0.899838 9.292870
0.900242 49.634900
0.900646 5.931620
0.901050 36.097000
0.901454 24.608400
0.901858 17.124000
0.902262 10.606800
0.902666 7.799240
0.903069 33.888800
0.903473 37.609600
0.903877 39.731300
0.904281 20.159300
0.904685 26.504500
0.905089 30.281300
0.905493 70.333800
0.905897 7.396320
0.906300 12.111800
0.906704 31.377000
0.907108 18.359700
0.907512 28.090300
0.907916 47.696000
0.908320 9.602320
0.908724 44.804300
0.909128 38.696200
0.909532 37.993700
0.909935 9.663550
0.910339 21.234900
0.910743 8.936740
0.911147 4.528960
0.911551 40.291500
0.911955 25.758500
0.912359 63.151100
0.912763 19.540100
0.913166 19.619000
0.913570 9.346740
0.913974 24.166500
0.914378 10.340100
0.914782 13.180000
0.915186 26.189300
0.915590 25.937000
0.915994 19.704200
0.916397 54.459800
0.916801 11.507000
0.917205 18.390200
0.917609 37.806700
0.918013 8.577450
0.918417 3.893200
0.918821 29.529600
0.919225 4.252620
0.919628 7.560820
0.920032 50.948000
0.920436 60.993100
0.920840 22.539100
0.921244 32.824200
0.921648 37.095400
0.922052 50.926800
0.922456 24.521900
0.922859 6.193380
0.923263 16.818700
0.923667 19.903700
0.924071 28.636700
0.924475 40.847900
0.924879 67.625100
0.925283 4.771850
0.925687 33.707200
0.926090 21.980100
0.926494 53.883600
0.926898 7.020730
0.927302 12.969100
0.927706 17.080300
0.928110 21.987600
0.928514 30.436400
0.928918 56.002700
0.929321 18.104000
0.929725 33.947400
0.930129 18.529400
0.930533 9.625660
0.930937 5.527510
0.931341 14.928700
0.931745 4.203160
0.932149 70.948900
0.932553 3.670170
0.932956 5.646140
0.933360 29.925000
0.933764 30.249800
0.934168 4.313000
0.934572 28.968700
0.934976 75.306000
0.935380 30.258500
0.935784 2.416830
0.936187 66.032100
0.936591 13.310300
0.936995 8.345130
0.937399 64.733200
0.937803 17.146200
0.938207 49.119100
0.938611 56.973300
0.939015 8.361460
0.939418 19.823900
0.939822 3.103230
0.940226 9.735050
0.940630 15.640500
0.941034 11.556000
0.941438 11.430200
0.941842 12.741000
0.942246 10.809800
0.942649 30.194500
0.943053 35.172000
0.943457 13.319700
0.943861 21.193900
0.944265 30.787800
0.944669 14.731400
0.945073 4.364610
0.945477 3.282200
0.945880 13.429800
0.946284 20.906100
0.946688 30.072000
0.947092 31.788100
0.947496 25.499000
0.947900 4.143060
0.948304 20.231600
0.948708 71.858600
0.949111 21.967700
0.949515 8.014880
0.949919 4.103510
0.950323 22.324200
0.950727 8.284210
0.951131 47.339600
0.951535 17.763900
0.951939 17.761300
0.952342 12.095200
0.952746 63.840600
0.953150 28.030200
0.953554 37.586300
0.953958 19.053700
0.954362 7.153620
0.954766 76.602900
0.955170 20.199900
0.955574 46.159100
0.955977 6.607420
0.956381 18.889200
0.956785 4.995570
0.957189 13.566000
0.957593 1.690280
0.957997 48.514600
0.958401 38.926800
0.958805 24.008600
0.959208 24.599500
0.959612 12.217500
0.960016 20.467700
0.960420 10.102200
0.960824 9.183310
0.961228 7.540520
0.961632 59.279300
0.962036 18.036100
0.962439 49.979400
0.962843 63.993100
0.963247 70.332200
0.963651 15.494800
0.964055 37.077800
0.964459 3.090220
0.964863 8.114120
0.965267 2.659120
0.965670 11.815000
0.966074 64.265000
0.966478 3.198590
0.966882 12.243800
0.967286 29.362400
0.967690 6.948290
0.968094 43.878800
0.968498 10.820500
0.968901 6.770550
0.969305 8.998510
0.969709 6.745180
0.970113 13.501500
0.970517 16.824200
0.970921 35.905000
0.971325 28.102600
0.971729 31.959000
0.972132 9.807150
0.972536 20.095700
0.972940 47.911900
0.973344 7.961800
0.973748 5.147350
0.974152 35.466800
0.974556 45.466900
0.974960 4.829660
0.975363 29.700300
0.975767 5.511350
0.976171 9.149560
0.976575 17.685600
0.976979 48.444400
0.977383 16.198500
0.977787 10.378800
0.978191 14.654200
0.978595 26.340100
0.978998 35.590500
0.979402 6.379380
0.979806 10.959600
0.980210 15.412500
0.980614 27.398900
0.981018 33.585300
0.981422 10.542500
0.981826 4.261800
0.982229 9.564530
0.982633 3.942590
0.983037 6.685400
0.983441 2.516010
0.983845 57.361600
0.984249 7.131750
0.984653 14.691200
0.985057 16.692000
0.985460 23.452500
0.985864 25.883700
0.986268 45.577200
0.986672 37.885500
0.987076 65.886200
0.987480 18.822700
0.987884 12.724400
0.988288 70.211900
0.988691 5.331100
0.989095 33.389900
0.989499 8.852950
0.989903 12.461800
0.990307 39.968500
0.990711 11.329300
0.991115 16.893500
0.991519 36.707000
0.991922 39.593600
0.992326 54.186000
0.992730 7.246780
0.993134 1.734160
0.993538 1.645780
0.993942 12.368100
0.994346 3.853330
0.994750 29.234000
0.995153 6.406650
0.995557 98.066700
0.995961 5.197220
0.996365 31.652700
0.996769 7.774090
0.997173 11.644200
0.997577 42.662200
0.997981 17.168600
0.998384 13.778700
0.998788 51.035800
0.999192 23.026300
0.999596 31.886600
1.000000 8.377200
