0.000286 42.303700
0.000573 4.342130
0.000859 30.249300
0.001146 9.538840
0.001432 76.997200
0.001719 9.366860
0.002005 14.106800
0.002292 28.413300
0.002578 8.351740
0.013177 59.483000
0.013463 21.070000
0.013750 5.893570
0.014036 10.681400
0.014323 10.219100
0.014609 23.056100
0.014895 13.483000
0.015182 73.786900
0.015468 7.379110
0.015755 16.392700
0.016041 9.038120
0.016328 24.203300
0.016614 11.690800
0.016901 30.233800
0.017187 9.911990
0.017474 33.343600
0.017760 20.826900
0.018046 2.610350
0.018333 29.112700
0.018619 28.390900
0.019192 21.086900
0.019479 17.822100
0.019765 7.882920
0.020052 8.951580
0.020338 17.808900
0.020624 11.003700
0.020911 24.575200
0.021197 25.125100
0.021484 47.265700
0.021770 35.155000
0.022057 60.889100
0.022343 75.355900
0.022630 3.902140
0.023203 50.658700
0.023489 35.338400
0.023775 9.760160
0.024062 24.755900
0.024348 68.657100
0.024635 12.171100
0.024921 34.025500
0.025208 91.161700
0.025494 39.074700
0.025781 20.323800
0.026067 8.716640
0.026353 18.861300
0.026640 57.032600
0.026926 65.513900
0.027213 9.893220
0.027499 9.732240
0.027786 5.274860
0.028072 6.394040
0.028359 26.517700
0.028645 15.634800
0.028932 16.994000
0.029218 34.707300
0.029504 12.408000
0.029791 23.029000
0.030077 52.931200
0.030364 36.350100
0.030650 25.828800
0.030937 40.471900
0.031223 46.599800
0.031510 44.850300
0.031796 29.970500
0.032082 25.007700
0.032369 8.081730
0.032655 64.053600
0.032942 17.727500
0.033228 1.646330
0.033515 4.930210
0.033801 35.491800
0.034088 6.825500
0.034374 9.338530
0.034661 44.130100
0.034947 16.263700
0.035233 34.861200
0.035520 14.520300
0.035806 21.580100
0.036093 24.755000
0.036379 13.786200
0.036666 17.791900
0.051275 9.691900
0.051561 27.137300
0.051848 8.014690
0.052134 31.785900
0.052421 18.916900
0.052707 13.543200
0.053280 9.805800
0.053566 37.338500
0.053853 19.402900
0.054139 4.846290
0.054426 14.197000
0.054712 15.957800
0.054999 9.594060
0.055285 11.821900
0.055571 52.873500
0.055858 39.141600
0.056144 37.384900
0.056431 20.171100
0.056717 8.567400
0.057004 5.309900
0.063306 58.116000
0.063592 36.191600
0.063879 5.529400
0.064165 93.345400
0.064451 5.854580
0.064738 19.619600
0.065024 18.922100
0.065311 26.357000
0.065597 19.568000
0.065884 88.167300
0.066170 15.406000
0.066457 15.702900
0.066743 3.284090
0.067030 46.637000
0.067316 17.695400
0.067602 23.977600
0.067889 53.484600
0.068175 6.523800
0.068462 14.840500
0.080493 8.389800
0.082211 8.324900
0.082498 4.101530
0.082784 5.886500
0.083071 20.938500
0.083357 52.413900
0.083644 2.126840
0.084217 15.825400
0.084503 9.220660
0.084789 48.145800
0.085076 15.921300
0.085362 26.477700
0.085649 35.119400
0.085935 58.415200
0.086222 49.174000
0.086508 43.250900
0.086795 32.142900
0.087081 11.783900
0.087940 69.200400
0.088227 33.635000
0.088513 91.239700
0.088800 31.192800
0.089086 39.954700
0.089373 1.783000
0.089659 43.394800
0.089946 40.467700
0.090232 16.383900
0.090518 19.359400
0.090805 1.713380
0.091091 6.853690
0.091378 29.917400
0.091664 17.356100
0.091951 16.557100
0.092237 17.107500
0.092524 32.076000
0.092810 40.469300
0.093097 7.087880
0.093383 93.189800
0.093669 46.656600
0.093956 22.067700
0.094242 31.486400
0.094529 4.182710
0.096534 11.312900
0.096820 4.256900
0.097107 95.793300
0.097393 27.591700
0.097680 48.355100
0.097966 10.801700
0.098253 40.281200
0.098539 9.670800
0.098826 10.508800
0.099112 29.141800
0.099398 5.427360
0.099685 72.556700
0.099971 81.840100
0.100258 6.891270
0.100544 32.496800
0.100831 75.953300
0.101117 29.226400
0.101404 46.862700
0.101690 9.595660
0.101977 63.451100
0.102263 40.737800
0.102549 16.136800
0.102836 10.013600
0.103122 17.813300
0.103409 50.774900
0.103695 72.591000
0.103982 25.489700
0.104268 31.362500
0.104555 4.184730
0.104841 24.637500
0.105127 21.488900
0.105414 4.080520
0.105700 8.185030
0.105987 43.149700
0.106273 20.815200
0.106560 23.536100
0.106846 14.730000
0.107133 91.446200
0.107419 56.459100
0.107706 50.637700
0.107992 13.125600
0.108278 31.834100
0.108565 44.631800
0.108851 2.310300
0.109138 5.426230
0.109424 9.712760
0.109711 5.236550
0.109997 13.718400
0.110284 18.726200
0.110570 62.178400
0.111143 18.010800
0.111429 27.072200
0.111716 8.448400
0.112002 10.472400
0.112289 18.446300
0.112575 16.929300
0.112862 16.754700
0.113148 66.367100
0.113435 5.206770
0.113721 37.517900
0.114007 62.908400
0.114294 26.107800
0.114580 10.336100
0.114867 56.697000
0.115153 20.521100
0.115440 50.538400
0.115726 35.871900
0.116013 12.737700
0.116299 26.755800
0.116586 4.372610
0.116872 7.479750
0.117158 24.431000
0.117445 54.316900
0.117731 15.461200
0.118018 16.230700
0.118304 24.022000
0.118591 8.206530
0.118877 31.970400
0.119164 34.014600
0.122315 67.417800
0.122601 6.454800
0.122887 6.387960
0.123174 22.415500
0.123460 44.550200
0.123747 14.580600
0.124033 29.225300
0.128330 9.958660
0.128616 21.058300
0.128903 3.524160
0.129189 61.659000
0.129476 33.153800
0.129762 34.757800
0.130049 31.862800
0.130335 5.776560
0.130622 16.963700
0.130908 33.952900
0.131195 18.078100
0.131481 18.804300
0.131767 9.618870
0.132054 7.858080
0.132340 4.204510
0.132627 28.310400
0.132913 22.786200
0.133200 61.369200
0.133486 35.090500
0.133773 19.196500
0.134059 24.566300
0.134345 8.423730
0.134632 26.679500
0.134918 9.129580
0.135205 21.178200
0.135491 43.783100
0.135778 44.142700
0.136064 10.246100
0.136351 54.465400
0.136637 29.087100
0.136924 17.948800
0.137210 8.972370
0.137496 33.579200
0.137783 56.938700
0.138069 36.954300
0.138356 56.896600
0.138642 57.219100
0.138929 18.070100
0.139215 45.177400
0.139502 30.341600
0.139788 15.353500
0.140074 30.056700
0.140361 13.746600
0.140647 20.934500
0.140934 6.637290
0.141220 24.518800
0.141507 43.492000
0.141793 10.429900
0.142080 5.830130
0.142366 10.441200
0.142653 19.451700
0.142939 9.428040
0.143225 8.599080
0.143512 34.256300
0.143798 55.147300
0.144085 24.659800
0.144371 11.348400
0.144658 3.322420
0.144944 29.405200
0.145231 8.065200
0.145517 22.526600
0.145803 2.614910
0.146090 36.818400
0.146376 8.208610
0.146663 30.218200
0.146949 40.346200
0.147236 27.719000
0.147522 42.860800
0.147809 28.303000
0.148095 16.191100
0.148382 3.065100
0.148668 26.384300
0.148954 21.590600
0.149241 12.227400
0.149527 18.065400
0.149814 28.704400
0.150100 18.100700
0.150387 36.527100
0.150673 7.610030
0.150960 24.890600
0.151246 20.560900
0.151533 8.158980
0.151819 94.642200
0.152105 17.621800
0.152392 13.204800
0.152678 21.730600
0.152965 15.945100
0.153251 45.894800
0.153538 8.898250
0.153824 33.757400
0.154111 52.806300
0.154397 14.584600
0.154683 27.807000
0.154970 53.981000
0.155256 11.205700
0.155543 8.825230
0.155829 22.688500
0.156116 47.764100
0.156402 14.092900
0.156689 6.886470
0.156975 8.572010
0.157262 19.577000
0.157548 6.990060
0.157834 60.509800
0.158121 12.770500
0.158407 8.519140
0.158694 23.173700
0.158980 19.271200
0.159267 17.230600
0.159553 8.710390
0.159840 7.864080
0.160126 48.418300
0.160412 41.194200
0.160699 10.568900
0.160985 26.369300
0.161272 8.406880
0.161558 39.217100
0.161845 3.757990
0.162131 20.056000
0.162418 24.399200
0.162704 24.439500
0.162991 32.729000
0.163277 65.723100
0.163563 48.771500
0.163850 65.639200
0.164136 13.745600
0.164423 24.656800
0.164709 29.700800
0.164996 9.516470
0.165282 51.471500
0.165569 23.352500
0.165855 17.711200
0.166142 9.606200
0.166428 14.500800
0.166714 6.654210
0.167001 39.861000
0.167287 16.815700
0.167574 81.093400
0.167860 20.018600
0.168147 27.289800
0.168433 31.561000
0.168720 47.196000
0.169006 27.589200
0.169292 48.224900
0.169579 13.301300
0.169865 69.322900
0.170152 4.721920
0.170438 29.804600
0.170725 10.752900
0.171011 19.830500
0.171298 12.077700
0.171584 32.085100
0.171871 18.383500
0.172157 84.021300
0.172443 11.066600
0.172730 32.265800
0.173016 10.000500
0.173303 29.987000
0.173589 37.146100
0.173876 21.352800
0.174162 27.159000
0.174449 72.885000
0.174735 35.250700
0.175021 42.913600
0.175308 54.300700
0.175594 23.815600
0.175881 11.180700
0.176167 25.057900
0.176454 53.234900
0.176740 60.595800
0.177027 27.669200
0.177313 4.746640
0.177600 4.660650
0.177886 35.218100
0.178172 6.255670
0.178459 42.162700
0.178745 35.774800
0.179032 25.680600
0.179318 39.211000
0.179605 23.694500
0.179891 7.334150
0.180178 36.975500
0.180464 53.432600
0.180751 25.678000
0.181037 80.151700
0.181323 10.936400
0.181610 2.106440
0.181896 2.739450
0.182183 60.934900
0.182469 30.598200
0.182756 24.240500
0.183042 7.922250
0.183329 39.423200
0.183615 7.973800
0.183901 25.232100
0.184188 7.882290
0.184474 14.016000
0.184761 6.679160
0.185047 2.184480
0.185334 23.490700
0.185620 10.782000
0.185907 52.241900
0.186193 20.375700
0.186480 10.518500
0.186766 16.492700
0.187052 10.314900
0.187339 8.942080
0.187625 1.986790
0.187912 10.004700
0.188198 28.032900
0.188485 22.136000
0.188771 30.488400
0.189058 15.312000
0.189344 24.068700
0.189630 35.709100
0.189917 30.170400
0.190203 9.739430
0.190490 61.085600
0.190776 30.088800
0.191063 8.097110
0.191349 4.896690
0.191636 9.391970
0.191922 41.893600
0.192209 14.356600
0.192495 14.868900
0.192781 11.585400
0.193068 7.024860
0.193354 42.117200
0.193641 15.406400
0.193927 29.214900
0.194214 8.151020
0.194500 2.714480
0.194787 8.181700
0.195073 12.257300
0.195359 52.584800
0.195646 61.772300
0.195932 12.279500
0.196219 11.389900
0.196505 8.120620
0.196792 9.336050
0.197078 21.142100
0.197365 12.396500
0.197651 65.367800
0.197938 26.443200
0.198224 49.831400
0.198510 22.126200
0.198797 42.183300
0.199083 95.414100
0.199370 67.965500
0.199656 4.821690
0.199943 14.475400
0.200229 27.593200
0.200516 26.567700
0.200802 19.759400
0.201089 37.236300
0.201375 47.966900
0.201661 55.603200
0.201948 22.258300
0.202234 12.215600
0.202521 81.484300
0.202807 5.361230
0.203094 61.423700
0.203380 23.101900
0.203667 4.635360
0.203953 9.068060
0.204239 25.163400
0.204526 27.617200
0.204812 33.892000
0.205099 8.187250
0.205385 13.772300
0.205672 16.901100
0.205958 6.664120
0.206245 15.298000
0.206531 6.796590
0.206818 44.624400
0.207104 40.443200
0.207390 40.813900
0.207677 53.055300
0.207963 63.107500
0.208250 6.453980
0.208536 17.463600
0.208823 22.426800
0.209109 14.042500
0.209396 9.054190
0.209682 7.990930
0.209968 49.809600
0.210255 9.150570
0.210541 17.837300
0.210828 69.624700
0.211114 7.526730
0.211401 31.405500
0.211687 38.577100
0.211974 35.426800
0.212260 22.395200
0.212547 54.605400
0.212833 7.102450
0.213119 82.123600
0.213406 8.728780
0.213692 6.728590
0.213979 3.324420
0.214265 47.247700
0.214552 2.791600
0.214838 5.705240
0.215125 4.984940
0.215411 43.980800
0.215698 23.392400
0.215984 8.713760
0.216270 53.067000
0.216557 68.342100
0.216843 43.983400
0.217130 53.161300
0.217416 60.939200
0.217703 8.766380
0.217989 20.019000
0.218276 8.096800
0.218562 16.084300
0.218848 14.381000
0.219135 27.026600
0.219421 19.819100
0.219708 7.540090
0.219994 31.261000
0.220281 25.584600
0.220567 26.737900
0.221140 20.337400
0.221427 45.042300
0.221713 9.861860
0.221999 21.837000
0.222286 7.806410
0.222572 43.226500
0.222859 19.312900
0.223145 26.941400
0.223432 8.466300
0.223718 43.579700
0.224005 6.464320
0.224291 18.931600
0.224577 20.014300
0.224864 32.102600
0.225150 23.703000
0.225437 53.021600
0.225723 52.615500
0.226010 29.158800
0.226296 7.310120
0.226583 23.000900
0.226869 11.216100
0.227156 38.322000
0.227442 5.759920
0.227728 42.497000
0.228015 29.461400
0.228301 61.844600
0.228588 34.292000
0.228874 10.599000
0.229161 9.409710
0.229447 40.721700
0.229734 20.866100
0.230020 5.303750
0.230307 59.293900
0.230593 4.711480
0.230879 50.299800
0.231166 15.479800
0.231452 5.967950
0.231739 8.398170
0.232025 21.663500
0.232312 37.631000
0.232598 4.604940
0.232885 6.261340
0.233171 17.382600
0.233457 29.225600
0.233744 9.502000
0.234030 19.272000
0.234317 51.146200
0.234603 19.297300
0.234890 4.323150
0.235176 5.144610
0.235463 24.120600
0.235749 10.102600
0.236036 24.754200
0.236322 6.788280
0.236608 14.505900
0.236895 53.942500
0.237181 9.941830
0.237468 23.573600
0.237754 15.994700
0.238041 17.499700
0.238327 22.173700
0.238614 11.957200
0.238900 7.035010
0.239186 5.959470
0.239473 40.324800
0.239759 7.022220
0.240046 17.989200
0.240332 33.634700
0.240619 24.034400
0.240905 26.070100
0.241192 27.956100
0.241478 22.666900
0.242051 9.945950
0.242337 3.819810
0.242624 18.528900
0.242910 8.293880
0.243197 10.116600
0.243483 7.043090
0.243770 45.312900
0.244056 46.428100
0.244343 4.517070
0.244629 20.624900
0.244915 12.052300
0.245202 37.077800
0.245488 10.759600
0.245775 20.268200
0.246061 73.328500
0.246348 14.672500
0.246634 26.363800
0.246921 24.510500
0.247207 5.928970
0.247494 16.618900
0.247780 36.976200
0.248066 5.068240
0.248353 16.970100
0.248639 85.921100
0.248926 18.650600
0.249212 18.655600
0.249499 10.718300
0.249785 22.188100
0.250072 54.669200
0.250358 54.157900
0.250645 48.798100
0.250931 34.932000
0.251217 21.277600
0.251504 10.341200
0.251790 47.506000
0.252077 22.655500
0.252363 9.506100
0.252650 19.757200
0.252936 12.983500
0.253223 44.243200
0.253509 45.491600
0.253795 21.718300
0.254082 7.957640
0.254368 2.819790
0.254655 42.246400
0.254941 11.309100
0.255228 46.378800
0.255514 24.551400
0.255801 55.045100
0.256087 41.750000
0.256374 26.089700
0.256660 4.538490
0.256946 45.864300
0.257233 31.786000
0.257519 69.269400
0.257806 22.779200
0.258092 17.504600
0.258379 15.850200
0.258665 4.807440
0.258952 8.897550
0.259238 28.837400
0.259524 10.069700
0.259811 9.116680
0.260097 71.043600
0.260384 20.790300
0.260670 11.899900
0.260957 3.485650
0.261243 14.534600
0.261530 56.996300
0.261816 33.690400
0.262103 31.693900
0.262389 9.085020
0.262675 5.612200
0.262962 25.518600
0.263248 16.245000
0.263535 37.209500
0.263821 49.889200
0.264108 31.053300
0.264394 34.915900
0.264681 9.421470
0.264967 24.793000
0.265254 11.071700
0.265540 29.841400
0.265826 14.932600
0.266113 27.343300
0.266399 27.199200
0.266686 47.645100
0.266972 26.878000
0.267259 9.978200
0.267545 11.437700
0.267832 8.259480
0.268118 7.755560
0.268404 20.274400
0.268691 18.223700
0.268977 9.243390
0.269264 47.993100
0.269550 4.389970
0.269837 8.624050
0.270123 31.020300
0.270410 7.718560
0.270696 6.730060
0.270983 20.392800
0.271269 8.195110
0.271555 16.024100
0.271842 1.857480
0.272128 9.660020
0.272415 46.882700
0.272701 4.530460
0.272988 14.715100
0.273274 1.791690
0.273561 7.546990
0.273847 19.783100
0.274133 22.037000
0.274420 16.270000
0.274706 21.693100
0.274993 5.050880
0.275279 59.209300
0.275566 45.733300
0.275852 5.686210
0.276139 35.127600
0.276425 13.476400
0.276712 50.724700
0.276998 14.423400
0.277284 13.254600
0.277571 3.420830
0.277857 6.188260
0.278144 7.459210
0.278430 21.468500
0.278717 22.293900
0.279003 58.177800
0.279290 9.318070
0.279576 38.857800
0.279863 5.084650
0.280149 56.780900
0.280435 87.690300
0.280722 8.231370
0.281008 28.227800
0.281295 41.451100
0.281581 4.006160
0.281868 15.943100
0.282154 12.334400
0.282441 5.734900
0.282727 18.035400
0.283013 10.867300
0.283300 30.383500
0.283586 13.678400
0.283873 33.252100
0.284159 7.712910
0.284446 37.354400
0.284732 32.804100
0.285019 36.322300
0.285305 60.988500
0.285592 17.223700
0.285878 14.685100
0.286164 9.726230
0.286451 6.027410
0.286737 54.238600
0.287024 16.378300
0.287310 2.209870
0.287597 59.380200
0.287883 83.324800
0.288170 4.290710
0.288456 18.429800
0.288742 29.135900
0.289029 2.616350
0.289315 30.823500
0.289602 39.181200
0.289888 23.759700
0.290175 14.876500
0.290461 34.560500
0.290748 13.608200
0.291034 7.589450
0.291321 14.149200
0.291607 34.461600
0.291893 4.823850
0.292180 9.652170
0.292466 7.587410
0.292753 27.692600
0.293039 25.986800
0.293326 63.313200
0.293612 9.694490
0.293899 10.283400
0.294185 69.184000
0.294471 14.113900
0.294758 29.865700
0.295044 7.449630
0.295331 8.527550
0.295617 41.365400
0.295904 9.839410
0.296190 7.320710
0.296477 4.315570
0.296763 18.606900
0.297050 9.669950
0.297336 28.327400
0.297622 69.313000
0.297909 25.977800
0.298195 11.330900
0.298482 4.985570
0.298768 5.293730
0.299055 29.536600
0.299341 21.213700
0.299628 17.682300
0.299914 9.218570
0.300201 45.525900
0.300487 63.412800
0.300773 41.641500
0.301060 28.907100
0.301346 8.823950
0.301633 30.792800
0.301919 24.092900
0.302206 7.608810
0.302492 12.372900
0.302779 13.180200
0.303065 30.027700
0.303351 28.423500
0.303638 11.311800
0.303924 18.832100
0.304211 10.178500
0.304497 19.593100
0.304784 56.831000
0.305070 63.089000
0.305357 8.855100
0.305643 48.505700
0.305930 11.190100
0.306216 33.291800
0.306502 39.779500
0.306789 1.721330
0.307075 8.423750
0.307648 22.609800
0.307935 4.147060
0.308221 11.201800
0.308508 4.646200
0.308794 7.853040
0.309080 12.185500
0.309367 72.265300
0.309653 38.218000
0.309940 8.122630
0.310226 9.603770
0.310513 16.314500
0.310799 17.459400
0.311086 20.299500
0.311372 2.781740
0.311659 8.312710
0.311945 21.613200
0.312231 19.475800
0.312518 6.662900
0.312804 12.286500
0.313091 14.644000
0.313377 9.097740
0.313664 12.793200
0.313950 15.284500
0.314237 6.789180
0.314523 34.803900
0.314810 49.107700
0.315096 14.534000
0.315382 5.354490
0.315669 47.904600
0.315955 65.221100
0.316242 17.141800
0.316528 6.415850
0.316815 5.337040
0.317101 13.753200
0.317388 7.832500
0.317674 47.590500
0.317960 7.970370
0.318247 17.929500
0.318533 34.713400
0.318820 3.312430
0.319106 77.942500
0.319393 47.985600
0.319679 44.728200
0.319966 34.503500
0.320252 36.022100
0.320539 42.731000
0.320825 25.665900
0.321111 26.670700
0.321398 9.868610
0.321684 30.136800
0.321971 84.540200
0.322257 35.106600
0.322544 11.230000
0.322830 42.124300
0.323117 26.750800
0.323403 28.958800
0.323689 31.800000
0.323976 11.108600
0.324262 81.672600
0.324549 20.327600
0.324835 23.643300
0.325122 22.443500
0.325408 33.155900
0.325695 20.297900
0.325981 18.843000
0.326268 11.168000
0.326554 9.894130
0.326840 23.484300
0.327127 45.406000
0.327413 7.598460
0.327700 16.986500
0.327986 13.990200
0.328273 26.407600
0.328559 7.776130
0.328846 7.222080
0.329132 10.654500
0.329419 23.762500
0.329705 11.141000
0.329991 64.051500
0.330278 75.585400
0.330564 19.337900
0.330851 15.305600
0.331137 6.217040
0.331424 6.595370
0.331710 7.600800
0.331997 26.054400
0.332283 10.942300
0.332569 15.152300
0.332856 21.832600
0.333142 11.120100
0.333429 30.350600
0.333715 11.190400
0.334002 26.234000
0.334288 36.847300
0.334575 43.006300
0.334861 20.696600
0.335148 18.534200
0.335434 88.164800
0.335720 26.327000
0.336007 24.776100
0.336293 8.823090
0.336580 83.935800
0.336866 24.607400
0.337153 79.459300
0.337439 6.314710
0.337726 14.512500
0.338012 17.489800
0.338298 20.908000
0.338585 25.754400
0.338871 26.480200
0.339158 28.786900
0.339444 17.541500
0.339731 6.479530
0.340017 27.923400
0.340304 30.482000
0.340590 10.367900
0.340877 35.853700
0.341163 9.376130
0.341736 14.370700
0.342022 58.405600
0.342309 70.116100
0.342595 18.426900
0.342882 6.120890
0.343168 13.056100
0.343455 6.794940
0.343741 1.898840
0.344027 8.124380
0.344314 33.520200
0.344600 24.393500
0.344887 10.844600
0.345173 16.880300
0.345460 1.806770
0.346033 59.870100
0.346319 63.706800
0.346606 32.105900
0.346892 39.870800
0.347178 9.058190
0.347465 48.654000
0.347751 7.443500
0.348038 32.843500
0.348324 29.650200
0.348611 3.958950
0.348897 32.092800
0.349184 47.406200
0.349470 48.989400
0.349757 23.293500
0.350043 16.714400
0.350329 60.226800
0.350616 10.762300
0.350902 15.392700
0.351189 45.854100
0.351475 4.449970
0.351762 26.529000
0.352048 24.873000
0.352335 46.336300
0.352621 25.664300
0.352907 8.092140
0.353194 10.882500
0.353480 4.223110
0.353767 1.698670
0.354053 5.463930
0.354340 6.872210
0.354626 14.410500
0.354913 39.136700
0.355199 32.651400
0.355486 10.780600
0.355772 61.981800
0.356058 10.317200
0.356345 10.401400
0.356631 73.973200
0.356918 38.781000
0.357204 18.823000
0.357777 67.121200
0.358064 23.738900
0.358350 10.777500
0.358636 44.376100
0.358923 53.595100
0.359209 15.430400
0.359496 6.748240
0.359782 9.355180
0.360069 51.613800
0.360355 3.257360
0.360642 9.442150
0.360928 35.307900
0.361215 13.511100
0.361501 38.393800
0.361787 2.439180
0.362074 68.219100
0.362360 7.881880
0.362933 21.501900
0.363220 24.357800
0.363506 50.269100
0.363793 51.224300
0.364079 8.160240
0.364366 28.700800
0.364652 1.914410
0.364938 7.065140
0.365225 30.687500
0.365511 13.378500
0.366084 1.772950
0.366371 28.175200
0.366657 22.746900
0.366944 7.547720
0.367230 31.782600
0.367516 42.475300
0.367803 39.194100
0.368089 7.658910
0.368376 6.488840
0.368662 44.116300
0.368949 25.342700
0.369235 6.696260
0.369522 47.087000
0.369808 7.802870
0.370095 50.312600
0.370381 5.120440
0.370954 23.973500
0.371240 51.666600
0.371527 30.383300
0.371813 9.253610
0.372100 48.493800
0.372386 15.911700
0.372673 43.809500
0.372959 13.786600
0.373245 7.108660
0.373532 4.255550
0.373818 33.313200
0.374105 2.507830
0.374391 30.202300
0.374678 4.095460
0.374964 18.503300
0.375251 35.148300
0.375537 52.255900
0.375824 4.124890
0.376110 17.592700
0.376396 16.305600
0.376683 36.873400
0.376969 32.119700
0.377256 31.304100
0.377542 18.554900
0.377829 25.790300
0.378115 4.852280
0.378402 65.268300
0.378688 43.085400
0.378975 26.370000
0.379261 6.732640
0.379547 5.139040
0.379834 54.027600
0.380120 8.173080
0.380407 35.977900
0.380693 28.468000
0.380980 15.546300
0.381553 7.409500
0.381839 26.223100
0.382125 21.669400
0.382412 44.298200
0.382698 7.785320
0.382985 46.413600
0.383271 22.442200
0.383558 54.619900
0.383844 64.369900
0.384131 12.333400
0.384417 58.484900
0.384704 5.383280
0.384990 31.658800
0.385276 1.737590
0.385563 9.173870
0.385849 7.638030
0.386136 12.670600
0.386422 13.847100
0.386709 11.395800
0.386995 17.459100
0.387282 9.177770
0.387568 3.791280
0.387854 7.687770
0.388141 61.876100
0.388427 29.421600
0.388714 14.321800
0.389000 33.701000
0.389287 11.340700
0.389573 10.225600
0.389860 19.212600
0.390146 61.054500
0.390433 9.762170
0.390719 33.933500
0.391005 17.123300
0.391292 20.081700
0.391578 62.830500
0.391865 46.807600
0.392151 42.846400
0.392438 71.910900
0.392724 6.567060
0.393011 55.142000
0.393297 15.710200
0.393584 5.030990
0.393870 12.513600
0.394156 86.608000
0.394443 11.277900
0.394729 24.242000
0.395016 52.828700
0.395302 20.961900
0.395589 4.638270
0.395875 7.438890
0.396162 22.213800
0.396448 42.796200
0.396734 15.111400
0.397021 5.899660
0.397307 24.483400
0.397594 41.764200
0.397880 43.271600
0.398167 9.935500
0.398453 20.621200
0.398740 33.109500
0.399026 57.111300
0.399313 4.957900
0.399599 6.831230
0.399885 18.011500
0.400172 51.101600
0.400458 23.873100
0.400745 24.891600
0.401031 5.270900
0.401318 16.733800
0.401604 11.488600
0.401891 6.093210
0.402177 14.520500
0.402463 22.429500
0.402750 40.787400
0.403036 48.931800
0.403323 16.346300
0.403609 27.536900
0.403896 13.175100
0.404182 72.131000
0.404469 24.093900
0.404755 5.451180
0.405042 9.551530
0.405328 7.920530
0.405614 17.758100
0.405901 21.180300
0.406187 25.140200
0.406474 84.582900
0.406760 2.436040
0.407047 21.038000
0.407333 4.178810
0.407620 76.923100
0.407906 10.762800
0.408192 33.411600
0.408479 25.186000
0.408765 41.286100
0.409052 9.381320
0.409338 28.141800
0.409625 77.130500
0.409911 32.686000
0.410198 18.381500
0.410484 27.322400
0.410771 25.872100
0.411057 23.045300
0.411343 29.143800
0.411630 8.184820
0.411916 38.587500
0.412203 20.025500
0.412489 11.213100
0.412776 16.373900
0.413062 27.114700
0.413349 18.107100
0.413635 34.925600
0.413922 14.008200
0.414208 11.398300
0.414494 9.489940
0.414781 47.004500
0.415067 12.120100
0.415354 27.435400
0.415640 7.197790
0.415927 22.322500
0.416213 66.144600
0.416500 21.214400
0.416786 9.780200
0.417072 6.725830
0.417359 24.807100
0.417645 50.941900
0.417932 9.663090
0.418218 15.310600
0.418505 10.174600
0.418791 33.680600
0.419078 16.847600
0.419364 26.276800
0.419651 7.555830
0.419937 17.796700
0.420223 11.349800
0.420510 14.406500
0.420796 20.622000
0.421083 9.890630
0.421369 13.874200
0.421656 41.999700
0.421942 28.297900
0.422229 35.303700
0.422515 17.242800
0.422801 8.376270
0.423088 42.918100
0.423374 37.186500
0.423661 31.684700
0.423947 35.590200
0.424234 6.540780
0.424520 4.367290
0.424807 67.970700
0.425093 30.285000
0.425380 56.924200
0.425666 3.711490
0.425952 16.508500
0.426239 14.861200
0.426525 5.721080
0.426812 64.527500
0.427098 8.842810
0.427385 47.327800
0.427671 49.828800
0.427958 11.981600
0.428244 10.124700
0.428531 1.362420
0.428817 7.610410
0.429103 8.901310
0.429390 8.694590
0.429676 56.480700
0.429963 7.677920
0.430249 6.590720
0.430536 7.555040
0.430822 24.064900
0.431109 29.920100
0.431395 77.522300
0.431681 49.742300
0.431968 44.828200
0.432254 36.881100
0.432541 79.577700
0.432827 19.096600
0.433114 10.645400
0.433400 35.227100
0.433687 10.988200
0.433973 6.472320
0.434260 64.898600
0.434546 16.824100
0.434832 21.869400
0.435119 7.558220
0.435405 18.102300
0.435692 28.914900
0.435978 14.783200
0.436265 32.120500
0.436551 42.394900
0.436838 27.553200
0.437124 20.239900
0.437410 11.738400
0.437697 7.895430
0.437983 5.510420
0.438270 9.469790
0.438556 7.049720
0.438843 27.749300
0.439129 63.737100
0.439416 24.604000
0.439702 59.247000
0.439989 68.982800
0.440275 5.825420
0.440561 20.344800
0.440848 33.681300
0.441134 53.388100
0.441421 10.790700
0.441707 8.117920
0.441994 37.624700
0.442280 7.734360
0.442567 4.761430
0.442853 3.274110
0.443140 18.246100
0.443426 6.450200
0.443712 6.278370
0.443999 12.064000
0.444285 34.186200
0.444572 67.183300
0.444858 4.686340
0.445145 6.978720
0.445431 23.721200
0.445718 15.115000
0.446004 7.141650
0.446290 54.104100
0.446577 15.524000
0.446863 24.454100
0.447150 21.544000
0.447436 28.223600
0.447723 47.819800
0.448009 41.964300
0.448296 7.490630
0.448582 6.697020
0.448869 30.515800
0.449155 35.616100
0.449441 7.366470
0.449728 23.479800
0.450014 17.477100
0.450301 17.834100
0.450587 9.972920
0.450874 29.985200
0.451160 15.787100
0.451447 6.856670
0.451733 76.820900
0.452019 21.348200
0.452306 19.030100
0.452592 8.767200
0.452879 8.543830
0.453165 18.344000
0.453452 28.836000
0.453738 16.479500
0.454025 30.228500
0.454311 8.968980
0.454598 11.760300
0.454884 24.855400
0.455170 18.967400
0.455457 6.668520
0.455743 46.470900
0.456030 54.181800
0.456316 7.762470
0.456603 4.449820
0.456889 34.817500
0.457176 12.686900
0.457462 25.597300
0.457748 15.907600
0.458035 3.026180
0.458321 5.211820
0.458608 3.816250
0.458894 19.336400
0.459181 8.920980
0.459467 11.511000
0.459754 72.405900
0.460040 44.475200
0.460327 14.618100
0.460613 4.089620
0.460899 24.107300
0.461186 15.028400
0.461472 25.692800
0.461759 32.586900
0.462045 7.426640
0.462332 11.101600
0.462618 3.784150
0.462905 69.769000
0.463191 4.355370
0.463478 56.723400
0.463764 12.057300
0.464050 4.406440
0.464337 25.301000
0.464623 12.227200
0.464910 16.847400
0.465196 11.968500
0.465483 19.676100
0.465769 30.504900
0.466056 28.526100
0.466342 12.373800
0.466628 31.967600
0.467201 25.184700
0.467488 48.368200
0.467774 5.549680
0.468061 21.660500
0.468347 11.494000
0.468634 6.360720
0.468920 9.963220
0.469207 46.482500
0.469493 8.955200
0.469779 17.372300
0.470066 10.994500
0.470352 7.147320
0.470639 22.452200
0.470925 32.735800
0.471212 10.067900
0.471498 12.989900
0.471785 3.359900
0.472071 17.308800
0.472357 31.927400
0.472644 9.804260
0.472930 3.630410
0.473217 4.014580
0.473503 66.169100
0.473790 26.032000
0.474076 83.495900
0.474363 19.139000
0.474649 3.948390
0.474936 62.313700
0.475222 23.963000
0.475508 52.822700
0.475795 11.401600
0.476081 44.458700
0.476368 2.785550
0.476654 22.228100
0.476941 22.260400
0.477227 18.978700
0.477514 4.039820
0.477800 62.885300
0.478087 6.059930
0.478373 50.457000
0.478659 12.973600
0.478946 13.955500
0.479232 33.233800
0.479519 14.471400
0.479805 41.329800
0.480092 17.426000
0.480378 58.688400
0.480665 5.740110
0.480951 41.151700
0.481237 5.629480
0.481524 32.420300
0.481810 20.991700
0.482097 50.780000
0.482383 28.080300
0.482670 38.802500
0.482956 29.438000
0.483243 21.821000
0.483529 30.492100
0.483816 23.594000
0.484102 29.621300
0.484388 22.430100
0.484675 30.288200
0.484961 4.554400
0.485248 47.925500
0.485534 8.776500
0.485821 47.004700
0.486107 19.494800
0.486394 30.246700
0.486680 14.485800
0.486966 6.257010
0.487253 24.043000
0.487539 51.186500
0.487826 64.796800
0.488112 10.776300
0.488399 15.510400
0.488685 74.160400
0.488972 24.232800
0.489258 7.558520
0.489545 9.985070
0.489831 7.726130
0.490117 19.077900
0.490404 6.102630
0.490690 3.375210
0.490977 38.333300
0.491263 47.894600
0.491550 4.849300
0.491836 2.380800
0.492123 16.454100
0.492409 68.852500
0.492696 15.385800
0.492982 21.786200
0.493268 11.047900
0.493555 6.944320
0.493841 27.906400
0.494128 2.687330
0.494414 31.383700
0.494701 33.139000
0.494987 39.928300
0.495274 37.168800
0.495560 22.314100
0.495846 22.566800
0.496133 63.272800
0.496419 7.098300
0.496706 42.893600
0.496992 6.207150
0.497279 5.711420
0.497565 12.303900
0.497852 15.109400
0.498138 54.281500
0.498425 8.541330
0.498711 31.540000
0.498997 15.339700
0.499284 5.178710
0.499570 2.236120
0.499857 4.397170
0.500430 13.934400
0.500716 11.858900
0.501003 27.833900
0.501289 22.827900
0.501575 8.495790
0.501862 19.809200
0.502148 4.235750
0.502435 9.825060
0.502721 45.256200
0.503008 69.344900
0.503294 43.015000
0.503581 27.354400
0.503867 15.649200
0.504154 20.597800
0.504440 13.604300
0.504726 31.913000
0.505013 17.490500
0.505299 30.629400
0.505586 49.239500
0.505872 4.303580
0.506159 4.488540
0.506445 66.962500
0.506732 20.897900
0.507018 47.297000
0.507304 16.497000
0.507591 7.858720
0.507877 2.047940
0.508164 36.257400
0.508450 17.342300
0.508737 4.075290
0.509023 20.120700
0.509310 22.490500
0.509596 62.680800
0.509883 50.830200
0.510169 17.174900
0.510455 8.395270
0.510742 28.529600
0.511028 6.714070
0.511315 6.729310
0.511601 29.932300
0.511888 18.998200
0.512174 19.332100
0.512461 19.488900
0.512747 15.524300
0.513034 45.582200
0.513320 7.451510
0.513606 5.564620
0.513893 21.651300
0.514179 24.388700
0.514466 22.505600
0.514752 26.799000
0.515039 14.934600
0.515325 26.436700
0.515612 3.981860
0.515898 20.841100
0.516184 42.453500
0.516471 23.131800
0.516757 30.946300
0.517044 28.415700
0.517330 23.682600
0.517617 6.429040
0.517903 35.227500
0.518190 72.195000
0.518476 2.114540
0.518763 35.164500
0.519049 26.759000
0.519335 7.891590
0.519622 9.343650
0.519908 56.263700
0.520195 19.457800
0.520481 35.256700
0.520768 6.114220
0.521054 12.072900
0.521627 6.949800
0.521913 9.167920
0.522200 15.082100
0.522486 34.497000
0.522773 37.721700
0.523059 20.372100
0.523346 94.922800
0.523632 6.890020
0.523919 7.535640
0.524205 20.758300
0.524492 14.230300
0.524778 25.880900
0.525064 61.347300
0.525351 7.927400
0.525637 4.870050
0.525924 19.100200
0.526210 21.455000
0.526497 37.625400
0.526783 10.220500
0.527070 42.718200
0.527356 3.266040
0.527643 60.437800
0.527929 12.872100
0.528215 44.382100
0.528502 24.892700
0.528788 46.590200
0.529075 69.433300
0.529361 22.147500
0.529648 6.695550
0.529934 26.025600
0.530221 2.930510
0.530507 9.215180
0.530793 9.436490
0.531080 19.050600
0.531366 25.615600
0.531653 57.850800
0.531939 11.490600
0.532226 1.774000
0.532512 41.689600
0.532799 13.835000
0.533085 5.060910
0.533372 84.864500
0.533658 6.027220
0.533944 25.519100
0.534231 22.780400
0.534517 20.015600
0.534804 13.856100
0.535090 9.023930
0.535377 20.908400
0.535663 8.256390
0.535950 9.072200
0.536236 11.161900
0.536522 17.338600
0.536809 19.250800
0.537095 9.175750
0.537382 28.427500
0.537668 8.635960
0.537955 25.357400
0.538241 16.900300
0.538528 26.166500
0.538814 31.619500
0.539101 23.439400
0.539387 21.772200
0.539673 31.834600
0.539960 12.501700
0.540246 69.009300
0.540533 50.589400
0.540819 73.680000
0.541106 39.928800
0.541392 86.948700
0.541679 10.128800
0.541965 12.182800
0.542252 25.301500
0.542538 27.597500
0.542824 9.931310
0.543111 16.149100
0.543397 11.369100
0.543684 11.861600
0.543970 43.502500
0.544257 84.532400
0.544543 19.708200
0.544830 47.063500
0.545116 20.106900
0.545402 65.621500
0.545689 9.496860
0.545975 35.465200
0.546262 17.147600
0.546548 32.986300
0.546835 34.972000
0.547121 4.835370
0.547408 13.098200
0.547694 49.496600
0.547981 30.223800
0.548267 39.093900
0.548553 20.045900
0.548840 5.671440
0.549126 23.971400
0.549413 8.213630
0.549699 3.757050
0.549986 19.413400
0.550272 6.131730
0.550559 21.719600
0.550845 40.828700
0.551131 7.322810
0.551418 11.804000
0.551704 7.025570
0.551991 37.633700
0.552277 14.368600
0.552564 28.644000
0.552850 20.792700
0.553137 25.056700
0.553423 4.461920
0.553710 9.200780
0.553996 8.243630
0.554282 7.302000
0.554569 38.188100
0.554855 33.524200
0.555142 24.411800
0.555428 9.375520
0.555715 30.881200
0.556001 10.182200
0.556288 6.696050
0.556574 30.602200
0.556860 11.071300
0.557147 23.059000
0.557433 15.767600
0.557720 12.270800
0.558006 47.599400
0.558293 29.714600
0.558579 62.691000
0.558866 17.017800
0.559152 4.345290
0.559439 56.895300
0.559725 16.707400
0.560011 37.068700
0.560298 51.083000
0.560584 22.577900
0.560871 54.127400
0.561157 27.110600
0.561444 50.617900
0.561730 3.695050
0.562017 13.692600
0.562303 11.180300
0.562590 44.947600
0.562876 5.295870
0.563162 52.667700
0.563449 35.561200
0.563735 5.401440
0.564022 8.933780
0.564308 70.855700
0.564595 28.221700
0.564881 11.236600
0.565168 52.291900
0.565454 17.863200
0.565740 15.968600
0.566027 9.382010
0.566313 30.500800
0.566600 18.915100
0.566886 11.363700
0.567173 13.593300
0.567459 16.445700
0.567746 36.385900
0.568032 40.325200
0.568319 3.734530
0.568605 3.448300
0.568891 47.873800
0.569178 35.335300
0.569464 9.444430
0.569751 48.467100
0.570037 15.980400
0.570324 28.724400
0.570610 16.945300
0.570897 14.002700
0.571183 53.092600
0.571469 5.963580
0.571756 10.343100
0.572042 11.901500
0.572329 4.157160
0.572615 24.474800
0.572902 15.384100
0.573188 69.829200
0.573475 21.149100
0.573761 21.647600
0.574048 55.210500
0.574334 6.209930
0.574620 32.661900
0.574907 8.109500
0.575193 18.760200
0.575480 6.075060
0.575766 68.220500
0.576053 31.645400
0.576339 65.988800
0.576626 46.867500
0.576912 38.355700
0.577199 22.979100
0.577485 21.639400
0.577771 28.460700
0.578058 38.060400
0.578344 7.783300
0.578631 44.449000
0.578917 6.033510
0.579204 34.898700
0.579490 8.765900
0.579777 28.032200
0.580063 32.715000
0.580349 27.472900
0.580636 18.289400
0.580922 43.641600
0.581209 40.302400
0.581495 33.177500
0.581782 68.490700
0.582068 18.320500
0.582355 52.112600
0.582641 24.768900
0.582928 17.634500
0.583214 60.144100
0.583500 7.396720
0.583787 26.101500
0.584073 6.518360
0.584360 18.883000
0.584646 38.624600
0.584933 2.124860
0.585219 14.529000
0.585506 5.622780
0.585792 14.620100
0.586078 27.088000
0.586365 22.725200
0.586651 37.029100
0.586938 12.978000
0.587224 39.215900
0.587511 29.292600
0.587797 23.046700
0.588084 31.317700
0.588370 4.702150
0.588657 11.213400
0.588943 48.757800
0.589229 43.206400
0.589516 18.563500
0.589802 31.282300
0.590089 6.569290
0.590375 10.231200
0.590662 26.223900
0.590948 10.089200
0.591235 11.073100
0.591521 4.449000
0.591808 61.348800
0.592094 7.125100
0.592380 23.239600
0.592667 80.156200
0.592953 3.851150
0.593240 8.005520
0.593526 17.830900
0.593813 51.425700
0.594099 17.031500
0.594386 11.533800
0.594672 27.244600
0.594958 9.952090
0.595245 58.869800
0.595531 4.727140
0.595818 43.539500
0.596104 32.080400
0.596391 17.126800
0.596677 4.547110
0.596964 8.408720
0.597250 13.020300
0.597537 6.927700
0.597823 6.485450
0.598109 20.895800
0.598396 26.719800
0.598682 44.798600
0.598969 7.378020
0.599255 28.121400
0.599542 36.218100
0.599828 73.331000
0.600115 33.943800
0.600401 21.825600
0.600687 53.762400
0.600974 6.437600
0.601260 16.309400
0.601547 9.449200
0.601833 12.141000
0.602120 46.878200
0.602406 42.875500
0.602693 11.778400
0.602979 42.406300
0.603266 37.513700
0.603552 7.487680
0.603838 48.664900
0.604125 5.072560
0.604411 23.444500
0.604698 5.463250
0.604984 16.228300
0.605271 1.807480
0.605557 7.280940
0.605844 16.803500
0.606130 88.273400
0.606416 3.054890
0.606703 10.829100
0.606989 1.674970
0.607276 10.132300
0.607562 33.949600
0.607849 7.362870
0.608135 21.759700
0.608422 2.249640
0.608708 5.418310
0.608995 18.418500
0.609281 7.591760
0.609567 12.180900
0.609854 14.652600
0.610140 12.191900
0.610427 26.481900
0.610713 26.126800
0.611000 5.961040
0.611286 8.361320
0.611573 36.962800
0.611859 1.786340
0.612146 12.267700
0.612432 28.403200
0.612718 4.617830
0.613005 12.812000
0.613291 37.731500
0.613578 6.880260
0.613864 8.919150
0.614151 6.354660
0.614437 37.879300
0.614724 27.195100
0.615010 15.947700
0.615296 10.358700
0.615583 22.203300
0.616156 24.023700
0.616442 30.429600
0.616729 43.917900
0.617015 36.364200
0.617302 12.788700
0.617588 57.940900
0.617875 70.242300
0.618161 43.427700
0.618447 40.007500
0.618734 8.972410
0.619020 15.364800
0.619307 16.493800
0.619593 20.786400
0.619880 49.053100
0.620166 13.510200
0.620453 22.940400
0.620739 25.492400
0.621025 38.911800
0.621312 23.932500
0.621598 16.523400
0.621885 30.768400
0.622171 39.557600
0.622458 22.064500
0.622744 7.329490
0.623031 7.573640
0.623317 60.063900
0.623604 8.289090
0.623890 6.778810
0.624176 32.922000
0.624463 29.873400
0.624749 22.186800
0.625036 7.985940
0.625322 59.309800
0.625609 83.844200
0.625895 11.916300
0.626182 36.586100
0.626468 9.259970
0.626755 46.084200
0.627041 48.311700
0.627327 15.326600
0.627614 51.472900
0.627900 30.484800
0.628187 6.634770
0.628473 15.169900
0.628760 48.842600
0.629046 12.402300
0.629333 52.561400
0.629619 47.540900
0.629905 9.803060
0.630192 59.641200
0.630478 18.916500
0.630765 31.254900
0.631051 45.662000
0.631338 5.871000
0.631624 93.910200
0.631911 25.847500
0.632197 31.139700
0.632484 16.667200
0.632770 35.505700
0.633056 9.322410
0.633343 11.770600
0.633629 70.357400
0.633916 6.071050
0.634202 22.055200
0.634489 25.940700
0.634775 12.351100
0.635062 2.767300
0.635348 60.777600
0.635634 23.676100
0.635921 27.027500
0.636207 32.141800
0.636494 12.017600
0.636780 30.360600
0.637067 48.250800
0.637353 84.120900
0.637640 70.660600
0.637926 27.262600
0.638213 17.418400
0.638499 10.275900
0.638785 9.718100
0.639072 56.349500
0.639358 22.323800
0.639645 11.841300
0.639931 8.654040
0.640218 39.230600
0.640504 17.056700
0.640791 52.137600
0.641077 9.133670
0.641364 8.473800
0.641650 41.447600
0.641936 20.025800
0.642223 4.770290
0.642509 23.319900
0.642796 13.338900
0.643082 21.945600
0.643369 11.114800
0.643655 44.417600
0.643942 45.177500
0.644228 6.528400
0.644514 35.768200
0.644801 18.349000
0.645087 6.817820
0.645374 6.190230
0.645660 58.248200
0.645947 66.248800
0.646233 6.219120
0.646520 29.826000
0.646806 38.047600
0.647093 46.833300
0.647379 8.688150
0.647665 40.600800
0.647952 22.447100
0.648238 36.701500
0.648525 6.618590
0.648811 7.111930
0.649098 19.340300
0.649384 26.914600
0.649671 31.989500
0.649957 9.899190
0.650243 45.497600
0.650530 14.714400
0.650816 48.204800
0.651103 20.676900
0.651389 8.105420
0.651676 21.534500
0.651962 31.497000
0.652249 28.859400
0.652535 7.068210
0.652822 9.153330
0.653108 55.187000
0.653394 12.455700
0.653681 6.731820
0.653967 1.216940
0.654254 45.788100
0.654540 9.205020
0.654827 19.360100
0.655113 9.021450
0.655400 17.474000
0.655686 44.124700
0.655973 81.263300
0.656259 40.562000
0.656545 46.171000
0.656832 19.465500
0.657118 22.081400
0.657405 15.387700
0.657691 12.821400
0.657978 27.188300
0.658264 19.464100
0.658551 51.366700
0.658837 64.716600
0.659123 29.834100
0.659410 12.569200
0.659696 46.139300
0.659983 41.760400
0.660269 35.265300
0.660556 44.610900
0.660842 36.860000
0.661129 49.611400
0.661415 5.449680
0.661702 62.661400
0.661988 6.495160
0.662274 28.584900
0.662561 63.973900
0.662847 6.699570
0.663134 37.914000
0.663420 38.952800
0.663707 43.070600
0.663993 6.006490
0.664280 3.453360
0.664566 35.915300
0.664852 30.743400
0.665139 72.543700
0.665425 7.243510
0.665712 21.945800
0.665998 47.856600
0.666285 10.755100
0.666571 79.500400
0.666858 9.531330
0.667144 69.279300
0.667431 5.156990
0.667717 14.650900
0.668003 17.239700
0.668290 19.716100
0.668576 9.489530
0.668863 57.666800
0.669149 12.549200
0.669436 48.622700
0.669722 47.873300
0.670009 21.830600
0.670295 53.680600
0.670581 41.317700
0.670868 10.010300
0.671154 32.736100
0.671441 8.151190
0.671727 5.534550
0.672014 47.899600
0.672300 35.924300
0.672587 41.034400
0.672873 25.331700
0.673160 86.529200
0.673446 20.653200
0.673732 69.045000
0.674019 52.092200
0.674305 36.563400
0.674592 47.105400
0.674878 9.031150
0.675165 3.751440
0.675451 5.437090
0.675738 48.561100
0.676024 47.436800
0.676311 19.336200
0.676597 26.420900
0.676883 23.575000
0.677170 19.936800
0.677456 7.036350
0.677743 19.544400
0.678029 18.734000
0.678316 55.863800
0.678602 31.574200
0.678889 56.107800
0.679175 30.152000
0.679461 12.764700
0.679748 31.666600
0.680034 40.881000
0.680321 17.710300
0.680607 7.906060
0.680894 10.107900
0.681180 35.578700
0.681467 40.368000
0.681753 14.268400
0.682040 11.889400
0.682326 1.754890
0.682612 47.643200
0.682899 6.906250
0.683185 19.207300
0.683472 22.747700
0.683758 20.244000
0.684045 17.791100
0.684331 15.430800
0.684618 15.807900
0.684904 14.043100
0.685190 75.580700
0.685477 11.382500
0.685763 41.329500
0.686050 8.198020
0.686336 46.158700
0.686623 6.396360
0.686909 12.636500
0.687196 14.847900
0.687482 16.781600
0.687769 11.905100
0.688055 35.603300
0.688341 4.480980
0.688628 8.060830
0.688914 34.282400
0.689201 29.793700
0.689487 14.843900
0.689774 7.746820
0.690060 33.039200
0.690347 9.327230
0.690633 21.849500
0.690920 34.475900
0.691206 46.670400
0.691492 13.601100
0.691779 16.935100
0.692065 46.286300
0.692352 11.764900
0.692638 16.650600
0.692925 8.942190
0.693211 17.318300
0.693498 17.207600
0.693784 15.535600
0.694070 8.562300
0.694357 16.465900
0.694643 81.937900
0.694930 11.263200
0.695216 64.341700
0.695503 7.718760
0.695789 4.652420
0.696076 9.944010
0.696362 46.241000
0.696649 4.037800
0.696935 11.847100
0.697221 39.856100
0.697508 24.378000
0.697794 8.757240
0.698081 67.766900
0.698367 24.879600
0.698654 40.429200
0.698940 77.833200
0.699227 18.202000
0.699513 50.625300
0.699799 17.801100
0.700086 74.858500
0.700372 18.925200
0.700659 29.829500
0.700945 7.745660
0.701518 10.009300
0.701805 33.742400
0.702091 63.152500
0.702378 9.454140
0.702664 24.988700
0.702950 5.635020
0.703237 17.211900
0.703523 39.285400
0.703810 6.013030
0.704096 27.242000
0.704383 18.892500
0.704669 28.824400
0.704956 66.013300
0.705242 5.337660
0.705529 11.742200
0.705815 8.971390
0.706101 27.881300
0.706388 15.307500
0.706674 32.851800
0.706961 2.801320
0.707247 58.440700
0.707534 8.542210
0.707820 5.210290
0.708107 82.960700
0.708393 62.589900
0.708679 17.484400
0.708966 83.461900
0.709252 17.216900
0.709539 69.165300
0.709825 11.908800
0.710112 45.377400
0.710398 7.295550
0.710685 37.472600
0.710971 13.418900
0.711258 15.173500
0.711544 16.688700
0.711830 14.205400
0.712117 62.208800
0.712403 38.964100
0.712690 24.834700
0.712976 56.982100
0.713263 77.146800
0.713549 59.449500
0.713836 27.139000
0.714122 16.721700
0.714408 10.383500
0.714695 56.996100
0.714981 3.760910
0.715268 58.506200
0.715554 33.776600
0.715841 14.645300
0.716127 47.510500
0.716414 14.639900
0.716700 5.666970
0.716987 24.238800
0.717273 29.768900
0.717559 40.931900
0.717846 16.982000
0.718132 9.384510
0.718419 60.739100
0.718705 23.341200
0.718992 9.746970
0.719278 28.478500
0.719565 17.713200
0.719851 2.414520
0.720137 5.527220
0.720424 7.486630
0.720710 37.203000
0.720997 9.852770
0.721283 30.130100
0.721570 42.060200
0.721856 34.806600
0.722143 27.152100
0.722429 11.995500
0.722716 85.667400
0.723002 6.561910
0.723288 42.450500
0.723575 16.396500
0.723861 8.636790
0.724148 3.498450
0.724434 4.729480
0.724721 5.464840
0.725007 9.240850
0.725294 8.591860
0.725580 7.708880
0.725867 56.001200
0.726153 18.707200
0.726439 37.744500
0.726726 55.222400
0.727012 22.055400
0.727299 31.927500
0.727585 19.572500
0.727872 41.603400
0.728158 43.005300
0.728445 13.374100
0.728731 13.770300
0.729017 8.163990
0.729304 5.610560
0.729590 57.683900
0.729877 8.384070
0.730163 12.588900
0.730450 21.405300
0.730736 25.673100
0.731023 19.156100
0.731309 39.265800
0.731596 9.671360
0.731882 21.021000
0.732168 23.284700
0.732455 9.331650
0.732741 8.904830
0.733028 37.192200
0.733314 45.642500
0.733601 8.760660
0.733887 21.246100
0.734174 83.516600
0.734460 25.987900
0.734746 5.053340
0.735033 20.234200
0.735319 67.281200
0.735606 36.110700
0.735892 6.854800
0.736179 30.282200
0.736465 3.048000
0.736752 8.477520
0.737038 9.024180
0.737325 22.353400
0.737611 33.521300
0.737897 14.451600
0.738184 14.507200
0.738470 2.688350
0.738757 19.589800
0.739043 51.137500
0.739330 7.204000
0.739616 41.716400
0.739903 9.714910
0.740189 52.733700
0.740476 20.370200
0.740762 36.556600
0.741048 34.026200
0.741335 16.189100
0.741621 9.908050
0.741908 16.874800
0.742194 6.095560
0.742481 24.775900
0.742767 43.447800
0.743054 9.464960
0.743340 14.781700
0.743626 5.016410
0.743913 17.332400
0.744199 16.724400
0.744486 8.032600
0.744772 1.218900
0.745059 8.007320
0.745345 7.053490
0.745632 9.654740
0.745918 22.487200
0.746205 27.893700
0.746491 13.042000
0.746777 27.411000
0.747064 17.629300
0.747350 55.849000
0.747637 37.949800
0.747923 10.085200
0.748210 24.482900
0.748496 8.452180
0.748783 41.941400
0.749069 7.909980
0.749355 7.976750
0.749642 18.148600
0.749928 5.246220
0.750215 23.197000
0.750501 49.237500
0.750788 22.334500
0.751074 24.697400
0.751361 1.804100
0.751647 16.076400
0.751934 8.513850
0.752220 62.084700
0.752506 15.787000
0.752793 32.711100
0.753079 25.401200
0.753366 5.831030
0.753652 12.844900
0.753939 83.921800
0.754225 70.336200
0.754512 9.984350
0.754798 5.179280
0.755085 23.768400
0.755371 27.908100
0.755657 33.059300
0.755944 15.099800
0.756230 30.317400
0.756517 10.615500
0.756803 14.144100
0.757090 7.961440
0.757376 83.866700
0.757663 31.822700
0.757949 34.858500
0.758235 25.750000
0.758522 31.526400
0.758808 16.073400
0.759095 62.850000
0.759381 69.539200
0.759668 11.559000
0.759954 6.658560
0.760241 12.722100
0.760527 24.191300
0.760814 38.015700
0.761100 59.153500
0.761386 13.753600
0.761673 2.639370
0.761959 11.597000
0.762246 15.830900
0.762532 61.606500
0.762819 21.342300
0.763105 49.245700
0.763392 45.266400
0.763678 6.292210
0.763964 32.893900
0.764251 34.684900
0.764537 35.220800
0.764824 19.412900
0.765110 72.521600
0.765397 47.073700
0.765683 10.306600
0.765970 16.704000
0.766256 33.642600
0.766543 9.702330
0.766829 4.836740
0.767115 27.622300
0.767402 5.456490
0.767688 14.868800
0.767975 27.915000
0.768261 12.268200
0.768548 62.456300
0.768834 57.928500
0.769121 17.225700
0.769407 4.470420
0.769693 30.583900
0.769980 7.456840
0.770266 18.381700
0.770553 53.102800
0.770839 21.434300
0.771126 40.761500
0.771412 25.335600
0.771699 8.782350
0.771985 14.027500
0.772272 22.868800
0.772558 35.358900
0.772844 22.999300
0.773131 30.855600
0.773417 41.056900
0.773704 88.840100
0.773990 34.913600
0.774277 12.873700
0.774563 15.455200
0.774850 22.660100
0.775136 2.875430
0.775423 14.193300
0.775709 50.012500
0.775995 31.660400
0.776282 42.558600
0.776568 71.550500
0.776855 12.473700
0.777141 25.330100
0.777428 15.275900
0.777714 42.874400
0.778001 22.807500
0.778287 38.039100
0.778573 48.581700
0.778860 9.509200
0.779146 5.671120
0.779433 82.351500
0.779719 16.641400
0.780006 24.105000
0.780292 60.478800
0.780579 28.950500
0.780865 24.396600
0.781152 18.643500
0.781438 20.985300
0.781724 52.723200
0.782011 37.842900
0.782297 12.634400
0.782584 36.136200
0.782870 6.542410
0.783157 24.354700
0.783443 16.800200
0.783730 22.532700
0.784016 4.029500
0.784302 28.155800
0.784589 14.298600
0.784875 8.993170
0.785162 21.494200
0.785448 57.765500
0.785735 14.037700
0.786021 15.475400
0.786308 6.544830
0.786594 31.446700
0.786881 61.366700
0.787167 10.369400
0.787453 69.355000
0.787740 3.965140
0.788026 16.329500
0.788313 2.558780
0.788599 19.550900
0.788886 51.962800
0.789172 23.146000
0.789459 5.840480
0.789745 6.916680
0.790032 22.899100
0.790318 8.821560
0.790604 34.650500
0.790891 50.138800
0.791177 9.197550
0.791464 6.035040
0.791750 32.077500
0.792037 38.698400
0.792323 72.959300
0.792610 19.403000
0.792896 9.538420
0.793182 22.302000
0.793469 65.844700
0.793755 39.278000
0.794042 13.609900
0.794328 52.368500
0.794615 8.998660
0.794901 62.325100
0.795188 36.718200
0.795474 7.118420
0.795761 27.371900
0.796047 17.750200
0.796333 6.947000
0.796620 3.938530
0.796906 17.533000
0.797193 9.626760
0.797479 27.903300
0.797766 34.746900
0.798052 26.231700
0.798339 15.447400
0.798625 4.263920
0.798911 6.896270
0.799198 39.453200
0.799484 40.299600
0.799771 49.174800
0.800057 17.491100
0.800344 37.278700
0.800630 10.460600
0.800917 11.042500
0.801203 3.822190
0.801490 56.878900
0.801776 11.852400
0.802062 9.569680
0.802349 54.073600
0.802635 10.006700
0.802922 6.433750
0.803208 58.270400
0.803495 15.200200
0.803781 42.286100
0.804068 41.132000
0.804354 19.402400
0.804641 19.547000
0.804927 50.442300
0.805213 10.742000
0.805500 86.220900
0.805786 29.151900
0.806073 89.594600
0.806359 20.999400
0.806646 14.820700
0.806932 8.678970
0.807219 18.542500
0.807505 30.018300
0.807791 28.799800
0.808078 20.829900
0.808364 37.255600
0.808651 9.707100
0.808937 26.814400
0.809224 33.876700
0.809510 8.791480
0.809797 23.703100
0.810083 40.101200
0.810370 43.243200
0.810656 9.804840
0.810942 6.420820
0.811229 62.400700
0.811515 15.691300
0.811802 4.270700
0.812088 22.382400
0.812375 8.892120
0.812661 23.784000
0.812948 23.023100
0.813234 3.962610
0.813520 30.131700
0.813807 31.746700
0.814093 37.380300
0.814380 25.581300
0.814666 14.838900
0.814953 23.224600
0.815239 9.578930
0.815526 7.386670
0.815812 63.281800
0.816099 21.078900
0.816385 20.827900
0.816671 9.508920
0.816958 1.739100
0.817244 28.722900
0.817531 7.251450
0.817817 18.709000
0.818104 51.125600
0.818390 14.034100
0.818677 39.649300
0.818963 40.105000
0.819249 31.680400
0.819536 56.918600
0.819822 20.525200
0.820109 19.810200
0.820395 27.618000
0.820682 38.778200
0.820968 36.477500
0.821255 54.612900
0.821541 15.475800
0.821828 29.242300
0.822114 17.582200
0.822400 43.553700
0.822687 43.776100
0.822973 1.786520
0.823260 63.572400
0.823546 9.923010
0.823833 6.697850
0.824119 9.714070
0.824406 5.552350
0.824692 1.819820
0.824979 11.324100
0.825265 32.185100
0.825551 6.908670
0.825838 9.397930
0.826124 10.596900
0.826411 37.885900
0.826697 56.937400
0.826984 88.682800
0.827270 75.643000
0.827557 26.625100
0.827843 17.124300
0.828129 65.979100
0.828416 37.772300
0.828702 7.509340
0.828989 52.213000
0.829275 5.665200
0.829562 24.484600
0.829848 78.650600
0.830135 30.902900
0.830421 78.650100
0.830708 17.398900
0.830994 36.324500
0.831280 13.380200
0.831567 4.838620
0.831853 7.201650
0.832140 6.946390
0.832426 10.749500
0.832713 21.776800
0.832999 10.710800
0.833286 24.577000
0.833572 32.258100
0.833858 51.875700
0.834145 8.700080
0.834431 23.179400
0.834718 12.715300
0.835004 51.745500
0.835291 35.908600
0.835577 18.269200
0.835864 15.093800
0.836150 35.193200
0.836437 56.068300
0.836723 6.988160
0.837009 8.069330
0.837296 7.664480
0.837582 28.558500
0.837869 9.295750
0.838155 22.452300
0.838442 17.493800
0.838728 12.780700
0.839015 18.996500
0.839301 9.722400
0.839588 23.638300
0.839874 42.183500
0.840160 19.388100
0.840447 4.245040
0.840733 8.133610
0.841020 8.484040
0.841306 19.384700
0.841593 14.296300
0.841879 39.527400
0.842166 6.738540
0.842452 79.297200
0.842738 8.028040
0.843025 17.919300
0.843311 9.101730
0.843598 15.243800
0.843884 72.754000
0.844171 11.235000
0.844457 8.437760
0.844744 17.573200
0.845030 47.243200
0.845317 33.821900
0.845603 19.506200
0.845889 12.616300
0.846176 70.871800
0.846462 41.373500
0.846749 51.529100
0.847035 13.400300
0.847322 7.154710
0.847608 3.881860
0.847895 31.752000
0.848181 18.419700
0.848467 14.983600
0.848754 38.277700
0.849040 34.114500
0.849327 4.968320
0.849613 32.939100
0.849900 18.708100
0.850186 22.592200
0.850473 42.952300
0.850759 10.938800
0.851046 62.261100
0.851332 17.330200
0.851618 41.975600
0.851905 12.292900
0.852191 15.663800
0.852478 65.106700
0.852764 22.912200
0.853051 13.135800
0.853337 49.956400
0.853624 36.553300
0.853910 14.709300
0.854197 24.795600
0.854483 35.149800
0.854769 28.977500
0.855056 14.693500
0.855342 30.133900
0.855629 18.307400
0.855915 13.195800
0.856202 49.998700
0.856488 33.001400
0.856775 42.537100
0.857061 8.349040
0.857347 11.234300
0.857634 8.028850
0.857920 9.068930
0.858207 13.189700
0.858493 19.572800
0.858780 18.985600
0.859066 12.096600
0.859353 60.251300
0.859639 15.632000
0.859926 4.569380
0.860212 1.431980
0.860498 28.535500
0.860785 16.436300
0.861071 46.134600
0.861358 12.005400
0.861644 30.349500
0.861931 18.256100
0.862217 14.145100
0.862504 5.534360
0.862790 40.393700
0.863076 23.619100
0.863363 54.178300
0.863649 36.685200
0.863936 34.162700
0.864222 17.338300
0.864509 5.526380
0.864795 25.619800
0.865082 42.021200
0.865368 69.942800
0.865655 30.073500
0.865941 39.207200
0.866227 66.841000
0.866514 8.437860
0.866800 5.955950
0.867087 19.398500
0.867373 31.569200
0.867660 68.552200
0.867946 8.415820
0.868233 27.797200
0.868519 14.494000
0.868805 11.230300
0.869092 7.824400
0.869378 17.984600
0.869665 39.201700
0.869951 6.625620
0.870238 7.571510
0.870524 30.617500
0.870811 33.442200
0.871097 29.469300
0.871384 17.233900
0.871670 22.433500
0.871956 7.006270
0.872243 15.435800
0.872529 24.447000
0.872816 9.761060
0.873102 30.392400
0.873389 31.263100
0.873675 33.300900
0.873962 19.206600
0.874248 63.310300
0.874535 27.258700
0.874821 11.278600
0.875107 42.052500
0.875394 63.045600
0.875680 10.769100
0.875967 12.707300
0.876253 27.396700
0.876540 5.134310
0.876826 9.816890
0.877113 36.698200
0.877399 36.825400
0.877685 20.502500
0.877972 31.350300
0.878258 50.687400
0.878545 5.637330
0.878831 17.281100
0.879118 16.906900
0.879404 17.716500
0.879691 4.443780
0.879977 22.098600
0.880264 33.658600
0.880550 38.049900
0.880836 35.650000
0.881123 4.880570
0.881409 34.035300
0.881696 2.726580
0.881982 25.488300
0.882269 31.073100
0.882555 19.839400
0.882842 11.156500
0.883128 6.985530
0.883414 12.780900
0.883701 18.623300
0.883987 29.536500
0.884274 21.174300
0.884560 9.363410
0.884847 5.271550
0.885133 19.630100
0.885420 40.831500
0.885706 26.049000
0.885993 7.097570
0.886279 10.355300
0.886565 18.260000
0.886852 17.795500
0.887138 26.247900
0.887425 7.239180
0.887711 30.646400
0.887998 69.644700
0.888284 7.210160
0.888571 10.741600
0.888857 3.711480
0.889144 56.362600
0.889430 15.885400
0.889716 8.929100
0.890003 55.874500
0.890289 80.167700
0.890576 5.849280
0.890862 10.912600
0.891149 19.432000
0.891435 4.689680
0.891722 14.912100
0.892008 7.806930
0.892294 48.086600
0.892581 29.559500
0.892867 19.318500
0.893154 24.924300
0.893440 4.315090
0.893727 29.630900
0.894013 15.391000
0.894300 40.689200
0.894586 18.909700
0.894873 32.901100
0.895159 13.609300
0.895445 51.802700
0.895732 8.347800
0.896018 81.153700
0.896305 50.974600
0.896591 23.645500
0.896878 12.589300
0.897164 31.975600
0.897451 45.204800
0.897737 34.816100
0.898023 17.922000
0.898310 30.345100
0.898596 35.644000
0.898883 46.889100
0.899169 34.511300
0.899456 14.832800
0.899742 9.100880
0.900029 24.164200
0.900315 10.822900
0.900602 4.881670
0.900888 12.390500
0.901174 11.447500
0.901461 12.890400
0.901747 13.138100
0.902034 5.759090
0.902320 11.312100
0.902607 12.437400
0.902893 22.441100
0.903180 21.366100
0.903466 28.348400
0.903753 9.337670
0.904039 80.068000
0.904325 47.235300
0.904612 58.149000
0.904898 26.291300
0.905185 36.746700
0.905471 9.188620
0.905758 19.691300
0.906044 16.890300
0.906331 25.821800
0.906617 46.696500
0.906903 8.124870
0.907190 59.887400
0.907476 12.077600
0.907763 22.822500
0.908049 19.897900
0.908336 17.017300
0.908622 20.868000
0.908909 19.485600
0.909195 25.271200
0.909482 10.256400
0.909768 67.833800
0.910054 18.737600
0.910341 51.336500
0.910627 5.257090
0.910914 21.272300
0.911200 28.821400
0.911487 11.749500
0.911773 56.393500
0.912060 5.825120
0.912346 33.824100
0.912632 12.894400
0.912919 16.696300
0.913205 2.638560
0.913492 46.134200
0.913778 69.480900
0.914065 7.055100
0.914351 59.609300
0.914638 71.029800
0.914924 4.862940
0.915211 4.254420
0.915497 25.806800
0.915783 29.052700
0.916070 17.349000
0.916356 11.474500
0.916643 45.738500
0.916929 51.430300
0.917216 74.879700
0.917502 19.746200
0.917789 18.053900
0.918075 1.755160
0.918362 27.775700
0.918648 22.377000
0.918934 17.930100
0.919221 23.805700
0.919507 13.796000
0.919794 1.861640
0.920080 32.538600
0.920367 46.680800
0.920653 6.901300
0.920940 5.936270
0.921226 28.572600
0.921512 16.839300
0.921799 29.663600
0.922085 51.273000
0.922372 14.748000
0.922658 27.709400
0.922945 2.639820
0.923231 44.733700
0.923518 27.698300
0.923804 51.197200
0.924091 13.086600
0.924377 52.137100
0.924663 56.372100
0.924950 3.813510
0.925236 29.362000
0.925523 17.615700
0.925809 11.274900
0.926096 14.033100
0.926382 30.988900
0.926669 7.974170
0.926955 33.577700
0.927241 5.691340
0.927528 6.202560
0.927814 24.218100
0.928101 39.759200
0.928387 7.640510
0.928674 20.258400
0.928960 5.788540
0.929247 10.495300
0.929533 27.684000
0.929820 64.578800
0.930106 8.270080
0.930392 28.809700
0.930679 27.820700
0.930965 8.060170
0.931252 15.218400
0.931538 23.430100
0.931825 26.018800
0.932111 17.764300
0.932398 45.804400
0.932684 30.558300
0.932970 41.483700
0.933257 10.797500
0.933543 24.849200
0.933830 39.853100
0.934116 56.338200
0.934403 11.832000
0.934689 66.600000
0.934976 37.857800
0.935262 4.091920
0.935549 26.831500
0.935835 7.614160
0.936121 28.567800
0.936408 5.016070
0.936694 77.606100
0.936981 9.288770
0.937267 3.322440
0.937554 9.895320
0.937840 40.590800
0.938127 11.407300
0.938413 14.067600
0.938700 38.399400
0.938986 29.451400
0.939272 13.223200
0.939559 35.995600
0.939845 19.912900
0.940132 12.763000
0.940418 20.235000
0.940705 15.243200
0.940991 17.067400
0.941278 12.353400
0.941564 8.151170
0.941850 25.279800
0.942137 5.663190
0.942423 51.304800
0.942710 9.540930
0.942996 32.038200
0.943283 15.915300
0.943569 12.872600
0.943856 38.705100
0.944142 13.821300
0.944429 95.866700
0.944715 25.524700
0.945001 18.229400
0.945288 27.082400
0.945574 8.321850
0.945861 17.205200
0.946147 29.372800
0.946434 26.722800
0.946720 14.630400
0.947007 30.379800
0.947293 10.385700
0.947579 47.194300
0.947866 84.694300
0.948152 35.380100
0.948439 25.488000
0.948725 74.318400
0.949012 12.509000
0.949298 1.966460
0.949585 58.206300
0.949871 16.405700
0.950158 50.937600
0.950444 45.495700
0.950730 8.714600
0.951017 8.293730
0.951303 30.556700
0.951590 21.909500
0.951876 22.244900
0.952163 80.366100
0.952449 65.660200
0.952736 40.933000
0.953022 41.798600
0.953309 8.461020
0.953595 6.929790
0.953881 23.108200
0.954168 21.029300
0.954454 6.054820
0.954741 18.464000
0.955027 18.736800
0.955314 22.750400
0.955600 31.519800
0.955887 43.677600
0.956173 75.154900
0.956459 24.140100
0.956746 5.147730
0.957032 14.595500
0.957319 37.959300
0.957605 4.428850
0.957892 14.313800
0.958178 44.026200
0.958465 34.885200
0.958751 15.271300
0.959038 36.157300
0.959324 9.891540
0.959610 9.997410
0.959897 31.286800
0.960183 13.303400
0.960470 43.637500
0.960756 47.950300
0.961043 58.733300
0.961329 40.910400
0.961616 31.858800
0.961902 17.629800
0.962188 14.316700
0.962475 52.080300
0.962761 29.396000
0.963048 31.238200
0.963334 28.201100
0.963621 22.956900
0.963907 32.191800
0.964194 20.955000
0.964480 26.096500
0.964767 33.841300
0.965053 72.179600
0.965339 7.654670
0.965626 64.390800
0.965912 9.187960
0.966199 14.464800
0.966485 10.463700
0.966772 65.541900
0.967058 16.374200
0.967345 13.277200
0.967631 1.791180
0.967918 20.306700
0.968204 79.554000
0.968490 11.427800
0.968777 25.223700
0.969063 16.734500
0.969350 15.320900
0.969636 37.566400
0.969923 7.571930
0.970209 4.892430
0.970496 24.186600
0.970782 25.888200
0.971068 89.862700
0.971355 13.616000
0.971641 40.040400
0.971928 40.606100
0.972214 26.557700
0.972501 17.211400
0.972787 64.441600
0.973074 9.607900
0.973360 6.133550
0.973647 7.889140
0.973933 8.246910
0.974219 11.017500
0.974506 22.504500
0.974792 26.697500
0.975079 2.556700
0.975365 17.251300
0.975652 33.231700
0.975938 31.452900
0.976225 30.633600
0.976511 21.380700
0.976797 20.523800
0.977084 24.181900
0.977370 50.419600
0.977657 5.893670
0.977943 16.394100
0.978230 16.695300
0.978516 25.780000
0.978803 24.188600
0.979089 1.687510
0.979376 33.682700
0.979662 37.155000
0.979948 34.577500
0.980235 7.383810
0.980521 21.008300
0.980808 15.613700
0.981094 6.002600
0.981381 6.239050
0.981667 7.726230
0.981954 63.438900
0.982240 7.925790
0.982526 14.772100
0.982813 7.251580
0.983099 9.985310
0.983386 17.582800
0.983672 22.859100
0.983959 18.218900
0.984245 29.211300
0.984532 30.160000
0.984818 18.966300
0.985105 25.447900
0.985391 27.204900
0.985677 7.437190
0.985964 7.990710
0.986250 6.313060
0.986537 9.830650
0.986823 36.716000
0.987110 62.837200
0.987396 60.902400
0.987683 21.009700
0.987969 37.591700
0.988256 7.397160
0.988542 6.069170
0.988828 3.344290
0.989115 20.760100
0.989401 22.013100
0.989688 6.294610
0.989974 10.364600
0.990261 13.204700
0.990547 9.762140
0.990834 58.871800
0.991120 20.259100
0.991406 42.830600
0.991693 5.230890
0.991979 10.768500
0.992266 25.072600
0.992552 20.304100
0.992839 14.719800
0.993125 17.652700
0.993412 37.451900
0.993698 66.051600
0.993985 31.163500
0.994271 4.442070
0.994557 28.701200
0.994844 6.620130
0.995130 6.321390
0.995417 23.546600
0.995703 51.724100
0.995990 6.750400
0.996276 36.409200
0.996563 19.493200
0.996849 44.852300
0.997135 16.946000
0.997422 61.978100
0.997708 14.267700
0.997995 7.910490
0.998281 9.941670
0.998568 5.862950
0.998854 9.903870
0.999141 16.910100
0.999427 23.110800
0.999714 36.890800
1.000000 10.020800
