0.000227 10.472200
0.000454 42.398100
0.000681 6.152010
0.000907 12.144000
0.001134 1.722010
0.001361 22.683800
0.001588 46.638800
0.001815 79.630900
0.002042 4.625050
0.002269 8.005270
0.002495 51.057200
0.002722 8.316090
0.002949 22.193300
0.003176 19.300200
0.003403 29.772100
0.003630 32.244300
0.003857 14.513500
0.004083 28.376700
0.004310 44.976000
0.004537 34.051600
0.004764 24.931100
0.004991 8.623530
0.005218 69.387400
0.005445 8.019170
0.021325 8.389800
0.021552 34.718700
0.021779 4.381810
0.022005 13.211700
0.022232 6.165190
0.022459 47.187700
0.022686 4.786200
0.022913 12.883900
0.023140 38.070000
0.023367 61.089800
0.023593 8.573820
0.023820 17.856200
0.024047 37.825200
0.024274 27.760300
0.038566 9.691900
0.038793 66.789900
0.039020 52.798100
0.039247 2.331080
0.039474 50.138000
0.039701 7.442060
0.048775 59.483000
0.049002 14.771400
0.049229 10.484200
0.049456 47.191000
0.049682 18.935200
0.049909 4.899620
0.050136 15.691200
0.050363 6.470070
0.050590 11.769700
0.050817 39.848500
0.051044 17.074800
0.051270 38.866500
0.051497 8.902820
0.051724 30.835100
0.051951 36.924300
0.052178 8.308330
0.052405 37.207400
0.052632 20.859200
0.052858 45.736100
0.053085 4.808190
0.053312 36.660500
0.053539 54.269100
0.053766 24.129100
0.053993 31.342700
0.054220 9.387440
0.054446 18.993600
0.054673 1.715430
0.054900 42.266800
0.055127 42.179600
0.055354 35.308300
0.055581 26.663900
0.055808 5.690690
0.056034 5.825760
0.056261 26.041700
0.056488 14.206400
0.056715 13.719300
0.056942 92.553000
0.057169 7.762030
0.057396 48.568400
0.057623 7.090450
0.057849 9.425410
0.059211 9.509200
0.059437 6.976870
0.059664 6.767830
0.059891 18.327000
0.060118 19.304700
0.060345 52.999600
0.060572 9.732720
0.060799 8.103900
0.061025 33.578100
0.061252 11.966000
0.061479 2.786120
0.061706 10.613600
0.061933 39.889700
0.062160 4.339560
0.062387 9.456680
0.062613 13.139200
0.062840 12.777000
0.063067 43.021200
0.063294 20.686500
0.063521 48.265800
0.063748 71.367700
0.063975 51.879100
0.064201 70.619100
0.064428 11.479700
0.064655 2.990810
0.068966 58.116000
0.069192 9.549050
0.069419 20.298500
0.069646 66.178500
0.069873 1.797860
0.070100 4.466890
0.070327 22.265000
0.070554 56.319900
0.070780 6.801420
0.071007 72.513100
0.071234 15.701200
0.071461 9.207300
0.071688 11.248700
0.071915 16.973100
0.072142 32.408700
0.072368 6.162590
0.077359 9.958660
0.077586 6.150200
0.077813 8.585010
0.078040 3.859350
0.078267 6.962940
0.078494 25.499300
0.078721 8.768850
0.078947 26.194900
0.079174 22.940900
0.079401 8.935890
0.079628 9.122400
0.079855 9.623820
0.080082 8.481970
0.080309 93.212200
0.080535 6.900670
0.080762 33.851400
0.080989 27.318100
0.081216 4.769450
0.081443 12.998300
0.081670 26.238500
0.081897 66.076200
0.082123 14.058600
0.082350 37.521900
0.082577 1.843790
0.082804 22.183400
0.083031 9.705490
0.083258 28.438800
0.083485 18.137400
0.083711 22.188700
0.083938 18.066500
0.084165 16.826400
0.084392 89.042500
0.084619 21.184400
0.084846 2.152220
0.085073 26.032400
0.085299 14.061300
0.085526 6.902000
0.085753 19.410700
0.085980 40.392200
0.086207 2.969420
0.086434 13.395700
0.086661 18.570100
0.086887 51.782600
0.087114 10.272300
0.087341 4.687660
0.087568 34.919400
0.087795 12.912300
0.088022 21.536600
0.088249 41.470200
0.088475 7.827390
0.088702 34.560400
0.088929 34.524500
0.089156 15.217100
0.089383 33.083300
0.089610 32.684400
0.089837 30.910900
0.090064 10.659800
0.090290 18.011600
0.090517 9.797320
0.090744 17.882700
0.090971 19.812100
0.091198 22.529300
0.091425 43.715600
0.091652 1.651810
0.091878 11.206100
0.092105 12.689700
0.092332 12.507100
0.092559 26.209000
0.092786 11.177100
0.093013 20.744200
0.093240 10.711900
0.093466 21.343600
0.093693 29.498000
0.093920 63.670900
0.094147 10.590200
0.094374 45.172300
0.094601 19.859500
0.094828 27.031300
0.095054 19.873400
0.095281 43.225900
0.095508 9.208750
0.095735 58.754000
0.095962 20.515300
0.096189 8.397220
0.096416 8.061690
0.096642 23.070900
0.096869 8.925000
0.097096 18.808300
0.097323 20.564700
0.097550 29.899500
0.097777 4.783300
0.098004 19.024100
0.098230 6.577490
0.098457 11.513100
0.098684 8.765470
0.098911 34.070800
0.099138 21.631000
0.099365 15.165800
0.099592 5.574860
0.099819 23.590600
0.100045 19.107500
0.100272 7.086300
0.100499 12.582300
0.100726 25.621200
0.100953 61.605300
0.101180 7.398200
0.101407 31.829600
0.101633 10.410000
0.101860 4.536150
0.102087 38.239800
0.102314 54.718300
0.102541 9.394090
0.102768 34.419500
0.102995 11.313100
0.103221 11.136600
0.103448 12.008300
0.103675 61.644100
0.103902 14.813700
0.104129 9.853710
0.104356 5.589420
0.104583 34.618600
0.104809 30.674000
0.105036 10.998000
0.105263 4.982960
0.105490 39.176300
0.105717 28.557100
0.105944 59.007400
0.106171 41.087000
0.106397 3.652550
0.106624 5.331510
0.106851 37.933100
0.107078 62.739800
0.107305 71.687300
0.107532 28.254100
0.107759 9.371920
0.107985 28.541200
0.108212 26.014100
0.108439 16.238700
0.108666 6.175280
0.108893 8.759310
0.109120 9.711800
0.109347 23.932900
0.109574 95.112400
0.109800 14.497200
0.110027 4.461710
0.110254 30.343400
0.110481 16.966500
0.110708 41.526200
0.110935 19.939800
0.111162 33.196400
0.111388 28.819900
0.111615 13.455700
0.111842 9.806830
0.114338 8.324900
0.114564 3.650270
0.114791 9.577390
0.115018 35.283200
0.115245 67.817200
0.115472 67.037300
0.115699 36.876100
0.115926 29.332400
0.116152 30.047000
0.116379 22.113500
0.116606 34.675700
0.116833 58.622000
0.117060 22.029000
0.117287 47.909200
0.117514 87.341200
0.117740 15.036100
0.117967 12.014200
0.118194 17.444600
0.118421 58.904400
0.119782 9.805800
0.120009 6.826820
0.120236 17.320400
0.120463 39.631100
0.120690 11.373100
0.120917 9.427550
0.121143 4.799570
0.121370 23.458000
0.121597 7.412370
0.121824 24.484000
0.122051 19.032200
0.122278 4.585500
0.122505 39.035800
0.122731 20.361100
0.122958 20.960100
0.123185 20.710000
0.123412 9.174540
0.123639 9.250480
0.123866 8.074510
0.124093 37.950700
0.124319 26.443100
0.124546 19.830500
0.124773 14.583800
0.125000 9.438140
0.125227 40.013300
0.125454 18.663600
0.125681 76.757800
0.125907 3.883250
0.126134 11.096300
0.126361 4.994510
0.126588 17.208000
0.126815 14.799400
0.127042 4.652190
0.127269 9.379860
0.127495 26.564200
0.127722 42.937200
0.127949 59.515500
0.128176 83.234600
0.128403 21.685000
0.128630 34.969400
0.128857 14.731900
0.129083 17.564100
0.129310 6.395000
0.129537 17.225500
0.129764 24.463100
0.129991 14.128200
0.130218 6.129580
0.130445 3.251380
0.130672 5.029390
0.130898 36.628300
0.131125 55.254600
0.131352 8.254560
0.131579 11.470800
0.131806 15.931400
0.132033 20.013200
0.132260 42.759600
0.132486 8.933620
0.132713 10.605700
0.132940 8.859110
0.133167 10.371900
0.133394 23.194800
0.133621 3.146610
0.133848 73.869500
0.134074 17.194700
0.134301 9.511430
0.134528 8.608060
0.134755 7.080300
0.134982 55.039100
0.135209 11.117800
0.135436 6.091560
0.135662 6.717010
0.135889 24.269900
0.136116 5.492150
0.136343 56.897500
0.136570 7.879740
0.136797 5.366960
0.137024 43.488900
0.137250 26.863700
0.137477 14.034500
0.137704 12.832900
0.137931 28.462600
0.138158 17.373200
0.138385 49.511400
0.138612 73.101500
0.138838 8.573180
0.139065 12.777400
0.139292 45.745900
0.139519 8.819770
0.139746 59.065000
0.139973 28.821500
0.140200 14.062900
0.140426 4.689170
0.140653 22.784300
0.141788 67.121200
0.142015 16.372700
0.142241 11.278400
0.142468 50.014000
0.142695 59.678300
0.142922 20.278800
0.143149 13.838600
0.143376 46.707200
0.143603 69.641600
0.143829 46.321600
0.144056 10.988300
0.144283 9.848850
0.144510 28.677800
0.144737 17.082400
0.144964 29.431600
0.145191 18.661300
0.145417 40.202300
0.145644 19.957800
0.145871 9.784150
0.146098 28.824900
0.146325 12.954800
0.146552 6.065060
0.146779 8.430190
0.147005 14.989000
0.147232 58.870600
0.147459 29.340500
0.147686 21.480800
0.147913 20.927200
0.148140 49.116900
0.148367 29.867700
0.148593 5.549450
0.148820 8.712830
0.149047 7.533030
0.149274 56.460600
0.149501 15.022400
0.149728 10.301000
0.149955 3.195150
0.150181 6.195840
0.150635 8.152220
0.150862 26.002800
0.151089 37.819600
0.151316 39.775600
0.151543 58.431400
0.151770 19.191300
0.151996 5.300860
0.152223 9.094860
0.152450 3.421180
0.152677 11.288200
0.152904 11.396000
0.153131 62.150000
0.153358 21.111600
0.153584 21.444300
0.153811 2.427250
0.154038 12.635500
0.154265 16.824900
0.154492 13.318000
0.154719 37.455900
0.154946 77.059200
0.155172 7.813690
0.155399 38.306400
0.155626 47.678900
0.155853 39.953900
0.156080 8.010840
0.156307 12.064000
0.156534 32.932000
0.156760 44.424600
0.156987 28.886400
0.157441 6.049850
0.157668 16.985000
0.157895 67.979400
0.158122 10.713000
0.158348 48.609900
0.158575 31.133500
0.158802 19.706100
0.159029 19.206900
0.159256 7.205790
0.159483 24.047900
0.159710 74.678400
0.159936 9.546900
0.160163 52.415400
0.160390 46.131400
0.160617 38.494100
0.160844 11.956200
0.161071 15.202500
0.161298 40.704700
0.161525 29.524500
0.161751 8.243770
0.161978 23.360800
0.162205 42.048200
0.162432 8.498770
0.162886 22.810900
0.163113 4.634350
0.163339 35.624800
0.163566 32.505100
0.163793 21.848800
0.164020 20.609800
0.164247 6.623580
0.164474 51.252600
0.164701 6.878250
0.164927 4.106950
0.165154 26.236300
0.165608 8.776500
0.165835 26.051500
0.166062 13.494700
0.166289 28.293800
0.166515 82.826600
0.166742 6.373860
0.166969 10.563800
0.167196 6.784490
0.167423 45.260900
0.167650 41.318900
0.167877 50.572300
0.168103 15.816200
0.168330 17.243700
0.168557 8.930910
0.168784 4.611370
0.169011 5.547810
0.169238 7.117000
0.169465 20.193100
0.169691 12.658100
0.169918 41.838500
0.170145 11.381200
0.170372 5.795000
0.170599 14.877400
0.170826 56.700600
0.171053 43.159600
0.171279 18.115300
0.171506 59.969300
0.171733 43.024300
0.171960 5.202460
0.172187 39.698000
0.172414 32.153400
0.172641 36.411000
0.172868 24.204400
0.173094 40.387500
0.173321 42.289400
0.173548 29.302100
0.173775 83.753100
0.174002 52.017500
0.174229 21.444900
0.174456 66.635800
0.174682 12.177400
0.174909 26.957200
0.175136 2.136860
0.175363 5.909650
0.175590 9.731480
0.175817 55.353000
0.176951 7.409500
0.177178 8.536860
0.177405 38.786100
0.177632 17.035800
0.177858 12.380300
0.178085 14.693000
0.178312 9.928140
0.178539 42.090100
0.178766 49.058900
0.178993 15.651200
0.179220 19.074800
0.179446 48.326900
0.179673 14.717600
0.179900 75.731000
0.180127 3.851460
0.180354 5.304190
0.180581 9.361540
0.180808 12.314600
0.181034 11.143800
0.181261 4.560420
0.181488 17.220600
0.181715 16.088800
0.181942 6.048150
0.182169 20.504000
0.182396 14.576300
0.182623 5.599030
0.182849 11.092000
0.183076 9.667270
0.183303 21.497400
0.183530 45.549400
0.183757 69.295200
0.183984 21.665800
0.184211 2.936930
0.184437 30.963900
0.184664 22.603600
0.184891 7.702390
0.185118 8.497490
0.185345 55.115400
0.185572 23.314500
0.185799 11.160700
0.186025 7.138180
0.186252 36.451200
0.186479 23.541700
0.186706 22.325300
0.186933 19.548700
0.187160 77.753300
0.187387 14.221000
0.187613 4.642550
0.187840 38.765800
0.188067 7.547090
0.188294 6.637220
0.188521 8.562540
0.188748 13.023800
0.188975 14.266500
0.189201 38.639400
0.189428 9.139770
0.189655 6.005090
0.189882 26.344400
0.190109 31.554500
0.190336 26.644700
0.190563 31.229700
0.190789 11.694500
0.191016 1.682790
0.191243 34.413900
0.191470 6.003940
0.191697 9.448270
0.191924 35.137100
0.192151 7.570900
0.192377 2.296840
0.192604 16.464200
0.192831 72.345500
0.193058 16.343900
0.193285 23.669800
0.193512 6.885650
0.193739 15.357700
0.193966 15.130000
0.194192 37.868200
0.194419 9.597150
0.194646 51.409500
0.194873 23.934600
0.195100 15.595500
0.195327 26.936900
0.195554 3.538930
0.195780 8.021090
0.196007 12.693800
0.196234 3.293120
0.196461 4.275440
0.196688 1.731550
0.196915 55.612800
0.197142 9.703940
0.197368 8.554650
0.197595 11.992800
0.197822 72.833100
0.198049 13.305300
0.198276 6.788270
0.198503 16.869500
0.198730 33.543600
0.198956 74.702700
0.199183 15.287300
0.199410 41.276700
0.199637 15.433200
0.199864 9.114970
0.200091 9.265980
0.200318 18.494500
0.200544 15.773400
0.200771 2.408970
0.200998 35.104400
0.201225 68.030600
0.201452 26.320000
0.201679 16.460500
0.201906 7.965850
0.202132 20.317300
0.202359 5.899420
0.202586 6.169390
0.202813 17.365400
0.203040 26.929100
0.203267 10.074400
0.203494 10.440400
0.203721 26.730800
0.203947 29.051100
0.204174 27.579700
0.204401 23.179500
0.204628 27.732400
0.204855 10.191000
0.205082 13.760600
0.205309 30.338200
0.205535 24.346600
0.205762 4.742420
0.205989 22.935900
0.206216 17.248400
0.206443 7.723500
0.206670 5.147140
0.206897 3.180310
0.207123 21.702000
0.207350 7.362190
0.207577 2.748340
0.207804 50.088600
0.208031 22.090400
0.208258 31.157700
0.208485 9.402050
0.208711 38.936600
0.208938 29.058800
0.209165 39.767700
0.209392 21.016500
0.209619 4.533830
0.209846 15.553100
0.210073 17.975000
0.210299 4.569920
0.210526 12.629500
0.210753 9.275350
0.210980 5.252920
0.211207 7.404520
0.211434 13.786100
0.211661 45.516100
0.211887 39.484400
0.212114 79.374900
0.212341 81.133500
0.212568 6.274470
0.212795 45.314500
0.213022 2.651820
0.213249 9.448090
0.213475 37.081000
0.213702 6.564490
0.213929 33.609500
0.214156 33.629600
0.214383 9.830360
0.214610 14.204000
0.214837 49.394300
0.215064 20.310600
0.215290 7.547900
0.215517 14.415100
0.215744 64.445800
0.215971 12.415500
0.216198 9.237050
0.216425 28.431300
0.216652 28.707800
0.216878 33.678300
0.217105 3.944770
0.217332 16.049600
0.217559 9.608770
0.217786 6.532290
0.218013 14.840400
0.218240 78.150600
0.218466 19.264100
0.218693 23.149200
0.218920 14.735300
0.219147 14.820200
0.219374 23.909900
0.219601 8.248960
0.219828 10.804100
0.220054 16.506200
0.220281 52.928100
0.220508 20.968900
0.220735 6.744850
0.220962 14.059400
0.221189 11.154600
0.221416 26.484800
0.221642 5.688590
0.221869 53.057600
0.222096 37.249100
0.222323 24.407000
0.222550 34.400400
0.222777 35.797200
0.223004 33.661600
0.223230 78.595200
0.223457 35.767200
0.223684 18.950300
0.223911 42.797800
0.224138 50.945400
0.224365 11.832400
0.224592 11.056400
0.224819 55.056800
0.225045 22.825000
0.225272 29.983900
0.225499 25.859500
0.225726 32.479900
0.225953 33.069200
0.226180 20.465100
0.226407 23.203800
0.226633 44.064200
0.226860 22.553600
0.227087 69.452900
0.227314 6.142470
0.227541 39.999700
0.227768 49.712700
0.227995 68.949000
0.228221 28.366000
0.228448 29.849900
0.228675 17.021400
0.228902 8.604530
0.229129 41.788800
0.229356 22.198200
0.229583 20.087700
0.229809 38.214700
0.230036 48.641400
0.230263 6.843460
0.230490 26.463400
0.230717 9.582580
0.230944 7.564440
0.231171 52.548000
0.231397 1.761240
0.231624 9.746350
0.231851 12.673100
0.232078 62.759400
0.232305 12.838600
0.232532 26.962400
0.232759 10.543800
0.232985 27.137300
0.233212 44.412600
0.233439 31.160100
0.233666 15.667700
0.233893 58.082300
0.234120 19.406900
0.234347 22.832300
0.234574 19.398200
0.234800 9.173820
0.235027 6.850590
0.235254 24.020700
0.235481 11.819900
0.235708 23.650200
0.235935 50.316400
0.236162 20.425800
0.236388 28.226700
0.236615 19.383000
0.236842 22.897900
0.237069 25.680000
0.237296 10.203700
0.237523 21.243700
0.237750 3.650510
0.237976 34.158300
0.238203 8.872960
0.238430 24.429300
0.238657 20.569100
0.238884 25.764100
0.239111 10.235300
0.239338 9.617630
0.239564 29.347900
0.239791 13.267200
0.240018 76.841100
0.240245 42.630800
0.240472 5.370120
0.240699 47.033000
0.240926 5.213250
0.241152 40.109000
0.241379 3.109930
0.241606 14.741600
0.241833 26.389000
0.242060 8.486820
0.242287 8.994000
0.242514 16.966700
0.242740 9.106480
0.242967 27.101300
0.243194 7.068190
0.243421 3.775200
0.243648 20.729900
0.243875 5.119070
0.244102 16.828800
0.244328 4.137590
0.244555 26.750600
0.244782 21.149800
0.245009 28.010900
0.245236 3.838430
0.245463 22.172300
0.245690 11.237500
0.245917 7.714830
0.246143 17.572000
0.246370 78.195100
0.246597 25.600200
0.246824 24.001000
0.247051 10.140600
0.247278 6.116070
0.247505 22.805200
0.247731 5.270900
0.247958 48.330200
0.248185 21.785600
0.248412 34.758700
0.248639 28.052600
0.248866 11.338700
0.249093 44.009600
0.249319 23.574700
0.249546 17.589800
0.249773 18.738800
0.250000 52.739000
0.250227 8.955900
0.250454 10.883500
0.250681 57.369300
0.250907 8.919780
0.251134 5.436520
0.251361 24.564500
0.251588 4.253770
0.251815 54.017400
0.252042 18.732800
0.252269 6.731590
0.252495 22.179500
0.252722 5.809880
0.252949 8.668530
0.253176 6.876090
0.253403 2.360890
0.253630 16.469600
0.253857 69.220300
0.254083 52.735200
0.254310 2.578110
0.254537 12.358400
0.256125 11.312900
0.256352 21.488400
0.256579 8.059950
0.256806 17.803100
0.257033 57.225900
0.257260 52.068900
0.257486 28.965000
0.257713 53.318200
0.257940 27.311700
0.258167 12.787900
0.258394 18.208500
0.258621 86.557200
0.258848 8.102750
0.259074 7.678270
0.259301 17.474900
0.259528 67.734200
0.259755 14.503800
0.259982 10.349200
0.260209 5.634090
0.260436 16.146100
0.260662 5.208220
0.260889 8.815810
0.261116 6.146270
0.261343 42.985100
0.261570 7.552400
0.261797 21.994400
0.262024 28.751300
0.262250 16.292300
0.262477 11.001800
0.262704 9.972610
0.262931 4.580210
0.263158 12.495000
0.263385 9.949990
0.263612 7.651020
0.263838 25.044800
0.264065 82.439400
0.264292 13.842600
0.264519 7.285230
0.264746 28.875300
0.264973 13.845600
0.265200 1.691010
0.265426 23.287300
0.265653 8.936250
0.265880 21.726600
0.266107 20.389000
0.266334 93.759900
0.266561 4.421650
0.266788 38.388600
0.267015 10.054200
0.267241 44.850100
0.267468 7.750530
0.267695 4.390710
0.267922 12.021300
0.268149 47.755600
0.268376 6.600560
0.268603 31.718000
0.268829 41.475500
0.269056 14.894000
0.269283 22.281200
0.269510 29.584400
0.269737 46.709000
0.269964 9.390050
0.270191 19.375700
0.270417 12.750000
0.270644 7.073830
0.270871 53.437800
0.271098 2.570190
0.271325 37.261100
0.271552 48.687100
0.271779 30.700500
0.272005 63.301700
0.272232 38.049200
0.272459 53.028300
0.272686 8.819100
0.272913 25.139500
0.273140 4.704690
0.273367 19.590400
0.273593 30.672000
0.273820 11.008300
0.274047 27.788800
0.274274 40.314200
0.274501 19.370700
0.274728 14.884900
0.274955 28.012400
0.275181 11.681500
0.275408 12.937800
0.275635 28.842700
0.275862 56.370000
0.276089 34.661900
0.276316 22.496200
0.276543 58.234300
0.276770 30.870700
0.276996 6.356280
0.277223 16.004200
0.277450 5.781820
0.277677 8.677970
0.277904 46.811200
0.278131 9.096950
0.278358 82.313700
0.278584 11.529000
0.278811 35.290700
0.279038 11.719900
0.279265 5.130690
0.279492 47.688300
0.279719 16.634200
0.279946 8.260250
0.280172 4.631450
0.280399 36.579400
0.280626 22.732000
0.280853 22.433600
0.281080 5.915890
0.281307 44.342500
0.281534 14.956600
0.281760 54.435200
0.281987 3.179130
0.282214 4.769790
0.282441 6.423780
0.282668 11.283500
0.282895 9.388650
0.283122 97.526000
0.283348 6.386550
0.283575 18.178300
0.283802 7.596020
0.284029 49.948600
0.284256 14.777400
0.284483 17.815400
0.284710 33.691800
0.284936 79.966400
0.285163 16.898300
0.285390 20.587800
0.285617 56.994000
0.285844 25.597200
0.286071 23.799900
0.286298 42.643800
0.286525 12.512200
0.286751 52.472000
0.286978 45.955700
0.287205 41.319900
0.287432 25.195600
0.287659 38.407400
0.287886 4.164540
0.288113 40.181200
0.288339 36.968800
0.288566 35.027300
0.288793 32.133500
0.289020 24.806500
0.289247 4.670660
0.289474 20.283500
0.289701 20.558300
0.289927 17.379600
0.290154 7.109840
0.290381 18.550400
0.290608 28.218500
0.290835 8.508870
0.291062 4.574010
0.291289 24.951600
0.291515 6.917710
0.291742 11.857800
0.291969 11.543200
0.292196 38.177800
0.292423 33.658400
0.292650 8.193870
0.292877 71.435800
0.293103 61.465700
0.293330 7.495710
0.293557 8.833740
0.293784 28.626000
0.294011 50.389900
0.294238 17.780800
0.294465 2.394380
0.294691 57.784700
0.294918 13.676400
0.295145 78.346700
0.295372 9.026730
0.295599 4.586130
0.295826 14.030100
0.296053 57.767400
0.296279 43.237200
0.296506 41.226500
0.296733 17.160200
0.296960 51.755700
0.297187 32.066800
0.297414 32.811600
0.297641 6.490230
0.297868 15.674100
0.298094 8.859240
0.298321 15.037900
0.298548 20.577000
0.298775 26.791200
0.299002 8.375870
0.299229 32.571700
0.299456 31.651400
0.299682 5.408880
0.299909 56.150500
0.300136 36.429700
0.300363 24.000500
0.300590 36.211800
0.300817 4.870750
0.301044 16.615400
0.301270 67.350900
0.301497 28.666600
0.301724 29.112900
0.301951 19.646700
0.302178 7.879210
0.302405 20.128900
0.302632 20.441100
0.302858 7.241310
0.303085 17.137800
0.303312 11.419000
0.303539 13.795800
0.303766 40.182000
0.303993 15.391300
0.304220 29.440200
0.304446 68.059000
0.304673 16.858700
0.304900 9.716920
0.305127 38.016100
0.305354 49.261300
0.305581 32.240900
0.305808 10.477500
0.306034 8.373230
0.306261 53.971500
0.306488 38.051900
0.306715 2.696780
0.306942 7.788530
0.307169 35.145000
0.307396 41.290600
0.307623 13.554500
0.307849 4.664650
0.308076 69.686400
0.308303 24.131800
0.308530 17.379100
0.308757 44.397800
0.308984 16.041800
0.309211 8.579760
0.309437 79.306900
0.309664 48.056300
0.309891 22.832100
0.310118 35.757300
0.310345 25.012900
0.310572 11.282800
0.310799 27.352700
0.311025 29.373000
0.311252 82.684300
0.311479 7.798060
0.311706 4.394880
0.311933 22.834000
0.312160 25.337400
0.314201 67.417800
0.314428 28.267400
0.314655 70.123000
0.314882 52.945200
0.315109 49.240600
0.315336 6.346530
0.315563 52.420100
0.315789 46.201200
0.316016 17.022000
0.316243 9.495310
0.316470 4.457540
0.316697 29.365200
0.316924 26.504100
0.317151 14.954000
0.317377 19.016800
0.317604 10.343000
0.317831 17.127800
0.318058 1.999870
0.318285 8.319570
0.318512 12.180000
0.318739 6.943060
0.318966 7.980180
0.319192 27.008000
0.319419 21.075400
0.319646 19.307100
0.319873 79.654800
0.320100 37.827200
0.320327 23.145000
0.320554 7.465660
0.320780 8.081540
0.321007 8.552700
0.321234 7.822460
0.321461 18.034500
0.321688 42.738100
0.321915 37.041200
0.322142 5.472560
0.322368 8.345030
0.322595 86.013000
0.322822 3.100260
0.323049 26.000700
0.323276 50.776100
0.323503 32.244000
0.323730 9.503860
0.323956 3.194160
0.324183 3.757960
0.324410 26.587400
0.324637 16.060800
0.324864 16.102100
0.325091 12.296200
0.325318 55.235900
0.325544 4.723650
0.325771 26.698000
0.325998 47.764500
0.326225 5.836790
0.326452 50.709300
0.326679 81.193300
0.326906 12.780200
0.327132 9.085080
0.327359 38.517100
0.327586 1.419210
0.327813 15.936900
0.328040 10.654000
0.328267 69.200400
0.328494 46.347700
0.328721 6.204190
0.328947 12.307200
0.329174 27.740400
0.329401 85.560800
0.329628 5.488060
0.329855 73.129000
0.330082 24.704000
0.330309 6.552840
0.330535 21.192300
0.330762 41.474300
0.330989 11.091300
0.331216 38.941700
0.331443 9.079940
0.331670 8.577830
0.331897 13.587700
0.332123 18.735300
0.332350 51.753000
0.332577 5.996160
0.332804 35.408000
0.333031 8.540540
0.333258 18.350900
0.333485 13.500800
0.333711 8.958710
0.333938 23.386900
0.334165 5.232690
0.334392 12.047900
0.334619 7.977310
0.334846 9.405450
0.335073 42.264600
0.335299 45.083500
0.335526 6.799570
0.335753 4.273120
0.335980 8.982880
0.336207 24.524600
0.336434 15.350800
0.336661 43.218500
0.336887 13.308300
0.337114 7.499310
0.337341 10.118100
0.337568 7.321400
0.337795 11.564200
0.338022 16.952700
0.338249 27.178100
0.338475 7.044490
0.338702 5.181050
0.338929 4.996620
0.339156 59.217400
0.339383 24.066400
0.339610 30.762600
0.339837 25.052400
0.340064 49.957300
0.340290 66.664600
0.340517 40.695400
0.340744 24.629900
0.340971 13.459900
0.341198 7.377510
0.341425 4.388240
0.341652 7.159290
0.341878 25.575000
0.342105 8.446490
0.342332 65.117200
0.342559 18.798800
0.342786 12.849700
0.343013 3.994660
0.343240 5.179610
0.343466 21.733000
0.343693 10.533100
0.343920 6.000120
0.344147 19.620000
0.344374 90.896500
0.344601 7.034400
0.344828 15.675200
0.345054 8.622190
0.345281 13.778200
0.345508 21.872500
0.345735 72.040700
0.345962 9.192120
0.346189 10.585800
0.346416 12.760700
0.346642 27.881100
0.346869 24.958300
0.347096 8.315390
0.347323 40.409000
0.347550 94.049200
0.347777 31.808300
0.348004 17.930800
0.348230 19.944700
0.348457 33.515400
0.348684 51.192400
0.348911 71.911400
0.349138 23.596000
0.349365 5.137590
0.349592 7.659820
0.349819 17.552600
0.350045 39.181800
0.350272 6.350200
0.350499 34.583700
0.350726 23.719000
0.350953 38.256700
0.351180 26.864100
0.351407 4.877720
0.351633 48.989000
0.351860 33.912400
0.352087 9.051010
0.352314 12.323400
0.352541 3.384810
0.352768 9.943030
0.352995 10.692600
0.353221 15.958400
0.353448 5.076520
0.353675 4.091620
0.353902 71.898300
0.354129 91.368300
0.354356 7.412700
0.354583 18.885800
0.354809 77.717100
0.355036 47.089000
0.355263 22.558000
0.355490 18.461200
0.355717 32.983100
0.355944 35.789200
0.356171 65.148300
0.356397 32.904500
0.356624 21.774600
0.356851 59.536700
0.357078 9.168930
0.357305 22.389800
0.357532 15.001400
0.357759 32.926500
0.357985 7.668940
0.358212 13.404400
0.358439 19.734300
0.358666 60.175800
0.358893 11.391500
0.359120 8.821960
0.359347 63.001100
0.359574 14.876000
0.359800 19.486700
0.360027 10.102300
0.360254 1.669330
0.360481 24.966100
0.360708 19.824000
0.360935 17.599600
0.361162 19.887200
0.361388 5.513460
0.361615 3.283000
0.361842 9.653310
0.362069 11.468400
0.362296 45.480300
0.362523 26.678800
0.362750 18.471700
0.362976 25.130200
0.363203 10.296500
0.363430 23.991300
0.363657 24.383800
0.363884 1.294570
0.364111 4.899160
0.364338 39.938000
0.364564 49.107400
0.364791 21.791700
0.365018 74.802800
0.365245 9.015290
0.365472 75.131500
0.365699 78.983700
0.365926 36.855100
0.366152 9.153600
0.366379 47.823400
0.366606 21.298600
0.366833 31.350500
0.367060 23.392600
0.367287 6.255630
0.367514 8.213800
0.367740 7.789230
0.367967 17.938300
0.368194 10.697900
0.368421 16.059900
0.368648 9.060680
0.368875 20.510700
0.369102 75.461300
0.369328 10.147200
0.369555 5.350880
0.369782 9.352130
0.370009 37.286000
0.370236 8.088300
0.370463 19.202900
0.370690 51.907100
0.370917 17.477100
0.371143 24.666200
0.371370 75.033200
0.371597 8.837510
0.371824 9.072230
0.372051 4.630770
0.372278 9.265060
0.372505 78.440600
0.372731 7.670440
0.372958 28.585800
0.373185 27.620900
0.373412 27.728800
0.373639 7.338860
0.373866 8.186410
0.374093 66.325200
0.374319 37.477200
0.374546 34.716200
0.374773 5.864150
0.375000 31.613200
0.375227 26.497200
0.375454 38.335100
0.375681 38.199900
0.375907 60.343000
0.376134 18.521000
0.376361 21.779300
0.376588 33.061200
0.376815 56.764600
0.377042 3.017080
0.377269 20.679300
0.377495 8.500820
0.377722 9.406460
0.377949 39.045400
0.378176 37.136200
0.378403 12.234000
0.378630 5.574760
0.378857 8.946070
0.379083 18.651100
0.379310 11.681800
0.379537 17.173700
0.379764 21.067000
0.379991 6.925230
0.380218 22.305700
0.380445 19.915300
0.380672 5.656320
0.380898 25.103300
0.381125 78.764600
0.381352 10.754300
0.381579 7.614850
0.381806 87.623800
0.382033 19.019300
0.382260 26.972000
0.382486 15.035800
0.382713 85.355400
0.382940 16.481700
0.383167 20.455800
0.383394 4.238760
0.383621 30.457400
0.383848 23.247100
0.384074 4.891080
0.384301 7.574780
0.384528 21.829200
0.384755 29.022700
0.384982 53.939700
0.385209 9.472520
0.385436 18.383100
0.385662 58.922800
0.385889 4.709590
0.386116 1.768140
0.386343 9.453960
0.386570 46.172700
0.386797 10.032600
0.387024 16.069600
0.387250 19.817900
0.387477 40.759600
0.387704 12.976800
0.387931 31.390100
0.388158 19.268800
0.388385 30.303700
0.388612 16.152000
0.388838 15.090500
0.389065 33.325100
0.389292 37.228300
0.389519 15.987200
0.389746 37.788200
0.389973 41.675100
0.390200 4.335980
0.390426 15.577800
0.390653 24.452700
0.390880 38.470700
0.391107 24.871900
0.391334 50.018900
0.391561 11.035300
0.391788 9.540500
0.392015 2.566980
0.392241 27.320400
0.392468 26.501900
0.392695 26.975800
0.392922 27.010200
0.393149 16.138900
0.393376 34.122100
0.393603 34.982300
0.393829 9.102940
0.394056 5.268650
0.394283 43.954300
0.394510 23.603400
0.394737 41.462800
0.394964 8.772880
0.395191 35.442600
0.395417 48.638000
0.395644 27.655800
0.395871 9.347650
0.396098 10.379400
0.396325 26.021500
0.396552 57.933900
0.396779 49.773700
0.397005 3.305690
0.397232 28.320500
0.397459 69.075200
0.397686 11.611400
0.397913 65.911800
0.398140 40.473500
0.398367 26.505100
0.398593 11.147100
0.398820 22.329200
0.399047 13.026100
0.399274 52.197100
0.399501 22.867900
0.399728 31.331600
0.400408 1.772950
0.400635 12.498100
0.400862 9.240420
0.401089 16.487100
0.401316 7.994500
0.401543 15.132400
0.401770 74.151900
0.401996 47.104500
0.402223 11.965700
0.402450 29.112300
0.402677 3.676310
0.402904 16.829000
0.403131 12.958200
0.403358 17.109000
0.403584 30.549100
0.403811 7.233920
0.404038 73.990800
0.404265 12.738100
0.404492 17.057900
0.404719 6.056600
0.404946 14.801300
0.405172 59.259000
0.405399 61.624700
0.405626 9.148480
0.405853 27.284900
0.406080 16.119500
0.406307 4.086630
0.406534 7.477850
0.406760 17.131000
0.406987 15.076600
0.407214 15.672800
0.407441 84.394600
0.407668 45.965600
0.407895 2.826820
0.408122 8.670180
0.408348 6.347210
0.408575 33.097500
0.408802 22.052600
0.409029 3.824590
0.409256 15.885600
0.409483 6.234280
0.409710 13.113500
0.409936 9.232590
0.410163 4.030810
0.410390 40.115800
0.410617 20.907200
0.410844 17.324900
0.411071 22.069900
0.411298 17.071400
0.411525 6.312920
0.411751 5.205340
0.411978 46.941400
0.412205 8.084370
0.412432 59.897800
0.412659 19.077600
0.412886 15.576100
0.413113 5.844760
0.413339 36.173300
0.413566 22.656900
0.413793 13.815900
0.414020 42.767700
0.414247 6.127580
0.414474 38.587200
0.414701 14.471700
0.414927 7.054590
0.415154 27.394400
0.415381 43.595700
0.415608 32.698000
0.415835 8.246300
0.416062 59.586800
0.416289 6.346910
0.416515 8.471810
0.416742 6.593770
0.416969 17.903500
0.417423 19.958000
0.417650 37.910600
0.417877 7.858130
0.418103 41.195400
0.418330 12.346300
0.418557 32.401100
0.418784 14.031000
0.419011 16.497800
0.419238 13.146800
0.419465 14.099300
0.419691 57.882600
0.419918 45.499300
0.420145 19.030000
0.420372 19.949100
0.420599 38.026000
0.420826 58.182600
0.421053 25.057600
0.421279 27.806700
0.421506 5.114880
0.421733 6.025510
0.421960 37.394200
0.422187 4.476390
0.422414 33.214100
0.422641 20.129400
0.422868 15.460400
0.423094 66.439200
0.423321 3.381590
0.423548 41.296600
0.423775 27.946500
0.424002 7.687090
0.424229 24.738000
0.424456 27.408400
0.424682 43.073300
0.424909 10.854300
0.425136 19.288900
0.425363 19.882300
0.425590 32.738800
0.425817 5.890570
0.426044 95.381000
0.426270 11.315800
0.426497 8.418860
0.426724 7.561050
0.426951 14.644700
0.427178 13.792900
0.427405 6.282840
0.427632 17.895000
0.427858 14.219700
0.428085 45.802500
0.428312 18.452600
0.428539 52.557900
0.428766 12.950400
0.428993 14.130800
0.429220 17.530300
0.429446 8.374790
0.429673 8.962000
0.429900 29.719300
0.430127 59.728500
0.430354 7.918610
0.430581 47.686900
0.430808 15.348900
0.431034 35.556500
0.431261 11.519900
0.431488 25.253800
0.431715 13.894700
0.431942 58.120400
0.432169 53.286200
0.432396 7.788710
0.432623 7.503740
0.432849 51.056300
0.433076 6.264930
0.433303 9.003790
0.433530 23.727300
0.433757 35.452300
0.433984 37.934600
0.434211 8.313730
0.434437 4.014700
0.434664 7.861810
0.434891 31.843200
0.435118 27.303500
0.435345 36.543200
0.435572 15.867500
0.435799 34.420000
0.436025 42.785600
0.436252 25.513500
0.436479 38.782000
0.436706 30.579700
0.436933 3.773650
0.437160 29.021000
0.437387 4.609430
0.437613 66.035500
0.437840 3.893890
0.438067 53.623200
0.438294 3.005260
0.438521 6.925390
0.438748 47.489700
0.438975 8.666480
0.439201 10.145800
0.439428 4.940430
0.439655 37.935700
0.439882 7.054170
0.440109 9.209630
0.440336 55.338800
0.440563 5.739290
0.440789 10.682000
0.441016 15.917800
0.441243 14.276000
0.441470 37.518100
0.441697 2.943510
0.441924 41.021800
0.442151 16.725900
0.442377 20.594300
0.442604 10.545800
0.442831 6.940550
0.443058 12.746700
0.443285 8.211500
0.443512 72.287000
0.443739 51.287300
0.443966 44.474500
0.444192 41.309200
0.444419 8.676760
0.444646 76.883100
0.444873 24.092400
0.445100 36.372600
0.445327 27.597900
0.445554 34.554800
0.445780 33.896700
0.446007 79.950500
0.446234 22.955400
0.446461 16.499000
0.446688 30.487000
0.446915 5.793140
0.447142 5.774100
0.447368 11.254000
0.447595 10.851500
0.447822 15.931700
0.448049 31.812300
0.448276 8.337410
0.448503 26.731400
0.448730 9.743180
0.448956 23.423600
0.449183 34.317700
0.449410 12.392500
0.449637 19.814500
0.449864 14.582100
0.450091 65.106600
0.450318 81.716400
0.450544 10.812000
0.450771 8.779670
0.450998 35.274200
0.451225 39.376100
0.451452 36.370800
0.451679 19.530400
0.451906 30.800600
0.452132 17.054800
0.452359 66.114200
0.452586 17.546700
0.452813 14.941900
0.453040 8.251220
0.453267 4.789860
0.453494 49.515400
0.453721 8.026200
0.453947 7.356940
0.454174 9.668740
0.454401 30.900500
0.454628 11.598100
0.454855 69.858100
0.455082 15.658400
0.455309 13.167900
0.455535 5.535310
0.455762 6.486580
0.455989 6.282110
0.456216 45.231700
0.456443 9.295140
0.456670 6.255010
0.456897 31.393000
0.457123 50.277400
0.457350 20.509300
0.457577 34.810100
0.457804 11.410900
0.458031 7.851860
0.458258 23.237100
0.458485 16.400700
0.458711 33.734100
0.458938 8.324140
0.459165 22.538000
0.459392 18.082700
0.459619 34.262800
0.459846 31.941500
0.460073 6.675660
0.460299 22.718300
0.460526 61.591700
0.460753 12.579200
0.460980 1.690640
0.461207 41.107800
0.461434 26.279700
0.461661 9.382800
0.461887 45.305000
0.462114 90.368800
0.462341 40.448000
0.462568 18.843700
0.462795 5.370850
0.463022 2.991060
0.463249 36.418600
0.463475 45.252200
0.463702 15.793200
0.463929 16.526600
0.464156 29.185100
0.464383 6.040460
0.464610 28.181800
0.464837 20.941400
0.465064 7.097730
0.465290 9.150950
0.465517 12.706300
0.465744 50.580100
0.465971 25.672200
0.466198 23.134600
0.466425 2.356710
0.466652 22.123300
0.466878 65.296000
0.467105 46.499700
0.467332 37.759200
0.467559 6.442990
0.467786 49.919700
0.468013 30.045100
0.468240 65.897700
0.468466 4.546320
0.468693 13.091600
0.468920 17.986400
0.469147 21.306000
0.469374 1.726340
0.469601 16.006600
0.469828 13.139500
0.470054 13.620300
0.470281 6.789580
0.470508 4.902610
0.470735 29.268200
0.470962 38.932400
0.471189 3.744420
0.471416 62.878800
0.471642 50.523900
0.471869 8.496160
0.472096 10.766600
0.472323 3.918960
0.472550 53.039300
0.472777 13.893400
0.473004 37.506800
0.473230 10.709000
0.473457 34.570700
0.473684 10.978000
0.473911 51.186100
0.474138 3.461170
0.474365 58.157000
0.474592 17.490400
0.474819 9.315430
0.475045 20.072800
0.475272 18.256600
0.475499 10.488100
0.475726 37.043500
0.475953 11.871100
0.476180 6.639480
0.476407 48.854000
0.476633 17.329200
0.476860 19.233900
0.477087 5.626320
0.477314 38.445600
0.477541 9.065600
0.477768 8.517080
0.477995 30.287000
0.478221 54.026100
0.478448 32.639800
0.478675 8.992090
0.478902 13.853000
0.479129 15.059400
0.479356 3.472820
0.479583 51.119700
0.479809 25.054000
0.480036 27.495200
0.480263 37.060400
0.480490 41.810300
0.480717 8.752430
0.480944 11.521200
0.481171 33.310900
0.481397 25.627800
0.481624 5.699720
0.481851 35.799800
0.482078 17.552700
0.482305 35.137400
0.482532 26.990900
0.482759 23.504400
0.482985 64.802000
0.483212 20.379000
0.483439 12.940800
0.483666 16.461200
0.483893 69.674400
0.484120 24.424900
0.484347 24.977500
0.484574 35.061800
0.484800 30.248200
0.485027 28.602200
0.485254 44.438600
0.485481 15.175300
0.485708 18.222300
0.485935 16.623100
0.486162 6.296660
0.486388 39.635800
0.486615 23.774600
0.486842 21.871200
0.487069 12.841100
0.487296 39.476700
0.487523 10.573700
0.487750 27.746300
0.487976 4.579350
0.488203 19.120800
0.488430 60.862900
0.488657 12.800100
0.488884 11.301200
0.489111 45.379600
0.489338 9.862200
0.489564 51.187500
0.489791 7.703630
0.490018 40.590400
0.490245 34.672400
0.490472 8.268500
0.490699 38.248900
0.490926 7.490500
0.491152 19.728900
0.491379 36.155100
0.491606 28.383700
0.491833 40.874100
0.492060 12.012700
0.492287 32.791200
0.492514 14.440200
0.492740 67.544600
0.492967 12.342100
0.493194 69.269400
0.493421 16.511300
0.493648 5.430940
0.493875 54.303000
0.494102 92.277400
0.494328 28.241000
0.494555 25.383100
0.494782 25.766200
0.495009 86.050200
0.495236 14.557000
0.495463 53.010700
0.495690 7.912170
0.495917 69.629700
0.496143 8.272920
0.496370 11.390500
0.496597 11.624200
0.496824 16.351000
0.497051 14.613200
0.497278 31.261100
0.497505 49.377500
0.497731 32.877600
0.497958 5.687590
0.498185 7.111740
0.498412 5.838810
0.498639 64.875900
0.498866 6.820090
0.499093 51.320200
0.499319 17.278600
0.499546 45.129700
0.499773 6.904010
0.500000 9.234800
0.500227 4.794590
0.500454 12.109100
0.500681 26.231000
0.500907 69.935100
0.501134 32.082800
0.501361 11.327300
0.501588 56.293600
0.501815 16.395100
0.502042 69.802700
0.502269 34.794900
0.502495 14.447300
0.502722 39.233000
0.502949 2.847760
0.503176 10.550000
0.503403 24.554600
0.503630 34.301800
0.503857 16.046300
0.504083 7.356210
0.504310 47.442600
0.504537 34.251900
0.504764 39.483800
0.504991 35.297800
0.505218 9.516670
0.505445 41.209200
0.505672 20.954900
0.505898 68.967400
0.506125 16.174500
0.506352 64.301600
0.506579 36.717700
0.506806 9.735250
0.507033 29.766900
0.507260 49.688400
0.507486 39.437200
0.507713 20.824000
0.507940 11.606800
0.508167 34.470800
0.508394 8.232820
0.508621 88.985000
0.508848 21.234000
0.509074 6.418120
0.509301 9.831140
0.509528 9.853580
0.509755 9.640270
0.509982 35.452800
0.510209 34.817500
0.510436 25.482700
0.510662 6.919690
0.510889 56.363900
0.511116 8.002250
0.511343 8.553810
0.511570 9.839620
0.511797 9.377790
0.512024 20.622800
0.512250 64.748000
0.512477 6.337880
0.512704 5.425470
0.512931 7.326590
0.513158 2.303970
0.513385 47.134600
0.513612 35.264800
0.513838 28.369800
0.514065 6.639320
0.514292 27.647000
0.514519 30.032400
0.514746 4.661470
0.514973 9.139300
0.515200 22.768900
0.515426 11.295800
0.515653 18.533400
0.515880 25.915000
0.516107 18.034200
0.516334 25.861900
0.516561 23.038800
0.516788 7.888840
0.517015 9.150340
0.517241 9.315450
0.517468 12.299400
0.517695 49.373700
0.517922 7.601270
0.518149 10.027600
0.518376 5.081510
0.518603 15.355700
0.518829 9.690050
0.519056 3.129340
0.519283 34.890300
0.519510 25.145500
0.519737 56.937300
0.519964 21.794200
0.520191 16.584400
0.520417 44.027900
0.520644 12.811900
0.520871 14.607900
0.521098 61.143900
0.521325 6.971260
0.521552 84.240100
0.521779 27.409900
0.522005 7.242430
0.522232 12.977700
0.522459 77.033300
0.522686 77.162000
0.522913 41.820500
0.523140 30.527500
0.523367 4.871140
0.523593 9.733450
0.523820 85.847000
0.524047 14.213200
0.524274 11.569300
0.524501 8.669280
0.524728 7.161570
0.524955 15.296400
0.525181 37.269700
0.525408 24.565600
0.525635 11.031000
0.525862 24.864800
0.526089 80.777200
0.526316 40.964400
0.526543 23.845100
0.526770 5.872430
0.526996 16.919600
0.527223 14.688600
0.527450 23.980000
0.527677 27.686100
0.527904 30.023500
0.528131 10.909200
0.528358 26.892200
0.528584 56.227700
0.528811 59.573700
0.529038 21.980100
0.529265 4.739640
0.529492 7.303410
0.529719 18.717300
0.529946 34.060000
0.530172 11.094400
0.530399 15.373500
0.530626 69.366800
0.530853 55.331300
0.531080 47.723800
0.531307 4.184710
0.531534 8.391210
0.531760 10.181700
0.531987 37.492900
0.532214 23.939400
0.532441 10.682700
0.532668 13.550900
0.532895 14.171100
0.533122 48.699900
0.533348 28.815900
0.533575 24.740600
0.533802 55.955600
0.534029 15.425800
0.534256 33.478100
0.534483 13.811700
0.534710 14.144100
0.534936 41.713300
0.535163 21.864700
0.535390 14.911400
0.535617 11.517000
0.535844 45.615700
0.536071 19.237800
0.536298 51.618100
0.536525 12.960100
0.536751 29.096500
0.536978 4.369820
0.537205 24.922100
0.537432 7.823600
0.537659 29.151500
0.537886 6.090190
0.538113 10.051100
0.538339 24.346500
0.538566 21.363700
0.538793 17.839500
0.539020 5.644380
0.539247 13.533300
0.539474 18.038200
0.539701 25.494000
0.539927 8.269110
0.540154 13.733700
0.540381 16.487000
0.540608 11.540300
0.540835 36.906100
0.541062 23.091600
0.541289 34.819100
0.541515 10.477800
0.541742 50.050300
0.541969 15.054400
0.542196 6.361570
0.542423 29.048400
0.542650 3.461180
0.542877 34.197100
0.543103 9.490910
0.543330 48.277900
0.543557 32.021700
0.543784 19.492900
0.544011 13.372300
0.544238 18.493100
0.544465 4.327890
0.544691 59.928200
0.544918 6.227460
0.545145 34.438000
0.545372 45.184000
0.545599 25.370300
0.545826 27.496000
0.546053 14.725000
0.546279 17.228400
0.546506 23.334000
0.546733 72.776800
0.546960 16.900500
0.547187 30.046100
0.547414 7.065350
0.547641 52.230100
0.547868 7.238560
0.548094 47.694500
0.548321 41.188400
0.548548 7.010410
0.548775 9.631790
0.549002 37.081500
0.549229 8.399400
0.549456 57.626400
0.549682 46.553900
0.549909 10.036300
0.550136 67.328700
0.550363 38.029100
0.550590 31.710800
0.550817 26.291900
0.551044 8.232550
0.551270 5.432270
0.551497 56.253300
0.551724 11.009000
0.551951 22.779200
0.552178 13.182400
0.552405 31.018100
0.552632 48.390400
0.552858 21.432200
0.553085 26.008000
0.553312 3.967580
0.553539 63.300800
0.553766 15.148900
0.553993 10.342200
0.554220 15.183900
0.554446 8.017060
0.554673 19.075500
0.555354 9.945950
0.555581 33.369500
0.555808 31.053700
0.556034 29.450600
0.556261 47.736700
0.556488 11.361900
0.556715 8.301860
0.556942 9.666800
0.557169 14.655100
0.557396 18.926400
0.557623 7.424460
0.557849 5.306370
0.558076 53.541000
0.558303 36.619200
0.558530 23.445800
0.558757 16.345600
0.558984 49.559100
0.559211 28.696800
0.559437 26.993600
0.559664 13.420500
0.559891 92.495700
0.560118 16.860100
0.560345 23.970000
0.560572 28.749600
0.560799 30.670100
0.561025 39.125900
0.561252 49.403500
0.561479 58.412500
0.561706 9.319370
0.561933 20.290000
0.562160 4.141590
0.562387 59.644700
0.562613 8.907010
0.562840 7.852180
0.563067 63.874000
0.563294 9.326290
0.563521 2.768450
0.563748 7.127330
0.563975 49.850200
0.564201 11.267400
0.564428 64.615900
0.564655 87.918000
0.564882 4.220010
0.565109 76.452400
0.565336 36.882600
0.565563 8.900470
0.565789 8.090520
0.566016 27.866700
0.566243 21.000400
0.566470 16.636900
0.566697 95.809600
0.566924 48.425800
0.567151 16.636200
0.567377 37.591600
0.567604 3.707100
0.567831 17.099900
0.568058 31.803300
0.568285 33.304100
0.568512 22.854900
0.568739 23.103000
0.568966 52.608800
0.569192 27.943800
0.569419 10.862100
0.569646 11.961900
0.569873 27.917900
0.570100 45.557100
0.570327 32.518500
0.570554 39.351100
0.570780 16.229900
0.571007 24.381300
0.571234 11.093400
0.571461 14.908800
0.571688 28.761300
0.571915 38.689000
0.572142 5.080310
0.572368 67.917800
0.572595 3.148840
0.572822 13.457600
0.573049 8.587790
0.573276 14.803300
0.573503 4.452090
0.573730 33.488800
0.573956 32.678500
0.574183 5.051570
0.574410 35.352300
0.574637 25.421900
0.574864 31.285000
0.575091 10.321600
0.575318 42.691700
0.575544 2.692990
0.575771 53.124000
0.575998 8.183670
0.576225 4.937900
0.576452 3.106850
0.576679 9.660100
0.576906 6.188740
0.577132 17.911600
0.577359 3.537660
0.577586 32.897800
0.577813 4.726790
0.578040 8.783770
0.578267 25.661800
0.578494 24.359400
0.578721 66.051400
0.578947 20.191200
0.579174 80.061400
0.579401 13.916100
0.579628 18.701100
0.579855 26.229100
0.580082 23.541900
0.580309 72.546900
0.580535 23.207900
0.580762 6.803510
0.580989 40.562900
0.581216 62.537600
0.581443 34.511500
0.581670 6.962570
0.581897 30.027400
0.582123 6.946100
0.582350 12.119800
0.582577 29.637400
0.582804 49.177600
0.583031 12.343800
0.583258 9.059600
0.583485 22.081200
0.583711 7.559660
0.583938 18.809100
0.584165 3.328280
0.584392 16.334500
0.584619 7.878270
0.584846 10.161000
0.585073 27.451400
0.585299 17.998400
0.585526 20.937200
0.585753 6.710200
0.585980 36.279300
0.586207 4.841140
0.586434 18.974700
0.586661 26.634700
0.586887 44.721700
0.587114 50.255200
0.587341 53.649800
0.587568 6.570040
0.587795 12.213200
0.588022 14.604700
0.588249 2.101350
0.588475 38.914000
0.588702 9.859900
0.588929 7.783170
0.589156 51.700800
0.589383 28.805600
0.589610 26.059300
0.589837 27.711400
0.590064 7.594660
0.590290 43.931100
0.590517 20.798300
0.590744 29.666000
0.590971 6.433850
0.591198 4.510160
0.591425 7.604550
0.591652 18.556800
0.591878 2.010120
0.592105 8.049810
0.592332 19.433800
0.592559 41.849800
0.592786 11.533500
0.593013 52.427100
0.593240 76.330600
0.593466 12.069900
0.593693 6.785980
0.593920 51.760000
0.594147 4.147290
0.594374 22.185600
0.594601 21.993900
0.594828 24.172500
0.595054 13.745600
0.595281 7.461380
0.595508 18.330600
0.595735 18.218600
0.595962 28.448100
0.596189 62.888500
0.596416 24.498200
0.596642 4.304100
0.596869 29.286400
0.597096 9.666180
0.597323 9.939950
0.597550 5.961910
0.597777 22.961700
0.598004 18.354300
0.598230 15.933400
0.598457 36.460300
0.598684 9.969510
0.598911 40.204700
0.599138 8.409690
0.599365 11.488700
0.599592 19.001400
0.599819 23.495700
0.600045 68.351500
0.600272 44.723900
0.600499 34.264900
0.600726 1.680850
0.600953 21.595400
0.601180 5.831940
0.601407 1.709930
0.601633 9.806570
0.601860 40.001100
0.602087 66.765200
0.602314 38.865200
0.602541 37.686600
0.602768 25.807500
0.602995 49.432400
0.603221 33.341300
0.603448 8.794440
0.603675 23.587300
0.603902 66.570900
0.604129 24.982600
0.604356 8.304810
0.604583 75.113200
0.604809 13.236800
0.605036 8.023250
0.605263 6.379170
0.605490 1.657200
0.605717 38.523000
0.605944 34.260900
0.606171 6.642500
0.606397 8.571600
0.606624 18.271100
0.606851 19.584500
0.607078 64.084000
0.607305 37.532000
0.607532 9.274720
0.607759 24.011900
0.607985 48.147200
0.608212 21.770800
0.608439 6.664940
0.608666 9.765640
0.608893 20.834600
0.609120 7.921440
0.609347 18.442100
0.609574 24.918100
0.609800 85.399300
0.610027 66.721500
0.610254 73.241000
0.610481 25.303700
0.610708 7.770770
0.610935 50.004700
0.611162 49.311900
0.611388 8.889910
0.611615 19.035800
0.611842 31.244100
0.612069 11.141300
0.612296 12.428300
0.612523 10.305300
0.612750 15.045200
0.612976 5.853700
0.613203 49.619000
0.613430 43.864300
0.613657 27.062000
0.613884 26.118200
0.614111 9.161940
0.614338 54.051300
0.614564 22.841500
0.614791 20.355100
0.615018 52.822300
0.615245 23.145100
0.615472 18.746100
0.615699 15.476800
0.615926 49.314000
0.616152 10.102900
0.616379 28.732000
0.616606 9.800860
0.616833 39.790500
0.617060 16.195900
0.617287 58.800500
0.617514 15.866200
0.617740 8.663450
0.617967 50.965600
0.618194 6.931940
0.618421 34.203500
0.618648 13.477700
0.618875 28.559600
0.619102 12.177900
0.619328 22.915800
0.619555 2.421300
0.619782 14.562800
0.620009 17.045700
0.620236 59.979100
0.620463 4.420530
0.620690 30.678000
0.620917 10.887400
0.621143 16.790400
0.621370 3.570920
0.621597 24.957100
0.621824 33.756700
0.622051 14.564000
0.622278 6.100680
0.622505 39.093900
0.622731 56.165700
0.622958 30.873300
0.623185 56.365500
0.623412 9.199460
0.623639 1.769920
0.623866 31.202300
0.624093 9.553420
0.624319 10.866200
0.624546 19.351300
0.624773 15.225500
0.625000 13.860300
0.625227 12.994300
0.625454 49.711000
0.625681 38.212000
0.625907 37.983600
0.626134 58.487300
0.626361 51.980700
0.626588 14.268700
0.626815 8.740140
0.627042 17.693200
0.627269 43.708200
0.627495 60.143600
0.627722 14.889600
0.627949 6.671620
0.628176 23.867600
0.628403 20.655200
0.628630 53.884300
0.628857 61.024700
0.629083 14.523500
0.629310 10.393600
0.629537 12.389700
0.629764 31.145300
0.629991 8.753010
0.630218 6.310840
0.630445 20.880400
0.630672 54.126300
0.630898 56.707100
0.631125 5.908840
0.631352 3.344430
0.631579 13.704000
0.631806 18.003800
0.632033 7.904360
0.632260 14.333400
0.632486 9.967320
0.632713 9.418820
0.632940 32.888400
0.633167 18.092300
0.633394 7.714470
0.633621 44.765400
0.633848 39.573400
0.634074 45.032300
0.634301 17.623100
0.634528 33.085200
0.634755 9.802420
0.634982 25.922100
0.635209 20.821800
0.635436 12.739400
0.635662 39.410800
0.635889 34.444200
0.636116 59.337400
0.636343 11.949300
0.636570 25.195500
0.636797 19.822300
0.637024 6.166210
0.637250 8.056660
0.637477 16.511100
0.637704 9.168540
0.637931 9.628090
0.638158 25.801400
0.638385 9.098460
0.638612 18.567300
0.638838 54.967200
0.639065 7.459440
0.639292 7.052320
0.639519 27.489500
0.639746 6.513210
0.639973 57.096700
0.640200 4.319610
0.640426 18.476400
0.640653 42.202800
0.640880 8.743010
0.641107 11.730700
0.641334 21.609600
0.641561 59.362400
0.641788 35.617600
0.642015 12.460400
0.642241 33.149300
0.642468 61.451900
0.642695 6.277200
0.642922 7.055080
0.643149 10.025700
0.643376 27.582400
0.643603 14.434700
0.643829 31.248400
0.644056 77.609200
0.644283 2.307740
0.644510 14.186100
0.644737 4.436410
0.644964 67.563400
0.645191 37.315200
0.645417 21.781400
0.645644 64.955900
0.645871 5.166100
0.646098 20.009500
0.646325 8.382130
0.646552 8.067730
0.646779 10.657400
0.647005 78.923600
0.647232 9.729250
0.647459 75.087800
0.647686 4.839930
0.647913 47.868900
0.648140 57.823100
0.648367 29.962400
0.648593 14.410700
0.648820 6.785270
0.649047 6.253250
0.649274 43.093800
0.649501 10.810800
0.649728 92.960200
0.649955 9.936710
0.650181 13.630400
0.650408 1.865620
0.650635 11.446500
0.650862 20.206300
0.651089 8.826380
0.651316 5.790420
0.651543 1.951650
0.651770 6.081320
0.651996 7.772630
0.652223 62.702000
0.652450 70.822000
0.652677 18.408500
0.652904 6.086090
0.653131 34.166400
0.653358 72.369900
0.653584 22.497500
0.653811 48.131100
0.654038 8.931550
0.654265 8.212380
0.654492 6.506770
0.654719 8.386750
0.654946 21.578400
0.655172 10.835500
0.655399 40.606300
0.655626 9.717900
0.655853 23.641500
0.656080 32.994700
0.656307 15.730000
0.656534 14.840800
0.656760 17.995000
0.656987 23.396000
0.657214 7.724010
0.657441 39.685000
0.657668 27.396900
0.657895 3.177450
0.658122 4.855620
0.658348 21.078800
0.658575 17.884300
0.658802 73.510200
0.659029 3.827370
0.659256 49.483600
0.659483 38.100400
0.659710 16.123700
0.659936 71.603500
0.660163 23.743200
0.660390 7.693860
0.660617 6.360050
0.660844 6.317140
0.661071 26.700300
0.661298 46.763100
0.661525 11.306100
0.661751 14.613700
0.661978 74.265300
0.662205 23.824300
0.662432 26.239300
0.662659 7.612220
0.662886 17.119600
0.663113 4.922730
0.663339 3.082870
0.663566 24.877600
0.663793 54.928600
0.664020 8.307460
0.664247 5.157740
0.664474 6.123520
0.664701 21.328800
0.664927 12.574900
0.665154 8.550450
0.665381 10.650100
0.665608 21.723200
0.665835 17.839900
0.666062 9.094060
0.666289 21.091400
0.666515 7.249880
0.666742 10.689500
0.666969 51.833800
0.667196 68.694400
0.667423 25.485800
0.667650 9.063790
0.667877 17.644800
0.668103 24.973200
0.668330 10.157800
0.668557 18.782800
0.668784 23.840500
0.669011 10.458200
0.669238 29.242400
0.669465 11.102600
0.669691 40.065500
0.669918 13.680400
0.670145 60.149600
0.670372 50.927100
0.670599 32.008000
0.670826 14.891200
0.671053 30.490600
0.671279 4.382130
0.671506 55.337700
0.671733 61.215000
0.671960 3.386200
0.672187 18.677700
0.672414 9.416750
0.672641 61.973300
0.672868 9.512010
0.673094 24.423400
0.673321 1.749110
0.673548 8.690760
0.673775 16.109000
0.674002 6.760460
0.674229 8.833600
0.674456 54.551600
0.674682 6.322770
0.674909 1.784140
0.675136 14.063500
0.675363 17.271500
0.675590 9.171670
0.675817 2.695630
0.676044 80.521700
0.676270 15.809600
0.676497 10.904600
0.676724 24.688000
0.676951 17.431900
0.677178 82.701600
0.677405 27.692500
0.677632 65.529400
0.677858 34.887700
0.678085 4.624030
0.678312 38.783300
0.678539 17.395100
0.678766 2.923130
0.678993 48.883500
0.679220 11.236500
0.679446 46.705700
0.679673 23.064200
0.679900 23.970900
0.680127 6.149180
0.680354 57.049200
0.680581 5.681670
0.680808 30.043300
0.681034 29.240300
0.681261 62.337900
0.681488 24.994700
0.681715 9.955590
0.681942 42.552100
0.682169 45.454800
0.682396 13.765700
0.682623 8.901600
0.682849 22.077400
0.683076 10.874500
0.683303 96.227500
0.683530 7.746990
0.683757 20.565800
0.683984 19.740800
0.684211 13.325400
0.684437 45.525700
0.684664 1.811090
0.684891 66.489200
0.685118 42.481200
0.685345 10.443600
0.685572 22.882700
0.685799 42.389000
0.686025 14.819700
0.686252 57.498000
0.686479 6.484500
0.686706 48.410600
0.686933 82.556100
0.687160 38.862600
0.687387 6.705250
0.687613 63.724100
0.687840 15.667500
0.688067 5.688830
0.688294 9.824750
0.688521 53.344200
0.688748 68.143800
0.688975 33.955500
0.689201 8.469020
0.689428 8.266810
0.689655 15.385100
0.689882 67.369100
0.690109 1.750210
0.690336 12.405500
0.690563 14.682800
0.690789 55.788200
0.691016 26.508700
0.691243 21.117500
0.691470 10.866800
0.691697 63.968500
0.691924 29.109400
0.692151 6.740740
0.692377 19.012600
0.692604 9.844480
0.692831 38.728500
0.693058 18.021600
0.693285 23.260600
0.693512 6.369600
0.693739 5.359850
0.693966 23.454900
0.694192 56.232700
0.694419 34.505500
0.694646 26.559200
0.694873 31.287600
0.695100 19.569400
0.695327 6.676270
0.695554 12.172500
0.695780 40.259400
0.696007 22.377400
0.696234 85.234400
0.696461 13.742400
0.696688 15.724400
0.696915 4.120150
0.697142 48.105100
0.697368 31.833300
0.697595 30.592200
0.697822 18.515900
0.698049 15.861400
0.698276 14.673800
0.698503 20.550000
0.698730 25.132600
0.698956 23.327600
0.699183 55.868900
0.699410 15.108700
0.699637 6.167590
0.699864 37.860600
0.700091 47.043900
0.700318 53.691300
0.700544 26.668400
0.700771 48.110000
0.700998 9.013520
0.701225 10.769300
0.701452 10.119400
0.701679 14.461400
0.701906 13.883400
0.702132 15.787100
0.702359 26.791900
0.702586 8.633850
0.702813 15.487500
0.703040 9.855180
0.703267 2.560450
0.703494 5.247570
0.703721 60.574400
0.703947 60.058100
0.704174 20.966800
0.704401 17.494500
0.704628 6.857100
0.704855 4.552890
0.705082 18.449100
0.705309 41.589100
0.705535 3.839780
0.705762 44.477600
0.705989 4.802360
0.706216 10.839600
0.706443 9.786230
0.706670 14.925400
0.706897 32.911200
0.707123 8.282040
0.707350 37.588000
0.707577 3.911190
0.707804 25.728900
0.708031 7.963060
0.708258 26.478100
0.708485 33.998800
0.708711 5.155520
0.708938 11.962900
0.709165 6.114470
0.709392 27.800400
0.709619 19.450400
0.709846 12.659400
0.710073 34.558200
0.710299 17.453600
0.710526 19.710200
0.710753 62.010700
0.710980 39.679000
0.711207 24.400900
0.711434 3.339820
0.711661 6.897560
0.711887 4.753420
0.712114 16.588100
0.712341 7.072930
0.712568 22.489700
0.712795 7.101320
0.713022 35.276500
0.713249 5.521370
0.713475 12.522400
0.713702 16.501600
0.713929 45.952800
0.714156 13.961500
0.714383 64.890800
0.714610 68.083600
0.714837 31.021000
0.715064 13.505400
0.715290 62.464800
0.715517 24.623800
0.715744 70.136600
0.715971 6.492480
0.716198 38.238200
0.716425 23.510800
0.716652 18.833300
0.716878 21.648900
0.717105 7.665680
0.717332 5.654370
0.717559 6.086140
0.717786 77.620900
0.718013 64.174400
0.718240 7.573680
0.718693 10.402800
0.718920 31.755400
0.719147 56.716100
0.719374 79.308500
0.719601 33.518000
0.719828 38.728600
0.720054 19.508100
0.720281 9.613200
0.720508 9.263710
0.720735 2.012260
0.720962 53.601500
0.721189 15.109900
0.721416 6.579680
0.721642 25.033400
0.721869 28.823500
0.722096 9.507650
0.722323 60.306700
0.722550 9.060490
0.722777 13.994100
0.723004 4.044760
0.723230 41.537900
0.723457 5.753580
0.723684 6.896090
0.723911 6.864780
0.724138 15.451200
0.724365 18.075300
0.724592 28.036500
0.724819 11.140600
0.725045 19.962600
0.725272 33.236700
0.725499 6.994910
0.725726 52.127900
0.725953 5.684200
0.726180 60.921800
0.726407 7.275010
0.726633 7.931930
0.726860 7.336850
0.727087 17.769000
0.727314 3.933200
0.727541 8.178820
0.727768 50.798700
0.727995 6.090710
0.728221 23.272900
0.728448 37.073100
0.728675 10.438200
0.728902 25.033000
0.729129 21.338900
0.729356 12.394600
0.729583 25.603500
0.729809 52.376400
0.730036 27.064900
0.730263 28.157300
0.730490 81.403000
0.730717 19.803200
0.730944 4.283420
0.731171 7.955450
0.731624 15.622700
0.731851 27.839800
0.732078 44.310600
0.732305 37.766300
0.732532 51.242600
0.732759 9.647620
0.732985 10.217500
0.733212 1.824760
0.733439 1.974130
0.733666 8.778520
0.733893 11.850300
0.734120 39.379000
0.734347 13.820900
0.734574 25.429000
0.734800 13.744000
0.735027 17.890000
0.735254 8.062390
0.735481 40.219000
0.735708 5.293460
0.735935 26.155300
0.736162 6.899340
0.736388 8.307220
0.736615 14.269700
0.736842 32.403600
0.737069 3.488490
0.737296 19.883200
0.737523 8.990990
0.737750 2.490320
0.737976 11.756200
0.738203 8.280130
0.738430 35.571800
0.738657 13.070900
0.738884 46.636700
0.739111 19.924500
0.739338 18.887100
0.739564 37.365100
0.739791 11.563800
0.740018 7.015220
0.740245 1.784030
0.740472 16.865100
0.740699 71.924700
0.740926 22.207300
0.741152 36.290800
0.741379 38.122900
0.741606 38.608600
0.741833 25.859200
0.742060 57.511500
0.742287 18.600900
0.742514 16.549500
0.742740 3.193900
0.742967 7.735300
0.743194 8.506020
0.743648 28.642100
0.743875 12.909700
0.744102 23.770000
0.744328 18.771500
0.744555 9.086160
0.744782 33.367700
0.745009 26.928300
0.745236 9.084480
0.745463 16.772200
0.745690 36.789600
0.745917 14.388200
0.746143 27.713600
0.746370 26.985100
0.746597 5.864500
0.746824 12.867000
0.747051 5.983780
0.747278 6.166990
0.747505 21.573000
0.747731 37.419300
0.747958 11.185600
0.748185 4.802620
0.748412 11.007500
0.748639 31.766900
0.748866 46.456700
0.749093 63.396200
0.749319 14.155300
0.749546 6.641750
0.749773 29.214300
0.750000 13.416700
0.750227 46.596400
0.750454 11.377400
0.750681 10.604800
0.750907 67.445700
0.751134 25.562000
0.751361 48.215300
0.751588 3.839630
0.751815 7.734610
0.752042 11.639700
0.752269 15.338800
0.752495 18.050900
0.752722 20.911300
0.752949 9.271250
0.753176 53.452900
0.753403 16.150500
0.753630 24.246700
0.753857 35.308600
0.754083 9.148030
0.754310 16.669300
0.754537 14.633200
0.754764 18.763700
0.754991 10.724100
0.755218 8.313980
0.755445 23.073300
0.755672 49.651300
0.755898 9.045520
0.756125 7.204610
0.756352 8.682940
0.756579 24.151700
0.756806 23.954000
0.757033 52.669900
0.757260 37.100800
0.757486 16.167700
0.757713 42.321800
0.758167 11.459300
0.758394 19.294200
0.758621 5.544240
0.758848 61.624900
0.759074 8.623450
0.759301 17.033100
0.759528 29.269200
0.759755 35.267300
0.759982 8.690320
0.760209 11.328500
0.760436 24.485500
0.760662 38.722500
0.760889 43.735900
0.761116 5.098520
0.761343 3.763340
0.761570 22.860800
0.761797 32.203500
0.762024 15.124100
0.762250 10.281000
0.762477 9.737800
0.762704 14.181400
0.762931 45.827500
0.763158 27.127200
0.763385 79.022800
0.763612 8.105960
0.763838 4.890310
0.764065 9.115290
0.764292 28.179600
0.764519 36.392700
0.764746 38.106800
0.764973 6.151870
0.765200 38.448100
0.765426 34.742600
0.765653 26.399600
0.765880 35.193600
0.766107 26.780100
0.766334 17.083400
0.766561 32.509400
0.766788 11.882900
0.767015 9.695940
0.767241 8.592610
0.767468 53.110300
0.767695 33.765600
0.767922 23.021700
0.768149 4.315130
0.768376 52.092500
0.768603 30.273200
0.768829 22.373600
0.769056 89.239000
0.769283 23.664500
0.769510 39.391000
0.769737 7.890990
0.769964 24.975600
0.770191 8.994620
0.770417 22.943500
0.770644 31.130000
0.770871 27.250300
0.771098 2.836650
0.771325 8.623950
0.771552 3.816120
0.771779 15.392200
0.772005 4.416210
0.772232 10.203000
0.772459 45.524900
0.772686 25.268000
0.772913 8.014640
0.773140 24.317900
0.773367 35.924100
0.773593 70.909200
0.773820 7.230610
0.774047 44.256300
0.774274 4.947980
0.774501 5.170570
0.774728 7.233480
0.774955 5.520790
0.775181 9.969690
0.775408 34.831900
0.775635 15.160500
0.775862 7.366280
0.776089 13.301800
0.776316 12.762300
0.776543 26.047200
0.776770 31.236400
0.776996 49.297600
0.777223 20.812100
0.777450 26.399300
0.777677 86.286400
0.777904 44.902000
0.778131 53.960400
0.778358 19.943500
0.778584 8.659190
0.778811 7.083880
0.779038 23.922100
0.779265 14.185600
0.779492 12.071700
0.779719 26.713200
0.779946 47.625300
0.780172 15.932500
0.780399 12.134800
0.780626 23.887700
0.780853 26.570500
0.781080 18.951700
0.781307 31.956100
0.781534 42.711200
0.781760 3.357710
0.781987 11.758500
0.782214 5.890880
0.782441 9.714220
0.782668 44.005700
0.782895 12.012900
0.783122 42.175900
0.783348 48.806500
0.783575 15.601200
0.783802 59.933400
0.784029 6.349200
0.784256 21.795800
0.784483 26.973500
0.784710 30.803400
0.784936 30.547800
0.785163 33.184000
0.785390 58.564600
0.785617 21.216200
0.785844 45.134600
0.786071 21.185900
0.786298 13.046000
0.786525 51.786400
0.786751 33.973100
0.786978 10.047000
0.787205 9.624770
0.787432 44.518800
0.787659 80.570300
0.787886 9.785430
0.788113 28.527300
0.788339 46.575200
0.788566 25.190100
0.788793 24.581800
0.789020 30.995000
0.789247 50.920800
0.789474 40.502700
0.789701 6.463800
0.789927 12.012100
0.790154 38.184900
0.790381 8.108390
0.790608 5.819530
0.790835 6.325390
0.791062 14.088700
0.791289 23.170800
0.791515 26.236800
0.791742 22.787100
0.791969 38.285000
0.792196 5.032520
0.792423 14.414000
0.792650 14.676300
0.792877 28.266000
0.793103 19.857600
0.793330 18.022000
0.793557 6.168580
0.793784 34.825200
0.794011 38.839300
0.794238 9.241490
0.794465 7.130040
0.794691 7.559320
0.794918 37.622700
0.795145 20.095700
0.795372 23.552100
0.795599 24.446200
0.795826 9.452300
0.796053 56.127900
0.796279 6.393890
0.796506 18.793300
0.796733 9.594810
0.796960 51.919400
0.797187 5.020010
0.797414 2.852790
0.797641 15.610700
0.797868 9.065270
0.798094 30.278100
0.798321 46.453600
0.798548 3.946760
0.798775 56.262800
0.799002 68.589200
0.799229 42.567100
0.799456 48.102300
0.799682 12.560700
0.799909 40.120800
0.800136 8.763820
0.800363 18.169800
0.800590 6.752990
0.800817 5.999950
0.801044 29.719400
0.801270 21.882300
0.801497 83.388600
0.801724 19.549700
0.801951 43.909900
0.802178 8.153510
0.802405 26.735400
0.802632 9.341420
0.802858 26.029600
0.803085 15.235400
0.803312 4.573360
0.803539 24.155800
0.803766 63.926200
0.803993 27.041600
0.804220 32.638600
0.804446 17.061200
0.804673 27.795300
0.804900 30.806800
0.805127 33.312100
0.805354 14.710700
0.805581 10.354900
0.805808 16.783600
0.806034 15.720100
0.806261 17.631000
0.806488 16.255200
0.806715 51.179100
0.806942 17.313500
0.807169 13.962000
0.807396 70.322800
0.807623 35.050500
0.807849 73.940800
0.808076 13.651400
0.808303 10.742000
0.808530 58.556500
0.808757 15.120200
0.808984 18.048400
0.809211 22.722900
0.809437 21.601400
0.809664 20.879900
0.809891 4.877360
0.810118 6.068120
0.810345 16.096700
0.810572 2.666090
0.810799 26.830100
0.811025 15.668800
0.811252 14.069200
0.811479 28.301200
0.811706 29.842000
0.811933 18.740700
0.812160 8.830960
0.812387 36.675700
0.812613 8.363260
0.812840 40.291400
0.813067 27.172100
0.813294 17.763100
0.813521 33.555700
0.813748 10.362000
0.813975 91.378700
0.814201 30.376900
0.814428 9.280500
0.814655 1.788830
0.814882 13.359900
0.815109 12.417400
0.815336 71.107800
0.815563 17.321100
0.815789 49.472000
0.816016 7.666520
0.816243 4.143810
0.816470 4.897010
0.816697 68.254300
0.816924 4.534730
0.817151 36.046100
0.817377 25.939900
0.817604 13.538700
0.817831 22.740500
0.818058 33.064100
0.818285 17.765900
0.818512 28.475100
0.818739 19.713800
0.818966 2.577750
0.819192 8.319080
0.819419 22.975600
0.819646 4.663400
0.819873 36.013600
0.820100 16.781300
0.820327 71.122100
0.820554 11.845400
0.820780 14.808700
0.821007 16.491900
0.821234 58.276600
0.821461 18.397800
0.821688 8.789520
0.821915 44.531200
0.822142 40.385400
0.822368 28.237400
0.822595 6.056910
0.822822 49.824400
0.823049 7.108080
0.823276 24.902600
0.823503 23.942700
0.823730 8.674120
0.823956 9.315500
0.824183 37.998800
0.824410 73.023600
0.824637 7.003560
0.824864 25.775000
0.825091 7.107140
0.825318 17.528500
0.825544 15.994000
0.825771 16.047900
0.825998 28.325900
0.826225 19.180300
0.826452 8.526960
0.826679 53.309400
0.826906 7.539680
0.827132 68.983300
0.827359 15.361700
0.827586 9.737410
0.827813 3.692570
0.828040 33.553400
0.828267 24.479900
0.828494 6.660330
0.828721 7.161020
0.828947 27.653300
0.829174 4.739700
0.829401 20.862400
0.829628 19.607600
0.829855 58.288100
0.830082 10.515100
0.830309 30.248600
0.830535 11.266800
0.830762 42.690300
0.830989 32.192300
0.831216 33.025900
0.831443 11.293600
0.831670 8.025750
0.831897 28.410900
0.832123 12.247700
0.832350 3.243110
0.832577 13.908400
0.832804 18.375100
0.833031 16.469700
0.833258 24.296300
0.833485 30.204900
0.833711 14.424300
0.833938 53.647900
0.834165 38.398200
0.834392 13.700200
0.834619 11.236100
0.834846 24.786600
0.835299 34.271000
0.835526 4.170170
0.835753 19.569000
0.835980 7.103370
0.836207 15.202900
0.836434 19.594600
0.836661 26.987700
0.836887 68.962000
0.837114 9.044470
0.837341 33.611000
0.837568 45.787800
0.837795 54.388500
0.838022 19.588100
0.838249 24.173900
0.838475 49.517900
0.838702 28.046100
0.838929 14.761100
0.839156 19.077000
0.839383 65.796500
0.839610 39.238400
0.839837 37.144200
0.840064 7.389620
0.840290 2.088030
0.840517 29.218700
0.840744 6.146750
0.840971 8.402360
0.841198 30.826200
0.841425 14.970500
0.841652 9.305480
0.841878 55.169200
0.842105 5.137030
0.842332 17.132600
0.842559 30.299100
0.842786 24.438400
0.843013 20.082500
0.843240 27.506400
0.843466 17.718900
0.843693 31.744000
0.843920 39.995700
0.844147 14.043300
0.844374 11.614900
0.844601 46.449400
0.844828 5.401880
0.845054 7.799690
0.845281 17.523400
0.845508 7.374220
0.845735 13.347900
0.845962 19.124800
0.846189 16.702000
0.846416 17.712100
0.846642 6.899410
0.846869 10.900500
0.847096 43.415000
0.847323 9.431420
0.847550 29.824500
0.847777 17.270000
0.848004 18.238600
0.848230 41.084000
0.848457 10.109400
0.848684 20.029900
0.848911 16.071700
0.849138 62.665200
0.849365 8.313670
0.849592 19.596600
0.849819 36.303100
0.850045 16.563200
0.850272 27.467300
0.850499 5.875380
0.850726 37.593400
0.850953 80.574500
0.851180 29.477100
0.851407 35.958600
0.851633 13.605700
0.851860 6.540470
0.852087 51.376800
0.852314 13.920200
0.852541 11.907900
0.852768 12.503300
0.852995 24.340100
0.853221 7.420270
0.853448 9.246240
0.853675 8.083040
0.853902 13.763800
0.854129 36.517800
0.854356 85.794200
0.854583 6.962250
0.854809 15.247300
0.855036 4.599200
0.855263 45.162100
0.855490 4.531530
0.855717 16.550700
0.855944 12.090000
0.856171 19.228000
0.856397 14.922500
0.856624 7.702620
0.856851 76.675000
0.857078 10.109200
0.857305 34.806700
0.857532 11.847100
0.857759 8.901620
0.857985 10.249600
0.858212 3.383630
0.858439 22.813200
0.858666 6.307090
0.858893 15.677400
0.859120 39.472900
0.859347 5.538410
0.859574 12.904700
0.859800 59.303000
0.860027 13.494400
0.860254 65.231400
0.860481 13.741800
0.860708 20.957800
0.860935 16.733600
0.861162 10.150900
0.861388 17.585700
0.861615 8.103530
0.861842 43.694300
0.862069 17.094200
0.862296 8.177710
0.862523 15.749700
0.862750 5.225630
0.862976 30.741600
0.863203 9.179820
0.863430 18.748100
0.863657 16.954500
0.863884 41.832600
0.864111 55.287900
0.864338 32.581100
0.864564 64.996700
0.864791 64.451300
0.865018 11.978400
0.865245 15.120800
0.865472 35.412600
0.865699 13.032500
0.865926 1.835490
0.866152 25.631300
0.866379 42.080200
0.866606 43.986800
0.866833 27.500300
0.867060 7.862410
0.867287 29.115500
0.867514 83.638600
0.867740 35.743800
0.867967 20.776700
0.868194 43.075900
0.868421 48.029600
0.868648 16.807900
0.868875 23.619900
0.869102 7.934110
0.869328 23.237000
0.869555 19.052900
0.869782 9.803770
0.870009 14.746000
0.870236 21.883000
0.870463 13.111000
0.870690 58.146800
0.870917 38.159800
0.871143 74.701900
0.871370 51.892900
0.871597 19.956500
0.871824 6.085340
0.872051 16.946000
0.872278 32.550100
0.872505 24.047600
0.872731 4.386160
0.872958 10.301500
0.873185 48.491400
0.873412 5.777120
0.873639 29.127300
0.873866 87.060200
0.874093 24.553400
0.874319 6.450870
0.874546 7.082790
0.874773 9.303460
0.875000 26.239100
0.875227 27.597000
0.875454 7.658980
0.875681 17.969200
0.875907 7.179280
0.876134 3.845060
0.876361 9.460630
0.876588 40.624700
0.876815 48.660400
0.877042 5.862540
0.877269 55.543800
0.877495 24.419600
0.877722 83.927200
0.877949 6.112970
0.878176 12.337300
0.878403 38.503500
0.878630 29.098500
0.878857 20.769800
0.879083 66.590400
0.879310 9.345850
0.879537 43.547600
0.879764 6.238280
0.879991 61.509700
0.880218 35.471300
0.880445 8.085480
0.880672 10.472900
0.880898 39.659400
0.881125 15.697100
0.881352 5.481800
0.881579 33.539400
0.881806 43.716300
0.882033 44.247200
0.882260 19.453600
0.882486 32.707100
0.882713 16.817500
0.882940 24.531100
0.883167 21.458300
0.883394 15.878500
0.883621 14.614200
0.883848 25.820100
0.884074 15.669800
0.884301 8.306400
0.884528 18.404400
0.884755 27.479900
0.884982 20.916900
0.885209 10.106300
0.885436 13.978300
0.885662 12.908100
0.885889 7.521920
0.886116 38.868200
0.886343 9.010100
0.886570 7.856500
0.886797 7.200350
0.887024 17.311800
0.887250 32.576300
0.887477 12.351500
0.887704 23.845400
0.887931 25.883700
0.888158 56.738500
0.888385 6.381820
0.888612 9.413260
0.888838 36.299400
0.889065 5.080420
0.889292 65.286200
0.889519 28.527800
0.889746 14.468800
0.889973 11.937700
0.890200 16.092400
0.890426 60.493800
0.890653 30.204300
0.890880 23.833700
0.891107 6.928430
0.891334 3.326050
0.891561 27.040900
0.891788 5.323550
0.892015 15.648500
0.892241 45.926400
0.892468 24.740000
0.892695 9.112540
0.892922 29.641700
0.893149 52.721500
0.893376 5.613460
0.893603 28.372700
0.893829 2.500110
0.894056 9.996640
0.894283 52.100900
0.894510 22.548600
0.894737 13.815800
0.894964 8.890070
0.895191 15.466000
0.895417 24.954300
0.895644 7.403300
0.895871 17.448500
0.896098 49.353000
0.896325 60.462100
0.896552 16.550600
0.896779 10.542600
0.897005 23.205700
0.897232 33.124500
0.897459 10.086600
0.897686 53.260100
0.897913 20.339300
0.898140 45.731900
0.898367 46.839000
0.898593 16.960300
0.898820 17.239100
0.899047 25.597600
0.899274 32.042800
0.899501 37.555700
0.899728 29.595200
0.899955 15.671700
0.900181 21.319300
0.900408 3.723760
0.900635 11.840700
0.900862 16.825200
0.901089 13.862700
0.901316 17.300600
0.901543 24.592700
0.901770 8.816240
0.901996 18.051600
0.902223 7.200110
0.902450 7.026210
0.902677 14.007600
0.902904 20.258600
0.903131 44.210000
0.903358 3.697720
0.903584 23.861900
0.903811 29.541600
0.904038 47.273300
0.904265 21.400500
0.904492 28.582900
0.904719 60.085200
0.904946 58.812200
0.905172 13.652700
0.905399 4.307140
0.905626 45.904100
0.905853 32.615000
0.906080 16.134500
0.906307 55.124100
0.906534 10.751100
0.906760 34.883200
0.906987 19.941100
0.907214 57.846000
0.907441 34.291900
0.907668 5.540820
0.907895 21.698600
0.908122 34.139100
0.908348 4.841380
0.908575 10.667300
0.908802 19.008500
0.909029 49.252500
0.909256 12.888300
0.909483 5.730430
0.909710 7.821950
0.909936 20.442000
0.910163 10.581100
0.910390 22.972400
0.910617 22.868000
0.910844 35.365100
0.911071 5.403340
0.911298 26.159800
0.911525 3.932780
0.911751 17.489000
0.911978 3.750990
0.912205 9.539100
0.912432 12.737400
0.912659 42.507500
0.912886 21.976000
0.913113 27.864100
0.913339 21.755300
0.913566 49.780700
0.913793 34.913000
0.914020 6.438430
0.914247 23.528700
0.914474 8.299200
0.914701 16.695000
0.914927 16.147700
0.915154 19.781000
0.915381 58.282700
0.915608 14.681900
0.915835 12.676600
0.916062 3.531570
0.916289 4.921760
0.916515 58.432700
0.916742 20.855300
0.916969 88.871900
0.917196 6.732280
0.917423 3.771860
0.917650 34.338300
0.917877 55.421700
0.918103 21.579500
0.918330 15.198400
0.918557 8.577100
0.918784 13.604300
0.919011 68.147000
0.919238 10.749700
0.919465 14.330100
0.919691 25.885100
0.919918 29.601700
0.920145 66.605000
0.920372 91.911600
0.920599 2.619030
0.920826 23.076600
0.921053 26.077500
0.921279 20.794900
0.921506 57.321800
0.921733 42.792400
0.921960 28.034200
0.922187 7.259680
0.922414 47.010300
0.922641 18.233700
0.922868 21.611000
0.923094 71.683600
0.923321 21.687000
0.923548 7.996230
0.923775 27.767400
0.924002 16.758000
0.924229 10.762100
0.924456 62.218500
0.924682 7.405560
0.924909 42.460300
0.925136 15.101800
0.925363 18.605400
0.925590 6.713140
0.925817 41.609100
0.926044 10.096500
0.926270 26.070800
0.926497 7.060730
0.926724 29.099200
0.926951 27.778200
0.927178 80.990800
0.927405 26.575800
0.927632 24.838500
0.927858 35.846200
0.928085 13.497200
0.928312 23.157900
0.928539 12.507700
0.928766 12.096200
0.928993 15.710500
0.929220 96.900000
0.929446 31.111900
0.929673 53.256000
0.929900 8.358160
0.930127 16.604200
0.930354 20.154100
0.930581 7.532200
0.930808 38.908800
0.931034 11.008600
0.931261 17.636100
0.931488 28.882800
0.931715 11.533400
0.931942 68.836700
0.932169 50.734700
0.932396 22.278900
0.932623 9.650820
0.932849 28.286200
0.933076 19.950600
0.933303 1.816700
0.933530 8.915320
0.933757 48.083000
0.933984 4.195330
0.934211 56.437900
0.934437 64.604000
0.934664 9.898610
0.934891 62.370400
0.935118 44.111700
0.935345 6.324900
0.935572 22.786000
0.935799 29.835700
0.936025 1.745450
0.936252 15.296500
0.936479 38.274700
0.936706 24.906900
0.936933 48.892700
0.937160 6.923230
0.937387 15.891300
0.937613 20.844700
0.937840 16.348200
0.938067 13.493900
0.938294 7.639310
0.938521 3.623260
0.938748 2.156490
0.938975 9.814960
0.939201 13.331100
0.939428 27.976100
0.939655 28.415000
0.939882 5.626920
0.940109 5.091970
0.940336 39.995200
0.940563 10.959000
0.940789 6.036880
0.941016 35.833300
0.941243 17.870400
0.941470 32.070600
0.941697 40.739400
0.941924 7.003540
0.942151 6.309530
0.942377 8.067290
0.942604 27.853600
0.942831 6.944280
0.943058 45.420700
0.943285 71.636200
0.943512 29.791200
0.943739 60.020300
0.943966 7.366880
0.944192 13.918200
0.944419 29.267500
0.944646 14.614300
0.944873 12.868800
0.945100 16.922000
0.945327 34.191200
0.945554 58.330000
0.945780 11.100500
0.946007 16.126600
0.946234 22.990000
0.946461 14.935600
0.946688 37.571700
0.946915 82.624300
0.947142 25.909800
0.947368 37.446100
0.947595 41.817700
0.947822 12.874100
0.948049 16.969600
0.948276 58.650400
0.948503 17.451600
0.948730 17.100200
0.948956 27.214000
0.949183 4.682140
0.949410 6.069250
0.949637 29.357100
0.949864 10.754500
0.950091 24.488300
0.950318 8.216510
0.950544 13.642500
0.950771 4.361060
0.950998 8.878160
0.951225 14.006900
0.951452 51.484400
0.951679 16.975700
0.951906 29.927700
0.952132 7.049980
0.952359 15.251600
0.952586 11.178900
0.952813 7.751700
0.953040 28.442200
0.953267 64.552500
0.953494 5.749010
0.953721 20.635700
0.953947 21.344800
0.954174 4.946580
0.954401 15.431600
0.954628 30.856400
0.954855 71.472700
0.955082 24.065900
0.955309 13.502200
0.955535 20.763700
0.955762 84.600100
0.955989 25.206400
0.956216 6.971660
0.956443 7.187540
0.956670 68.045600
0.956897 22.687900
0.957123 65.900700
0.957350 30.856300
0.957577 18.849000
0.957804 35.866800
0.958031 20.025200
0.958258 12.290300
0.958485 3.597100
0.958711 25.546600
0.958938 6.511400
0.959165 7.796530
0.959392 17.250100
0.959619 59.751500
0.959846 60.923200
0.960073 8.804130
0.960299 5.151500
0.960526 35.202900
0.960753 19.903000
0.960980 8.400260
0.961207 26.571600
0.961434 7.644420
0.961661 43.576300
0.961887 25.492400
0.962114 9.264380
0.962341 5.932720
0.962568 23.442000
0.962795 10.208200
0.963022 8.170890
0.963249 44.284600
0.963475 6.708070
0.963702 3.197340
0.963929 32.207300
0.964156 22.084300
0.964383 42.280500
0.964610 43.380400
0.964837 22.169600
0.965064 9.365790
0.965290 89.975500
0.965517 5.097920
0.965744 4.818100
0.965971 56.348900
0.966198 39.316500
0.966425 4.006680
0.966652 8.136690
0.966878 17.012900
0.967105 13.515700
0.967332 32.606800
0.967559 17.263900
0.967786 11.498300
0.968013 11.278300
0.968240 7.970700
0.968466 52.177200
0.968693 55.281600
0.968920 39.719500
0.969147 67.556900
0.969374 7.218550
0.969601 31.471500
0.969828 10.067000
0.970054 15.675700
0.970281 42.175000
0.970508 24.311000
0.970735 22.292300
0.970962 11.224600
0.971189 2.411270
0.971416 51.473900
0.971642 24.288300
0.971869 15.006100
0.972096 40.931400
0.972323 19.848400
0.972550 20.803100
0.972777 59.142400
0.973004 16.732500
0.973230 7.845130
0.973457 78.610700
0.973684 47.050800
0.973911 42.715100
0.974138 32.951700
0.974365 31.644900
0.974592 22.832400
0.974819 1.997590
0.975045 18.922100
0.975272 35.634700
0.975499 18.034700
0.975726 9.746890
0.975953 59.521100
0.976180 43.350000
0.976407 22.951500
0.976633 52.650300
0.976860 29.540300
0.977087 45.365800
0.977314 3.171320
0.977541 8.563960
0.977768 17.245900
0.977995 41.351300
0.978221 6.616950
0.978448 23.188900
0.978675 12.038100
0.978902 18.853000
0.979129 50.646000
0.979356 12.424900
0.979583 12.241100
0.979809 46.760800
0.980036 21.111700
0.980263 7.966700
0.980490 61.596900
0.980717 48.651500
0.980944 6.375620
0.981171 10.017200
0.981397 55.538800
0.981624 21.128900
0.981851 19.411100
0.982078 15.040600
0.982305 89.202100
0.982532 39.589100
0.982759 1.816810
0.982985 9.256200
0.983212 9.742670
0.983439 37.813700
0.983666 69.012500
0.983893 5.609720
0.984120 6.236050
0.984347 17.394300
0.984574 9.152770
0.984800 52.073600
0.985027 32.667700
0.985254 38.311900
0.985481 4.567350
0.985708 33.170500
0.985935 11.180900
0.986162 36.946200
0.986388 22.059900
0.986615 57.655000
0.986842 18.275400
0.987069 34.026100
0.987296 22.074300
0.987523 9.182410
0.987750 9.061580
0.987976 8.711790
0.988203 18.390500
0.988430 8.281240
0.988657 18.088400
0.988884 17.757300
0.989111 9.850430
0.989338 7.270920
0.989564 29.899900
0.989791 18.604900
0.990018 9.196500
0.990245 15.820900
0.990472 53.787000
0.990699 11.063500
0.990926 12.075500
0.991152 13.667700
0.991379 5.901680
0.991606 15.607100
0.991833 9.568320
0.992060 8.130520
0.992287 24.686700
0.992514 8.689340
0.992740 28.373600
0.992967 8.053440
0.993194 2.938250
0.993421 9.514190
0.993648 7.211310
0.993875 7.813630
0.994102 62.451100
0.994328 9.821750
0.994555 45.586200
0.994782 16.137800
0.995009 31.093800
0.995236 7.701930
0.995463 18.165700
0.995690 24.462600
0.995917 20.359300
0.996143 42.161500
0.996370 6.779700
0.996597 31.242000
0.996824 7.151920
0.997051 35.354000
0.997278 22.802900
0.997505 14.108900
0.997731 5.842880
0.997958 60.475600
0.998185 42.197300
0.998412 14.557200
0.998639 14.827800
0.998866 22.903900
0.999093 17.208900
0.999319 20.049600
0.999546 24.667100
0.999773 9.813090
1.000000 5.377930
