0.000756 14.042200
0.001512 5.435500
0.002268 4.840510
0.003023 31.396800
0.003779 18.247000
0.004535 14.474600
0.005291 47.137800
0.006047 4.411460
0.006803 6.735050
0.007559 12.928400
0.008314 32.866800
0.009070 3.631750
0.009826 4.349010
0.010582 12.429200
0.011338 46.208700
0.012094 37.939600
0.012850 7.446010
0.013605 19.636700
0.014361 11.553600
0.015117 7.465620
0.015873 38.482300
0.016629 43.974400
0.017385 9.868730
0.018141 75.313900
0.020408 9.958660
0.021164 6.360500
0.021920 4.298430
0.022676 52.535000
0.023432 50.096800
0.024187 12.661100
0.024943 8.781610
0.025699 18.215600
0.027967 67.417800
0.028723 24.800400
0.029478 8.637730
0.030234 45.018700
0.030990 9.283690
0.031746 17.599800
0.032502 63.829000
0.048375 9.691900
0.049131 41.172900
0.049887 5.293590
0.050642 7.119030
0.051398 8.850200
0.071807 8.389800
0.072562 26.432600
0.073318 3.383780
0.074074 71.329700
0.074830 31.658000
0.075586 6.126510
0.076342 29.246500
0.077098 5.509390
0.077853 12.984300
0.078609 9.466530
0.079365 34.373200
0.080121 23.218400
0.080877 57.391700
0.081633 7.910030
0.082389 49.305100
0.083144 1.863200
0.083900 33.573200
0.084656 8.180160
0.085412 13.296600
0.086168 7.301150
0.086924 18.580100
0.087680 11.537700
0.088435 4.588500
0.089191 11.283300
0.089947 24.028800
0.090703 12.541600
0.091459 48.815000
0.092215 28.099100
0.092971 20.922100
0.093726 27.602700
0.094482 30.553800
0.095238 76.821100
0.095994 42.139700
0.096750 37.415900
0.097506 23.287100
0.098262 7.101550
0.099017 37.786600
0.099773 7.579210
0.100529 8.798310
0.101285 31.812000
0.102041 17.593200
0.102797 23.111900
0.103553 10.490600
0.104308 19.888700
0.105064 6.209770
0.105820 29.166300
0.106576 45.278500
0.107332 40.570300
0.108088 68.385900
0.108844 25.932700
0.109599 15.390300
0.110355 37.063300
0.111111 17.422500
0.111867 83.797000
0.113379 69.529000
0.114135 29.956200
0.114890 17.531500
0.115646 32.044600
0.116402 37.005900
0.117158 16.902200
0.117914 5.490510
0.118670 16.614400
0.119426 9.039590
0.120181 8.415370
0.120937 22.594600
0.121693 36.340500
0.122449 42.245000
0.123205 4.856890
0.123961 4.276740
0.124717 36.558900
0.125472 69.269400
0.126228 12.002600
0.126984 14.230100
0.127740 25.178400
0.128496 50.577300
0.129252 28.109700
0.130008 29.324300
0.130763 21.679700
0.131519 16.127800
0.132275 47.911800
0.133031 39.956800
0.133787 6.636710
0.134543 14.992400
0.135299 11.345100
0.136054 41.648800
0.136810 7.810080
0.137566 14.452500
0.138322 16.654300
0.139078 47.786600
0.139834 11.588400
0.140590 4.791910
0.141345 61.104800
0.142101 39.443600
0.142857 39.071600
0.143613 15.679400
0.144369 8.059340
0.145125 22.947400
0.145881 25.617900
0.146636 4.063050
0.147392 12.646700
0.148148 26.990900
0.148904 7.830560
0.149660 53.530400
0.150416 7.923260
0.151172 6.311480
0.151927 12.251200
0.152683 4.508350
0.153439 11.547400
0.154195 53.154200
0.154951 45.206700
0.155707 20.449200
0.156463 14.924900
0.157218 66.694700
0.157974 9.579100
0.158730 31.784900
0.159486 42.455700
0.160242 18.641100
0.160998 77.948100
0.161754 30.253900
0.162509 2.280970
0.163265 73.209100
0.164021 7.301530
0.164777 27.203600
0.165533 20.648300
0.166289 24.662000
0.167045 58.940700
0.167800 68.551200
0.168556 3.931870
0.169312 46.741100
0.170068 22.218500
0.170824 30.366800
0.171580 57.782100
0.172336 6.909400
0.173091 20.256000
0.173847 9.477100
0.174603 12.135900
0.175359 26.591300
0.176115 14.946300
0.176871 7.381460
0.177627 67.722700
0.178382 22.823400
0.179138 11.402400
0.179894 41.036700
0.180650 61.485800
0.181406 7.325540
0.182162 26.355900
0.182918 3.788950
0.183673 38.193900
0.184429 3.273020
0.185185 8.114000
0.185941 18.603800
0.186697 18.415200
0.187453 32.963700
0.188209 24.600500
0.188964 27.283100
0.189720 46.630500
0.190476 25.869300
0.191232 37.117200
0.191988 14.334100
0.192744 28.888700
0.193500 7.325670
0.194255 7.040690
0.195011 62.463000
0.195767 13.602200
0.196523 44.729400
0.197279 6.908570
0.198035 8.253030
0.198791 13.128000
0.199546 18.049300
0.200302 22.536200
0.201058 4.778740
0.201814 23.907400
0.202570 7.517690
0.203326 39.526100
0.204082 55.933100
0.204837 4.910000
0.205593 19.081600
0.206349 8.189050
0.207105 61.066600
0.207861 7.011060
0.208617 6.781940
0.209373 23.709300
0.210128 23.482100
0.210884 40.521000
0.211640 2.240020
0.212396 17.483200
0.213152 16.464500
0.213908 33.188700
0.214664 26.892600
0.215420 69.573100
0.216175 69.238800
0.216931 66.460200
0.217687 9.985180
0.218443 41.945100
0.219199 6.776500
0.219955 4.051950
0.220711 7.762510
0.221466 31.167100
0.222222 23.637800
0.222978 26.648400
0.223734 5.819440
0.224490 26.150600
0.225246 22.252200
0.226002 33.351900
0.226757 13.032300
0.227513 32.777400
0.228269 37.172400
0.229025 10.847600
0.229781 13.888900
0.230537 39.316500
0.231293 14.044100
0.232048 24.332100
0.232804 17.392600
0.233560 10.750000
0.234316 4.234900
0.235072 11.392500
0.235828 25.649200
0.236584 22.359800
0.237339 9.657690
0.238095 50.634700
0.238851 33.671900
0.239607 7.854210
0.240363 30.071200
0.241119 26.260000
0.241875 8.249190
0.242630 8.166700
0.243386 15.568200
0.244142 39.368500
0.244898 19.678900
0.245654 4.496120
0.246410 23.387800
0.247166 51.008500
0.247921 46.848000
0.248677 11.115900
0.249433 31.681800
0.250189 27.836200
0.250945 5.369870
0.251701 10.706400
0.252457 5.748630
0.253212 5.002840
0.253968 23.235600
0.254724 5.366730
0.255480 39.786900
0.256236 7.657480
0.256992 16.095300
0.257748 17.285300
0.258503 50.305700
0.259259 7.102820
0.260015 61.907700
0.260771 62.215000
0.261527 20.363100
0.262283 77.218700
0.263039 3.340090
0.263794 22.934200
0.264550 10.063000
0.265306 4.381400
0.266062 32.644900
0.266818 24.064400
0.267574 8.159020
0.268330 20.336800
0.269085 48.847400
0.269841 50.488000
0.270597 26.947200
0.271353 17.713300
0.272109 65.571800
0.272865 9.136470
0.273621 5.415750
0.274376 5.610170
0.278912 58.116000
0.279667 6.958710
0.280423 5.201140
0.281179 51.637600
0.281935 31.429400
0.282691 54.272600
0.283447 60.615900
0.284203 34.801600
0.284958 5.523090
0.285714 14.281600
0.286470 14.771100
0.287226 10.134900
0.287982 23.330500
0.288738 4.699570
0.289494 6.330660
0.290249 68.770200
0.291005 4.057370
0.291761 10.454500
0.292517 23.678400
0.293273 59.385800
0.294029 33.746500
0.294785 34.192500
0.295540 66.082400
0.296296 8.841680
0.297052 28.189300
0.297808 64.342700
0.298564 25.217100
0.299320 4.883100
0.300076 29.381600
0.300831 34.297600
0.301587 8.987290
0.302343 27.504000
0.303099 52.045100
0.303855 53.464800
0.304611 29.070400
0.305367 8.043570
0.306122 53.365200
0.306878 25.278100
0.307634 21.002000
0.308390 35.265200
0.309902 11.312900
0.310658 8.357440
0.311413 9.424940
0.312169 36.905700
0.312925 13.573000
0.313681 56.073600
0.314437 4.609430
0.315193 8.576680
0.315949 21.517700
0.316704 29.144100
0.317460 19.009900
0.318216 30.874100
0.318972 39.655300
0.319728 22.837100
0.320484 15.477800
0.321240 22.770600
0.321995 10.789800
0.322751 19.923100
0.323507 3.120100
0.324263 17.839100
0.325019 7.673620
0.325775 9.868070
0.326531 6.344470
0.333333 59.483000
0.334089 29.909500
0.334845 22.461100
0.335601 5.379200
0.336357 31.750600
0.337113 42.217300
0.337868 9.309910
0.338624 9.971030
0.339380 7.407840
0.340136 14.716000
0.340892 37.289600
0.341648 77.820700
0.342404 9.664820
0.343159 57.545300
0.343915 51.193600
0.344671 20.365000
0.345427 19.069000
0.346183 7.753790
0.346939 10.190600
0.347695 34.904900
0.348450 10.307800
0.349206 7.708580
0.349962 35.031600
0.350718 36.421100
0.351474 11.129700
0.352230 47.190700
0.352986 21.944400
0.353741 7.596810
0.354497 8.365170
0.355253 64.470300
0.356009 35.982500
0.356765 12.017800
0.357521 7.914310
0.358277 27.435400
0.359033 24.983600
0.359788 10.295600
0.360544 5.766310
0.361300 49.645000
0.362056 46.583500
0.362812 6.663000
0.363568 10.579000
0.364324 65.569600
0.365079 6.005670
0.365835 10.889500
0.366591 26.933500
0.367347 38.039800
0.368103 62.065600
0.368859 26.421200
0.369615 5.655180
0.370370 10.954400
0.371126 20.406100
0.371882 21.587800
0.372638 26.505500
0.373394 12.490800
0.374150 5.043950
0.374906 23.641600
0.375661 38.993700
0.376417 9.805800
0.377173 10.409600
0.377929 29.894000
0.378685 7.975540
0.379441 6.661310
0.380197 20.545200
0.380952 5.048510
0.381708 6.738440
0.382464 70.670700
0.383220 17.086500
0.383976 4.713020
0.384732 22.931600
0.385488 84.911900
0.386243 6.682240
0.386999 40.602100
0.387755 30.883100
0.388511 12.912800
0.389267 9.957240
0.390023 12.331900
0.390779 13.323500
0.391534 41.228800
0.392290 19.504300
0.393046 7.451910
0.393802 14.454800
0.394558 18.616900
0.395314 27.472100
0.396070 51.653300
0.396825 34.424700
0.397581 40.556000
0.398337 50.181100
0.399093 19.117200
0.399849 41.294900
0.400605 20.696000
0.401361 6.867500
0.402116 13.121700
0.402872 4.503470
0.403628 7.708370
0.404384 16.884400
0.405140 4.343350
0.405896 12.143100
0.406652 7.190160
0.407407 18.362400
0.408163 7.585710
0.408919 19.158600
0.409675 6.962650
0.410431 4.488920
0.411187 5.196070
0.411943 16.737100
0.412698 11.293700
0.413454 60.077900
0.414210 31.049100
0.414966 22.696900
0.417234 8.324900
0.417989 1.196780
0.418745 39.804500
0.419501 13.801600
0.420257 23.670000
0.421013 15.481700
0.421769 3.729390
0.422525 24.063200
0.423280 9.515280
0.424036 7.031110
0.424792 20.366900
0.425548 23.520500
0.426304 15.600900
0.427060 27.527100
0.427816 32.124000
0.428571 28.376300
0.429327 46.204700
0.430083 27.259800
0.430839 46.100200
0.431595 25.713800
0.432351 17.834000
0.433107 28.496600
0.433862 18.375100
0.434618 41.086700
0.435374 84.697000
0.436130 7.802120
0.436886 6.587670
0.437642 26.305200
0.438398 35.796200
0.439153 10.087000
0.439909 23.675600
0.440665 27.522300
0.441421 17.891300
0.442177 37.637900
0.442933 25.414000
0.443689 49.577100
0.444444 8.436450
0.445200 5.337910
0.445956 12.745400
0.446712 24.311900
0.447468 11.548800
0.448224 7.186080
0.448980 9.555490
0.449735 11.477400
0.450491 9.648880
0.451247 50.863900
0.452003 47.989500
0.452759 16.774000
0.453515 65.350800
0.454271 12.708200
0.455026 8.049070
0.455782 7.048700
0.456538 12.187000
0.457294 31.902200
0.458050 2.010300
0.458806 15.980300
0.459562 28.959700
0.460317 6.198910
0.461073 8.544760
0.461829 19.118200
0.462585 20.686800
0.463341 52.945200
0.464097 18.985500
0.464853 24.878800
0.465608 9.649080
0.466364 34.512500
0.467120 24.469600
0.467876 7.065950
0.468632 37.743400
0.469388 5.661060
0.470144 53.440900
0.470899 23.709900
0.471655 36.109200
0.472411 17.875900
0.473167 14.828100
0.473923 25.507600
0.474679 82.245700
0.475435 59.109100
0.476190 4.880190
0.476946 37.992900
0.477702 23.039500
0.478458 32.498100
0.479214 12.846400
0.479970 36.215000
0.480726 31.377800
0.481481 16.448800
0.482237 6.719300
0.482993 81.428800
0.483749 62.405100
0.484505 26.662300
0.485261 8.617270
0.486017 38.802300
0.486772 41.386900
0.487528 8.347380
0.488284 56.718100
0.489040 21.906400
0.489796 42.768800
0.490552 4.926620
0.491308 6.852390
0.492063 33.225400
0.492819 25.636800
0.493575 21.541700
0.494331 34.678900
0.495087 19.059400
0.495843 15.837300
0.496599 1.775310
0.497354 15.681800
0.498110 46.307900
0.498866 36.187400
0.499622 10.085100
0.500378 24.117300
0.501134 4.936290
0.501890 19.352400
0.502646 41.478600
0.503401 60.616800
0.504157 8.342610
0.504913 20.068000
0.505669 35.090300
0.506425 43.825800
0.507181 24.053200
0.507937 42.721600
0.508692 23.361400
0.509448 4.822630
0.510204 14.713500
0.510960 26.845900
0.511716 5.977620
0.512472 4.442900
0.513228 17.486500
0.513983 6.136610
0.514739 7.271570
0.515495 8.989440
0.516251 15.788900
0.517007 80.940200
0.517763 33.119900
0.518519 6.719540
0.519274 4.983690
0.520030 5.689900
0.520786 31.955400
0.521542 9.276380
0.522298 8.455820
0.523054 3.220440
0.523810 7.223410
0.524565 15.790700
0.525321 20.396900
0.526077 21.740300
0.526833 4.681410
0.527589 29.543000
0.528345 27.427100
0.529101 21.322500
0.529856 14.775000
0.530612 8.133470
0.531368 12.496500
0.532124 67.121200
0.532880 24.296500
0.533636 10.069500
0.534392 7.700340
0.535147 1.742660
0.535903 41.751800
0.536659 4.392910
0.537415 27.800800
0.538171 34.002900
0.538927 39.191000
0.539683 28.945500
0.540438 21.958000
0.541194 16.844900
0.541950 10.671400
0.542706 15.749900
0.543462 9.378240
0.544218 28.196200
0.544974 32.170900
0.545729 37.645900
0.546485 13.715300
0.547241 39.759500
0.547997 26.177700
0.548753 33.126800
0.549509 21.681200
0.550265 3.421350
0.551020 7.454270
0.551776 50.748600
0.552532 5.716690
0.553288 13.815800
0.554044 29.529600
0.554800 17.404000
0.555556 6.393430
0.556311 8.693350
0.557067 36.191600
0.557823 60.030800
0.558579 64.697900
0.559335 22.310200
0.560091 40.842900
0.560847 17.595000
0.561602 5.899000
0.562358 54.897800
0.563114 7.961970
0.563870 52.429300
0.564626 1.797930
0.565382 22.748500
0.566138 5.413790
0.566893 37.362400
0.567649 14.636100
0.568405 62.290600
0.569161 3.653920
0.569917 8.685580
0.570673 6.045120
0.571429 13.815300
0.572184 9.695700
0.572940 85.060200
0.573696 8.552060
0.574452 17.193000
0.575208 31.332600
0.575964 7.625320
0.576720 4.497750
0.577475 14.870300
0.578231 22.621300
0.578987 10.644700
0.579743 47.747200
0.580499 8.879690
0.581255 9.030470
0.582011 48.010400
0.582766 71.816000
0.583522 19.794200
0.584278 20.064200
0.585034 6.818120
0.585790 5.445970
0.586546 17.456000
0.587302 25.413900
0.588057 33.759400
0.588813 7.481530
0.589569 20.069800
0.590325 8.123550
0.591081 9.337380
0.591837 5.713930
0.592593 5.428220
0.593348 25.431300
0.594104 33.067700
0.594860 28.736200
0.595616 25.946400
0.596372 3.411040
0.597128 14.794800
0.597884 7.497310
0.598639 53.954900
0.599395 1.592620
0.600151 41.187100
0.600907 59.573900
0.601663 9.020390
0.602419 12.031200
0.603175 7.803040
0.603930 40.748700
0.604686 4.844530
0.605442 12.181500
0.606198 23.767000
0.606954 14.300700
0.607710 6.192270
0.608466 45.611700
0.609221 25.864700
0.609977 56.375000
0.610733 14.092800
0.611489 48.385900
0.612245 4.461280
0.613001 33.992000
0.613757 7.220120
0.614512 62.666800
0.615268 29.500900
0.616024 12.369100
0.616780 18.504800
0.617536 20.637900
0.618292 28.404400
0.619048 24.869300
0.619803 4.621460
0.620559 21.984700
0.621315 32.136300
0.622071 14.010000
0.622827 25.124400
0.623583 53.343500
0.624339 6.696470
0.625094 36.949300
0.625850 90.450500
0.626606 41.008500
0.627362 55.333700
0.628118 7.024450
0.628874 27.626600
0.629630 23.428700
0.630385 4.883610
0.631141 29.236600
0.631897 20.137300
0.632653 4.218760
0.633409 8.800670
0.634165 20.097000
0.634921 13.154900
0.635676 6.410720
0.636432 9.850850
0.637188 43.700600
0.637944 9.707190
0.638700 43.562100
0.639456 5.271170
0.640212 9.062320
0.640967 4.022430
0.641723 10.591900
0.642479 2.007160
0.643235 22.056300
0.643991 69.450200
0.644747 29.683700
0.645503 11.432900
0.646259 66.526700
0.647014 7.544250
0.647770 44.549100
0.648526 5.089230
0.649282 10.590800
0.650038 11.187800
0.650794 16.126900
0.651550 44.361600
0.652305 11.432600
0.653061 39.150200
0.653817 53.837900
0.654573 48.917100
0.655329 13.962000
0.656085 8.063920
0.656841 17.586600
0.657596 21.713600
0.658352 64.764500
0.659108 74.720800
0.659864 96.866300
0.660620 8.532180
0.661376 31.330900
0.662132 4.351150
0.662887 7.169120
0.663643 26.785100
0.664399 9.520140
0.665155 40.751300
0.665911 4.771360
0.666667 53.845200
0.667423 10.025200
0.668178 12.908100
0.668934 4.549980
0.669690 47.429400
0.670446 19.730700
0.671202 54.794600
0.671958 11.152200
0.672714 32.648900
0.673469 28.600800
0.674225 7.853890
0.674981 48.564200
0.675737 7.653360
0.676493 16.585300
0.677249 41.373900
0.678005 64.454300
0.678760 16.982000
0.679516 21.775500
0.680272 19.131600
0.681028 13.367700
0.681784 6.572240
0.682540 32.736600
0.683296 82.479400
0.684051 1.910540
0.684807 33.592600
0.685563 21.450600
0.686319 21.232400
0.687075 13.328200
0.687831 9.882460
0.688587 11.788400
0.689342 9.248630
0.690098 4.424180
0.690854 42.965100
0.691610 33.060300
0.692366 6.460020
0.693122 48.540600
0.693878 2.744260
0.694633 22.598700
0.695389 6.905940
0.696145 43.114400
0.696901 5.680060
0.697657 6.260080
0.698413 64.345300
0.699169 26.640100
0.699924 43.256900
0.700680 12.801100
0.701436 2.446310
0.702192 26.580400
0.702948 4.764750
0.703704 8.540990
0.704460 23.110700
0.705215 19.844500
0.705971 29.754800
0.706727 39.110800
0.707483 4.902790
0.708239 17.125500
0.708995 11.114000
0.709751 37.803500
0.710506 9.465710
0.711262 8.515250
0.712018 18.131000
0.712774 51.295200
0.713530 23.724500
0.714286 10.214800
0.715042 14.336500
0.715797 45.328900
0.716553 4.917220
0.717309 15.817300
0.718065 11.498200
0.718821 67.468400
0.719577 8.818620
0.720333 44.460200
0.721088 18.231600
0.721844 58.561700
0.722600 25.941500
0.723356 5.378390
0.724112 5.602790
0.724868 11.470200
0.725624 7.062290
0.726379 21.433700
0.727135 52.953200
0.727891 10.273400
0.728647 28.458000
0.729403 61.437300
0.730159 18.301800
0.730915 14.745500
0.731670 23.522500
0.732426 82.769000
0.733182 26.655700
0.733938 51.878500
0.734694 11.842200
0.735450 15.722400
0.736206 40.067700
0.736961 6.387590
0.737717 7.453810
0.738473 17.403900
0.739229 23.759000
0.739985 12.840500
0.740741 71.532500
0.741497 2.464620
0.742252 11.234700
0.743008 7.476330
0.743764 6.823580
0.744520 8.528030
0.746032 9.509200
0.746788 14.696800
0.747543 29.017200
0.748299 9.350570
0.749055 15.117600
0.749811 12.911000
0.750567 33.460100
0.751323 71.134600
0.752079 32.029600
0.752834 54.690500
0.753590 8.563910
0.754346 4.943540
0.755102 35.808800
0.755858 63.380800
0.756614 8.078780
0.757370 5.195530
0.758125 30.390400
0.758881 12.094900
0.759637 34.943400
0.760393 23.649800
0.761149 8.183610
0.761905 6.760660
0.762661 16.519500
0.763416 42.832800
0.764172 73.217000
0.764928 21.151000
0.765684 7.650970
0.766440 33.343600
0.767196 30.711400
0.767952 43.813600
0.768707 14.113800
0.769463 57.946100
0.770219 11.352700
0.770975 16.975700
0.771731 13.277300
0.772487 13.903700
0.773243 17.489900
0.773998 37.257600
0.774754 51.391800
0.775510 17.775200
0.776266 3.827340
0.777022 19.762500
0.777778 22.992300
0.778534 22.813400
0.779289 19.777000
0.780045 19.590200
0.780801 40.884500
0.781557 3.518250
0.782313 11.785600
0.783069 16.342800
0.783825 8.166950
0.784580 13.383200
0.785336 33.105700
0.786092 58.235500
0.786848 7.980500
0.787604 5.363030
0.788360 45.909600
0.789116 31.069400
0.789872 9.771540
0.790627 8.776500
0.791383 39.570000
0.792139 10.157900
0.792895 26.331800
0.793651 11.216900
0.794407 59.016000
0.795163 7.672170
0.795918 39.135600
0.796674 17.068900
0.797430 22.918000
0.798186 22.811500
0.798942 32.017400
0.799698 5.002030
0.800454 13.014500
0.801209 37.411300
0.801965 63.321600
0.802721 48.748300
0.803477 25.080400
0.804233 17.521200
0.804989 18.329500
0.805745 22.092700
0.806500 6.489190
0.807256 31.510600
0.808012 35.371400
0.808768 19.168600
0.809524 29.124100
0.810280 4.902840
0.811036 22.022100
0.811791 12.593600
0.812547 8.262230
0.813303 40.901600
0.814059 8.655840
0.814815 6.576000
0.815571 56.487600
0.816327 19.365200
0.817082 75.821300
0.817838 1.363300
0.818594 4.170620
0.819350 8.696150
0.820106 71.002500
0.820862 17.099200
0.821618 6.552470
0.822373 43.477700
0.823129 19.717600
0.823885 24.435100
0.824641 39.828700
0.825397 4.719020
0.826153 50.697000
0.826909 62.656000
0.827664 12.182100
0.828420 43.226700
0.829176 32.581000
0.829932 7.634400
0.830688 6.262530
0.831444 48.496100
0.832200 18.134000
0.832955 11.396400
0.833711 14.290200
0.834467 29.259000
0.835223 9.028210
0.835979 52.572800
0.836735 6.090890
0.837491 15.839800
0.838246 8.991060
0.839002 20.176100
0.839758 45.930400
0.840514 87.139000
0.841270 4.768120
0.842026 40.211100
0.842782 17.574800
0.843537 12.198500
0.844293 7.287870
0.845049 26.454300
0.845805 8.062950
0.846561 43.832900
0.847317 28.324100
0.848073 20.724700
0.848828 23.052600
0.849584 66.425100
0.850340 28.939200
0.851096 55.465700
0.851852 9.621300
0.852608 7.702680
0.853364 22.317000
0.854119 27.788600
0.854875 42.789800
0.855631 5.197200
0.856387 14.956100
0.857143 26.811300
0.857899 65.518900
0.858655 11.449600
0.859410 5.424610
0.860166 29.767600
0.860922 21.416000
0.861678 89.819000
0.862434 38.522400
0.863190 16.624700
0.863946 37.089300
0.864701 14.412800
0.865457 33.883200
0.866213 6.860820
0.866969 21.439500
0.867725 9.461290
0.868481 9.628910
0.869237 55.481100
0.869992 6.353260
0.870748 42.001600
0.871504 21.349100
0.872260 10.236600
0.873016 12.156900
0.873772 9.083390
0.874528 8.211460
0.875283 5.696010
0.876039 15.779800
0.876795 12.336900
0.877551 6.535520
0.878307 4.974430
0.879063 51.057300
0.879819 5.028230
0.880574 14.680300
0.881330 55.157900
0.882086 5.826860
0.882842 10.748900
0.883598 26.795300
0.884354 12.831600
0.885110 14.356600
0.885865 8.503400
0.886621 20.416100
0.887377 9.562580
0.888133 47.446300
0.888889 30.655900
0.889645 16.647000
0.890401 65.835900
0.891156 43.090600
0.891912 1.710780
0.892668 5.788420
0.893424 24.813300
0.894180 43.586100
0.894936 13.719000
0.895692 24.338800
0.896447 12.453900
0.897203 6.999020
0.897959 24.728700
0.898715 25.119200
0.899471 42.365100
0.900227 17.692400
0.900983 6.702170
0.901738 32.165600
0.902494 43.872900
0.903250 9.000670
0.904006 15.252800
0.904762 22.771900
0.905518 16.255400
0.906274 62.840300
0.907029 34.131300
0.907785 15.653300
0.908541 17.843600
0.909297 19.923000
0.910053 35.786400
0.910809 17.527300
0.911565 16.280300
0.912320 15.118700
0.913076 18.698900
0.913832 33.187400
0.914588 69.886600
0.915344 85.839400
0.916100 42.137300
0.916856 43.449600
0.917611 69.452100
0.918367 43.465400
0.919123 48.468100
0.919879 84.971800
0.920635 6.410520
0.921391 13.100100
0.922147 48.779300
0.922902 33.534100
0.923658 34.042100
0.924414 1.842760
0.925170 27.999300
0.925926 8.142170
0.926682 56.182200
0.927438 9.110020
0.928193 15.983900
0.928949 42.879600
0.929705 18.438500
0.930461 54.801500
0.931217 58.830300
0.931973 30.904900
0.932729 7.735490
0.933485 25.016600
0.934240 7.244870
0.934996 8.251830
0.935752 18.939200
0.936508 36.127200
0.937264 22.531100
0.938020 7.480230
0.938776 5.266120
0.939531 14.580700
0.940287 12.415900
0.941043 8.048870
0.941799 12.235700
0.942555 25.378700
0.943311 9.989000
0.944067 27.165000
0.944822 33.514200
0.945578 16.304200
0.946334 1.702630
0.947090 27.466400
0.947846 45.971500
0.948602 57.007000
0.949358 67.961900
0.950113 2.837150
0.950869 43.873700
0.951625 75.373600
0.952381 46.913400
0.953137 5.251560
0.953893 39.458900
0.954649 71.670400
0.955404 34.125200
0.956160 18.673500
0.956916 16.889800
0.957672 8.555830
0.958428 27.876700
0.959184 17.973600
0.959940 11.779800
0.960695 34.178000
0.961451 11.881600
0.962207 29.149500
0.962963 5.742780
0.963719 43.327900
0.964475 17.246500
0.965231 8.541240
0.965986 64.997800
0.966742 20.696500
0.967498 18.494600
0.968254 22.637500
0.969010 51.830700
0.969766 28.900200
0.970522 12.217800
0.971277 32.472600
0.972033 6.625720
0.972789 36.434100
0.973545 29.109900
0.974301 65.863300
0.975057 7.822910
0.975813 75.080100
0.976568 10.020700
0.977324 5.675880
0.978080 52.986300
0.978836 7.734280
0.979592 58.697400
0.980348 8.892450
0.981104 20.356400
0.981859 21.685200
0.982615 1.812270
0.983371 14.935500
0.984127 1.657340
0.984883 4.210780
0.985639 7.078590
0.986395 48.400000
0.987150 34.813600
0.987906 7.753120
0.988662 51.413100
0.989418 14.200900
0.990174 4.435590
0.990930 24.018300
0.991686 36.790400
0.992441 16.212600
0.993197 16.728700
0.993953 31.344000
0.994709 25.453200
0.995465 6.847630
0.996221 20.605000
0.996977 2.316680
0.997732 1.710430
0.998488 2.738730
0.999244 28.806600
1.000000 4.335700
