0.000304 8.761960
0.000608 63.362800
0.000912 22.650500
0.001216 2.572500
0.001520 25.752700
0.001824 47.967600
0.002128 32.930400
0.002432 8.618000
0.013986 9.691900
0.014290 15.502300
0.014594 8.889480
0.014898 17.974000
0.015202 49.383400
0.015810 11.504500
0.016114 27.700900
0.016418 13.953200
0.016722 4.382420
0.017026 6.825880
0.017330 58.934900
0.017635 19.159000
0.017939 16.586600
0.018243 9.492870
0.018547 79.864300
0.018851 80.227600
0.019155 7.255080
0.019459 24.467900
0.019763 5.034130
0.023715 58.116000
0.024019 15.743200
0.024324 38.480800
0.024628 46.588100
0.024932 10.827700
0.025236 74.559700
0.025540 9.994630
0.025844 26.111500
0.026148 18.664600
0.026452 6.619960
0.026756 16.147400
0.027364 17.580100
0.027668 24.764700
0.027972 62.961200
0.028276 53.471100
0.028580 66.268800
0.028884 74.179100
0.029188 14.288800
0.029492 3.279710
0.029796 57.762100
0.030100 6.525430
0.030404 57.582000
0.030708 3.565760
0.031012 8.203210
0.031317 43.012300
0.031621 16.387600
0.031925 44.238800
0.032229 11.494400
0.032533 25.668800
0.032837 46.694200
0.050471 8.389800
0.050775 62.437800
0.051079 17.011800
0.051383 9.759630
0.051687 38.978000
0.051991 5.984290
0.052296 20.259300
0.052600 5.653900
0.052904 14.556500
0.053208 3.725450
0.053512 34.855000
0.053816 26.017200
0.054120 5.892660
0.054424 8.161290
0.054728 18.862900
0.055032 41.013200
0.055336 48.069000
0.055640 51.056600
0.055944 14.334000
0.056248 10.689900
0.056552 6.195150
0.056856 10.360500
0.062937 59.483000
0.063241 65.504900
0.063545 7.073770
0.063849 23.599800
0.064153 58.516900
0.064457 40.289300
0.064761 5.004070
0.065065 22.263900
0.065369 8.254920
0.065673 19.532900
0.065978 11.480500
0.066282 29.507100
0.066586 1.666770
0.066890 6.711810
0.067194 12.523900
0.067498 32.990900
0.070234 67.417800
0.070538 6.919850
0.070842 52.729500
0.071146 2.964720
0.071450 63.265700
0.071754 5.853420
0.072058 22.698300
0.072362 69.181500
0.072666 7.597470
0.072971 25.964600
0.073275 7.934140
0.073579 67.539800
0.073883 10.161200
0.074187 28.895900
0.074491 27.214000
0.074795 9.621300
0.075099 21.603600
0.075403 38.655300
0.075707 21.023600
0.076011 9.285390
0.076315 8.755250
0.076619 9.505860
0.076923 12.218500
0.077227 43.770700
0.077531 31.373300
0.077835 8.769720
0.078139 14.007600
0.078443 45.718800
0.078747 6.128800
0.079051 6.996070
0.079355 27.126500
0.079659 60.987500
0.079964 21.955000
0.080268 26.682300
0.080572 4.634620
0.080876 3.927040
0.081180 5.655110
0.081484 4.105900
0.081788 3.878050
0.082092 21.841600
0.082396 30.921200
0.082700 5.138530
0.083004 25.705600
0.083308 54.761300
0.083612 8.804620
0.083916 9.944800
0.084220 22.874900
0.084524 20.122700
0.084828 5.588880
0.085132 8.414320
0.085436 62.750200
0.085740 66.093400
0.086044 7.177210
0.086348 9.482820
0.086652 8.564470
0.086957 22.007400
0.087261 38.069500
0.087565 13.248500
0.087869 18.414300
0.088173 5.320310
0.088477 11.774600
0.088781 61.184400
0.089085 29.271700
0.089389 3.116980
0.089693 7.609580
0.089997 7.208380
0.090301 34.317000
0.090605 20.370100
0.090909 20.228300
0.091213 39.966500
0.091517 23.540000
0.093341 9.805800
0.093645 12.107100
0.093950 15.798000
0.094254 67.023700
0.094558 6.592360
0.094862 10.501500
0.095166 8.873010
0.095470 16.433500
0.095774 32.375400
0.096078 28.403300
0.096382 20.813900
0.096686 55.014000
0.096990 42.632800
0.097294 23.538700
0.097598 19.101700
0.097902 4.154140
0.098206 30.931700
0.098510 39.469700
0.098814 83.982600
0.099118 7.223270
0.099422 7.132060
0.099726 30.426000
0.100030 49.626300
0.100334 4.491940
0.100638 19.834600
0.100943 7.384900
0.101247 18.779500
0.101551 64.561300
0.101855 40.148400
0.102159 18.640300
0.102463 51.144100
0.102767 27.845300
0.103071 7.582640
0.103375 22.179400
0.103679 5.179960
0.103983 62.615600
0.104287 46.538300
0.104591 10.677900
0.104895 11.119500
0.105199 40.985600
0.105503 32.074600
0.105807 18.549800
0.106111 36.541000
0.107023 9.509200
0.107327 45.450400
0.107631 31.068900
0.107936 31.556800
0.108240 9.490130
0.108544 6.550140
0.108848 55.689600
0.109152 19.699200
0.109456 4.438500
0.109760 11.562700
0.110064 14.566600
0.110368 3.723840
0.110672 22.877700
0.110976 20.876100
0.111280 10.003700
0.111584 10.650300
0.111888 5.838090
0.112192 17.008100
0.112496 15.106500
0.112800 16.851400
0.113104 19.088800
0.113408 4.998740
0.113712 3.799060
0.114016 34.768300
0.114320 13.622100
0.114625 50.532700
0.114929 4.988340
0.115233 5.086330
0.115537 26.843200
0.115841 12.374100
0.116145 14.511500
0.116449 85.366700
0.116753 5.298020
0.117057 68.627700
0.117361 33.433500
0.117665 25.652900
0.117969 20.349800
0.118273 41.660100
0.118577 15.047100
0.118881 3.959850
0.119185 22.518200
0.119489 6.261430
0.119793 28.830500
0.120097 5.105950
0.120401 81.686200
0.120705 29.501000
0.121009 40.377400
0.121313 48.138500
0.121618 14.915200
0.121922 21.056500
0.122226 73.398800
0.122530 22.529900
0.122834 10.185900
0.123138 6.594600
0.123442 21.727200
0.123746 42.349800
0.124050 68.849600
0.124354 9.621020
0.124658 2.492010
0.124962 12.857400
0.125266 3.654990
0.125570 36.649000
0.125874 26.709700
0.126178 7.546780
0.126482 73.819600
0.126786 4.851160
0.127090 6.628820
0.127394 31.965500
0.127698 14.038500
0.128002 6.082090
0.128306 46.522800
0.128611 5.566000
0.128915 23.782100
0.129219 10.211100
0.129523 7.137670
0.129827 65.850000
0.130131 3.909350
0.130435 20.408800
0.130739 90.274200
0.131043 7.350520
0.131347 10.567700
0.131651 56.159600
0.131955 27.206300
0.132259 43.416000
0.132563 58.253500
0.132867 21.630400
0.133171 27.509600
0.133475 7.098080
0.133779 41.518500
0.134083 30.989100
0.134387 30.646900
0.134691 40.145400
0.134995 13.900400
0.135299 12.528400
0.135604 68.020500
0.135908 6.067610
0.136212 46.587500
0.136516 39.715600
0.136820 11.663400
0.137124 1.734040
0.137428 51.379100
0.137732 4.919300
0.138036 15.797400
0.138340 11.625200
0.138644 13.222500
0.138948 5.652750
0.139252 56.253400
0.139556 48.869500
0.139860 15.028000
0.140164 17.587000
0.141076 7.409500
0.141380 4.412790
0.141684 32.856200
0.141988 61.469100
0.142292 67.106100
0.142597 51.979700
0.142901 13.702800
0.143205 30.146200
0.143509 18.488000
0.143813 6.397480
0.144117 32.894400
0.144421 30.970300
0.144725 12.246500
0.145029 24.397200
0.145333 27.497700
0.145637 42.168300
0.145941 46.289900
0.146245 24.447300
0.146549 40.293300
0.146853 24.355600
0.147157 8.993620
0.147461 33.714300
0.147765 16.179700
0.148069 20.258500
0.148373 9.661730
0.148677 23.352700
0.148981 5.158970
0.149285 28.098700
0.149590 37.827500
0.149894 40.313800
0.150198 76.440400
0.150502 9.282330
0.150806 37.278400
0.151110 24.495300
0.151414 26.116600
0.151718 18.580100
0.152022 12.126100
0.152326 25.612400
0.152630 6.071590
0.152934 19.557500
0.153238 59.837900
0.153542 6.496460
0.153846 5.719880
0.154150 15.271200
0.154454 32.344800
0.154758 3.965530
0.155062 25.649000
0.155366 33.337600
0.155670 34.237400
0.155974 1.857730
0.156279 13.293300
0.156583 6.651240
0.156887 86.739300
0.157191 16.773900
0.157495 17.674500
0.157799 10.927000
0.158103 27.949500
0.158407 5.958080
0.158711 9.994930
0.159015 9.697530
0.159319 8.761030
0.159623 6.099290
0.159927 33.298100
0.160231 1.825110
0.160535 37.981400
0.160839 13.372300
0.161143 8.153610
0.161447 14.248600
0.161751 19.101000
0.162055 27.101300
0.162359 55.437000
0.162663 13.316500
0.162967 90.679100
0.163272 8.832660
0.163576 4.749160
0.163880 13.989700
0.164184 5.721400
0.164488 57.857300
0.164792 5.556230
0.165096 36.621400
0.165400 11.012100
0.165704 48.082500
0.166008 15.456100
0.166312 31.951000
0.166616 21.971900
0.166920 10.302400
0.167224 2.830190
0.167528 4.439100
0.167832 6.969830
0.168136 9.412480
0.168440 7.197940
0.168744 7.477240
0.169048 32.639700
0.169352 16.432000
0.169656 27.124400
0.169960 1.710010
0.170265 27.337500
0.170569 4.018710
0.170873 10.950400
0.171177 16.093900
0.171481 9.073730
0.171785 4.415520
0.172089 34.168300
0.172393 11.222600
0.172697 10.606100
0.173001 13.571800
0.173305 9.253860
0.173609 69.269400
0.173913 12.052400
0.174217 6.381420
0.174521 8.584500
0.174825 13.564000
0.178778 8.324900
0.179082 15.178000
0.179386 8.789830
0.179690 70.566700
0.179994 23.253100
0.180298 10.901500
0.180602 51.347500
0.180906 12.680300
0.181210 4.932260
0.181514 9.329260
0.181818 7.671380
0.182122 25.501600
0.182426 18.124400
0.182730 21.835000
0.183034 9.826070
0.183338 17.407900
0.183642 7.714730
0.183946 7.738880
0.184251 19.878000
0.184555 14.615400
0.184859 14.552900
0.185163 3.491900
0.185467 1.727020
0.185771 15.203600
0.186075 5.129690
0.186379 3.797030
0.186683 4.042570
0.186987 44.003600
0.187291 18.229500
0.187595 6.073030
0.187899 4.727970
0.188203 1.752070
0.188507 21.767600
0.188811 32.905000
0.189115 8.990270
0.189419 10.037700
0.189723 75.104400
0.190027 41.744100
0.190331 7.861720
0.190635 4.888370
0.190939 36.784300
0.191244 30.404200
0.191548 3.630410
0.191852 42.890400
0.192156 9.208990
0.192460 16.040800
0.192764 34.602400
0.193068 20.885500
0.193372 39.650300
0.193676 17.240300
0.193980 15.183500
0.194284 29.558800
0.194588 48.501800
0.194892 10.519400
0.195196 9.775270
0.195500 23.555100
0.195804 4.512180
0.196108 2.227240
0.196412 4.206410
0.196716 16.872400
0.197020 30.483400
0.197324 9.075330
0.197628 42.708100
0.197933 10.972100
0.198237 67.478200
0.198541 52.233900
0.198845 40.365300
0.199149 12.164200
0.199453 9.599910
0.200061 17.315600
0.200365 2.155600
0.200669 31.447600
0.200973 7.981930
0.201277 21.961900
0.201581 35.638600
0.201885 1.779780
0.202189 6.189610
0.202493 4.870570
0.202797 91.898000
0.203101 23.306000
0.203405 35.401500
0.203709 52.415500
0.204013 44.897700
0.204317 6.640250
0.204621 41.013500
0.204926 53.322900
0.205230 47.715100
0.205534 18.386200
0.205838 19.811700
0.206142 34.648900
0.206446 1.677060
0.206750 9.066200
0.207054 37.550300
0.207358 9.607930
0.207662 3.162550
0.207966 30.064200
0.208270 18.320800
0.208574 22.379500
0.208878 7.382700
0.209182 6.865670
0.209486 12.854400
0.209790 5.937930
0.210094 2.993030
0.210398 11.408500
0.210702 32.228200
0.211006 50.208500
0.211310 58.034300
0.211614 11.256300
0.211919 80.779000
0.212223 7.568170
0.212527 44.986300
0.212831 15.105500
0.213135 12.039800
0.213439 12.551600
0.213743 15.347400
0.214047 2.634330
0.214351 43.219600
0.219216 9.958660
0.219520 10.746100
0.219824 6.493190
0.220128 9.997760
0.220432 17.867800
0.220736 3.559140
0.221040 50.045800
0.221344 48.880800
0.221648 6.118430
0.221952 10.650700
0.222256 10.707800
0.222560 26.547600
0.222864 3.627250
0.223168 32.441400
0.223472 45.412700
0.223776 19.791100
0.224080 3.264130
0.224384 60.586500
0.224688 35.805300
0.224992 17.053800
0.225296 15.314000
0.225600 6.502710
0.225905 9.509710
0.226209 29.995400
0.226513 31.195200
0.226817 13.031100
0.227121 8.586460
0.227425 39.734400
0.227729 13.251100
0.228033 7.974630
0.228337 19.631400
0.228641 16.882800
0.228945 7.462930
0.229249 45.693300
0.229553 7.938900
0.229857 3.622790
0.230161 5.827580
0.230465 17.268500
0.230769 18.508800
0.231073 10.747900
0.231377 5.650760
0.231681 43.364700
0.231985 36.680500
0.232289 30.821800
0.232593 12.407200
0.232898 9.796920
0.233202 21.828900
0.233506 6.351800
0.233810 7.045210
0.234114 13.964000
0.234418 25.893800
0.234722 28.573200
0.235026 10.563300
0.235330 28.482200
0.235634 14.449800
0.235938 34.246400
0.236242 31.680000
0.236546 50.576100
0.236850 73.601700
0.237154 48.929500
0.237458 25.665000
0.237762 57.170200
0.238066 41.330700
0.238370 36.053300
0.238674 14.345800
0.238978 34.171200
0.239282 26.194800
0.239587 18.792500
0.239891 9.496760
0.240195 43.697200
0.240499 61.047100
0.240803 10.473000
0.241107 72.143800
0.241411 37.667500
0.241715 48.693900
0.242019 37.255700
0.242323 55.378900
0.242627 34.264100
0.242931 24.888400
0.243235 23.818500
0.243539 4.258710
0.243843 7.805370
0.244147 7.030090
0.244451 60.405200
0.244755 22.916300
0.245059 7.156180
0.245363 12.295800
0.245667 5.638780
0.245971 26.882400
0.246275 20.285500
0.246580 78.301300
0.246884 13.420000
0.247188 6.223140
0.247492 44.132900
0.247796 34.712000
0.248100 43.618500
0.248404 46.871100
0.248708 13.671700
0.249012 2.043680
0.249316 14.087000
0.249620 8.505340
0.249924 31.970700
0.250228 35.281300
0.250532 27.165200
0.250836 18.901200
0.251140 33.146400
0.251444 12.222300
0.251748 8.240940
0.252052 32.525600
0.252356 30.553900
0.252660 23.723600
0.252964 21.302100
0.253268 22.386600
0.253573 70.037900
0.253877 22.026700
0.254181 7.887010
0.254485 18.623200
0.254789 9.505650
0.255093 7.741320
0.255397 25.223000
0.255701 6.330510
0.256005 25.910000
0.256309 30.448800
0.256613 10.107000
0.256917 37.665800
0.257221 41.427300
0.257525 10.849500
0.257829 12.784400
0.258133 35.929100
0.258437 9.370690
0.258741 5.475770
0.259045 4.657030
0.259349 4.689500
0.259653 42.717500
0.259957 2.106310
0.260261 19.923500
0.260566 13.569400
0.260870 20.667400
0.261174 14.072600
0.261478 41.766800
0.261782 9.853090
0.262086 5.144540
0.262390 13.968200
0.262694 7.444980
0.262998 16.235800
0.263302 21.489100
0.263606 10.834600
0.263910 20.834400
0.264214 14.073400
0.264518 2.168530
0.264822 61.479500
0.265126 25.555500
0.265430 41.291800
0.265734 40.779700
0.266038 71.156600
0.266342 16.144500
0.266646 6.466350
0.266950 24.329400
0.267254 23.442100
0.267559 2.624540
0.267863 3.949970
0.268167 38.707800
0.268471 17.504400
0.268775 57.429400
0.269079 31.205100
0.269383 6.530060
0.269687 4.762810
0.269991 10.512700
0.270295 45.345100
0.270599 14.330700
0.270903 80.170700
0.271207 12.786800
0.271511 36.666400
0.271815 17.966100
0.272119 62.422000
0.272423 26.402600
0.272727 8.018760
0.273031 23.723200
0.273335 9.188590
0.273639 23.741300
0.273943 17.102000
0.274247 20.354300
0.274552 11.925400
0.274856 11.138200
0.275160 18.089500
0.275464 25.612500
0.275768 73.830500
0.276072 36.494100
0.276376 27.936500
0.276680 47.456500
0.276984 40.088500
0.277288 40.428500
0.277592 15.599000
0.278200 19.305800
0.278504 2.158280
0.278808 84.154300
0.279112 14.784000
0.279416 17.029200
0.279720 19.010500
0.280024 19.621800
0.280328 4.602070
0.280632 36.012000
0.280936 29.449100
0.281240 4.157380
0.281545 11.824700
0.281849 11.617400
0.282153 10.997200
0.282457 6.212890
0.282761 34.653000
0.283065 23.590100
0.283369 5.672920
0.283673 26.590900
0.283977 33.310400
0.284281 26.799600
0.284585 18.618400
0.284889 30.311100
0.285193 39.654500
0.285497 23.251100
0.285801 32.640800
0.286105 36.341200
0.286409 48.744000
0.286713 5.614580
0.287017 48.504300
0.287321 6.496220
0.287625 7.167590
0.287929 9.664090
0.288234 10.198600
0.288538 21.676100
0.288842 21.738300
0.289146 4.801990
0.289450 9.363580
0.289754 7.902750
0.290058 44.888500
0.290362 33.149100
0.290666 7.458260
0.290970 16.500600
0.291274 67.053700
0.291578 42.340000
0.291882 19.802300
0.292186 30.094800
0.292490 6.083940
0.292794 1.673210
0.293098 24.067100
0.293402 61.117600
0.294010 8.776500
0.294314 56.272100
0.294618 30.555500
0.294922 1.806260
0.295227 11.360200
0.295531 30.854600
0.295835 57.308900
0.296139 22.502400
0.296443 19.920600
0.296747 29.870600
0.297051 13.624000
0.297355 4.514440
0.297659 27.832000
0.297963 7.628840
0.298267 30.243600
0.298571 7.984020
0.298875 10.134900
0.299179 17.035100
0.299483 3.482110
0.299787 31.722800
0.300091 25.180000
0.300395 17.177900
0.300699 8.731060
0.301003 39.105100
0.301307 5.829160
0.301611 32.245000
0.301915 9.346420
0.302220 36.492700
0.302524 19.764300
0.302828 29.191200
0.303132 14.114800
0.303436 8.444370
0.303740 40.455600
0.304044 42.374800
0.304348 11.791300
0.304652 6.013930
0.304956 33.897800
0.305260 35.199500
0.305564 11.695200
0.305868 5.977990
0.306172 9.362160
0.307692 11.312900
0.307996 14.259800
0.308300 7.138260
0.308604 9.944120
0.308908 82.217300
0.309213 23.339400
0.309517 24.802300
0.309821 15.558400
0.310125 20.975900
0.310429 33.579500
0.310733 7.873680
0.311037 45.622800
0.311341 20.693200
0.311645 35.222500
0.311949 9.539880
0.312253 12.471700
0.312557 20.988900
0.312861 52.432800
0.313165 19.893300
0.313469 40.999800
0.313773 56.326300
0.314077 56.850100
0.314381 34.696700
0.314685 27.963900
0.314989 21.619900
0.315293 1.737620
0.315597 15.735100
0.315901 9.993870
0.316206 18.722200
0.316510 14.609200
0.316814 18.338700
0.317118 9.235110
0.317422 16.118800
0.317726 51.771200
0.318030 13.351300
0.318334 29.495100
0.318638 22.191300
0.318942 34.447300
0.319246 15.671300
0.319550 6.175390
0.319854 43.863800
0.320158 3.403760
0.320462 9.301240
0.320766 8.248610
0.321070 13.320300
0.321374 18.376900
0.321678 7.977410
0.321982 6.641290
0.322286 17.640800
0.322590 13.656200
0.322894 60.080100
0.323199 40.841900
0.323503 33.356900
0.323807 5.322770
0.324111 22.613400
0.324415 85.304300
0.324719 18.682800
0.325023 41.050100
0.325327 38.294600
0.325631 41.413700
0.325935 16.476700
0.326239 34.724900
0.326543 10.498000
0.326847 8.791190
0.327151 27.299600
0.327455 7.539160
0.327759 35.073100
0.328063 25.673000
0.328367 18.314800
0.328671 10.418000
0.328975 20.394300
0.329279 34.003100
0.329583 9.069460
0.329888 24.555000
0.330192 2.675380
0.330496 11.201400
0.330800 19.320200
0.331104 74.913500
0.331408 7.214410
0.331712 59.287700
0.332016 13.473400
0.332320 17.393100
0.332624 16.205100
0.332928 18.154900
0.333232 8.540830
0.333536 34.334000
0.333840 24.125100
0.334144 7.625220
0.334448 24.531900
0.334752 27.114700
0.335056 28.593600
0.335360 10.880400
0.335664 11.467900
0.335968 49.462900
0.336272 27.612800
0.336576 20.547400
0.336881 24.592400
0.337185 6.733130
0.337489 7.670650
0.337793 23.513400
0.338097 7.499180
0.338401 7.614080
0.338705 2.641490
0.339009 51.683200
0.339313 25.524700
0.339617 29.236100
0.339921 35.227800
0.340225 15.562500
0.340529 17.117600
0.340833 27.707700
0.341137 31.596500
0.341441 5.222280
0.341745 5.156280
0.342049 36.538500
0.342353 9.637680
0.342657 3.754220
0.342961 15.831000
0.343265 20.239200
0.343569 39.906400
0.344178 23.864400
0.344482 10.919600
0.344786 48.040000
0.345090 63.803300
0.345394 12.326500
0.345698 8.879780
0.346002 11.800100
0.346306 11.896600
0.346610 9.722060
0.346914 35.619300
0.347218 10.062900
0.347522 8.833370
0.347826 23.325200
0.348130 50.750300
0.348434 6.437310
0.348738 71.055300
0.349042 2.319380
0.349346 3.406700
0.349650 23.794700
0.349954 13.463400
0.350258 13.510500
0.350562 5.775140
0.350867 14.594100
0.351171 20.684900
0.351475 27.995600
0.351779 15.616300
0.352083 12.449100
0.352387 35.437900
0.352691 35.226000
0.352995 63.065900
0.353299 3.830880
0.353603 12.351300
0.353907 12.409500
0.354211 63.145900
0.354515 8.610660
0.354819 26.859100
0.355123 27.620900
0.355427 12.886300
0.355731 26.269100
0.356035 16.353100
0.356339 17.416100
0.356643 15.124000
0.356947 31.978400
0.357251 51.409000
0.357555 31.383500
0.357860 1.766630
0.358164 38.516300
0.358468 38.106300
0.358772 3.605530
0.359076 29.967600
0.359380 78.416000
0.359684 25.260600
0.360596 67.121200
0.360900 55.329800
0.361204 24.422000
0.361508 17.103000
0.361812 18.082400
0.362116 5.496010
0.362420 27.059500
0.362724 7.401110
0.363028 12.312800
0.363332 17.945800
0.363636 34.352600
0.363940 3.950480
0.364244 45.687800
0.364548 6.329360
0.364853 7.365580
0.365157 11.177800
0.365461 15.424100
0.365765 8.013630
0.366069 34.117300
0.366373 37.393000
0.366677 28.565800
0.366981 4.209550
0.367285 46.013900
0.367589 6.936030
0.367893 6.932070
0.368197 6.974050
0.368501 6.718120
0.368805 15.890900
0.369109 13.870200
0.369413 46.826500
0.369717 5.703700
0.370021 18.789600
0.370325 15.600800
0.370629 32.231600
0.370933 37.420600
0.371237 6.754590
0.371542 34.756800
0.371846 53.760300
0.372150 23.793400
0.372454 20.945500
0.372758 33.170200
0.373062 17.770700
0.373366 27.327800
0.373670 42.820400
0.373974 24.271500
0.374278 3.118930
0.374582 6.587820
0.374886 24.683500
0.375190 20.299900
0.375494 13.263900
0.375798 19.503100
0.376102 15.982100
0.376406 43.134400
0.376710 13.928400
0.377014 33.189700
0.377318 9.086580
0.377622 18.072900
0.377926 15.008000
0.378230 32.794100
0.378535 10.605000
0.378839 34.149600
0.379143 9.167790
0.379447 7.169060
0.379751 32.909800
0.380055 33.764700
0.380359 47.586000
0.380663 32.113400
0.380967 12.070800
0.381271 31.199800
0.381575 49.493200
0.381879 8.393470
0.382183 6.446820
0.382487 16.987900
0.382791 17.327500
0.383095 30.709900
0.383399 21.189500
0.383703 6.913080
0.384007 12.376800
0.384311 7.075710
0.384615 13.161900
0.384919 7.869580
0.385223 52.042800
0.385528 73.225900
0.385832 1.871000
0.386136 14.594400
0.386440 4.770340
0.386744 39.325900
0.387048 30.650700
0.387352 9.417590
0.387656 17.206900
0.387960 46.687700
0.388264 17.309600
0.388568 21.659300
0.388872 25.632100
0.389176 10.686100
0.389480 42.331600
0.389784 11.976600
0.390088 8.656230
0.390392 9.787480
0.390696 41.604100
0.391000 20.259800
0.391304 9.662830
0.391608 34.470900
0.391912 10.917900
0.392216 4.160810
0.392521 15.886000
0.392825 41.844000
0.393129 24.511200
0.393433 19.230300
0.393737 7.046090
0.394041 28.177700
0.394345 12.799400
0.394649 26.631100
0.394953 13.135600
0.395257 25.314700
0.395561 7.073880
0.395865 8.983420
0.396169 17.278200
0.396473 43.570800
0.396777 10.933500
0.397081 16.289300
0.397385 6.763850
0.397689 27.689900
0.397993 53.500200
0.398297 28.698300
0.398601 28.990600
0.398905 24.330200
0.399209 84.673600
0.399514 28.497300
0.399818 21.365700
0.400122 15.109900
0.400426 21.811100
0.400730 20.245500
0.401034 24.812300
0.401338 5.707800
0.401642 32.144100
0.401946 43.850700
0.402250 24.529500
0.402554 13.574600
0.402858 14.647500
0.403162 34.062100
0.403466 63.628300
0.403770 4.310400
0.404074 2.993740
0.404378 7.173890
0.404682 58.282300
0.404986 19.831200
0.405290 88.872900
0.405594 61.443300
0.405898 28.882300
0.406202 16.197600
0.406507 12.775800
0.406811 9.405010
0.407115 22.861800
0.407419 21.375700
0.407723 6.135800
0.408027 62.974000
0.408331 34.700500
0.408635 11.642900
0.408939 75.201700
0.409243 24.738700
0.409547 11.420600
0.409851 42.772400
0.410155 51.761200
0.410459 27.911400
0.410763 14.132700
0.411067 17.353000
0.411371 21.075600
0.411675 5.776290
0.411979 15.996300
0.412283 5.918600
0.412587 58.956600
0.412891 14.524300
0.413196 16.771700
0.413500 10.856200
0.413804 34.150600
0.414108 22.139900
0.414412 13.479500
0.414716 28.654600
0.415020 24.881600
0.415324 43.653000
0.415628 28.390200
0.415932 5.322160
0.416236 12.076800
0.416540 17.379700
0.416844 92.777000
0.417148 3.174130
0.417452 7.847290
0.417756 55.583200
0.418060 40.484500
0.418364 48.766900
0.418668 37.461700
0.418972 31.247400
0.419276 4.150700
0.419580 15.777500
0.419884 6.508130
0.420189 1.692050
0.420493 7.892830
0.420797 26.215600
0.421101 14.974900
0.421405 14.416200
0.421709 18.206400
0.422013 20.203900
0.422317 14.393500
0.422621 29.292100
0.422925 14.840200
0.423229 5.733640
0.423533 3.983930
0.423837 13.658000
0.424141 23.026900
0.424445 16.509700
0.424749 4.605010
0.425053 9.413910
0.425357 9.541510
0.425661 44.681000
0.425965 40.232900
0.426269 72.779100
0.426573 48.122700
0.426877 6.922260
0.427182 42.502000
0.427486 7.711300
0.427790 14.189900
0.428094 7.749300
0.428398 2.842640
0.428702 68.656000
0.429006 29.449400
0.429310 11.848100
0.429614 8.918330
0.429918 5.702980
0.430222 5.617700
0.430526 35.656000
0.430830 29.265900
0.431134 30.051700
0.431438 6.271620
0.431742 5.860410
0.432046 10.524200
0.432350 25.902800
0.432654 13.909400
0.432958 2.247970
0.433262 18.430900
0.433566 21.580200
0.433870 33.366200
0.434175 48.096700
0.434479 8.674640
0.434783 7.464730
0.435087 13.635700
0.435391 2.320800
0.435695 35.503400
0.435999 7.628780
0.436303 51.907100
0.436607 9.301800
0.436911 23.345300
0.437215 5.313640
0.437519 6.194590
0.437823 19.671700
0.438127 9.716100
0.438431 39.302200
0.438735 30.191600
0.439039 20.573900
0.439343 49.427900
0.439647 37.310500
0.439951 10.044700
0.440255 38.345200
0.440559 24.925000
0.440863 54.160400
0.441168 9.894600
0.441472 22.028100
0.441776 10.544100
0.442080 37.705300
0.442384 4.896500
0.442688 32.775600
0.442992 67.957800
0.443296 12.222700
0.443600 6.223860
0.443904 43.237100
0.444208 16.483400
0.444512 11.058300
0.444816 25.498300
0.445120 46.338800
0.445424 29.967800
0.445728 22.207300
0.446032 25.406700
0.446336 18.685500
0.446640 26.950400
0.446944 28.965000
0.447248 33.899600
0.447552 8.646460
0.447856 5.807760
0.448161 8.344820
0.448465 8.174580
0.448769 87.602800
0.449073 13.438500
0.449377 88.192200
0.449681 23.625100
0.449985 52.800000
0.450289 60.483500
0.450593 5.862050
0.450897 23.741600
0.451201 28.044300
0.451505 5.614540
0.451809 56.630900
0.452113 2.292640
0.452417 21.652100
0.452721 28.730200
0.453025 24.459700
0.453329 15.172800
0.453633 11.300900
0.453937 7.968360
0.454241 81.532100
0.454545 49.526500
0.454849 24.233200
0.455154 4.533580
0.455458 24.698300
0.455762 20.566300
0.456066 18.665500
0.456370 25.933400
0.456674 6.985820
0.456978 4.274250
0.457282 71.507600
0.457586 21.382200
0.457890 23.381500
0.458194 11.248600
0.458498 55.303000
0.458802 7.881660
0.459106 45.432500
0.459410 23.767200
0.459714 11.596700
0.460018 16.015800
0.460322 7.978740
0.460626 14.399400
0.460930 19.161100
0.461234 11.527200
0.461538 76.791400
0.461843 9.633660
0.462147 68.609100
0.462451 37.736600
0.462755 12.748300
0.463059 5.530090
0.463363 7.702580
0.463667 44.402700
0.463971 6.890350
0.464275 16.801400
0.464579 24.366600
0.464883 39.983300
0.465187 74.102300
0.465491 92.944500
0.465795 21.332400
0.466099 8.806670
0.466403 13.425000
0.466707 10.641100
0.467011 27.538200
0.467315 25.166800
0.467619 38.171900
0.467923 40.132500
0.468227 12.989000
0.468531 5.718140
0.468836 56.894000
0.469140 9.998340
0.469444 9.538000
0.469748 40.056000
0.470052 2.320250
0.470356 37.365100
0.470660 21.639000
0.470964 34.805300
0.471268 35.077100
0.471572 52.630300
0.471876 46.131300
0.472180 23.934000
0.472484 6.600190
0.472788 10.589000
0.473092 30.293200
0.473396 7.780890
0.473700 10.400800
0.474004 29.998700
0.474308 22.575700
0.474612 40.958100
0.474916 3.946100
0.475220 9.037030
0.475524 8.435780
0.475829 10.011500
0.476133 21.497000
0.476437 34.322700
0.476741 5.404990
0.477045 62.945600
0.477349 14.568600
0.477653 7.490040
0.477957 11.837200
0.478261 43.124800
0.478565 33.760800
0.478869 18.250500
0.479173 38.952400
0.479477 60.224500
0.479781 63.917200
0.480085 19.827500
0.480389 11.337300
0.480693 44.282300
0.480997 20.470600
0.481301 10.986000
0.481605 9.060010
0.481909 15.929300
0.482213 30.675600
0.482517 12.655000
0.482822 39.434600
0.483126 21.720300
0.483430 28.894200
0.483734 57.562700
0.484038 58.275900
0.484342 58.833500
0.484646 36.579700
0.484950 52.923100
0.485254 57.156200
0.485558 11.627500
0.485862 38.540700
0.486166 14.051900
0.486470 14.575400
0.486774 4.445090
0.487078 60.345800
0.487382 15.785400
0.487686 9.162820
0.487990 9.255970
0.488294 9.674270
0.488598 6.955400
0.488902 29.951600
0.489206 36.331700
0.489510 15.693100
0.489815 22.896500
0.490119 18.189500
0.490423 69.301600
0.490727 5.554120
0.491031 36.779600
0.491335 21.780300
0.491639 19.691700
0.491943 13.449400
0.492247 15.038900
0.492551 7.764130
0.492855 8.441540
0.493159 24.632900
0.493463 52.376200
0.493767 7.897110
0.494071 8.024680
0.494375 19.356500
0.494679 8.634490
0.494983 54.663300
0.495287 17.422900
0.495591 73.234200
0.495895 11.253400
0.496199 23.943200
0.496503 5.121230
0.496808 5.150900
0.497112 2.931220
0.497416 28.263100
0.497720 18.814300
0.498024 11.797500
0.498328 18.855100
0.498632 29.056300
0.498936 4.561090
0.499240 17.667500
0.499544 17.169400
0.499848 2.967550
0.500152 33.803500
0.500456 14.375100
0.500760 28.171300
0.501064 22.596200
0.501368 23.318300
0.501672 6.520640
0.501976 35.567500
0.502280 38.462300
0.502584 5.003020
0.502888 41.306200
0.503192 11.324000
0.503497 5.466780
0.503801 35.155300
0.504105 71.297000
0.504409 24.861400
0.504713 35.432200
0.505017 14.543700
0.505321 11.482100
0.505625 63.850300
0.505929 45.186700
0.506233 49.259800
0.506537 10.071700
0.506841 23.950300
0.507145 12.653800
0.507449 6.180860
0.507753 41.264600
0.508057 25.904500
0.508361 65.617400
0.508665 38.581200
0.508969 57.640800
0.509273 62.159500
0.509577 28.316900
0.509881 34.707000
0.510185 30.769100
0.510490 34.990900
0.510794 14.959200
0.511098 5.597310
0.511402 7.606280
0.511706 35.057800
0.512010 19.252700
0.512314 17.357700
0.512618 60.212400
0.512922 8.525860
0.513226 9.499060
0.513530 15.069600
0.513834 23.092100
0.514138 48.460600
0.514442 5.153170
0.514746 91.514100
0.515050 9.945950
0.515354 44.597400
0.515658 29.693900
0.515962 70.352000
0.516266 6.582150
0.516570 3.933500
0.516874 49.726300
0.517178 9.079890
0.517483 45.970000
0.517787 9.095040
0.518091 23.273600
0.518395 30.975500
0.518699 30.783700
0.519003 8.085900
0.519307 9.281100
0.519611 23.606400
0.519915 45.067200
0.520219 8.828650
0.520523 20.872500
0.520827 8.405930
0.521131 10.425000
0.521435 5.147520
0.521739 30.552900
0.522043 9.905260
0.522347 10.890500
0.522651 7.938840
0.522955 32.462400
0.523259 21.614800
0.523563 5.126240
0.523867 4.791740
0.524171 15.514900
0.524476 7.425800
0.524780 17.358300
0.525084 55.041500
0.525388 4.583040
0.525692 20.533200
0.525996 12.524900
0.526300 36.445800
0.526604 5.719050
0.526908 34.883600
0.527212 37.669600
0.527516 13.910300
0.527820 7.854850
0.528124 19.516700
0.528428 3.650640
0.528732 8.306140
0.529036 61.601800
0.529340 9.720310
0.529644 9.316090
0.529948 6.519100
0.530252 13.538300
0.530556 56.439200
0.530860 19.319700
0.531164 61.120300
0.531469 23.811100
0.531773 3.514230
0.532077 46.596300
0.532381 19.694100
0.532685 8.001770
0.532989 23.454000
0.533293 20.438300
0.533597 11.756400
0.533901 6.619520
0.534205 76.239900
0.534509 27.698600
0.534813 28.771100
0.535117 6.960430
0.535421 14.761000
0.535725 7.998340
0.536029 34.294300
0.536333 19.143900
0.536637 13.275400
0.536941 5.637890
0.537245 5.956280
0.537549 16.411900
0.537853 7.664750
0.538157 16.356500
0.538462 43.880000
0.538766 14.570400
0.539070 5.186350
0.539374 17.694400
0.539678 22.556000
0.539982 45.798200
0.540286 18.155300
0.540590 25.882000
0.540894 4.435630
0.541198 9.921300
0.541502 17.791600
0.541806 56.073200
0.542110 21.351800
0.542414 7.342790
0.542718 69.383600
0.543022 27.320100
0.543326 16.502200
0.543630 82.243900
0.543934 4.452080
0.544238 9.657920
0.544542 8.672260
0.544846 48.386300
0.545151 8.143910
0.545455 57.073500
0.545759 67.327300
0.546063 10.385600
0.546367 21.636800
0.546671 8.093090
0.546975 5.494860
0.547279 44.874700
0.547583 58.238600
0.547887 12.753300
0.548191 13.620700
0.548495 30.729900
0.548799 2.180900
0.549103 62.502400
0.549407 36.658400
0.549711 13.437400
0.550015 27.165000
0.550319 8.838820
0.550623 6.096390
0.550927 31.628300
0.551231 40.053700
0.551535 6.513800
0.551839 53.184200
0.552144 12.061200
0.552448 26.146300
0.552752 4.118660
0.553056 33.242600
0.553360 51.882700
0.553664 24.649900
0.553968 30.296300
0.554272 1.771320
0.554576 22.006800
0.554880 8.737520
0.555184 4.028540
0.555488 5.814210
0.555792 33.070600
0.556096 7.799040
0.556400 15.969800
0.557008 12.508400
0.557312 8.115900
0.557616 33.765200
0.557920 1.638420
0.558224 65.117600
0.558528 16.625800
0.558832 9.756520
0.559137 16.614400
0.559441 88.818600
0.559745 41.980700
0.560049 2.170140
0.560353 7.960570
0.560657 4.046250
0.560961 19.290400
0.561265 1.772950
0.561569 5.449110
0.561873 73.791600
0.562177 11.663300
0.562481 46.189600
0.562785 69.625700
0.563089 2.464590
0.563393 17.808600
0.563697 27.372700
0.564001 8.612940
0.564305 86.365800
0.564609 5.169060
0.564913 9.105850
0.565217 18.718500
0.565521 36.152400
0.565825 45.553800
0.566130 6.018030
0.566434 13.636600
0.566738 13.123200
0.567042 4.900930
0.567346 50.589300
0.567650 34.687100
0.567954 9.956020
0.568258 35.343000
0.568562 7.663370
0.568866 59.582800
0.569170 5.941350
0.569474 31.861100
0.569778 23.622200
0.570082 14.318800
0.570386 73.380700
0.570690 49.291000
0.570994 11.227800
0.571298 26.689600
0.571602 14.615800
0.571906 19.519100
0.572210 35.405400
0.572514 33.840400
0.572818 14.685800
0.573123 27.261900
0.573427 46.574700
0.573731 7.254110
0.574035 8.189870
0.574339 16.476600
0.574643 75.466300
0.574947 63.010500
0.575251 13.109400
0.575555 37.793600
0.575859 7.038820
0.576163 15.949300
0.576467 76.437900
0.576771 5.884320
0.577075 23.191700
0.577379 7.973800
0.577683 73.203500
0.577987 6.278890
0.578291 18.497300
0.578595 16.377300
0.578899 34.238300
0.579203 4.691520
0.579507 18.410000
0.579811 11.995500
0.580116 37.938900
0.580420 22.584200
0.580724 8.813250
0.581028 20.977100
0.581332 8.504680
0.581636 9.290920
0.581940 14.713800
0.582244 7.430700
0.582548 15.905500
0.582852 12.335900
0.583156 17.589000
0.583460 40.516600
0.583764 13.685000
0.584068 42.663200
0.584372 5.994860
0.584676 11.243000
0.584980 4.532320
0.585284 4.373760
0.585588 21.967900
0.585892 21.293200
0.586196 54.304400
0.586500 9.084010
0.586804 32.640200
0.587109 8.942780
0.587413 35.586300
0.587717 27.911800
0.588021 23.962200
0.588325 72.402400
0.588629 5.384990
0.588933 11.745000
0.589237 4.388920
0.589541 16.029400
0.589845 22.163000
0.590149 2.034610
0.590453 26.651400
0.590757 32.096300
0.591061 14.600100
0.591365 48.366200
0.591669 10.143300
0.591973 21.263600
0.592277 4.183540
0.592581 27.239800
0.592885 25.759900
0.593189 5.644770
0.593493 18.373600
0.593798 5.475310
0.594102 60.468200
0.594406 20.898600
0.594710 9.918290
0.595014 14.270200
0.595318 26.043600
0.595622 14.208500
0.595926 36.823200
0.596230 1.626880
0.596534 16.318300
0.596838 3.838570
0.597142 7.867420
0.597446 60.437400
0.597750 43.943800
0.598054 39.185000
0.598358 20.412000
0.598662 13.762800
0.598966 40.053600
0.599270 10.360300
0.599574 64.690400
0.599878 21.879500
0.600182 23.390000
0.600486 55.625800
0.600791 7.157160
0.601095 43.214000
0.601399 11.814100
0.601703 20.924900
0.602007 15.251300
0.602311 30.480200
0.602615 38.819100
0.602919 28.099600
0.603223 34.307900
0.603527 8.952320
0.603831 36.101600
0.604135 5.396550
0.604439 25.982000
0.604743 18.005000
0.605047 36.003100
0.605351 37.789200
0.605655 6.875090
0.605959 40.470700
0.606263 29.674200
0.606567 12.270200
0.606871 25.335800
0.607175 10.721200
0.607479 76.284900
0.607784 21.185100
0.608088 9.328040
0.608392 25.637400
0.608696 5.215640
0.609000 19.154400
0.609304 23.739600
0.609608 9.017970
0.609912 34.850600
0.610216 55.134000
0.610520 10.951800
0.610824 12.100900
0.611128 11.778500
0.611432 48.056700
0.611736 37.449300
0.612040 49.497300
0.612344 52.971500
0.612648 16.475000
0.612952 32.075800
0.613256 22.372300
0.613560 32.533800
0.613864 7.346240
0.614168 32.738000
0.614472 33.566800
0.614777 69.643500
0.615081 50.976200
0.615385 31.720100
0.615689 24.097700
0.615993 5.072310
0.616297 13.938600
0.616601 3.619030
0.616905 35.780200
0.617209 31.414100
0.617513 6.373330
0.617817 16.180800
0.618121 17.776200
0.618425 16.989200
0.618729 8.171190
0.619033 48.946200
0.619337 22.225500
0.619641 3.823080
0.619945 15.654300
0.620249 15.903900
0.620553 19.172400
0.620857 7.029310
0.621161 33.306900
0.621465 11.302400
0.621770 8.213400
0.622074 55.900100
0.622378 53.809200
0.622682 6.037590
0.622986 25.591300
0.623290 7.956300
0.623594 37.990900
0.623898 56.354800
0.624202 6.921630
0.624506 3.669100
0.624810 2.029840
0.625114 33.468600
0.625418 8.115170
0.625722 20.745700
0.626026 41.543700
0.626330 51.028200
0.626634 48.760800
0.626938 41.586000
0.627242 56.678200
0.627546 6.215660
0.627850 82.079200
0.628154 66.149700
0.628458 44.926400
0.628763 22.151100
0.629067 21.662100
0.629371 6.493800
0.629675 40.977300
0.629979 27.260700
0.630283 3.924190
0.630587 7.782460
0.630891 27.099400
0.631195 6.045720
0.631499 15.755700
0.631803 5.995900
0.632107 4.336450
0.632411 13.250100
0.632715 70.471900
0.633019 91.506000
0.633323 12.665500
0.633627 22.064400
0.633931 42.292300
0.634235 21.656500
0.634539 30.885000
0.634843 65.218100
0.635147 76.871300
0.635452 19.499700
0.635756 7.356160
0.636060 29.090600
0.636364 26.710000
0.636668 9.870980
0.636972 29.534900
0.637276 63.440200
0.637580 7.284180
0.637884 16.305400
0.638188 24.498100
0.638492 6.613870
0.638796 41.481900
0.639100 19.877000
0.639404 79.775100
0.639708 31.946400
0.640012 38.041900
0.640316 23.362400
0.640620 2.670470
0.640924 4.731430
0.641228 11.337800
0.641532 78.927200
0.641836 32.988500
0.642140 45.823000
0.642445 10.313300
0.642749 23.315100
0.643053 17.607700
0.643357 38.213000
0.643661 21.889000
0.643965 44.271500
0.644269 8.289740
0.644573 16.627900
0.644877 54.152600
0.645181 29.794400
0.645485 18.237400
0.645789 13.826800
0.646093 66.740300
0.646397 5.055100
0.646701 13.035900
0.647005 19.958100
0.647309 54.433700
0.647613 7.105060
0.647917 4.601800
0.648221 28.291600
0.648525 50.614300
0.648829 11.893600
0.649133 24.819000
0.649438 45.805300
0.649742 7.860970
0.650046 13.700900
0.650350 31.925400
0.650654 50.449100
0.650958 22.462700
0.651262 61.304300
0.651566 4.448410
0.651870 5.148730
0.652174 30.419000
0.652478 35.412000
0.652782 21.975600
0.653086 63.269600
0.653390 17.980200
0.653694 8.724750
0.653998 35.941100
0.654302 7.870590
0.654606 18.740100
0.654910 14.406100
0.655214 8.556680
0.655518 7.952020
0.655822 55.543100
0.656126 5.266830
0.656431 3.601480
0.656735 16.068400
0.657039 22.612200
0.657343 9.426740
0.657647 45.793600
0.657951 33.088700
0.658255 14.106300
0.658559 31.736900
0.658863 26.128400
0.659167 10.186400
0.659471 11.945500
0.659775 12.213900
0.660079 15.667100
0.660383 11.606600
0.660687 2.889220
0.660991 7.700680
0.661295 11.003700
0.661599 24.502600
0.661903 7.685690
0.662207 5.428230
0.662511 40.220800
0.662815 17.731300
0.663119 93.626800
0.663424 23.122900
0.663728 36.037200
0.664032 20.833300
0.664336 53.965500
0.664640 35.253100
0.664944 5.391150
0.665248 14.492000
0.665552 57.028300
0.665856 14.294900
0.666160 23.193800
0.666464 24.959600
0.666768 45.057500
0.667072 15.212200
0.667376 62.868600
0.667680 18.458000
0.667984 8.719930
0.668288 52.732200
0.668592 23.648500
0.668896 21.727500
0.669200 53.198900
0.669504 5.700130
0.669808 13.687600
0.670112 5.210410
0.670417 30.186600
0.670721 5.705710
0.671025 29.441000
0.671329 30.494300
0.671633 3.076990
0.671937 20.985900
0.672241 57.740000
0.672545 7.368410
0.672849 32.789300
0.673153 6.333310
0.673457 33.857700
0.673761 28.165800
0.674065 28.796000
0.674369 33.748700
0.674673 3.473130
0.674977 13.466900
0.675281 1.710470
0.675585 16.194000
0.675889 22.981500
0.676193 18.302500
0.676497 9.526870
0.676801 63.767100
0.677106 9.254580
0.677410 23.456700
0.677714 31.938200
0.678018 42.103500
0.678322 7.361860
0.678626 13.051500
0.678930 17.207900
0.679234 48.870500
0.679538 27.628800
0.679842 32.179900
0.680146 4.556100
0.680450 26.879000
0.680754 13.562000
0.681058 3.031820
0.681362 59.656900
0.681666 13.859900
0.681970 44.232000
0.682274 32.696200
0.682578 10.096200
0.682882 62.025000
0.683186 14.273200
0.683490 16.770600
0.683794 10.346400
0.684099 51.101000
0.684403 6.212900
0.684707 49.838100
0.685011 24.013700
0.685315 15.257600
0.685619 92.543000
0.685923 6.319710
0.686227 59.399000
0.686531 20.408600
0.686835 24.842500
0.687139 18.529400
0.687443 10.209200
0.687747 11.284100
0.688051 4.006510
0.688355 43.991600
0.688659 36.979900
0.688963 17.729200
0.689267 10.457800
0.689571 8.227360
0.689875 21.846700
0.690179 39.006300
0.690483 8.984160
0.690787 9.507600
0.691092 5.561010
0.691396 15.831200
0.691700 4.811850
0.692004 11.318600
0.692308 24.544300
0.692612 12.367400
0.692916 25.061200
0.693220 33.405000
0.693524 12.816900
0.693828 23.069700
0.694132 13.601300
0.694436 8.607270
0.694740 5.115410
0.695044 22.683500
0.695348 11.788200
0.695652 9.852530
0.695956 67.710900
0.696260 18.122300
0.696564 30.783200
0.696868 47.497900
0.697172 16.025100
0.697476 13.972400
0.697780 24.373800
0.698085 14.912100
0.698389 17.573700
0.698693 10.739700
0.698997 5.022460
0.699301 6.109890
0.699605 38.745100
0.699909 49.473200
0.700213 43.701800
0.700517 16.866200
0.700821 31.401000
0.701125 29.990500
0.701429 17.608200
0.701733 58.948400
0.702037 57.889400
0.702341 8.093950
0.702645 23.114100
0.702949 39.799700
0.703253 31.595400
0.703557 44.698600
0.703861 21.872100
0.704165 4.990270
0.704469 10.013500
0.704773 17.120400
0.705078 10.400700
0.705382 24.793500
0.705686 40.379200
0.705990 55.140500
0.706294 6.550990
0.706598 20.985200
0.706902 46.291500
0.707206 7.208390
0.707510 18.886600
0.707814 15.834000
0.708118 2.854290
0.708422 5.914540
0.708726 5.253220
0.709030 27.210600
0.709334 20.609800
0.709638 3.922880
0.709942 17.291200
0.710246 20.569000
0.710550 25.846200
0.710854 57.897700
0.711158 36.278600
0.711462 25.414500
0.711766 66.331100
0.712071 33.700700
0.712375 66.910200
0.712679 45.018000
0.712983 2.734800
0.713287 45.065700
0.713591 39.931600
0.713895 7.150830
0.714199 5.238230
0.714503 52.533300
0.714807 15.261500
0.715111 17.693700
0.715415 5.220140
0.715719 5.200840
0.716023 7.839270
0.716327 6.084230
0.716631 15.490200
0.716935 9.585310
0.717239 37.878500
0.717543 75.624000
0.717847 36.111800
0.718151 38.524900
0.718455 5.859920
0.718760 8.815000
0.719064 7.202260
0.719368 31.320900
0.719672 3.796250
0.719976 18.049000
0.720280 9.284870
0.720584 7.522490
0.720888 4.993990
0.721192 38.762700
0.721496 12.468000
0.721800 13.516600
0.722104 46.354100
0.722408 18.993100
0.722712 8.063200
0.723016 14.287700
0.723320 2.985550
0.723624 22.675700
0.723928 49.769100
0.724232 22.577200
0.724536 7.821660
0.724840 49.143800
0.725144 81.236800
0.725448 82.115300
0.725753 29.576900
0.726057 13.331700
0.726361 27.275800
0.726665 31.794600
0.726969 9.644560
0.727273 73.084000
0.727577 14.727500
0.727881 16.425400
0.728185 16.962000
0.728489 10.052600
0.728793 7.680600
0.729097 10.100000
0.729401 65.279500
0.729705 6.183710
0.730009 32.807900
0.730313 6.529470
0.730617 21.884300
0.730921 73.862600
0.731225 15.447100
0.731529 4.571640
0.731833 18.651300
0.732137 7.103800
0.732441 2.974310
0.732746 13.000500
0.733050 14.928800
0.733354 24.659900
0.733658 8.190560
0.733962 11.576800
0.734266 21.486000
0.734570 36.176700
0.734874 7.751030
0.735178 13.160800
0.735482 19.786600
0.735786 1.835490
0.736090 10.363900
0.736394 15.160200
0.736698 13.375500
0.737002 42.883800
0.737306 24.371500
0.737610 7.499260
0.737914 28.745600
0.738218 36.470800
0.738522 21.415700
0.738826 34.229000
0.739130 30.379400
0.739434 8.135420
0.739739 11.928000
0.740043 5.250070
0.740347 8.994640
0.740651 37.891500
0.740955 44.160400
0.741259 41.795300
0.741563 5.987830
0.741867 52.150300
0.742171 21.845400
0.742475 25.688100
0.742779 47.478500
0.743083 26.464700
0.743387 27.263700
0.743691 5.667230
0.743995 5.514190
0.744299 21.616200
0.744603 9.313840
0.744907 49.212600
0.745211 36.246100
0.745515 40.767500
0.745819 42.915900
0.746123 8.100780
0.746427 7.207860
0.746732 30.062700
0.747036 38.849300
0.747340 55.613000
0.747644 62.533800
0.747948 3.982020
0.748252 34.801300
0.748556 26.893500
0.748860 5.331220
0.749164 14.723000
0.749468 18.340500
0.749772 84.656300
0.750076 18.379400
0.750380 7.860400
0.750684 17.794300
0.750988 38.254100
0.751292 63.717100
0.751596 18.561200
0.751900 9.318100
0.752204 11.531200
0.752508 17.189000
0.752812 40.184000
0.753116 9.959980
0.753420 40.402800
0.753725 33.395200
0.754029 18.520600
0.754333 16.467300
0.754637 84.756800
0.754941 4.810130
0.755245 49.119800
0.755549 57.866100
0.755853 41.059800
0.756157 16.194500
0.756461 2.535050
0.756765 7.199670
0.757069 9.419640
0.757373 11.476700
0.757677 8.921360
0.757981 12.075100
0.758285 7.916050
0.758589 11.223900
0.758893 63.728700
0.759197 16.519200
0.759501 28.450800
0.759805 13.236500
0.760109 2.190550
0.760413 44.373000
0.760718 20.408500
0.761022 3.841120
0.761326 41.212300
0.761630 7.865170
0.761934 58.399000
0.762238 12.089300
0.762542 31.447300
0.762846 18.806600
0.763150 8.559320
0.763454 47.443100
0.763758 51.045600
0.764062 15.020400
0.764366 55.257000
0.764670 46.678500
0.764974 57.906500
0.765278 48.357900
0.765582 28.466700
0.765886 8.852290
0.766190 35.103100
0.766494 11.649100
0.766798 7.422610
0.767102 28.835500
0.767407 16.829800
0.767711 6.276670
0.768015 6.644570
0.768319 11.657400
0.768623 9.465270
0.768927 10.296100
0.769231 86.237000
0.769535 35.043000
0.769839 24.454000
0.770143 39.698200
0.770447 23.039000
0.770751 27.524300
0.771055 6.524670
0.771359 16.429200
0.771663 62.337000
0.771967 16.540900
0.772271 18.693100
0.772575 61.170000
0.772879 57.463200
0.773183 32.040500
0.773487 38.846100
0.773791 32.269500
0.774095 8.224090
0.774400 53.793100
0.774704 10.138300
0.775008 9.180980
0.775312 28.078700
0.775616 21.797700
0.775920 21.622000
0.776224 16.818300
0.776528 9.449510
0.776832 22.139500
0.777136 36.322400
0.777440 42.567500
0.777744 10.835800
0.778048 21.702500
0.778352 47.241500
0.778656 10.181700
0.778960 6.169990
0.779264 56.934300
0.779568 24.657300
0.779872 23.106800
0.780176 14.817000
0.780480 33.570000
0.780784 30.508200
0.781088 18.466000
0.781393 4.758040
0.781697 12.638900
0.782001 28.076500
0.782305 7.600580
0.782609 69.223900
0.782913 19.270400
0.783217 22.808300
0.783521 8.297190
0.783825 5.601890
0.784129 12.605900
0.784433 7.746630
0.784737 4.088810
0.785041 21.741400
0.785345 6.494870
0.785649 14.886400
0.785953 13.782500
0.786257 22.205400
0.786561 19.236600
0.786865 11.224100
0.787169 62.018900
0.787473 26.480200
0.787777 43.174700
0.788081 21.387100
0.788386 9.696190
0.788690 48.067500
0.788994 28.762400
0.789298 23.895800
0.789602 4.350140
0.789906 78.923700
0.790210 21.814800
0.790514 34.212300
0.790818 11.875100
0.791122 52.226900
0.791426 53.601900
0.791730 25.404200
0.792034 24.733400
0.792338 18.560900
0.792642 14.361700
0.792946 20.192200
0.793250 8.210030
0.793554 3.659120
0.793858 20.412400
0.794162 7.181500
0.794466 13.379400
0.794770 6.061140
0.795074 11.421300
0.795379 15.526500
0.795683 10.840600
0.795987 8.206510
0.796291 5.423770
0.796595 16.293800
0.796899 24.905400
0.797203 8.913510
0.797507 18.432700
0.797811 81.201600
0.798115 44.454200
0.798419 32.958900
0.798723 22.561000
0.799027 7.435300
0.799331 4.517380
0.799635 13.613600
0.799939 17.519800
0.800243 38.116000
0.800547 63.842600
0.800851 44.400500
0.801155 28.277800
0.801459 10.007800
0.801763 27.511300
0.802067 26.589700
0.802372 15.688500
0.802676 63.522600
0.802980 76.568300
0.803284 7.497760
0.803588 5.282340
0.803892 43.105000
0.804196 20.150000
0.804500 14.840100
0.804804 14.517500
0.805108 25.269200
0.805412 8.580220
0.805716 14.877200
0.806020 9.568320
0.806324 24.729900
0.806628 45.953700
0.806932 62.339600
0.807236 9.600610
0.807540 3.989060
0.807844 12.654500
0.808148 28.286100
0.808452 23.404400
0.808756 58.258400
0.809061 9.924700
0.809365 47.266000
0.809669 8.926610
0.809973 69.026900
0.810277 23.687500
0.810581 7.934590
0.810885 65.457800
0.811189 6.524550
0.811493 11.669600
0.811797 6.841730
0.812101 5.033970
0.812405 44.046500
0.812709 41.192400
0.813013 9.010980
0.813317 8.672550
0.813621 14.506700
0.813925 50.318600
0.814229 12.287600
0.814533 6.656360
0.814837 5.862650
0.815141 52.571600
0.815445 13.208600
0.815749 27.384800
0.816054 3.964620
0.816358 38.899700
0.816662 17.588800
0.816966 7.869610
0.817270 35.650000
0.817574 16.904700
0.817878 5.731310
0.818182 3.662690
0.818486 11.861800
0.818790 7.181160
0.819094 22.930500
0.819398 20.502300
0.819702 29.862800
0.820006 1.680960
0.820310 70.213500
0.820614 15.581500
0.820918 29.719100
0.821222 38.186600
0.821526 25.599900
0.821830 18.518000
0.822134 51.805200
0.822438 19.880600
0.822742 8.722470
0.823047 20.069900
0.823351 5.119130
0.823655 42.034500
0.823959 10.047500
0.824263 8.684500
0.824567 9.670320
0.824871 3.467370
0.825175 57.086300
0.825479 12.646700
0.825783 19.601100
0.826087 6.206200
0.826391 68.207500
0.826695 24.408100
0.826999 88.725700
0.827303 16.170200
0.827607 45.241600
0.827911 29.076600
0.828215 37.909000
0.828519 6.379470
0.828823 20.459400
0.829127 10.886000
0.829431 10.522800
0.829735 16.025500
0.830040 19.813900
0.830344 2.939710
0.830648 8.124030
0.830952 16.915600
0.831256 29.243200
0.831560 15.533500
0.831864 57.851300
0.832168 8.827840
0.832472 32.549600
0.832776 60.155900
0.833080 54.195000
0.833384 15.166500
0.833688 40.831200
0.833992 5.193110
0.834296 38.891000
0.834600 28.219000
0.834904 15.546400
0.835208 3.001280
0.835512 26.984000
0.835816 56.139200
0.836120 28.651900
0.836424 19.589900
0.836728 10.190600
0.837033 18.727000
0.837337 9.319520
0.837641 15.383600
0.837945 7.322750
0.838249 17.832600
0.838553 12.105000
0.838857 4.660550
0.839161 15.400600
0.839465 23.178700
0.839769 2.087790
0.840073 10.496700
0.840377 20.903400
0.840681 9.362800
0.840985 73.335200
0.841289 10.494400
0.841593 56.627500
0.841897 7.800550
0.842201 1.752170
0.842505 9.451160
0.842809 7.905140
0.843113 28.910300
0.843417 17.221300
0.843721 16.198800
0.844026 32.012600
0.844330 8.509030
0.844634 35.865500
0.844938 53.289200
0.845242 20.322300
0.845546 37.893300
0.845850 25.245700
0.846154 23.151000
0.846458 17.697100
0.846762 4.116400
0.847066 3.521030
0.847370 48.505500
0.847674 23.034400
0.847978 29.239800
0.848282 72.393300
0.848586 27.402900
0.848890 27.340100
0.849194 12.897000
0.849498 93.456800
0.849802 49.284300
0.850106 5.576410
0.850410 13.857100
0.850715 69.529000
0.851019 36.840900
0.851323 15.946600
0.851627 31.548800
0.851931 9.289940
0.852235 63.110800
0.852539 17.990900
0.852843 29.346500
0.853147 10.260800
0.853451 1.501330
0.853755 22.318200
0.854059 7.457480
0.854363 6.719000
0.854667 48.951000
0.854971 43.338000
0.855275 9.139030
0.855579 24.853700
0.855883 28.119800
0.856187 9.720710
0.856491 71.526100
0.856795 38.032300
0.857099 49.439000
0.857403 87.942100
0.857708 2.717310
0.858012 23.813200
0.858316 10.449500
0.858620 26.276400
0.858924 8.565860
0.859228 5.612760
0.859532 9.170240
0.859836 25.703600
0.860140 42.904700
0.860444 6.571680
0.860748 6.147480
0.861052 16.472800
0.861356 72.464900
0.861660 51.508300
0.861964 18.452800
0.862268 39.084500
0.862572 41.125500
0.862876 22.396000
0.863180 32.251500
0.863484 65.551000
0.863788 22.156000
0.864092 27.885500
0.864396 28.929700
0.864701 16.662900
0.865005 13.881800
0.865309 9.693370
0.865613 6.375290
0.865917 5.243980
0.866221 15.299400
0.866525 30.097500
0.866829 29.168800
0.867133 8.493610
0.867437 13.359300
0.867741 15.288000
0.868045 20.057500
0.868349 39.296000
0.868653 9.588380
0.868957 49.375800
0.869261 34.917000
0.869565 41.320800
0.869869 36.300400
0.870173 5.390670
0.870477 7.547280
0.870781 68.344100
0.871085 36.837900
0.871389 11.028100
0.871694 44.110300
0.871998 28.434600
0.872302 64.479400
0.872606 5.685030
0.872910 15.455200
0.873214 28.484800
0.873518 8.044850
0.873822 19.444200
0.874126 35.587200
0.874430 5.305400
0.874734 4.986500
0.875038 5.687450
0.875342 1.533290
0.875646 14.424100
0.875950 32.388200
0.876254 21.690500
0.876558 5.503310
0.876862 49.870500
0.877166 7.402590
0.877470 16.250700
0.877774 16.597500
0.878078 20.097800
0.878382 10.396600
0.878687 9.204820
0.878991 13.240400
0.879295 10.159100
0.879599 19.735100
0.879903 9.894980
0.880207 46.176400
0.880511 20.625200
0.880815 26.940700
0.881119 8.627860
0.881423 8.244360
0.881727 12.032600
0.882031 9.735330
0.882335 49.118300
0.882639 10.391700
0.882943 6.015920
0.883247 54.234400
0.883551 2.448290
0.883855 9.180770
0.884159 37.710000
0.884463 47.117200
0.884767 40.533000
0.885071 3.555240
0.885375 38.196800
0.885680 6.031230
0.885984 30.115800
0.886288 7.867480
0.886592 3.725620
0.886896 23.837400
0.887200 37.925900
0.887504 28.623000
0.887808 20.036600
0.888112 29.647100
0.888416 7.181490
0.888720 25.733600
0.889024 20.482900
0.889328 22.418300
0.889632 9.903850
0.889936 38.298100
0.890240 28.307300
0.890544 15.957800
0.890848 21.362400
0.891152 29.301000
0.891456 61.043400
0.891760 39.450000
0.892064 6.852610
0.892369 36.792000
0.892673 20.462200
0.892977 27.128700
0.893281 41.314800
0.893585 5.601620
0.893889 59.242300
0.894193 24.172700
0.894497 6.922410
0.894801 9.154870
0.895105 22.164100
0.895409 22.684200
0.895713 21.329700
0.896017 23.807500
0.896321 13.312200
0.896625 3.075070
0.896929 9.656380
0.897233 13.878200
0.897537 3.466330
0.897841 6.145710
0.898145 15.257800
0.898449 39.147800
0.898753 69.499100
0.899057 4.290060
0.899362 15.212900
0.899666 32.160400
0.899970 4.483470
0.900274 18.280200
0.900578 24.468700
0.900882 6.174130
0.901186 44.650300
0.901490 42.566700
0.901794 64.777700
0.902098 20.599400
0.902402 57.657200
0.902706 32.182000
0.903010 9.648340
0.903314 18.520800
0.903618 38.644100
0.903922 39.361700
0.904226 15.250600
0.904530 5.915000
0.904834 22.926700
0.905138 12.022700
0.905442 27.030300
0.905746 2.799180
0.906050 11.082100
0.906355 85.055700
0.906659 13.408700
0.906963 25.614200
0.907267 6.676760
0.907571 27.602400
0.907875 14.710500
0.908179 23.851500
0.908483 18.878700
0.908787 11.210400
0.909091 7.381470
0.909395 23.363600
0.909699 23.976000
0.910003 34.486000
0.910307 10.919800
0.910611 9.904330
0.910915 8.677810
0.911219 7.980710
0.911523 25.128200
0.911827 46.770200
0.912131 8.708220
0.912435 24.859200
0.912739 10.395100
0.913043 31.455400
0.913348 16.003900
0.913652 9.204530
0.913956 55.736700
0.914260 26.592300
0.914564 14.617500
0.914868 5.316810
0.915172 14.834300
0.915476 11.325600
0.915780 62.992900
0.916084 6.158650
0.916388 9.841800
0.916692 25.267000
0.916996 8.701410
0.917300 6.157960
0.917604 35.790600
0.917908 45.645100
0.918212 6.716410
0.918516 3.462600
0.918820 16.767400
0.919124 30.218500
0.919428 73.452200
0.919732 65.060500
0.920036 12.577600
0.920341 7.578970
0.920645 30.053300
0.920949 33.666500
0.921253 7.762280
0.921557 33.575300
0.921861 4.181160
0.922165 15.143100
0.922469 23.959900
0.922773 17.166800
0.923077 4.524110
0.923381 16.247100
0.923685 40.339200
0.923989 17.663900
0.924293 2.962310
0.924597 6.295110
0.924901 24.546800
0.925205 51.379200
0.925509 3.849740
0.925813 42.313800
0.926117 16.179200
0.926421 6.568350
0.926725 4.312140
0.927029 8.449800
0.927334 17.825600
0.927638 42.860800
0.927942 3.790200
0.928246 5.481380
0.928550 26.281200
0.928854 4.733000
0.929158 2.477300
0.929462 63.623400
0.929766 37.582900
0.930070 33.472400
0.930374 23.544500
0.930678 21.332800
0.930982 20.406300
0.931286 62.537300
0.931590 13.531300
0.931894 10.599900
0.932198 58.723000
0.932502 87.235100
0.932806 46.536100
0.933110 27.702600
0.933414 6.636570
0.933718 44.348600
0.934022 11.758100
0.934327 30.086100
0.934631 16.838600
0.934935 16.070300
0.935239 15.057200
0.935543 44.278300
0.935847 7.821000
0.936151 29.819100
0.936455 23.560100
0.936759 32.776400
0.937063 40.652300
0.937367 7.180330
0.937671 7.090690
0.937975 14.249400
0.938279 54.952300
0.938583 7.096090
0.938887 14.677300
0.939191 23.377700
0.939495 9.028530
0.939799 5.825570
0.940103 45.563800
0.940407 28.046800
0.940711 34.255300
0.941016 9.585820
0.941320 30.852700
0.941624 7.300670
0.941928 30.198400
0.942232 27.495700
0.942536 3.800000
0.942840 8.897130
0.943144 8.405990
0.943448 24.005500
0.943752 10.872800
0.944056 4.930600
0.944360 28.312700
0.944664 7.432880
0.944968 15.952100
0.945272 9.091420
0.945576 7.772520
0.945880 23.902700
0.946184 10.145800
0.946488 25.869300
0.946792 34.972400
0.947096 5.312190
0.947400 16.837700
0.947704 29.975600
0.948009 18.816300
0.948313 38.383800
0.948617 33.821000
0.948921 53.658400
0.949225 8.537050
0.949529 27.276700
0.949833 5.055830
0.950137 26.288900
0.950441 7.555040
0.950745 17.467300
0.951049 8.683910
0.951353 37.013500
0.951657 2.545280
0.951961 65.181800
0.952265 15.594200
0.952569 5.859160
0.952873 15.975400
0.953177 34.122300
0.953481 35.697800
0.953785 11.937100
0.954089 13.176200
0.954393 17.631700
0.954697 36.405300
0.955002 14.082900
0.955306 40.612700
0.955610 6.461850
0.955914 21.548900
0.956218 22.234500
0.956522 21.474400
0.956826 27.935400
0.957130 9.231220
0.957434 45.033800
0.957738 39.094100
0.958042 14.427300
0.958346 16.516200
0.958650 32.391900
0.958954 32.940800
0.959258 16.362600
0.959562 16.593700
0.959866 30.791200
0.960170 8.936300
0.960474 4.735020
0.960778 26.063500
0.961082 6.060650
0.961386 9.417540
0.961690 35.892300
0.961995 58.233400
0.962299 46.883700
0.962603 2.865910
0.962907 6.352710
0.963211 13.298500
0.963515 31.873400
0.963819 16.635100
0.964123 21.639800
0.964427 10.059500
0.964731 7.907980
0.965035 53.439100
0.965339 10.125300
0.965643 18.695500
0.965947 15.250000
0.966251 23.171400
0.966555 10.379300
0.966859 7.139510
0.967163 17.498500
0.967467 9.139860
0.967771 26.623100
0.968075 65.046500
0.968379 47.362000
0.968683 4.699770
0.968988 40.419600
0.969292 6.816630
0.969596 26.205300
0.969900 17.894000
0.970204 83.975800
0.970508 52.094200
0.970812 14.635100
0.971116 35.358700
0.971420 27.691900
0.971724 10.675200
0.972028 18.331700
0.972332 58.088400
0.972636 5.621010
0.972940 9.139540
0.973244 38.848700
0.973548 20.347600
0.973852 17.345300
0.974156 47.402400
0.974460 48.646000
0.974764 51.535200
0.975068 55.984200
0.975372 34.222700
0.975676 10.128100
0.975981 6.155510
0.976285 8.893560
0.976589 27.250300
0.976893 31.737800
0.977197 70.454500
0.977501 50.366900
0.977805 37.523100
0.978109 7.210490
0.978413 26.029100
0.978717 55.807000
0.979021 53.855100
0.979325 66.327800
0.979629 27.925300
0.979933 10.088900
0.980237 1.644070
0.980541 52.485900
0.980845 28.421100
0.981149 52.708200
0.981453 10.907900
0.981757 58.057000
0.982061 37.588400
0.982365 60.154400
0.982670 47.262200
0.982974 10.735600
0.983278 8.539670
0.983582 4.007070
0.983886 35.879200
0.984190 16.970900
0.984494 4.909300
0.984798 12.952200
0.985102 17.448300
0.985406 40.241700
0.985710 5.591650
0.986014 4.591180
0.986318 59.034300
0.986622 15.294700
0.986926 38.592700
0.987230 28.452800
0.987534 1.746840
0.987838 20.347700
0.988142 54.392000
0.988446 10.638900
0.988750 20.074300
0.989054 23.888800
0.989358 15.129300
0.989663 39.968500
0.989967 6.536830
0.990271 5.780190
0.990575 20.364900
0.990879 6.077330
0.991183 3.553970
0.991487 9.104130
0.991791 11.071600
0.992095 16.129600
0.992399 7.853570
0.992703 29.053100
0.993007 14.708000
0.993311 19.170500
0.993615 29.794700
0.993919 22.308700
0.994223 24.793200
0.994527 20.897200
0.994831 8.636590
0.995135 27.713900
0.995439 10.396700
0.995743 17.123100
0.996047 10.877500
0.996351 14.204900
0.996656 21.374900
0.996960 1.924540
0.997264 46.506500
0.997568 26.632800
0.997872 15.599600
0.998176 24.975100
0.998480 27.421600
0.998784 2.726340
0.999088 24.423700
0.999392 68.533200
0.999696 35.874300
1.000000 3.017670
