0.000294 32.478500
0.000589 11.327100
0.000883 14.548700
0.001178 4.565280
0.001472 8.482410
0.001766 10.203200
0.002061 7.650020
0.002355 8.409260
0.005299 58.116000
0.005593 6.902040
0.005888 48.830700
0.006182 9.548240
0.006476 29.944300
0.006771 13.567200
0.007065 8.972670
0.007359 42.064700
0.007654 6.725980
0.007948 19.336300
0.008537 11.588400
0.008831 14.902700
0.009126 30.684900
0.009420 34.548200
0.009714 14.687700
0.010009 65.222800
0.010303 35.990200
0.010598 15.942500
0.010892 15.229800
0.011186 56.327800
0.011481 6.167480
0.011775 16.544900
0.012069 3.398600
0.012364 3.456620
0.012658 4.896090
0.012953 33.951000
0.013247 8.000430
0.013541 5.680830
0.013836 44.939900
0.025905 9.691900
0.026200 31.280300
0.026494 27.386400
0.026788 59.274100
0.027083 28.763400
0.027377 9.818610
0.027671 37.521300
0.027966 13.981000
0.028260 28.115400
0.028555 15.251300
0.028849 43.288000
0.029143 24.597300
0.029438 23.243300
0.029732 31.056800
0.032087 67.417800
0.032382 8.056590
0.032676 15.672700
0.032970 48.583300
0.033265 23.194100
0.033559 13.241900
0.033853 63.631100
0.034148 5.207830
0.034442 19.004700
0.034737 54.472700
0.035031 7.781800
0.035325 41.882100
0.035620 13.026900
0.035914 33.442500
0.036208 42.064500
0.036503 55.712300
0.036797 6.816720
0.037092 13.680100
0.037386 16.231700
0.037680 9.621300
0.037975 2.366490
0.038269 37.581500
0.038563 20.571700
0.038858 11.212700
0.039152 25.373700
0.039447 32.064100
0.039741 31.113600
0.040035 12.378800
0.040330 64.676000
0.040624 31.101800
0.040918 67.178100
0.041213 59.432900
0.041507 1.842550
0.041802 4.188680
0.042096 65.642300
0.042390 21.324500
0.042685 42.142000
0.042979 10.226800
0.043273 31.271400
0.043568 54.745300
0.043862 49.962400
0.044157 37.426400
0.044451 39.990100
0.044745 15.909000
0.045040 53.681500
0.045334 20.473900
0.045628 26.549500
0.045923 35.330600
0.046217 24.290300
0.046512 35.434500
0.046806 17.610200
0.047100 34.084400
0.047395 4.316490
0.047689 7.011210
0.047984 12.652300
0.048278 6.333840
0.048572 9.500270
0.048867 42.137000
0.049161 19.581400
0.049455 20.450600
0.049750 5.709390
0.050044 6.621720
0.050339 42.512200
0.050633 39.772100
0.050927 23.605500
0.051222 31.086800
0.051516 2.415060
0.051810 10.938700
0.052105 42.761800
0.052399 14.044500
0.052694 16.287400
0.052988 27.970100
0.053282 20.310600
0.053577 14.631600
0.053871 27.892800
0.054165 58.177400
0.054460 28.226700
0.054754 9.738390
0.061525 59.483000
0.061819 51.137800
0.062114 6.482920
0.062408 55.545600
0.062702 25.798200
0.062997 20.442800
0.063291 8.150690
0.063586 13.340700
0.063880 38.736700
0.064174 14.991700
0.064469 5.734970
0.085075 8.389800
0.085369 30.419400
0.085664 4.441840
0.085958 14.092400
0.086253 30.996600
0.086547 83.258600
0.086841 8.558050
0.087136 2.991310
0.087430 10.082100
0.087724 18.339100
0.088019 37.341500
0.088313 11.137400
0.088608 73.678300
0.088902 8.750250
0.090374 67.121200
0.090668 1.772950
0.090963 37.921200
0.091257 31.078700
0.091551 9.168390
0.091846 35.153800
0.092140 11.500700
0.092435 8.073650
0.092729 21.151200
0.093023 53.364600
0.093318 7.493240
0.093612 44.765400
0.093906 5.996590
0.094201 24.155600
0.094495 41.688600
0.094790 42.585400
0.095084 6.309130
0.095378 34.936400
0.095673 53.356200
0.095967 44.623100
0.096261 19.881500
0.096556 52.018900
0.096850 33.138200
0.097145 15.106500
0.097439 68.791200
0.097733 15.454100
0.098028 31.805200
0.098322 10.825800
0.098616 43.658200
0.098911 39.002100
0.099205 18.142200
0.099500 15.074200
0.099794 63.345900
0.100088 6.628060
0.100383 20.453600
0.100677 17.473000
0.100971 40.261900
0.101266 14.104100
0.101560 17.243200
0.101855 45.653200
0.102149 51.186300
0.102443 20.005200
0.102738 9.192840
0.103032 23.034000
0.103621 9.945950
0.103915 7.156450
0.104210 26.133200
0.104504 40.518900
0.104798 43.074200
0.105093 31.595300
0.105387 8.060630
0.105681 27.209600
0.105976 69.718200
0.106270 12.868500
0.106565 15.146000
0.106859 28.021600
0.107153 26.565100
0.107448 13.134400
0.107742 7.558170
0.108037 18.393700
0.108331 5.021550
0.108625 18.353200
0.108920 5.567330
0.109214 35.587800
0.109508 57.294000
0.109803 5.058370
0.110097 33.312600
0.110392 9.210080
0.110686 11.546900
0.110980 8.944920
0.111275 19.787300
0.111569 5.794900
0.111863 15.680400
0.112158 55.669700
0.112452 55.943600
0.112747 13.427600
0.113041 28.219400
0.113335 4.161180
0.113630 56.296000
0.113924 7.212300
0.114218 6.037250
0.114513 1.805590
0.114807 23.905500
0.115102 20.168600
0.115396 13.829600
0.115690 7.100710
0.115985 11.367700
0.116279 3.669050
0.116573 27.835000
0.116868 14.315500
0.117162 14.575900
0.117457 50.340600
0.120106 11.312900
0.120400 9.432900
0.120695 39.080300
0.120989 10.900000
0.121283 19.751400
0.121578 7.974220
0.121872 41.454600
0.122167 71.693800
0.122461 46.051800
0.122755 12.380600
0.123050 60.202700
0.123344 26.899200
0.123639 11.422200
0.123933 7.549430
0.124227 7.337330
0.124522 5.958590
0.124816 6.713640
0.125110 18.266900
0.125405 5.375260
0.125699 14.951300
0.125994 46.152200
0.126288 11.738000
0.126582 59.846400
0.126877 39.256600
0.127171 46.040100
0.127465 6.946900
0.127760 10.757300
0.128054 25.465700
0.128349 48.770500
0.128643 15.368800
0.128937 65.297100
0.129232 41.171000
0.129526 10.096500
0.129820 26.121300
0.130115 8.340290
0.130409 6.929850
0.130704 14.709800
0.130998 11.422900
0.131292 41.351300
0.131587 8.097720
0.131881 17.489400
0.132175 10.089900
0.132470 84.849500
0.132764 11.162000
0.133059 69.808900
0.133353 7.584920
0.133647 12.837100
0.133942 12.099500
0.134236 5.844930
0.134530 34.339400
0.134825 44.907100
0.135119 9.640780
0.135414 33.436700
0.135708 7.657870
0.136002 33.972600
0.136297 7.846030
0.136591 39.539700
0.136885 22.578100
0.137180 22.752900
0.137474 4.591450
0.137769 16.620900
0.138063 8.284400
0.138357 4.454660
0.138652 9.926610
0.138946 56.995900
0.139241 14.349000
0.139535 24.898000
0.139829 41.329500
0.140124 17.825500
0.140418 10.978900
0.140712 26.490100
0.141007 4.349670
0.141301 9.068450
0.141596 7.327760
0.141890 4.658900
0.142184 67.471700
0.142479 25.795800
0.142773 17.220200
0.143067 27.387200
0.143362 28.515900
0.143656 23.972900
0.143951 38.728800
0.144245 52.543300
0.144539 15.192700
0.144834 40.205000
0.145128 12.474600
0.145422 9.803500
0.145717 6.816790
0.146011 4.535020
0.146306 8.074270
0.146600 51.086400
0.146894 25.994100
0.147189 21.661400
0.147483 10.528000
0.147777 6.285190
0.148072 2.236170
0.148366 7.695230
0.148661 13.886300
0.148955 6.067770
0.149249 13.769700
0.149544 56.396300
0.149838 30.701900
0.150132 11.559800
0.150427 74.345800
0.150721 42.072300
0.151016 26.947100
0.151310 20.139800
0.151604 6.100660
0.151899 6.235850
0.152193 6.422350
0.152487 20.163600
0.152782 35.057000
0.153371 21.206200
0.153665 32.505900
0.153959 8.600900
0.154254 26.071300
0.154548 29.418100
0.154843 10.548800
0.155137 7.835420
0.155431 76.668300
0.155726 11.356200
0.156020 44.098200
0.156314 16.696100
0.156609 3.159380
0.156903 5.516060
0.157198 15.885200
0.157492 70.330700
0.157786 41.681300
0.158081 18.981000
0.158375 29.809800
0.158669 9.408810
0.158964 7.136530
0.159258 19.080400
0.159553 10.615500
0.159847 27.382700
0.160141 8.457310
0.160436 8.743470
0.160730 32.918000
0.161024 54.701600
0.161319 39.118700
0.161613 13.046500
0.161908 7.108030
0.162202 36.430800
0.162496 8.981660
0.162791 16.782800
0.163085 8.509700
0.163379 6.736070
0.163674 8.950270
0.163968 9.410190
0.164263 6.818420
0.164557 6.774280
0.164851 13.357400
0.165146 61.989600
0.165440 29.623300
0.165734 9.636790
0.166029 17.447600
0.166323 13.375500
0.166618 13.793500
0.166912 7.548520
0.167206 20.940000
0.167501 9.156320
0.167795 8.963250
0.168089 21.035500
0.168384 8.156740
0.168678 35.199800
0.168973 32.394700
0.169267 5.564140
0.169561 74.065500
0.169856 11.337200
0.170150 7.895510
0.170445 28.408300
0.170739 43.033300
0.171033 6.066800
0.171328 61.279400
0.171622 8.386340
0.171916 16.250200
0.172211 45.371600
0.172505 8.691330
0.172800 18.319200
0.173094 5.100860
0.173388 46.642900
0.173683 22.323500
0.173977 25.852100
0.178098 9.958660
0.178393 15.286900
0.178687 6.710920
0.178981 8.409380
0.179276 25.543000
0.179570 65.209500
0.179865 10.940300
0.180159 7.012290
0.180453 9.448600
0.180748 28.725400
0.181042 31.446200
0.181336 55.890800
0.181631 9.780430
0.181925 7.763400
0.182220 59.148500
0.182514 38.300700
0.182808 29.112500
0.183103 83.739300
0.183397 34.333700
0.183691 20.297100
0.183986 25.373200
0.184280 29.723000
0.184575 8.736120
0.184869 46.634800
0.185163 10.971000
0.185458 9.145170
0.185752 19.675800
0.186047 16.510800
0.186341 75.582000
0.186635 56.053600
0.186930 3.352210
0.187224 11.887000
0.187518 87.689400
0.187813 36.909600
0.188107 30.709200
0.188402 7.200130
0.188696 5.402410
0.188990 7.174180
0.189285 38.342400
0.189579 17.649400
0.189873 17.158700
0.190168 23.669700
0.190462 4.835100
0.190757 13.173900
0.191051 16.470100
0.191345 47.703800
0.191640 3.336070
0.191934 9.173400
0.192228 11.917800
0.192523 9.265170
0.192817 62.217300
0.193112 5.908900
0.193406 2.872710
0.193700 8.015480
0.193995 23.909300
0.194289 41.296700
0.194583 16.543300
0.194878 3.203330
0.195172 9.255300
0.195467 24.693100
0.195761 32.875400
0.196055 19.872000
0.196350 4.467790
0.196644 9.532410
0.196938 49.054500
0.197233 32.045100
0.197527 5.883210
0.197822 12.871400
0.198116 15.723300
0.198410 15.491900
0.198705 40.647500
0.198999 5.616510
0.199293 4.717070
0.199588 20.355300
0.199882 17.047500
0.200177 36.870700
0.200471 35.043600
0.200765 75.257500
0.201060 3.763370
0.201354 29.935000
0.201649 39.333500
0.201943 24.198300
0.202237 30.691400
0.202532 27.326100
0.202826 21.321400
0.203120 28.838400
0.203415 16.898400
0.203709 8.278340
0.204004 47.700100
0.204298 92.216600
0.204592 23.114300
0.204887 13.903100
0.205181 53.505000
0.205475 70.326700
0.205770 7.144990
0.206064 9.398600
0.206359 48.040600
0.206653 18.951700
0.206947 47.464600
0.207242 55.102600
0.207536 7.502310
0.207830 13.592700
0.208125 37.533500
0.208419 10.995800
0.208714 20.539100
0.209008 8.710320
0.209302 1.710590
0.209597 25.628200
0.209891 9.491750
0.210185 82.419700
0.210480 33.666700
0.210774 50.804100
0.211069 85.030900
0.211363 9.246900
0.211657 22.753400
0.211952 17.958400
0.212246 11.724200
0.212540 11.804800
0.212835 37.087100
0.213129 1.736580
0.213424 19.513000
0.213718 26.391700
0.214012 19.116400
0.214307 9.776440
0.214601 7.688000
0.214895 29.197200
0.215190 19.513600
0.215484 8.435330
0.215779 9.713890
0.216073 19.715400
0.216367 13.785100
0.216662 9.479180
0.216956 16.187800
0.217251 13.128300
0.217545 14.752700
0.217839 7.423880
0.218134 44.395500
0.218428 9.409750
0.218722 32.501900
0.219017 13.726700
0.219311 70.801900
0.219606 7.437300
0.219900 29.868800
0.220194 69.110200
0.220489 42.205500
0.220783 49.325900
0.221077 8.766260
0.221372 35.075600
0.221666 28.042300
0.221961 14.529400
0.222255 9.014500
0.222549 39.718100
0.222844 38.679400
0.223138 7.149480
0.223432 30.000800
0.223727 6.994560
0.224021 6.285830
0.224316 25.760500
0.224610 11.326000
0.224904 27.200200
0.225199 24.226600
0.225493 67.556900
0.225787 14.459800
0.226082 44.415800
0.226376 5.357240
0.226671 55.619700
0.226965 19.538400
0.227259 7.376650
0.227554 12.821100
0.227848 23.443400
0.228142 65.060700
0.228437 8.266700
0.228731 38.400500
0.229026 7.417930
0.229614 8.324900
0.229909 30.490700
0.230203 18.555400
0.230497 9.354220
0.230792 5.478130
0.231086 11.092900
0.231381 8.631310
0.231675 7.343520
0.231969 10.297700
0.232264 22.431400
0.232558 31.526800
0.232853 23.953300
0.233147 31.931800
0.233441 14.975400
0.233736 8.014270
0.234030 25.494000
0.234324 48.195000
0.234619 18.688300
0.234913 25.918500
0.235208 34.862400
0.235502 29.059600
0.235796 17.530200
0.236091 27.020200
0.236385 20.561300
0.236679 14.810300
0.236974 3.443730
0.237268 26.342700
0.237563 5.470170
0.237857 14.049200
0.238151 35.182000
0.238446 18.779900
0.238740 10.905000
0.239034 17.272000
0.239329 40.937600
0.239623 2.487480
0.239918 15.127900
0.240212 36.100600
0.240506 20.480800
0.240801 4.775300
0.241095 25.652900
0.241389 4.623150
0.241684 17.770000
0.241978 21.960200
0.242273 8.003700
0.242567 18.713600
0.242861 33.477600
0.243156 15.741300
0.243450 31.060000
0.243744 5.874520
0.244039 7.092980
0.244333 45.480900
0.244628 15.477900
0.244922 73.866500
0.245216 12.776600
0.245511 20.596200
0.245805 6.749920
0.246099 54.213100
0.246394 22.796100
0.246688 9.129890
0.246983 17.178100
0.247277 40.512800
0.247571 8.225480
0.247866 10.585800
0.248160 13.823200
0.248455 9.668150
0.248749 26.852200
0.249043 19.626100
0.249338 40.176700
0.249632 24.079400
0.249926 7.950090
0.250221 12.096900
0.250515 15.240600
0.250810 15.941300
0.251104 17.498300
0.251398 4.240860
0.251693 17.099200
0.251987 9.065770
0.252281 31.926500
0.252576 54.939000
0.252870 55.653400
0.253165 43.641500
0.253459 12.361600
0.253753 14.699900
0.254048 22.203000
0.254342 15.252400
0.254636 28.733400
0.254931 13.898300
0.255225 92.046000
0.255520 5.625210
0.255814 24.092100
0.256108 55.066300
0.256403 75.673700
0.256697 11.315600
0.256991 19.055600
0.257286 7.923090
0.257580 12.719000
0.257875 1.850760
0.258169 3.826170
0.258463 14.348000
0.258758 5.246940
0.259052 55.674100
0.259346 8.924280
0.259641 23.424200
0.259935 6.492910
0.260230 23.294100
0.260524 33.397200
0.260818 94.861700
0.261113 36.362300
0.261407 25.933300
0.261702 15.709700
0.261996 25.326000
0.262290 35.561200
0.262585 12.674700
0.262879 30.715800
0.263173 8.029820
0.263468 9.403300
0.263762 28.807500
0.264057 36.176600
0.264351 29.583600
0.264645 27.418100
0.264940 32.033400
0.265234 42.283200
0.265528 38.404800
0.265823 24.075400
0.266117 27.062900
0.266412 1.779520
0.267589 9.805800
0.267883 14.711200
0.268178 33.555900
0.268472 20.824800
0.268767 29.741000
0.269061 34.044100
0.269355 55.341300
0.269650 43.910300
0.269944 71.083500
0.270238 9.334610
0.270533 2.164460
0.270827 9.143960
0.271122 14.791900
0.271416 47.966400
0.271710 15.480400
0.272005 5.922350
0.272299 7.809970
0.272593 17.918700
0.272888 6.405310
0.273182 56.693600
0.273477 55.037000
0.273771 26.543500
0.274065 35.673000
0.274360 7.297310
0.274654 45.719700
0.274948 15.600600
0.275243 7.320420
0.275537 32.117600
0.275832 7.992770
0.276126 17.929000
0.276420 67.416500
0.276715 43.921400
0.277009 19.827400
0.277304 37.094600
0.277598 6.219130
0.277892 62.612300
0.278187 4.541590
0.278481 74.692400
0.278775 68.139900
0.279070 9.512600
0.279364 8.021440
0.279659 9.872500
0.279953 23.960600
0.280247 36.316000
0.280542 7.145990
0.280836 10.070100
0.281130 42.898000
0.281425 9.285190
0.281719 8.767870
0.282014 43.690100
0.282308 2.703780
0.282602 32.369500
0.282897 29.104800
0.283191 9.010160
0.283485 6.767640
0.283780 9.709360
0.284074 9.852730
0.284369 11.802200
0.284663 5.470220
0.284957 15.842100
0.285252 25.507500
0.285546 27.902300
0.285840 8.686390
0.286135 81.608200
0.286429 34.018800
0.286724 6.331820
0.287018 14.029900
0.287312 38.253500
0.287607 21.952500
0.287901 13.277900
0.288195 6.503490
0.288490 3.314040
0.288784 39.962300
0.289079 8.672020
0.289373 11.799200
0.289667 13.884600
0.289962 37.094500
0.290256 37.175700
0.290550 16.125400
0.290845 15.096400
0.291139 25.182500
0.291434 22.024700
0.291728 32.485200
0.292022 17.089500
0.292317 8.105060
0.292611 38.251100
0.292906 9.732750
0.293200 23.109000
0.293494 43.976900
0.293789 33.881800
0.294083 12.211400
0.294377 20.848300
0.294672 29.457100
0.294966 37.827200
0.295261 16.797200
0.295555 28.992700
0.295849 69.529000
0.296144 35.177300
0.296438 53.761300
0.296732 46.645700
0.297027 6.841500
0.297321 9.918080
0.297616 15.890600
0.297910 18.904900
0.298204 6.581280
0.298499 49.429500
0.298793 28.623700
0.299087 1.753740
0.299382 20.844700
0.299676 26.279700
0.299971 23.700800
0.300265 12.223400
0.300559 61.845000
0.300854 25.101500
0.301148 19.821200
0.301442 18.386500
0.301737 18.416800
0.302031 14.279500
0.302326 23.979700
0.302620 2.457210
0.302914 4.827390
0.303209 82.298400
0.303503 35.544000
0.303797 8.687570
0.304092 5.844240
0.304386 4.845290
0.304681 16.126800
0.304975 21.198800
0.305269 16.934900
0.305564 5.681030
0.305858 11.520200
0.306152 9.056920
0.306447 14.511100
0.306741 9.589820
0.307036 7.187440
0.307330 14.647400
0.307624 12.580500
0.307919 66.959600
0.308508 30.950700
0.308802 43.525800
0.309096 14.223500
0.309391 92.593600
0.309685 8.932930
0.309979 8.832860
0.310274 41.181800
0.310568 20.992800
0.310863 29.740600
0.311157 12.545100
0.311451 7.757230
0.311746 60.935100
0.312040 17.682700
0.312334 2.672510
0.312629 27.804400
0.312923 23.125700
0.313218 16.842000
0.313512 20.962800
0.313806 5.004900
0.314101 18.905000
0.314395 4.731330
0.314689 14.471500
0.314984 8.333000
0.315278 15.823600
0.315573 30.167100
0.315867 39.345900
0.316161 3.604030
0.316456 5.918670
0.316750 5.298950
0.317044 9.390910
0.317339 10.028000
0.317633 6.660320
0.317928 10.106900
0.318222 5.860120
0.318516 29.840700
0.318811 69.731100
0.319105 8.241830
0.319399 11.563200
0.319694 16.537800
0.319988 33.632800
0.320283 19.205600
0.320577 8.486860
0.320871 62.854100
0.321166 62.150300
0.321460 59.906900
0.321754 60.380000
0.322049 14.820800
0.322343 6.017360
0.322638 12.937200
0.322932 17.160800
0.323226 3.020270
0.323521 5.507240
0.323815 43.389600
0.324110 35.701100
0.324404 38.153400
0.324698 19.763800
0.324993 22.858300
0.325287 19.233100
0.325581 56.021900
0.325876 8.788030
0.326170 5.756350
0.326465 9.610970
0.326759 16.803100
0.327053 16.256100
0.327348 7.625530
0.327642 5.763750
0.327936 21.084800
0.328231 13.629500
0.328525 12.809600
0.328820 7.073510
0.329114 14.749500
0.329408 10.308700
0.329703 61.106400
0.329997 14.253200
0.330291 44.705800
0.330586 13.151300
0.330880 60.561200
0.331175 7.707440
0.331469 18.058400
0.331763 33.848200
0.332058 6.836820
0.332352 55.860200
0.332646 56.494900
0.332941 15.480700
0.333235 12.251900
0.333530 9.088750
0.333824 44.484500
0.334118 44.589100
0.334413 53.690900
0.334707 49.285900
0.335001 20.944800
0.335296 35.319100
0.335590 3.577300
0.335885 7.659330
0.336179 54.808100
0.336473 49.702300
0.336768 71.821700
0.337062 48.765900
0.337356 43.519400
0.337651 17.424100
0.337945 20.410200
0.338240 23.341300
0.338534 8.089510
0.338828 23.058200
0.339123 14.254500
0.339417 26.421700
0.339712 78.365400
0.340006 52.937000
0.340300 14.725600
0.340595 10.153500
0.340889 9.134230
0.341183 20.699400
0.341478 10.100800
0.341772 10.572700
0.342067 6.238250
0.342361 25.602300
0.342655 26.132100
0.342950 1.953670
0.343244 12.822500
0.343538 17.120400
0.343833 9.213880
0.344127 63.892500
0.344422 8.620690
0.344716 79.352000
0.345010 1.706670
0.345305 29.901500
0.345599 17.456200
0.345893 8.281740
0.346188 45.898500
0.346482 3.614180
0.346777 31.724300
0.347071 48.827300
0.347365 12.629600
0.347660 4.753770
0.347954 9.492420
0.348248 1.896540
0.348543 16.645400
0.348837 13.119200
0.349132 7.935130
0.349426 47.985900
0.349720 7.979930
0.350015 4.965450
0.350309 6.050560
0.350603 70.036600
0.350898 25.560400
0.351192 63.404100
0.351487 24.977500
0.351781 8.315510
0.352075 16.673600
0.352370 12.750900
0.352664 14.328200
0.352958 74.511400
0.353253 15.109400
0.353547 12.890800
0.353842 23.324400
0.354136 9.018970
0.354430 35.376600
0.354725 40.362800
0.355019 10.499800
0.355314 57.130600
0.355608 15.227800
0.355902 3.163570
0.356197 44.966700
0.356491 35.119100
0.356785 65.344300
0.357080 63.099100
0.357374 70.724600
0.357669 32.233700
0.357963 24.790200
0.358257 4.715170
0.358552 32.610700
0.358846 5.548440
0.359140 6.568590
0.359435 4.533930
0.359729 1.680580
0.360024 31.505900
0.360318 20.607800
0.360612 4.922610
0.360907 21.645200
0.361201 2.196860
0.361495 6.083950
0.361790 44.200500
0.362084 28.237600
0.362379 17.232800
0.362673 65.485700
0.362967 29.517000
0.363262 56.853100
0.363556 28.545100
0.363850 20.512200
0.364145 36.017200
0.364439 23.698200
0.364734 6.881020
0.365028 2.813560
0.365322 15.336700
0.365617 9.579430
0.365911 9.318350
0.366205 4.243730
0.366500 45.944600
0.366794 40.966000
0.367089 12.001000
0.367383 16.190600
0.367677 15.715200
0.367972 18.509300
0.368266 12.522700
0.368560 12.336900
0.368855 42.349000
0.369149 8.396870
0.369444 75.173500
0.369738 34.904000
0.370032 15.713200
0.370327 49.561400
0.370621 8.006320
0.370916 12.747400
0.371210 11.257200
0.371504 12.977600
0.371799 9.669050
0.372093 5.367320
0.372387 29.088900
0.372682 4.412060
0.372976 10.619200
0.373271 3.641590
0.373565 71.459000
0.373859 7.540820
0.374154 24.305800
0.374448 8.056430
0.374742 19.415900
0.375037 3.307110
0.375331 18.277500
0.375626 11.002100
0.375920 8.033560
0.376214 40.089200
0.376509 86.626700
0.376803 13.820800
0.377097 19.724200
0.377392 29.107300
0.377686 8.547420
0.377981 36.922600
0.378275 27.404900
0.378569 30.760900
0.378864 42.898300
0.379158 13.874400
0.379452 39.606500
0.379747 34.322900
0.380041 17.694000
0.380336 58.937600
0.380630 6.640520
0.380924 26.108900
0.381219 14.888100
0.381513 7.568790
0.381807 33.405800
0.382102 40.747900
0.382396 11.891300
0.382691 9.230460
0.382985 20.233200
0.383279 3.275320
0.383574 49.275700
0.383868 2.943210
0.384162 19.304400
0.384457 67.722600
0.384751 31.870500
0.385046 23.275900
0.385340 22.103400
0.385634 6.962580
0.385929 8.120800
0.386223 8.044960
0.386518 50.136400
0.386812 28.987600
0.387106 10.946100
0.387401 9.808280
0.387695 36.191700
0.387989 70.681600
0.388284 23.020600
0.388873 9.509200
0.389167 14.696800
0.389461 14.304100
0.389756 11.149300
0.390050 37.578600
0.390344 9.602680
0.390639 23.247700
0.390933 5.705120
0.391228 55.411300
0.391522 10.122100
0.391816 24.449500
0.392111 40.153400
0.392405 2.636320
0.392699 5.807540
0.392994 30.510900
0.393288 4.816440
0.393583 19.443300
0.393877 45.078600
0.394171 13.535200
0.394466 42.992000
0.394760 7.065770
0.395054 25.297500
0.395349 4.808980
0.395643 24.797200
0.395938 41.461300
0.396232 26.671300
0.396526 3.094740
0.396821 8.735070
0.397115 6.625810
0.397409 16.017100
0.397704 35.230000
0.397998 15.917600
0.398293 8.548370
0.398587 24.592900
0.398881 26.007900
0.399176 6.211490
0.399470 29.123300
0.399764 80.113100
0.400059 6.325460
0.400353 52.322500
0.400648 61.554900
0.400942 57.935200
0.401236 7.026740
0.401531 37.177900
0.401825 6.564330
0.402120 15.617100
0.402414 7.022540
0.402708 6.552020
0.403003 16.707300
0.403297 29.378700
0.403591 16.008900
0.403886 13.612700
0.404180 43.631700
0.404475 58.167700
0.404769 14.264400
0.405063 41.380500
0.405358 29.799600
0.405652 66.142900
0.405946 18.672800
0.406241 40.945900
0.406535 57.056800
0.406830 4.888150
0.407124 44.410000
0.407418 32.646700
0.407713 27.173300
0.408007 22.329300
0.408301 7.717850
0.408596 16.262000
0.408890 23.023800
0.409185 37.167200
0.409479 8.100660
0.409773 5.305140
0.410068 13.345700
0.410362 4.796830
0.410656 11.955900
0.410951 27.174800
0.411245 5.829730
0.411540 20.137100
0.411834 8.631390
0.412128 10.233400
0.412423 27.018900
0.412717 9.875010
0.413011 21.938100
0.413306 35.836300
0.413600 6.833570
0.413895 26.470100
0.414189 38.491400
0.414483 9.570400
0.414778 9.037600
0.415072 6.748960
0.415366 16.276200
0.415661 29.219300
0.415955 7.351010
0.416250 14.436300
0.416544 12.865500
0.416838 42.678300
0.417133 38.254300
0.417427 7.667110
0.417722 12.800900
0.418016 3.975040
0.418310 20.126200
0.418605 5.167950
0.418899 23.114200
0.419193 6.868350
0.419488 10.684500
0.419782 29.718900
0.420077 33.019700
0.420371 23.516400
0.420665 18.917400
0.420960 9.212160
0.421254 8.310430
0.421548 38.716800
0.421843 6.147550
0.422137 31.519800
0.422432 43.688800
0.422726 40.541700
0.423020 34.804400
0.423315 1.794450
0.423609 22.594400
0.423903 54.971300
0.424198 40.946400
0.424492 9.783000
0.424787 23.433200
0.425081 37.300000
0.425375 7.764530
0.425670 10.038100
0.425964 28.839200
0.426258 40.692400
0.426553 39.182500
0.426847 14.005900
0.427142 13.381100
0.427436 49.009700
0.427730 8.857630
0.428025 24.101400
0.428319 31.984900
0.428613 38.106600
0.428908 3.138870
0.429202 65.017700
0.429497 27.688900
0.429791 12.428300
0.430085 11.783400
0.430380 32.794500
0.430674 19.091100
0.430969 4.419380
0.431263 6.807140
0.431557 58.623500
0.431852 3.662570
0.432146 25.979400
0.432440 22.619400
0.432735 77.659400
0.433029 49.795800
0.433324 2.864680
0.433618 24.362700
0.433912 21.424900
0.434207 48.132000
0.434501 22.790100
0.434795 27.564100
0.435090 5.222500
0.435384 29.634400
0.435679 8.401880
0.435973 29.131700
0.436267 54.185700
0.436562 42.009000
0.436856 18.409500
0.437150 19.263400
0.437445 6.384390
0.437739 69.639200
0.438034 6.967240
0.438328 8.073670
0.438622 24.140100
0.438917 7.316770
0.439211 33.188000
0.439505 17.654200
0.439800 12.222400
0.440094 19.685400
0.440389 45.191100
0.440683 16.263200
0.440977 7.593140
0.441272 26.714100
0.441566 5.336650
0.441860 39.008900
0.442155 49.728900
0.442449 27.837000
0.442744 17.766000
0.443038 44.768000
0.443332 5.082790
0.443627 9.491660
0.443921 27.554500
0.444215 15.941200
0.444510 58.226600
0.444804 26.471800
0.445099 52.997300
0.445393 24.733600
0.445687 15.567600
0.445982 29.437300
0.446276 37.494600
0.446571 9.998010
0.446865 14.181700
0.447159 28.586800
0.447454 15.157200
0.447748 7.781960
0.448042 7.022870
0.448337 4.386020
0.448631 14.023200
0.448926 2.536350
0.449220 18.963900
0.449514 3.456680
0.449809 50.860900
0.450103 2.704940
0.450397 9.872770
0.450692 23.482600
0.450986 8.937330
0.451281 11.239700
0.451575 7.616290
0.451869 29.820800
0.452164 7.075820
0.452458 6.379720
0.452752 16.409900
0.453047 3.727600
0.453341 32.369900
0.453636 11.307700
0.453930 38.908800
0.454224 9.303830
0.454519 42.825500
0.454813 31.517900
0.455107 6.899290
0.455402 35.227800
0.455696 55.540600
0.455991 22.625800
0.456285 45.260200
0.456579 33.957200
0.456874 9.539450
0.457168 53.624600
0.457462 3.660360
0.457757 46.724600
0.458051 35.084900
0.458346 7.916180
0.458640 48.603500
0.458934 10.915200
0.459229 75.054600
0.459523 25.449600
0.459817 11.024600
0.460112 20.195900
0.460406 21.012000
0.460701 27.638300
0.460995 16.136600
0.461289 68.919100
0.461584 34.721500
0.461878 11.385500
0.462173 21.990200
0.462467 23.542200
0.462761 17.254700
0.463056 8.717970
0.463350 18.596500
0.463644 38.009800
0.463939 36.850400
0.464233 10.104700
0.464528 32.116700
0.464822 47.237200
0.465116 26.169200
0.465411 32.961500
0.465705 4.420800
0.465999 7.777290
0.466294 8.054980
0.466588 14.362900
0.466883 84.316500
0.467177 21.203700
0.467471 14.805600
0.467766 13.519800
0.468060 5.097350
0.468354 53.793000
0.468649 16.876100
0.468943 18.810900
0.469238 4.833850
0.469532 5.433380
0.469826 6.379950
0.470121 37.716400
0.470415 18.140100
0.470709 5.357800
0.471004 52.789300
0.471298 6.711710
0.471593 13.575800
0.471887 6.648560
0.472181 33.505500
0.472476 18.581500
0.472770 6.046820
0.473064 8.990620
0.473359 38.110500
0.473653 1.944150
0.473948 24.204500
0.474242 30.880900
0.474536 26.170400
0.474831 68.460500
0.475125 14.998500
0.475419 8.796510
0.475714 8.229940
0.476008 10.654100
0.476303 7.559530
0.476597 19.752000
0.476891 3.466330
0.477186 36.541100
0.477480 5.501010
0.477775 12.867500
0.478069 9.982220
0.478658 41.075200
0.478952 15.266200
0.479246 6.641990
0.479541 21.017800
0.479835 5.370080
0.480130 5.521200
0.480424 40.904700
0.480718 8.667120
0.481013 11.320600
0.481307 37.282000
0.481601 4.188780
0.481896 14.156600
0.482190 6.818030
0.482485 32.180600
0.482779 4.650450
0.483073 7.399400
0.483368 12.416100
0.483662 21.115100
0.483956 72.951100
0.484251 15.285400
0.484545 80.997600
0.484840 12.835100
0.485134 24.576400
0.485428 27.293200
0.485723 20.132900
0.486017 5.367470
0.486311 35.209400
0.486606 23.385900
0.486900 11.546000
0.487195 5.250180
0.487489 1.719440
0.487783 63.617600
0.488078 17.876600
0.488372 9.566940
0.488666 25.369500
0.488961 9.431210
0.489255 11.438800
0.489550 34.713000
0.489844 27.455900
0.490138 20.147100
0.490433 13.930400
0.490727 71.683400
0.491021 41.527400
0.491316 38.993800
0.491610 12.744500
0.491905 34.630800
0.492199 32.250400
0.492493 33.558000
0.492788 7.038700
0.493082 85.137200
0.493377 11.030800
0.493671 30.858900
0.493965 5.443330
0.494260 14.237300
0.494554 13.600000
0.494848 6.675760
0.495143 7.142220
0.495437 31.449900
0.495732 7.913140
0.496026 34.934800
0.496320 16.621400
0.496615 23.651400
0.496909 28.954900
0.497203 16.203100
0.497498 44.530500
0.497792 3.664920
0.498087 5.853560
0.498381 59.354100
0.498675 17.815100
0.498970 5.561460
0.499264 26.237400
0.499558 4.643190
0.499853 5.280150
0.500147 34.997400
0.500442 12.874400
0.500736 25.457100
0.501030 37.347400
0.501325 13.180900
0.501619 58.527100
0.501913 4.703700
0.502208 41.950200
0.502502 17.124100
0.502797 17.446900
0.503091 29.344100
0.503385 39.390500
0.503680 31.810200
0.503974 8.955610
0.504268 56.632500
0.504563 5.898950
0.504857 34.315600
0.505152 61.641200
0.505446 1.845310
0.505740 25.081300
0.506035 67.408200
0.506329 42.710800
0.506623 12.595300
0.506918 27.547100
0.507212 4.717980
0.507507 5.090830
0.507801 24.759300
0.508095 11.901100
0.508390 26.703400
0.508684 9.012300
0.508979 10.551800
0.509273 31.286300
0.509567 10.832200
0.509862 66.521000
0.510156 7.319680
0.510450 20.190000
0.510745 11.727400
0.511039 6.813000
0.511334 8.833810
0.511628 5.727870
0.511922 28.806200
0.512217 64.193500
0.512511 14.073100
0.512805 25.433100
0.513100 6.722990
0.513394 57.330400
0.513689 20.485000
0.513983 5.744940
0.514277 20.366500
0.514572 31.230300
0.514866 52.243700
0.515160 23.274100
0.515455 9.809180
0.515749 35.560900
0.516044 37.058100
0.516338 4.299130
0.516632 1.732010
0.516927 43.201600
0.517221 27.086300
0.517515 16.660400
0.517810 63.196100
0.518104 51.691100
0.518399 10.806600
0.518693 22.123400
0.518987 15.938000
0.519282 8.055310
0.519576 27.994700
0.519870 38.057500
0.520165 6.084340
0.520459 18.815800
0.520754 51.089700
0.521048 4.647390
0.521342 8.604640
0.521637 5.396370
0.521931 12.656600
0.522225 41.073900
0.522520 30.901200
0.522814 58.344300
0.523109 6.696530
0.523403 25.987200
0.523697 7.922260
0.523992 83.187400
0.524286 30.081400
0.524581 11.526300
0.524875 6.563970
0.525169 18.816800
0.525464 16.572200
0.525758 13.103300
0.526052 17.284100
0.526347 7.646710
0.526641 34.437300
0.526936 25.895200
0.527230 7.365580
0.527524 16.126400
0.527819 19.813300
0.528113 13.451800
0.528407 4.900940
0.528702 21.490500
0.528996 25.693400
0.529291 9.634200
0.529585 9.448560
0.529879 23.807000
0.530174 43.359400
0.530468 35.326900
0.530762 5.933910
0.531057 5.266680
0.531351 23.104000
0.531646 39.265200
0.531940 42.416400
0.532234 56.873000
0.532529 39.080500
0.532823 12.645500
0.533117 10.932200
0.533412 54.636500
0.533706 14.627200
0.534001 7.228380
0.534295 35.604300
0.534589 34.415000
0.534884 39.788500
0.535178 43.258400
0.535472 19.720400
0.535767 63.379200
0.536061 63.943800
0.536356 18.171900
0.536650 78.662600
0.536944 1.858430
0.537239 3.681080
0.537533 3.155500
0.537827 37.060300
0.538122 39.440100
0.538416 9.551110
0.538711 4.857150
0.539005 5.651390
0.539299 28.662700
0.539594 53.560600
0.539888 17.075100
0.540183 24.827300
0.540477 39.680800
0.540771 19.409200
0.541066 9.511620
0.541360 26.379100
0.541654 9.042240
0.541949 12.390000
0.542243 12.741800
0.542538 37.674100
0.542832 50.126500
0.543126 33.515200
0.543421 17.136900
0.543715 10.076100
0.544009 29.972300
0.544304 43.076800
0.544598 34.818600
0.544893 4.619500
0.545187 12.079600
0.545481 21.667700
0.545776 10.525800
0.546070 16.675000
0.546364 60.092100
0.546659 11.336000
0.546953 34.004300
0.547248 40.431700
0.547542 8.216750
0.547836 11.105500
0.548131 18.839400
0.548425 17.290500
0.548719 76.943400
0.549014 18.700400
0.549308 1.685250
0.549603 6.442460
0.549897 26.480000
0.550191 14.375100
0.550486 7.042790
0.550780 13.093000
0.551074 9.292070
0.551369 5.404440
0.551663 6.937090
0.551958 12.867200
0.552252 6.400800
0.552546 39.595100
0.552841 34.312300
0.553135 11.358100
0.553429 7.167190
0.553724 14.398100
0.554018 16.825600
0.554313 61.742700
0.554607 21.027500
0.554901 5.591790
0.555196 51.170900
0.555490 24.318200
0.555785 3.428470
0.556079 9.742560
0.556373 19.946700
0.556668 56.613300
0.556962 29.224000
0.557256 36.835500
0.557551 6.912710
0.557845 10.667600
0.558140 7.410460
0.558434 50.930900
0.558728 10.341000
0.559023 14.510300
0.559317 20.560900
0.559611 30.006700
0.559906 6.054540
0.560200 7.370840
0.560495 17.841200
0.560789 13.944100
0.561083 46.295100
0.561378 25.737100
0.561672 49.669800
0.561966 2.528260
0.562261 5.676190
0.562555 32.440400
0.562850 13.745100
0.563144 23.734700
0.563438 30.418100
0.563733 40.571700
0.564027 25.431200
0.564321 21.645800
0.564616 8.702680
0.564910 46.007200
0.565205 15.935200
0.565499 20.993600
0.565793 14.156200
0.566088 41.503900
0.566382 48.081900
0.566676 23.972700
0.566971 10.658500
0.567265 15.578400
0.567560 24.573300
0.567854 7.263730
0.568148 21.656400
0.568443 33.239800
0.568737 44.144500
0.569031 34.101500
0.569326 42.805200
0.569620 30.959700
0.569915 44.757400
0.570209 8.639260
0.570503 10.362700
0.570798 13.520500
0.571092 12.200800
0.571387 9.106870
0.571681 32.187400
0.571975 10.824800
0.572270 22.369300
0.572564 60.912500
0.572858 38.028700
0.573153 14.469100
0.573447 8.042970
0.573742 9.334180
0.574036 6.302960
0.574330 6.925540
0.574625 49.217400
0.574919 20.365200
0.575213 6.397040
0.575508 17.598500
0.575802 25.637400
0.576097 13.100300
0.576391 42.297500
0.576685 73.484700
0.576980 3.620760
0.577274 43.152000
0.577568 16.150000
0.577863 60.202600
0.578157 4.251520
0.578452 3.868070
0.578746 24.771700
0.579040 5.188740
0.579335 21.719000
0.579629 16.138900
0.579923 66.938100
0.580218 65.793700
0.580512 9.198380
0.580807 32.988800
0.581101 8.899460
0.581395 21.726500
0.581690 31.882500
0.581984 11.416900
0.582278 14.981100
0.582573 55.902400
0.582867 17.846900
0.583162 23.708000
0.583456 6.585400
0.583750 14.152300
0.584045 46.490000
0.584339 5.543940
0.584634 46.823500
0.584928 57.847600
0.585222 22.761700
0.585517 44.477800
0.585811 9.830870
0.586105 73.264600
0.586400 9.368730
0.586694 10.984800
0.586989 45.521800
0.587283 24.828500
0.587577 20.312300
0.587872 15.975700
0.588166 33.090100
0.588460 10.125100
0.588755 18.182700
0.589049 33.091300
0.589344 8.610170
0.589638 16.952100
0.589932 16.723600
0.590227 16.445700
0.590521 41.540800
0.590815 9.691080
0.591110 15.344500
0.591404 9.630000
0.591699 62.002600
0.591993 44.720100
0.592287 6.701410
0.592582 42.818800
0.592876 6.381690
0.593170 7.536130
0.593465 8.313040
0.593759 41.492600
0.594054 21.388200
0.594348 7.628890
0.594642 23.892200
0.594937 18.828400
0.595231 9.250790
0.595525 14.377600
0.595820 6.536320
0.596114 37.723400
0.596409 16.685900
0.596703 24.359100
0.596997 25.112100
0.597292 2.885590
0.597586 27.812700
0.597880 25.901500
0.598175 7.426330
0.598469 22.433800
0.598764 6.000070
0.599058 8.686720
0.599352 22.027900
0.599647 25.172800
0.599941 56.674100
0.600236 32.055300
0.600530 3.995690
0.600824 11.167800
0.601119 14.073000
0.601413 20.299000
0.601707 12.651800
0.602002 6.725730
0.602296 29.100200
0.602591 6.689590
0.602885 21.297500
0.603179 32.941600
0.603474 34.924500
0.603768 55.605600
0.604062 5.125380
0.604357 13.898400
0.604651 7.064560
0.604946 18.499100
0.605240 16.853700
0.605534 8.110580
0.605829 89.319000
0.606123 21.834000
0.606417 21.489400
0.606712 2.883370
0.607006 4.123620
0.607301 6.637850
0.607595 21.369700
0.607889 8.176430
0.608184 15.414700
0.608478 36.883600
0.608772 5.717820
0.609067 11.806200
0.609361 36.903700
0.609656 17.879600
0.609950 8.215980
0.610244 39.550100
0.610539 17.838000
0.610833 11.769300
0.611127 9.781770
0.611422 52.705700
0.611716 8.663030
0.612011 49.840500
0.612305 7.809560
0.612599 22.523200
0.612894 7.743840
0.613188 7.481950
0.613482 36.018800
0.613777 10.654600
0.614071 6.881310
0.614366 6.599460
0.614660 13.262200
0.614954 22.399100
0.615249 18.988900
0.615543 9.179040
0.615838 13.386600
0.616132 39.933200
0.616426 10.121100
0.616721 68.988700
0.617015 7.424550
0.617309 57.363300
0.617604 10.396100
0.617898 26.647200
0.618193 24.891100
0.618487 43.284600
0.618781 10.469400
0.619076 22.700100
0.619370 19.986700
0.619664 8.412100
0.619959 9.032710
0.620253 51.613700
0.620548 59.385600
0.620842 25.079700
0.621136 59.303500
0.621431 10.260600
0.621725 20.113200
0.622019 9.367490
0.622314 9.961080
0.622608 10.574800
0.622903 21.855700
0.623197 9.125010
0.623491 12.431400
0.623786 8.943130
0.624080 7.082570
0.624374 85.871700
0.624669 32.560000
0.624963 4.240000
0.625258 10.195000
0.625552 40.516500
0.625846 6.560230
0.626141 54.255800
0.626435 31.954900
0.626729 9.730890
0.627024 66.235200
0.627318 31.601000
0.627613 6.405540
0.627907 31.281000
0.628201 43.327500
0.628496 50.718800
0.628790 34.632200
0.629084 33.880100
0.629379 9.890250
0.629673 11.196200
0.629968 29.025400
0.630262 17.768100
0.630556 6.433160
0.630851 76.131900
0.631145 8.091490
0.631440 33.108900
0.631734 90.659800
0.632028 23.138800
0.632323 9.053480
0.632617 19.951700
0.632911 64.017800
0.633206 39.729100
0.633500 39.958000
0.633795 3.423420
0.634089 5.885050
0.634383 31.407300
0.634678 9.704430
0.634972 7.237760
0.635266 19.778200
0.635561 8.836670
0.635855 3.853400
0.636150 3.933970
0.636444 2.045390
0.636738 40.261400
0.637033 6.190330
0.637327 11.127800
0.637621 26.765700
0.637916 27.573600
0.638210 15.143700
0.638505 30.460200
0.638799 39.126100
0.639093 77.107700
0.639388 4.322670
0.639682 5.233430
0.639976 14.522400
0.640271 32.452500
0.640565 26.976700
0.640860 33.385600
0.641154 2.772680
0.641448 5.216010
0.641743 50.701600
0.642037 17.350800
0.642331 12.665600
0.642626 12.668700
0.642920 5.051910
0.643215 9.545310
0.643509 14.643400
0.643803 47.208800
0.644098 3.311210
0.644392 35.797300
0.644686 39.131200
0.644981 14.104900
0.645275 5.234100
0.645570 13.000800
0.645864 9.741950
0.646158 25.628500
0.646453 1.762230
0.646747 46.875500
0.647042 40.618000
0.647336 37.553700
0.647630 36.103400
0.647925 14.021300
0.648219 26.148200
0.648513 17.884300
0.648808 17.364700
0.649102 8.900060
0.649397 4.835510
0.649691 14.318700
0.649985 29.532900
0.650280 24.153100
0.650574 23.780900
0.650868 33.989800
0.651163 4.543570
0.651457 15.347700
0.651752 69.449600
0.652046 6.528160
0.652340 14.914500
0.652635 10.461500
0.652929 21.346300
0.653223 26.352700
0.653518 64.346900
0.653812 20.843200
0.654107 34.113300
0.654401 26.331600
0.654695 7.859660
0.654990 21.580000
0.655284 9.739600
0.655578 12.458800
0.655873 17.769800
0.656167 10.368300
0.656462 3.840850
0.656756 66.352600
0.657050 10.719200
0.657345 2.999060
0.657639 2.545430
0.657933 48.134600
0.658228 25.020700
0.658522 25.062000
0.658817 9.364160
0.659111 40.816300
0.659405 37.034000
0.659700 85.987000
0.659994 75.196900
0.660288 29.905400
0.660583 24.634100
0.660877 49.396800
0.661172 28.960900
0.661466 25.280100
0.661760 64.196900
0.662055 13.105600
0.662349 10.768500
0.662644 31.909200
0.662938 60.055400
0.663232 10.238200
0.663527 4.783860
0.663821 25.490300
0.664115 29.689500
0.664410 27.873300
0.664704 14.254400
0.664999 9.904840
0.665293 41.479300
0.665587 4.785600
0.665882 7.629930
0.666176 5.943350
0.666470 81.464400
0.666765 6.510660
0.667059 67.518300
0.667354 35.974100
0.667648 36.875600
0.667942 38.767100
0.668237 15.795000
0.668531 28.096800
0.668825 58.140000
0.669120 6.206740
0.669414 22.196900
0.669709 8.236280
0.670003 6.041180
0.670297 28.215200
0.670592 2.907100
0.670886 29.066700
0.671180 9.905110
0.671475 24.655300
0.671769 11.500800
0.672064 16.492900
0.672358 46.376700
0.672652 57.042500
0.672947 1.745540
0.673241 7.348980
0.673535 10.870100
0.673830 16.129000
0.674124 31.744400
0.674419 59.733600
0.674713 11.528100
0.675007 37.986100
0.675302 2.831970
0.675596 10.229000
0.675890 8.926380
0.676185 30.833800
0.676479 13.840000
0.676774 25.448000
0.677068 7.910190
0.677362 47.650800
0.677657 25.126200
0.677951 14.741600
0.678246 9.900370
0.678540 4.389920
0.678834 12.075000
0.679129 12.305500
0.679423 15.081400
0.679717 30.645800
0.680012 36.392800
0.680306 71.731200
0.680601 21.268700
0.680895 16.038900
0.681189 62.573800
0.681484 26.035500
0.681778 8.735460
0.682072 53.366400
0.682367 41.695400
0.682661 10.844300
0.682956 9.453880
0.683250 29.731600
0.683544 10.674900
0.683839 56.320900
0.684133 73.102200
0.684427 18.942400
0.684722 20.991200
0.685016 29.359300
0.685311 7.926690
0.685605 16.085000
0.685899 7.386720
0.686194 18.070600
0.686488 47.853600
0.686782 11.908900
0.687077 4.214240
0.687371 6.971710
0.687666 10.982600
0.687960 3.778020
0.688254 10.350400
0.688549 15.336200
0.688843 1.808270
0.689137 10.195800
0.689432 23.347900
0.689726 23.058900
0.690021 18.144200
0.690315 20.308700
0.690609 13.230000
0.690904 12.000100
0.691198 29.921000
0.691492 9.641280
0.691787 18.600100
0.692081 44.120600
0.692376 4.439700
0.692670 34.015400
0.692964 23.981200
0.693259 7.228030
0.693553 21.665500
0.693848 8.008670
0.694142 25.204900
0.694436 40.784500
0.694731 16.113200
0.695025 18.508600
0.695319 68.612200
0.695614 40.079700
0.695908 24.662000
0.696203 19.608300
0.696497 8.350060
0.696791 7.562730
0.697086 8.562650
0.697380 11.215600
0.697674 17.322200
0.697969 9.181030
0.698263 14.247400
0.698558 10.155600
0.698852 3.061820
0.699146 6.329930
0.699441 34.475900
0.699735 20.056100
0.700029 30.206300
0.700324 6.172610
0.700618 18.643300
0.700913 37.133900
0.701207 21.072400
0.701501 19.610000
0.701796 9.966920
0.702090 11.779600
0.702384 7.000210
0.702679 17.196200
0.702973 19.609800
0.703268 6.701910
0.703562 8.600030
0.703856 25.806100
0.704151 11.273600
0.704445 18.695400
0.704739 29.941500
0.705034 19.998500
0.705328 19.364000
0.705623 4.517070
0.705917 8.369830
0.706211 6.300130
0.706506 66.947700
0.706800 5.806720
0.707094 23.689300
0.707389 67.133100
0.707683 65.184800
0.707978 17.334400
0.708272 24.493800
0.708566 4.586890
0.708861 37.083900
0.709450 69.269400
0.709744 33.308900
0.710038 11.537400
0.710333 4.804100
0.710627 8.222340
0.710921 58.097300
0.711216 12.698100
0.711510 4.645060
0.711805 27.915100
0.712099 28.139600
0.712393 57.797500
0.712688 4.447860
0.712982 25.452000
0.713276 44.969500
0.713571 8.754910
0.713865 29.057000
0.714160 19.088400
0.714454 22.198200
0.714748 8.873560
0.715043 11.569500
0.715337 42.658000
0.715631 49.674000
0.715926 10.722900
0.716220 45.828600
0.716515 10.726900
0.716809 1.671880
0.717103 80.439100
0.717398 20.687800
0.717692 15.095200
0.717986 11.063000
0.718281 82.814500
0.718575 2.298880
0.718870 8.355280
0.719164 20.100300
0.719458 9.963110
0.719753 38.396900
0.720047 81.251300
0.720341 8.478810
0.720636 8.648570
0.720930 29.596200
0.721225 9.372880
0.721519 43.809700
0.721813 67.223300
0.722108 45.884900
0.722402 52.726000
0.722696 37.379600
0.722991 90.630100
0.723285 15.569300
0.723580 18.734900
0.723874 5.647350
0.724168 3.055600
0.724463 18.096500
0.724757 12.409000
0.725052 20.345600
0.725346 5.619790
0.725640 48.860300
0.725935 30.407100
0.726229 15.092900
0.726523 8.436250
0.726818 4.248150
0.727112 11.365600
0.727407 16.147800
0.727701 47.994800
0.727995 11.293400
0.728290 14.357800
0.728584 83.220600
0.728878 10.430900
0.729173 12.353900
0.729467 32.249000
0.729762 11.029000
0.730056 25.211200
0.730350 14.474200
0.730645 6.330310
0.730939 21.743600
0.731233 16.769600
0.731528 31.637300
0.731822 9.461050
0.732117 81.130900
0.732411 7.948230
0.732705 22.730900
0.733000 26.045600
0.733294 8.375340
0.733588 21.674300
0.733883 8.963540
0.734177 25.701100
0.734472 5.377450
0.734766 72.208900
0.735060 11.460700
0.735355 32.756400
0.735649 28.694300
0.735943 7.242610
0.736238 9.600250
0.736532 4.645780
0.736827 19.854100
0.737121 3.833700
0.737415 39.430300
0.737710 90.063400
0.738004 20.718400
0.738298 24.946500
0.738593 13.898700
0.738887 19.789000
0.739182 13.542200
0.739476 65.843500
0.739770 52.164400
0.740065 68.249600
0.740359 27.834700
0.740654 5.282030
0.740948 9.715280
0.741242 47.918500
0.741537 21.045600
0.741831 47.962100
0.742125 7.220400
0.742420 24.867000
0.742714 8.692960
0.743009 57.240600
0.743303 29.734000
0.743597 45.217600
0.743892 76.654800
0.744186 13.668100
0.744480 8.909530
0.744775 38.679300
0.745069 45.420900
0.745364 12.013900
0.745658 61.803600
0.745952 26.952500
0.746247 12.196600
0.746541 24.041300
0.746835 9.857720
0.747130 33.969300
0.747424 29.070200
0.747719 12.759100
0.748013 35.267700
0.748307 18.112000
0.748602 34.112900
0.748896 31.284400
0.749190 27.176900
0.749485 18.639000
0.749779 15.624000
0.750074 2.714710
0.750368 14.410300
0.750662 3.409100
0.750957 81.646600
0.751251 24.927900
0.751545 12.916400
0.751840 11.608900
0.752134 3.941490
0.752429 59.513800
0.752723 17.845800
0.753017 15.531900
0.753312 24.898400
0.753606 58.544500
0.753901 30.943300
0.754195 37.780400
0.754489 19.386800
0.754784 6.275770
0.755078 10.345400
0.755372 41.268700
0.755667 40.133800
0.755961 9.324280
0.756256 32.476600
0.756550 31.087500
0.756844 12.472500
0.757139 15.339000
0.757433 19.596600
0.757727 9.291130
0.758022 8.069750
0.758316 8.128990
0.758611 33.571300
0.758905 33.289500
0.759199 5.812070
0.759494 35.612100
0.759788 29.921100
0.760082 34.544800
0.760377 25.771100
0.760671 45.178100
0.760966 10.695700
0.761260 25.991000
0.761554 25.011800
0.761849 24.013700
0.762143 28.280400
0.762437 16.971000
0.762732 37.982100
0.763026 23.632300
0.763321 14.327400
0.763615 21.098900
0.763909 56.950500
0.764204 26.230700
0.764498 10.684700
0.764792 15.690900
0.765087 43.577600
0.765381 8.142770
0.765676 8.752020
0.765970 23.858200
0.766264 9.808010
0.766559 8.372820
0.766853 30.691600
0.767147 16.240300
0.767442 38.702800
0.767736 13.446000
0.768031 10.372700
0.768325 15.596700
0.768619 39.791500
0.768914 20.109500
0.769208 22.425400
0.769503 8.409220
0.769797 25.729300
0.770091 64.822400
0.770386 4.337270
0.770680 55.116900
0.770974 46.446000
0.771269 8.335110
0.771563 18.473600
0.771858 19.838000
0.772152 43.588500
0.772446 15.751100
0.772741 48.739900
0.773035 26.283900
0.773329 5.600780
0.773624 11.056400
0.773918 22.292900
0.774213 42.108500
0.774507 21.829200
0.774801 76.850400
0.775096 27.861800
0.775390 38.356100
0.775684 20.703500
0.775979 10.995900
0.776273 13.805400
0.776568 49.039800
0.776862 7.779510
0.777156 5.702190
0.777451 15.314200
0.777745 8.900110
0.778039 3.484240
0.778334 19.550800
0.778628 30.674700
0.778923 1.679820
0.779217 5.675140
0.779511 11.122200
0.779806 10.342800
0.780100 37.051200
0.780394 13.367100
0.780689 10.155900
0.780983 30.870300
0.781278 6.092040
0.781572 30.960600
0.781866 49.234300
0.782161 10.250000
0.782455 5.971380
0.782749 5.098630
0.783044 37.178700
0.783338 43.392500
0.783633 80.827000
0.783927 53.397700
0.784221 23.547200
0.784516 15.059800
0.784810 14.991800
0.785105 16.371700
0.785399 22.592700
0.785693 33.743900
0.785988 10.441600
0.786282 9.250270
0.786576 19.165800
0.786871 46.873300
0.787165 35.488000
0.787460 31.449500
0.787754 6.041570
0.788048 22.810000
0.788343 5.372600
0.788637 8.974430
0.788931 37.829600
0.789226 13.346000
0.789520 31.927300
0.789815 14.882400
0.790109 40.171000
0.790403 17.931000
0.790698 23.623800
0.790992 16.524500
0.791286 20.013100
0.791581 22.922900
0.791875 32.129600
0.792170 11.044900
0.792464 26.343800
0.792758 32.341900
0.793053 65.850200
0.793347 27.462300
0.793641 23.250100
0.793936 8.694580
0.794230 20.031000
0.794525 4.857430
0.794819 3.569070
0.795113 9.135460
0.795408 22.669400
0.795702 25.788100
0.795996 7.528880
0.796291 44.376600
0.796585 30.795300
0.796880 35.392500
0.797174 63.604700
0.797468 4.743530
0.797763 24.197800
0.798057 24.148700
0.798351 20.737900
0.798646 26.091800
0.798940 24.501800
0.799235 8.173950
0.799529 39.525900
0.799823 9.785970
0.800118 25.095500
0.800412 22.203400
0.800707 12.192200
0.801001 65.177600
0.801295 33.974200
0.801590 36.098500
0.801884 34.348800
0.802178 24.437200
0.802473 11.551200
0.802767 23.559300
0.803062 48.420800
0.803356 29.385700
0.803650 9.245400
0.803945 13.356600
0.804239 23.853700
0.804533 4.429360
0.804828 5.761460
0.805122 50.611000
0.805417 7.092460
0.805711 6.015100
0.806005 42.326800
0.806300 2.753470
0.806594 30.440000
0.806888 14.281700
0.807183 76.235900
0.807477 25.194700
0.807772 5.490260
0.808066 41.753200
0.808360 5.917090
0.808655 70.231600
0.808949 73.020100
0.809243 26.476700
0.809538 9.981520
0.809832 4.442030
0.810127 10.816600
0.810421 5.538650
0.810715 38.360800
0.811010 3.487460
0.811304 5.257130
0.811598 45.781500
0.811893 9.464120
0.812187 6.033090
0.812482 10.905400
0.812776 6.472460
0.813070 8.293650
0.813365 19.096100
0.813659 11.439900
0.813953 40.003300
0.814248 78.958400
0.814542 8.223230
0.814837 7.123680
0.815131 19.414000
0.815425 5.355330
0.815720 26.671900
0.816014 5.641800
0.816309 9.062850
0.816603 30.886700
0.816897 31.146800
0.817192 28.312400
0.817486 3.224760
0.817780 2.696540
0.818075 40.563600
0.818369 63.201700
0.818664 23.424300
0.818958 11.357800
0.819252 20.183300
0.819547 7.541390
0.819841 8.451650
0.820135 5.131440
0.820430 21.508600
0.820724 15.657300
0.821019 15.949600
0.821313 48.190200
0.821607 40.001400
0.821902 19.099000
0.822196 18.593400
0.822490 9.666170
0.822785 13.424000
0.823079 33.236600
0.823374 35.496000
0.823668 22.073600
0.823962 8.392150
0.824257 27.278000
0.824551 79.971800
0.824845 18.815100
0.825140 19.374400
0.825434 7.900180
0.825729 26.120500
0.826023 49.598100
0.826317 7.415410
0.826612 38.988700
0.826906 22.475100
0.827200 52.816900
0.827495 6.288690
0.827789 30.461700
0.828084 12.543300
0.828378 22.512300
0.828672 14.734700
0.828967 78.313000
0.829261 12.551200
0.829555 42.437200
0.829850 33.037400
0.830144 19.624600
0.830439 19.581200
0.830733 43.018100
0.831027 32.479500
0.831322 23.439300
0.831616 10.415500
0.831911 14.335100
0.832205 13.771500
0.832499 6.577000
0.832794 9.806250
0.833088 44.681700
0.833382 3.990140
0.833677 12.719700
0.833971 52.203200
0.834266 14.122800
0.834560 11.386200
0.834854 20.168300
0.835149 15.850200
0.835443 27.855400
0.835737 73.250100
0.836032 5.600480
0.836326 55.904800
0.836621 22.073300
0.836915 50.890300
0.837209 15.849600
0.837504 51.626200
0.837798 20.675400
0.838092 28.312600
0.838387 33.601000
0.838681 23.425200
0.838976 84.493900
0.839270 33.571100
0.839564 1.853230
0.839859 11.245900
0.840153 3.819020
0.840447 61.377900
0.840742 5.012660
0.841036 8.590960
0.841331 18.939900
0.841625 6.835510
0.841919 45.316500
0.842214 14.752000
0.842508 18.104200
0.842802 8.820270
0.843097 31.923100
0.843391 8.163780
0.843686 37.539300
0.843980 44.692700
0.844274 11.013400
0.844569 12.100600
0.844863 8.130710
0.845157 49.129200
0.845452 11.603300
0.845746 9.583390
0.846041 37.961300
0.846335 8.185260
0.846629 17.156100
0.846924 34.271200
0.847218 13.275200
0.847513 6.408260
0.847807 16.723900
0.848101 60.463100
0.848396 9.374170
0.848690 4.426490
0.848984 2.186410
0.849279 9.893880
0.849573 10.550400
0.849868 20.006800
0.850162 9.419370
0.850456 20.856700
0.850751 46.540100
0.851045 63.050000
0.851339 14.698600
0.851634 44.885200
0.851928 19.504200
0.852223 9.199510
0.852517 8.188090
0.852811 49.365000
0.853106 7.003540
0.853400 30.081200
0.853694 54.038300
0.853989 40.333300
0.854283 26.760300
0.854578 24.232800
0.854872 52.477500
0.855166 40.438900
0.855461 25.937100
0.855755 43.451300
0.856049 24.126200
0.856344 29.754900
0.856638 36.974300
0.856933 6.991240
0.857227 79.955000
0.857521 21.958400
0.857816 10.731200
0.858110 73.118700
0.858404 13.108400
0.858699 6.399460
0.858993 20.908000
0.859288 21.800800
0.859582 8.114670
0.859876 10.925400
0.860171 23.462000
0.860465 13.638800
0.860759 75.211500
0.861054 48.591700
0.861348 18.264600
0.861643 17.344500
0.861937 42.793100
0.862231 19.015300
0.862526 31.976300
0.862820 3.859210
0.863115 18.270100
0.863409 23.291700
0.863703 17.103400
0.863998 10.279900
0.864292 61.407900
0.864586 22.623900
0.864881 82.287900
0.865175 10.376100
0.865470 22.080600
0.865764 26.256600
0.866058 7.149020
0.866353 39.345300
0.866647 6.587440
0.866941 37.839900
0.867236 16.426100
0.867530 17.749700
0.867825 15.383200
0.868119 6.275790
0.868413 11.506600
0.868708 7.730830
0.869002 23.903500
0.869296 23.765400
0.869591 34.974400
0.869885 14.476100
0.870180 17.328100
0.870474 4.738130
0.870768 18.056300
0.871063 18.540700
0.871357 9.062730
0.871651 75.414100
0.871946 30.008200
0.872240 39.849200
0.872535 22.723200
0.872829 5.282140
0.873123 64.380600
0.873418 31.647300
0.873712 44.359500
0.874006 1.775690
0.874301 16.424000
0.874595 32.884600
0.874890 45.510500
0.875184 17.710900
0.875478 60.193200
0.875773 56.284900
0.876067 62.949800
0.876361 28.500900
0.876656 8.017590
0.876950 4.698550
0.877245 33.997000
0.877539 10.149500
0.877833 5.513950
0.878128 15.937900
0.878422 5.634440
0.878717 49.378000
0.879011 31.102800
0.879305 15.648200
0.879600 39.990800
0.879894 47.725900
0.880188 2.517470
0.880483 30.734000
0.880777 50.482000
0.881072 8.685480
0.881366 13.908100
0.881660 24.306300
0.881955 68.435000
0.882249 8.167890
0.882543 8.720060
0.882838 8.373460
0.883132 49.067400
0.883427 75.902800
0.883721 20.645300
0.884015 4.778850
0.884310 14.480900
0.884604 9.225600
0.884898 14.893000
0.885193 11.295400
0.885487 20.249300
0.885782 38.326700
0.886076 33.747500
0.886370 56.649600
0.886665 73.643300
0.886959 7.286620
0.887253 33.338500
0.887548 82.144100
0.887842 2.774590
0.888137 42.351600
0.888431 20.977300
0.888725 74.520800
0.889020 30.352500
0.889314 10.336500
0.889608 14.395300
0.889903 7.021100
0.890197 44.073800
0.890492 23.814700
0.890786 9.656050
0.891080 72.506000
0.891375 60.226900
0.891669 38.546400
0.891963 30.184000
0.892258 12.789000
0.892552 18.555500
0.892847 54.793000
0.893141 7.842500
0.893435 9.244720
0.893730 34.093000
0.894024 58.968900
0.894319 20.842100
0.894613 7.169230
0.894907 23.341900
0.895202 4.239700
0.895496 53.814200
0.895790 55.227200
0.896085 10.627900
0.896379 13.673400
0.896674 27.853800
0.896968 29.982900
0.897262 6.385560
0.897557 39.803900
0.897851 22.479400
0.898145 13.401500
0.898440 24.156100
0.898734 37.296300
0.899029 59.598400
0.899323 21.085800
0.899617 23.094900
0.899912 78.046600
0.900206 26.524000
0.900500 36.409000
0.900795 24.341900
0.901089 31.459600
0.901384 57.047700
0.901678 37.542900
0.901972 9.409290
0.902267 10.069700
0.902561 5.228770
0.902855 6.862780
0.903150 5.382770
0.903444 10.211100
0.903739 31.169700
0.904033 32.190200
0.904327 9.910990
0.904622 6.319160
0.904916 86.946300
0.905210 33.719800
0.905505 75.645800
0.905799 7.631030
0.906094 14.690100
0.906388 85.144000
0.906682 47.484600
0.906977 12.880800
0.907271 28.006700
0.907565 16.592400
0.907860 55.219000
0.908154 18.962700
0.908449 11.966300
0.908743 24.358100
0.909037 21.309700
0.909332 8.036200
0.909626 30.416200
0.909921 54.273800
0.910215 7.582730
0.910509 57.608400
0.910804 9.201230
0.911098 8.972010
0.911392 20.499900
0.911687 8.162000
0.911981 8.284930
0.912276 9.190540
0.912570 31.444600
0.912864 10.156200
0.913159 11.620300
0.913453 34.976000
0.913747 37.347300
0.914042 18.072900
0.914336 6.383900
0.914631 9.466610
0.914925 12.636800
0.915219 4.111050
0.915514 67.723400
0.915808 6.002690
0.916102 5.580190
0.916397 33.796000
0.916691 13.632300
0.916986 24.416600
0.917280 1.164720
0.917574 29.241700
0.917869 29.355200
0.918163 21.691000
0.918457 21.441400
0.918752 14.189900
0.919046 23.326500
0.919341 14.676300
0.919635 26.363300
0.919929 26.811900
0.920224 40.851700
0.920518 14.811400
0.920812 6.910500
0.921107 8.725340
0.921401 1.806800
0.921696 73.470500
0.921990 6.382370
0.922284 6.834990
0.922579 72.445800
0.922873 48.238900
0.923168 50.835400
0.923462 28.837000
0.923756 11.306000
0.924051 38.263800
0.924345 6.959380
0.924639 28.888900
0.924934 10.076400
0.925228 8.295080
0.925523 15.539800
0.925817 70.465600
0.926111 32.502200
0.926406 25.991300
0.926700 15.491400
0.926994 9.746600
0.927289 41.185600
0.927583 33.366700
0.927878 89.636900
0.928172 37.574500
0.928466 40.514200
0.928761 35.732600
0.929055 5.014330
0.929349 9.199850
0.929644 7.422640
0.929938 7.290600
0.930233 26.778200
0.930527 65.434100
0.930821 20.511800
0.931116 23.500800
0.931410 24.207000
0.931704 5.566050
0.931999 8.311270
0.932293 21.624500
0.932588 8.704530
0.932882 8.082910
0.933176 35.823700
0.933471 28.623800
0.933765 4.909040
0.934059 33.747700
0.934354 40.621900
0.934648 35.548800
0.934943 5.732780
0.935237 7.627460
0.935531 28.805100
0.935826 10.745100
0.936120 23.522400
0.936414 63.771000
0.936709 46.111700
0.937003 15.664100
0.937298 43.473400
0.937592 5.671080
0.937886 42.755300
0.938181 6.455760
0.938475 6.779620
0.938770 62.663000
0.939064 45.822400
0.939358 21.587100
0.939653 20.069800
0.939947 44.303900
0.940241 16.146900
0.940536 7.323080
0.940830 20.815700
0.941125 8.867320
0.941419 13.040700
0.941713 14.352900
0.942008 25.002100
0.942302 44.877100
0.942596 13.221600
0.942891 13.669300
0.943185 24.607300
0.943480 9.734280
0.943774 16.769000
0.944068 22.982400
0.944363 39.776300
0.944657 53.322300
0.944951 67.834000
0.945246 6.233520
0.945540 6.593780
0.945835 16.464400
0.946129 8.919970
0.946423 14.941100
0.946718 9.190890
0.947012 18.407400
0.947306 2.634690
0.947601 28.734300
0.947895 37.429000
0.948190 6.363910
0.948484 21.473200
0.948778 82.348800
0.949073 17.331800
0.949367 23.945600
0.949661 14.360900
0.949956 30.426300
0.950250 10.482600
0.950545 7.095030
0.950839 74.339800
0.951133 7.264180
0.951428 6.046960
0.951722 11.084000
0.952016 16.144300
0.952311 40.431400
0.952605 37.080300
0.952900 9.125360
0.953194 16.646500
0.953488 3.804440
0.953783 3.449160
0.954077 21.727200
0.954372 9.663120
0.954666 8.208500
0.954960 24.617100
0.955255 5.000950
0.955549 9.338420
0.955843 30.900700
0.956138 43.256700
0.956432 6.142900
0.956727 2.782970
0.957021 59.083900
0.957315 56.460400
0.957610 29.483800
0.957904 23.214200
0.958198 5.263000
0.958493 16.614500
0.958787 49.548900
0.959082 42.012100
0.959376 44.305300
0.959670 32.678500
0.959965 63.190800
0.960259 56.516400
0.960553 31.655400
0.960848 54.087000
0.961142 23.131800
0.961437 10.512700
0.961731 14.902600
0.962025 33.479700
0.962320 18.278300
0.962614 3.012190
0.962908 45.558500
0.963203 8.631950
0.963497 28.155600
0.963792 16.864000
0.964086 8.864880
0.964380 29.679200
0.964675 2.074090
0.964969 22.878200
0.965263 17.880900
0.965558 17.092100
0.965852 7.288150
0.966147 39.926500
0.966441 15.476800
0.966735 20.167300
0.967030 3.333320
0.967324 6.938430
0.967618 27.909800
0.967913 10.200700
0.968207 6.307100
0.968502 33.778000
0.968796 33.081800
0.969090 9.505370
0.969385 13.721300
0.969679 27.188800
0.969974 40.749900
0.970268 6.453210
0.970562 21.087100
0.970857 14.296000
0.971151 26.078900
0.971445 22.566200
0.971740 21.969400
0.972034 9.569530
0.972329 49.178800
0.972623 5.180230
0.972917 11.547700
0.973212 33.771900
0.973506 10.924600
0.973800 26.764200
0.974095 69.949000
0.974389 60.825200
0.974684 45.379100
0.974978 36.538700
0.975272 6.616500
0.975567 5.292350
0.975861 28.076500
0.976155 11.391500
0.976450 10.069900
0.976744 17.769300
0.977039 12.553500
0.977333 35.018100
0.977627 18.503200
0.977922 53.953800
0.978216 2.084080
0.978510 19.867500
0.978805 27.351200
0.979099 13.046300
0.979394 11.953700
0.979688 5.439940
0.979982 13.092100
0.980277 15.848300
0.980571 37.830000
0.980865 82.772100
0.981160 5.176950
0.981454 27.219300
0.981749 13.225700
0.982043 17.887300
0.982337 16.676100
0.982632 15.597200
0.982926 23.174600
0.983220 30.894600
0.983515 39.724900
0.983809 38.609200
0.984104 16.761300
0.984398 71.855900
0.984692 85.000100
0.984987 5.355670
0.985281 19.333800
0.985576 7.751250
0.985870 11.750100
0.986164 75.274000
0.986459 77.140600
0.986753 33.376900
0.987047 17.454000
0.987342 12.157400
0.987636 26.638200
0.987931 64.357300
0.988225 64.040900
0.988519 15.815100
0.988814 27.041500
0.989108 40.970900
0.989402 9.486500
0.989697 5.929200
0.989991 4.620650
0.990286 8.445510
0.990580 6.364080
0.990874 50.455300
0.991169 38.746600
0.991463 24.581000
0.991757 11.488600
0.992052 20.927800
0.992346 7.031840
0.992641 5.624490
0.992935 10.624300
0.993229 21.070300
0.993524 62.070700
0.993818 6.704850
0.994112 22.259900
0.994407 19.054000
0.994701 14.406700
0.994996 29.446600
0.995290 40.959200
0.995584 14.628900
0.995879 19.359700
0.996173 7.024150
0.996467 15.896300
0.996762 24.192200
0.997056 28.410400
0.997351 3.331380
0.997645 10.375700
0.997939 21.488000
0.998234 97.054100
0.998528 5.756980
0.998822 31.483700
0.999117 63.908100
0.999411 10.070000
0.999706 36.688700
1.000000 10.156900
