0.000348 23.534500
0.000696 10.923000
0.001044 21.419500
0.001392 39.386000
0.001740 49.119600
0.002088 46.931900
0.002436 13.992200
0.002785 7.376860
0.003133 39.342300
0.022276 8.389800
0.022624 9.585880
0.022973 6.981830
0.023321 11.264300
0.023669 17.376000
0.024017 55.611900
0.024365 26.714900
0.024713 21.800000
0.025061 43.565400
0.025409 50.017100
0.025757 4.960870
0.026105 42.245800
0.026453 8.575430
0.026801 32.813500
0.027149 41.927500
0.031674 9.958660
0.032022 41.182300
0.032370 32.303400
0.032718 4.170760
0.033066 21.002600
0.033415 75.610400
0.033763 21.184900
0.034111 41.838200
0.046989 9.691900
0.047337 18.073300
0.047685 8.857390
0.048033 18.992800
0.048381 27.774000
0.048730 52.425700
0.049078 8.443240
0.056735 59.483000
0.057083 22.534400
0.057431 15.626700
0.057779 37.365600
0.058127 13.059800
0.058475 4.936790
0.058824 21.364900
0.059172 18.989300
0.059520 39.393200
0.059868 19.195200
0.060216 37.792000
0.060564 20.632800
0.060912 26.046900
0.061260 3.914280
0.061608 25.019000
0.061956 27.132600
0.062304 71.195500
0.062652 5.639610
0.063000 9.303020
0.063348 51.535900
0.063696 7.749430
0.064045 18.525000
0.064393 23.447400
0.064741 32.419600
0.065089 44.813000
0.065437 48.003800
0.065785 26.045700
0.066133 14.133300
0.066481 16.884100
0.066829 43.868100
0.067177 23.961000
0.067525 41.209100
0.067873 6.136260
0.068221 33.900400
0.068569 68.650600
0.068918 15.440500
0.069266 78.044700
0.077271 58.116000
0.077619 10.356700
0.077967 35.844600
0.078315 71.005900
0.078663 18.875900
0.079011 21.012600
0.079360 10.923800
0.079708 25.136300
0.080056 18.594700
0.080404 44.314100
0.080752 25.483600
0.081100 29.263700
0.081448 42.059400
0.081796 10.360900
0.082144 66.630600
0.082492 51.952300
0.082840 51.639900
0.083188 43.367600
0.083536 8.515150
0.083884 47.478500
0.084233 4.794960
0.084581 42.827200
0.084929 1.713170
0.085277 15.333000
0.085625 22.533900
0.085973 91.788300
0.086321 3.095960
0.086669 32.705400
0.087017 14.401200
0.087365 3.914940
0.087713 21.795900
0.088061 7.335040
0.088409 42.217100
0.088757 6.681920
0.089105 29.421100
0.089454 43.873800
0.089802 10.081100
0.090150 8.861690
0.090498 7.876710
0.090846 83.101500
0.091194 6.900840
0.091542 47.551100
0.091890 9.065960
0.092238 16.428200
0.092586 19.563300
0.092934 7.020430
0.093282 4.771150
0.093630 19.031000
0.093978 7.249790
0.094326 16.577800
0.094675 35.025700
0.095023 22.515600
0.095371 64.690100
0.095719 33.565500
0.096067 10.114400
0.096415 6.620080
0.096763 6.766840
0.097111 38.703100
0.097459 32.699100
0.097807 46.779300
0.098155 77.307000
0.098503 12.848800
0.098851 19.252900
0.099199 66.370800
0.099548 28.086700
0.099896 20.416000
0.100244 18.918200
0.100592 17.343100
0.100940 6.287840
0.101288 49.418700
0.101636 30.979800
0.101984 41.785700
0.102332 45.894000
0.102680 8.510620
0.103028 47.976100
0.103376 21.883900
0.103724 8.788860
0.104072 7.198230
0.104420 14.497200
0.104769 19.548200
0.105117 12.264100
0.105465 65.176300
0.105813 3.536230
0.106161 6.978460
0.106509 28.039700
0.106857 7.200360
0.107205 25.304200
0.107553 41.496200
0.107901 21.021800
0.108249 5.185650
0.108597 14.340200
0.108945 8.531130
0.109293 44.057300
0.109641 8.648450
0.109990 8.963530
0.110338 44.694900
0.110686 4.691970
0.111034 30.223000
0.111382 34.851900
0.111730 24.363800
0.112078 18.044900
0.112426 4.374030
0.112774 31.408400
0.113122 34.064700
0.113470 48.900400
0.113818 9.448760
0.114166 36.401100
0.114514 7.301770
0.114863 37.558600
0.115907 67.121200
0.116255 11.277200
0.116603 38.614900
0.116951 27.732200
0.117299 26.747200
0.117647 7.839890
0.117995 23.213400
0.118343 16.564400
0.118691 23.303500
0.119039 27.035800
0.119387 4.430910
0.119735 7.151070
0.120084 7.765920
0.120432 19.002700
0.120780 53.859800
0.121128 28.068000
0.121476 30.172000
0.121824 21.099600
0.122172 76.776500
0.122520 4.409510
0.122868 28.926800
0.123216 19.268200
0.123564 8.835070
0.123912 14.206700
0.124260 63.462700
0.124608 28.617200
0.124956 4.713010
0.125305 10.193100
0.125653 44.149600
0.126001 41.604500
0.126349 8.813320
0.126697 11.986800
0.127045 9.475250
0.127393 45.489600
0.127741 31.895300
0.128089 5.069920
0.128437 36.657000
0.128785 7.366550
0.129133 39.348900
0.129481 15.567200
0.129829 67.610500
0.130178 32.534800
0.130526 5.044540
0.130874 9.671600
0.131222 9.422660
0.131570 21.186000
0.131918 20.456300
0.132266 29.976600
0.132614 17.056800
0.132962 54.742100
0.133310 25.959300
0.133658 3.825740
0.134006 8.214170
0.134354 4.642290
0.134702 90.699900
0.135050 12.309000
0.135399 6.599640
0.135747 11.597600
0.136095 3.979070
0.136443 14.139100
0.136791 17.165200
0.137139 80.546100
0.137487 23.151400
0.137835 3.081260
0.138183 6.906210
0.138531 9.283450
0.138879 11.842500
0.139227 21.444900
0.139575 38.691100
0.139923 7.281870
0.140271 11.829400
0.140620 38.456600
0.140968 4.929020
0.141316 7.204850
0.141664 43.228900
0.142012 67.228300
0.142360 19.027300
0.142708 32.533000
0.143056 24.562200
0.143404 9.083410
0.143752 13.015600
0.144100 7.377230
0.144448 4.009510
0.144796 73.969400
0.145144 35.370900
0.145493 56.261400
0.145841 15.178100
0.146189 10.750000
0.150017 11.312900
0.150365 7.997580
0.150714 6.635940
0.151062 10.629700
0.151410 52.577700
0.151758 23.833400
0.152106 4.899630
0.152454 49.697300
0.152802 40.624200
0.153150 5.169750
0.154890 67.417800
0.155238 25.862400
0.155586 6.573910
0.155935 69.200400
0.156283 62.649000
0.156631 45.175500
0.156979 35.021300
0.157327 24.566100
0.157675 38.525700
0.158023 1.764250
0.158371 6.593980
0.158719 7.263690
0.159067 24.392100
0.159415 2.002280
0.159763 6.670090
0.160111 5.141100
0.160459 30.172100
0.160808 27.094400
0.161156 6.596880
0.161504 10.969900
0.161852 63.683200
0.162200 37.905400
0.162548 18.304100
0.162896 13.238100
0.163244 10.126900
0.163592 22.445600
0.163940 13.244500
0.164288 20.847900
0.164636 6.201040
0.164984 7.867730
0.165332 9.368790
0.165680 24.503400
0.166029 49.813900
0.166377 6.011380
0.166725 4.802050
0.167073 7.456460
0.167421 7.077180
0.167769 17.437700
0.168117 54.439900
0.168465 44.357600
0.168813 67.702000
0.169161 29.498100
0.169509 22.540800
0.169857 18.061200
0.170205 50.280000
0.170553 25.123800
0.170901 25.493800
0.171250 8.035930
0.171598 6.670560
0.171946 9.591750
0.172294 8.996690
0.172642 9.424250
0.172990 9.127890
0.173338 30.227100
0.173686 9.183670
0.174034 1.690450
0.174382 14.566000
0.174730 46.540500
0.175078 10.223700
0.175426 8.819110
0.175774 52.667400
0.176123 23.180500
0.176471 4.592010
0.176819 3.350060
0.177167 33.485400
0.177515 13.235300
0.177863 28.490600
0.178211 29.205200
0.178559 5.525450
0.178907 8.580680
0.179255 31.744200
0.179603 37.916200
0.179951 19.460400
0.180299 13.306300
0.180647 21.096600
0.180995 49.854900
0.181344 7.152510
0.181692 35.938800
0.182040 12.254700
0.182388 91.782800
0.182736 13.676600
0.183084 6.314470
0.183432 2.952040
0.183780 32.306300
0.184128 16.689300
0.184476 7.626610
0.184824 66.215400
0.185172 8.546050
0.185520 8.273750
0.185868 5.892220
0.186216 13.510600
0.186565 47.876000
0.186913 7.618640
0.187261 7.727800
0.187609 16.725300
0.187957 7.535130
0.188305 10.520500
0.188653 2.110630
0.189001 14.769900
0.189349 8.590890
0.189697 79.186500
0.190045 8.096910
0.192134 8.324900
0.192482 53.139800
0.192830 5.060330
0.193178 13.152800
0.193526 32.113200
0.193874 14.966900
0.194222 12.980600
0.194570 68.288800
0.194918 19.440700
0.195266 50.134800
0.195614 6.743180
0.195962 5.222890
0.196310 3.644550
0.196659 6.658200
0.197007 7.338630
0.197355 5.374710
0.197703 24.104600
0.198051 5.137820
0.198399 32.968500
0.198747 55.088900
0.200139 9.805800
0.200487 21.333500
0.200835 17.549300
0.201183 7.602070
0.201532 10.159100
0.201880 9.280390
0.202228 15.873100
0.202576 21.105800
0.202924 55.552500
0.203272 1.827930
0.203620 7.726160
0.203968 9.455960
0.204316 13.245400
0.204664 18.288700
0.205012 69.693000
0.205360 35.475000
0.205708 36.262100
0.206056 66.848100
0.206404 18.488400
0.206753 10.960200
0.207101 44.307600
0.207449 31.258800
0.207797 7.762070
0.208145 13.125500
0.208493 26.779900
0.208841 54.014200
0.209189 41.028500
0.209537 37.789700
0.209885 30.937400
0.210233 52.201200
0.210581 10.094100
0.210929 62.959300
0.211277 10.833600
0.211625 23.118200
0.211974 16.483400
0.212322 17.087500
0.212670 23.307700
0.213018 33.234300
0.213366 3.681050
0.213714 25.163400
0.214062 15.097100
0.214410 8.608080
0.214758 22.377000
0.215106 8.598250
0.215454 28.977300
0.215802 87.787200
0.216150 2.919280
0.216498 39.299900
0.216847 82.271400
0.217195 5.005450
0.217543 6.468750
0.217891 24.180900
0.218239 32.414100
0.218587 9.034440
0.218935 19.081200
0.219283 32.019600
0.219631 10.278400
0.219979 22.150700
0.220327 52.675900
0.220675 21.091300
0.221023 21.302200
0.221371 11.129800
0.221719 72.955400
0.222068 16.197100
0.222416 17.035300
0.222764 5.877880
0.223112 8.037680
0.223460 16.366200
0.223808 27.132700
0.224156 10.119400
0.224504 7.041430
0.224852 7.247680
0.225200 28.489900
0.225548 9.515180
0.225896 36.925800
0.226244 24.355100
0.226592 6.138010
0.226940 7.970300
0.227289 9.121870
0.227637 7.306530
0.227985 37.039300
0.228333 29.326000
0.228681 9.688200
0.229029 5.614130
0.229377 41.765700
0.229725 13.437200
0.230073 18.003600
0.230421 12.822900
0.230769 9.902490
0.231117 7.426080
0.231465 32.975100
0.231813 12.844200
0.232162 7.175250
0.232510 15.584900
0.232858 4.995640
0.233206 41.242600
0.233554 10.920800
0.233902 5.421100
0.234250 86.075200
0.234598 31.628900
0.234946 11.201200
0.235294 58.738400
0.235642 38.345600
0.235990 10.035000
0.236338 44.161600
0.236686 23.785100
0.237034 13.146100
0.237383 16.268200
0.237731 41.093300
0.238079 7.639490
0.238427 7.951780
0.238775 6.849700
0.239123 12.143800
0.239471 9.144200
0.239819 37.609800
0.240167 9.469630
0.240515 20.060800
0.240863 59.319600
0.241211 3.476010
0.241559 24.407800
0.241907 10.878800
0.242255 5.402710
0.242604 6.799210
0.242952 4.885890
0.243300 13.969800
0.243648 19.703200
0.243996 19.514400
0.244344 38.966900
0.244692 80.515700
0.245040 7.947890
0.245388 11.439900
0.245736 36.108200
0.246084 4.498180
0.246432 34.745100
0.246780 20.783900
0.247128 59.528900
0.247477 26.054800
0.247825 11.023300
0.248173 39.850500
0.248521 4.898200
0.248869 11.447400
0.249217 19.236200
0.249565 38.991100
0.249913 9.325810
0.250261 32.594600
0.250609 8.304400
0.250957 9.346480
0.251305 5.857240
0.251653 8.243600
0.252001 75.940400
0.252349 47.300500
0.252698 16.418100
0.253046 31.975000
0.253394 25.704800
0.253742 16.209500
0.254090 43.398200
0.254438 13.012800
0.254786 80.087300
0.255134 6.113590
0.255482 39.095000
0.255830 14.536800
0.256178 13.951400
0.256526 11.493500
0.256874 19.254400
0.257222 32.601300
0.257570 24.022300
0.257919 60.122300
0.258267 17.626500
0.258615 9.317550
0.258963 24.770700
0.259311 10.900700
0.259659 47.707400
0.260007 26.143900
0.260355 4.066730
0.260703 6.836340
0.261051 66.436700
0.261399 23.153700
0.261747 4.702570
0.262095 2.620980
0.262443 30.552900
0.262792 27.454200
0.263140 19.144900
0.263488 22.763900
0.263836 41.452900
0.264184 36.061300
0.264532 60.341300
0.264880 5.404190
0.265228 14.363200
0.265576 22.763700
0.265924 43.702700
0.266272 40.610800
0.266620 10.506300
0.266968 3.065050
0.267316 15.356300
0.267664 4.688260
0.268013 29.112500
0.268361 54.385200
0.268709 9.374880
0.269057 15.523300
0.269405 13.013700
0.269753 24.196200
0.270101 3.790180
0.270449 1.902480
0.270797 30.830100
0.271145 13.586000
0.271493 77.541000
0.271841 5.119090
0.272189 78.813000
0.272537 40.637800
0.272885 25.284200
0.273234 21.310600
0.273582 15.261400
0.273930 14.573000
0.274278 4.649700
0.274626 4.875430
0.274974 13.932800
0.275322 7.723050
0.275670 8.043700
0.276018 64.170000
0.276366 20.751800
0.276714 20.401200
0.277062 8.650090
0.277410 8.702880
0.277758 48.629300
0.278107 8.396080
0.278455 5.313390
0.278803 7.727690
0.279151 47.186200
0.279499 39.493100
0.279847 16.858500
0.280195 51.227800
0.280543 8.503310
0.280891 43.778900
0.281239 18.212100
0.281587 24.525600
0.281935 20.390400
0.282283 10.697500
0.282631 24.034100
0.282979 13.686000
0.283328 33.972000
0.283676 9.067730
0.284024 7.967270
0.284372 5.488550
0.284720 7.409500
0.285068 42.067900
0.285416 37.800000
0.285764 14.181600
0.286112 14.864900
0.286460 8.012980
0.286808 37.138000
0.287156 13.868600
0.287504 42.960000
0.287852 3.287910
0.288200 24.085200
0.288549 14.709000
0.288897 9.067860
0.289245 23.064900
0.289593 9.420320
0.289941 22.317600
0.290289 11.196800
0.290637 25.577000
0.290985 10.227500
0.291333 11.908400
0.291681 34.889600
0.292029 79.181800
0.292377 16.978400
0.292725 37.535500
0.293073 10.123300
0.293422 16.064300
0.293770 49.923100
0.294118 43.264100
0.294466 44.635200
0.294814 21.113800
0.295162 67.229500
0.295510 25.765500
0.295858 8.330590
0.296206 28.176700
0.296554 31.716600
0.296902 7.548770
0.297250 74.351900
0.297598 49.505200
0.297946 18.055500
0.298294 11.679800
0.298643 9.731180
0.298991 33.818900
0.299339 55.287700
0.299687 6.619290
0.300035 8.988010
0.300383 20.752700
0.300731 5.730680
0.301079 19.803400
0.301427 38.121400
0.301775 25.376400
0.302123 31.128100
0.302471 52.573800
0.302819 30.144800
0.303167 16.827700
0.303515 12.158400
0.303864 18.622100
0.304212 27.989600
0.304560 25.217900
0.304908 28.659500
0.305256 8.133260
0.305604 22.003200
0.305952 15.334800
0.306300 12.495000
0.306648 33.079300
0.306996 7.834810
0.307344 61.301700
0.307692 7.566680
0.308040 8.270400
0.308388 17.696400
0.308737 41.226900
0.309085 7.463230
0.309433 6.807960
0.309781 8.082600
0.310129 42.766100
0.310477 41.819200
0.310825 6.659630
0.311173 35.589900
0.311521 28.538800
0.311869 17.052600
0.312217 58.890800
0.312565 11.245400
0.312913 5.586190
0.313261 35.449300
0.313609 12.637900
0.313958 4.348080
0.314306 1.991270
0.314654 7.687990
0.315002 13.200200
0.315698 27.106700
0.316046 22.873500
0.316394 26.477700
0.316742 15.655400
0.317090 4.601930
0.317438 2.892120
0.317786 25.537300
0.318134 17.519900
0.318482 38.451200
0.318830 82.056000
0.319179 3.383930
0.319527 24.650400
0.319875 78.639700
0.320571 9.509200
0.320919 22.544400
0.321267 45.180000
0.321615 28.118900
0.321963 16.958000
0.322311 37.864400
0.322659 29.554600
0.323007 9.000740
0.323355 11.976000
0.323703 49.192400
0.324052 18.814900
0.324400 28.461500
0.324748 7.415060
0.325096 14.104800
0.325444 43.319300
0.325792 69.448700
0.326140 22.547100
0.326488 44.117100
0.326836 9.419370
0.327184 3.151230
0.327532 20.794300
0.327880 39.660300
0.328228 40.059500
0.328576 72.109400
0.328924 2.730590
0.329273 39.628500
0.329621 7.523880
0.329969 17.803300
0.330317 45.061700
0.330665 3.602250
0.331013 13.591600
0.331361 14.548200
0.331709 27.275100
0.332057 9.464220
0.332405 67.799100
0.332753 23.618200
0.333101 22.583500
0.333449 6.106040
0.333797 17.714300
0.334145 10.216700
0.334494 16.013000
0.334842 24.045300
0.335190 50.090800
0.335538 21.463900
0.335886 13.889500
0.336234 20.239100
0.336582 6.181880
0.336930 26.107100
0.337278 12.999000
0.337626 11.662600
0.337974 10.306400
0.338322 25.135800
0.338670 11.789400
0.339018 35.926400
0.339367 14.361200
0.339715 5.137420
0.340063 19.012000
0.340411 54.896200
0.340759 26.984400
0.341107 78.385700
0.341455 7.945970
0.341803 41.024000
0.342151 11.042100
0.342499 38.145400
0.342847 36.565900
0.343195 14.803800
0.343543 9.988700
0.343891 24.547300
0.344239 17.796500
0.344588 12.173900
0.344936 10.606300
0.345284 2.325730
0.345632 51.711800
0.345980 20.355400
0.346328 22.820300
0.346676 40.782100
0.347024 25.495800
0.347372 53.688600
0.347720 40.773500
0.348068 29.952100
0.348416 38.915200
0.348764 29.051100
0.349112 89.807800
0.349460 52.685100
0.349809 56.950600
0.350157 11.017900
0.350505 15.292200
0.350853 61.260100
0.351201 13.230000
0.351549 30.150300
0.351897 23.135800
0.352245 13.332100
0.352593 59.503000
0.352941 8.025320
0.353289 7.337020
0.353637 66.542200
0.353985 64.567300
0.354333 5.151280
0.354682 15.373600
0.355030 7.077480
0.355378 9.029160
0.355726 12.874600
0.356074 41.937800
0.356422 12.804900
0.356770 13.919900
0.357118 50.870000
0.357466 7.203410
0.357814 26.810400
0.358162 4.192210
0.358510 8.293880
0.358858 40.362400
0.359206 33.545800
0.359554 48.826600
0.359903 36.722100
0.360251 37.555000
0.360599 28.651600
0.360947 34.255300
0.361295 20.109600
0.361643 56.062200
0.361991 9.020850
0.362339 14.852700
0.362687 25.590700
0.363035 5.719720
0.363383 6.211910
0.363731 11.429700
0.364079 12.254600
0.364427 18.702600
0.364775 24.168900
0.365124 8.075500
0.365472 29.704500
0.365820 84.687800
0.366168 27.424100
0.366516 43.248700
0.366864 26.511600
0.367212 35.108500
0.367560 1.803890
0.367908 18.609400
0.368256 39.727100
0.368604 1.820900
0.368952 8.066770
0.369300 6.639970
0.369648 32.112500
0.369997 26.830400
0.370345 16.845500
0.370693 15.059700
0.371041 41.483500
0.371389 19.101200
0.371737 55.228900
0.372085 34.891600
0.372433 25.293700
0.372781 5.393600
0.373129 21.343200
0.373477 4.898770
0.373825 38.798100
0.374173 10.711900
0.374521 26.998100
0.374869 26.673400
0.375218 8.850900
0.375566 21.212700
0.375914 50.841300
0.376262 7.133260
0.376610 3.874460
0.376958 65.238600
0.377306 39.413500
0.377654 16.276200
0.378002 8.517750
0.378350 2.182040
0.378698 15.777700
0.379046 4.878880
0.379394 55.151800
0.379742 9.945010
0.380090 14.654300
0.380439 13.325900
0.380787 23.972100
0.381135 29.391100
0.381483 46.050200
0.381831 8.288250
0.382179 21.064200
0.382527 56.534200
0.382875 9.370780
0.383223 21.216700
0.383571 51.956100
0.383919 10.523500
0.384267 9.829880
0.384615 72.894600
0.384963 22.490500
0.385312 10.157300
0.385660 11.477400
0.386008 1.811420
0.386356 15.020000
0.386704 70.331800
0.387052 44.444100
0.387400 1.665630
0.387748 30.682500
0.388096 31.442900
0.388444 2.372280
0.388792 8.857550
0.389140 21.592300
0.389488 64.952000
0.389836 11.809300
0.390184 26.303800
0.390533 59.813200
0.390881 33.786400
0.391229 43.953300
0.391577 7.363830
0.391925 41.513000
0.392273 6.040390
0.392621 17.832100
0.392969 25.489800
0.393317 27.599600
0.393665 8.599440
0.394013 26.985400
0.394361 10.065400
0.394709 20.721400
0.395057 17.941300
0.395405 16.058600
0.395754 30.510500
0.396102 44.285000
0.396450 10.483300
0.396798 46.152800
0.397146 4.981270
0.397494 34.270500
0.397842 11.268100
0.398190 19.031500
0.398538 24.142100
0.398886 82.498700
0.399234 20.890700
0.399582 18.914000
0.399930 17.463200
0.400278 6.478270
0.400627 41.882500
0.400975 74.401600
0.401323 14.930600
0.401671 8.903000
0.402019 23.301900
0.402367 17.644100
0.402715 29.130800
0.403063 7.532000
0.403411 7.987280
0.403759 34.547700
0.404107 5.413350
0.404455 24.826100
0.404803 39.568400
0.405151 26.212600
0.405499 24.185400
0.405848 12.253000
0.406196 36.385500
0.406544 54.402900
0.406892 17.370500
0.407240 5.765900
0.407588 6.662920
0.407936 18.758300
0.408284 36.274300
0.408632 22.644600
0.408980 69.194300
0.409328 82.541200
0.409676 5.035700
0.410024 7.892480
0.410372 9.328550
0.410721 3.236420
0.411069 24.908200
0.411417 41.844200
0.411765 74.298300
0.412113 5.303780
0.412461 7.422580
0.412809 22.878900
0.413157 63.828100
0.413505 38.149300
0.413853 15.603300
0.414201 29.598200
0.414549 24.960300
0.414897 29.260000
0.415245 71.973800
0.415593 4.687530
0.415942 9.487740
0.416290 13.842600
0.416638 26.163200
0.416986 6.202670
0.417334 7.635280
0.417682 42.907100
0.418030 34.467600
0.418378 7.755580
0.418726 9.317140
0.419074 12.529300
0.419422 85.859600
0.419770 61.969300
0.420118 4.250990
0.420466 20.212100
0.420814 25.731800
0.421163 28.863000
0.421511 17.723000
0.421859 32.995700
0.422207 17.222900
0.422555 10.972700
0.422903 55.765600
0.423599 9.945950
0.423947 11.534700
0.424295 56.732200
0.424643 13.621500
0.424991 16.654700
0.425339 45.658300
0.425687 44.216100
0.426036 39.213500
0.426384 76.230200
0.426732 70.351000
0.427080 7.529190
0.427428 58.047600
0.427776 7.387610
0.428124 15.603900
0.428472 31.285300
0.429168 24.522500
0.429516 35.865400
0.429864 28.268900
0.430212 27.224800
0.430560 22.873300
0.430908 2.166330
0.431257 9.829020
0.431605 17.361300
0.431953 40.606500
0.432301 9.464170
0.432649 29.062900
0.432997 25.861200
0.433345 4.435520
0.433693 14.513500
0.434041 14.080700
0.434389 37.952200
0.434737 20.966300
0.435085 11.967600
0.435433 45.023800
0.435781 17.103300
0.436129 20.858400
0.436478 22.807100
0.436826 8.846540
0.437174 3.786510
0.437522 19.779200
0.437870 24.659700
0.438218 18.959500
0.438566 8.738480
0.438914 20.641800
0.439262 10.783400
0.439610 16.290500
0.439958 67.359100
0.440306 38.718300
0.440654 4.477140
0.441002 27.723000
0.441351 20.682300
0.441699 39.051300
0.442047 21.673500
0.442395 68.492300
0.442743 25.793500
0.443091 52.620100
0.443439 10.756800
0.443787 11.722500
0.444135 11.920300
0.444483 81.198500
0.444831 9.795410
0.445179 9.558110
0.445527 7.782390
0.445875 33.880200
0.446223 68.401100
0.446572 43.793100
0.446920 10.536100
0.447268 39.101600
0.447616 5.614400
0.447964 8.813250
0.448312 12.357700
0.448660 19.061100
0.449008 70.589400
0.449356 32.159300
0.449704 21.033200
0.450052 17.168800
0.450400 19.391100
0.450748 64.849900
0.451096 35.221400
0.451444 10.329800
0.451793 48.547300
0.452141 42.047700
0.452489 15.503900
0.452837 29.292800
0.453185 24.876500
0.453533 25.463500
0.453881 44.453800
0.454229 76.021100
0.454577 16.526500
0.454925 22.703800
0.455273 31.244800
0.455621 52.989200
0.455969 37.156900
0.456317 25.547300
0.456666 6.687650
0.457014 3.521330
0.457362 8.300910
0.457710 7.558760
0.458058 27.920400
0.458406 23.486900
0.458754 38.160700
0.459102 21.271300
0.459450 4.863240
0.459798 4.434250
0.460146 9.255350
0.460494 12.006900
0.460842 26.806400
0.461190 7.373010
0.461538 14.485600
0.461887 19.383900
0.462235 47.356700
0.462583 37.942400
0.462931 29.642600
0.463279 5.606900
0.463627 26.143500
0.463975 8.763060
0.464323 33.791200
0.464671 22.822400
0.465019 21.473800
0.465367 16.458300
0.465715 11.002000
0.466063 45.544700
0.466411 32.079300
0.466759 20.851800
0.467108 12.140200
0.467456 18.427500
0.467804 37.427600
0.468152 6.300480
0.468500 5.477160
0.468848 26.199900
0.469196 24.777300
0.469544 26.034600
0.469892 25.489200
0.470240 24.355200
0.470588 29.746900
0.470936 11.537500
0.471284 3.635210
0.471632 31.208400
0.471981 65.912300
0.472329 46.526700
0.472677 9.146380
0.473025 12.086400
0.473373 13.668500
0.473721 84.034300
0.474069 14.480800
0.474417 13.105300
0.474765 35.195800
0.475113 7.667300
0.475461 35.909000
0.475809 33.504300
0.476157 12.706800
0.476505 32.981000
0.476853 11.434700
0.477202 16.037900
0.477550 35.055900
0.477898 2.571060
0.478246 5.833560
0.478594 32.382400
0.478942 22.146800
0.479290 45.991800
0.479638 6.345200
0.479986 15.978900
0.480334 22.648600
0.480682 35.205100
0.481030 8.292630
0.481378 9.811800
0.481726 6.451470
0.482074 13.723000
0.482423 17.041000
0.482771 5.771320
0.483119 16.659600
0.483467 87.522200
0.483815 9.716600
0.484163 40.566900
0.484511 6.296220
0.484859 41.649600
0.485207 12.618000
0.485555 19.614400
0.485903 3.803160
0.486251 17.743700
0.486599 9.515520
0.486947 6.929650
0.487296 17.261900
0.487644 11.460600
0.487992 50.992000
0.488340 67.732400
0.488688 7.963900
0.489036 17.069900
0.489384 9.938440
0.489732 9.430660
0.490080 24.859400
0.490428 40.830900
0.490776 6.281960
0.491124 10.741700
0.491472 77.560400
0.491820 8.831910
0.492168 6.206560
0.492517 3.197300
0.492865 29.082200
0.493213 9.132490
0.493561 76.446200
0.493909 9.346450
0.494257 12.296400
0.494605 85.570500
0.494953 8.219820
0.495301 5.852470
0.495649 1.797180
0.495997 24.674000
0.496345 32.338700
0.496693 21.695100
0.497041 24.625000
0.497389 15.583300
0.497738 10.379700
0.498086 7.194510
0.498434 30.504300
0.498782 51.193600
0.499130 31.515200
0.499478 38.143400
0.499826 23.671900
0.500174 3.941050
0.500522 14.792600
0.500870 8.712150
0.501218 24.109200
0.501566 21.049700
0.501914 67.337700
0.502262 23.035600
0.502611 16.538600
0.502959 20.997800
0.503307 6.284420
0.503655 53.966200
0.504003 30.519700
0.504351 39.972200
0.504699 55.357800
0.505047 1.713110
0.505395 26.792200
0.505743 53.569400
0.506091 34.565300
0.506439 71.524000
0.506787 15.445300
0.507135 61.469800
0.507483 8.032150
0.507832 52.105300
0.508180 9.487610
0.508528 46.378700
0.508876 19.649300
0.509224 3.235920
0.509572 22.959900
0.509920 33.740300
0.510268 25.087400
0.510616 2.522390
0.510964 24.541500
0.511312 10.256800
0.511660 19.905300
0.512008 35.492000
0.512356 11.142200
0.512704 4.138950
0.513053 5.250770
0.513401 29.182000
0.513749 13.639500
0.514097 9.481790
0.514445 7.116560
0.514793 6.285030
0.515141 67.290600
0.515489 14.964400
0.515837 56.966600
0.516185 29.600300
0.516533 9.548400
0.516881 28.109400
0.517229 15.382900
0.517577 29.371900
0.517926 29.348900
0.518274 7.508870
0.518622 43.525600
0.518970 30.860000
0.519318 28.789600
0.519666 38.094900
0.520014 9.717620
0.520362 22.728600
0.520710 21.743500
0.521058 8.448270
0.521406 68.174100
0.521754 43.751200
0.522102 30.451900
0.522450 8.204210
0.522798 11.899100
0.523147 11.763900
0.523495 25.421100
0.523843 22.157400
0.524191 9.688870
0.524539 4.466630
0.524887 48.918100
0.525235 4.118740
0.525583 10.280700
0.525931 11.811200
0.526279 11.452300
0.526627 3.560640
0.526975 21.235800
0.527323 27.355700
0.527671 27.418700
0.528019 31.347900
0.528368 40.590900
0.528716 26.659600
0.529064 3.607740
0.529412 25.041900
0.529760 21.018800
0.530108 15.665300
0.530456 20.350500
0.530804 26.022400
0.531152 8.776270
0.531500 5.771830
0.531848 36.482100
0.532196 36.533300
0.532544 2.154220
0.532892 24.171600
0.533241 33.032800
0.533589 22.098200
0.533937 16.506000
0.534285 2.538140
0.534633 11.359600
0.534981 79.883800
0.535329 12.272100
0.535677 20.868600
0.536025 13.559600
0.536373 19.579200
0.536721 24.205900
0.537069 6.896270
0.537417 13.664300
0.537765 6.122580
0.538113 22.161700
0.538462 70.256100
0.538810 3.731640
0.539158 22.154000
0.539506 57.535300
0.539854 12.604700
0.540202 23.332900
0.540898 33.627700
0.541246 47.297900
0.541594 64.031700
0.541942 23.571600
0.542290 33.437900
0.542638 21.325300
0.542986 13.057200
0.543334 22.488600
0.543683 2.222520
0.544031 2.981410
0.544379 8.872070
0.544727 4.281710
0.545075 7.512980
0.545423 36.320500
0.545771 50.955400
0.546119 29.832900
0.546467 48.711600
0.546815 26.106500
0.547163 5.351910
0.547511 46.600600
0.547859 25.459600
0.548207 9.469640
0.548556 13.953700
0.548904 30.162500
0.549252 14.008900
0.549600 38.855600
0.549948 49.610000
0.550296 10.874100
0.550644 9.983950
0.550992 23.702500
0.551340 14.529200
0.551688 33.593300
0.552036 15.165700
0.552384 6.367760
0.552732 67.243500
0.553080 59.078400
0.553428 29.796600
0.553777 14.655900
0.554125 8.789540
0.554473 19.289900
0.554821 13.064200
0.555169 33.337800
0.555517 32.589200
0.555865 50.169600
0.556213 7.030680
0.556561 50.790800
0.556909 31.957900
0.557257 10.831100
0.557605 31.432900
0.557953 14.916500
0.558301 94.517800
0.558649 30.966700
0.558998 24.107200
0.559346 34.391900
0.559694 55.766200
0.560042 4.965480
0.560390 8.243900
0.560738 3.729290
0.561086 76.915100
0.561434 6.969650
0.561782 39.249100
0.562130 32.087600
0.562478 58.186800
0.562826 60.866700
0.563174 60.840600
0.563522 14.178500
0.563871 49.699000
0.564219 23.663900
0.564567 29.976100
0.564915 21.210400
0.565263 18.348000
0.565611 8.849220
0.565959 57.022100
0.566307 6.393670
0.566655 56.856700
0.567003 6.319160
0.567351 32.269000
0.567699 26.442400
0.568047 45.825200
0.568395 23.104900
0.568743 54.989900
0.569092 73.440300
0.569440 25.388100
0.569788 33.737900
0.570136 62.555400
0.570484 9.022990
0.570832 15.106300
0.571180 1.793130
0.571528 9.137630
0.571876 32.924600
0.572224 18.860900
0.572572 18.160400
0.572920 28.768900
0.573268 7.401950
0.573616 6.628500
0.573964 9.348590
0.574313 36.809300
0.574661 18.591600
0.575009 2.131150
0.575357 17.883700
0.575705 11.770400
0.576053 55.262300
0.576401 9.246490
0.576749 9.903750
0.577097 14.384800
0.577445 30.742500
0.577793 17.241500
0.578141 44.745200
0.578489 5.204050
0.578837 34.855500
0.579186 20.002100
0.579534 55.160200
0.579882 37.457300
0.580230 39.610900
0.580578 44.571700
0.580926 29.077400
0.581274 9.783330
0.581622 23.796400
0.581970 8.744110
0.582318 9.648700
0.582666 57.274100
0.583014 23.516600
0.583362 21.435700
0.583710 41.199800
0.584058 14.975600
0.584407 37.863000
0.584755 18.813600
0.585103 31.900900
0.585451 28.795500
0.585799 3.889900
0.586147 8.069620
0.586495 8.215740
0.586843 4.810940
0.587191 8.568620
0.587539 76.671800
0.587887 25.783500
0.588235 4.424190
0.588583 19.362300
0.588931 13.137300
0.589279 10.034800
0.589628 8.715170
0.589976 18.779400
0.590324 15.630100
0.590672 5.041580
0.591020 20.851600
0.591368 4.746580
0.591716 13.046200
0.592064 49.777100
0.592412 44.483600
0.592760 9.383310
0.593108 5.970900
0.593456 69.269400
0.593804 36.465600
0.594152 38.774100
0.594501 14.311900
0.594849 10.393900
0.595197 29.696700
0.595545 9.175080
0.595893 8.968510
0.596241 23.836500
0.596589 5.744440
0.596937 32.263500
0.597285 62.970700
0.597633 28.477500
0.597981 12.829800
0.598329 8.980280
0.598677 26.472500
0.599025 40.882900
0.599373 66.532100
0.599722 42.203800
0.600070 8.655930
0.600418 14.255200
0.600766 26.508100
0.601114 1.830800
0.601462 6.787230
0.601810 23.809800
0.602158 29.237800
0.602506 11.164400
0.602854 12.402000
0.603202 42.877600
0.603550 27.675400
0.603898 26.213400
0.604246 11.689700
0.604595 9.802430
0.604943 17.177900
0.605291 14.027000
0.605639 18.070000
0.605987 7.644020
0.606335 9.812160
0.606683 31.675300
0.607031 39.765400
0.607379 2.868150
0.607727 22.765600
0.608075 7.571620
0.608423 8.357920
0.608771 28.168100
0.609119 21.443900
0.609467 18.456600
0.609816 22.293800
0.610164 22.959200
0.610512 20.146500
0.610860 15.597600
0.611208 8.102940
0.611556 35.320000
0.611904 19.948100
0.612252 14.056200
0.612600 30.756300
0.612948 49.419900
0.613296 26.453500
0.613644 2.405900
0.613992 8.867660
0.614340 35.860100
0.614688 6.376240
0.615037 21.994900
0.615385 49.155400
0.615733 8.435150
0.616081 20.745900
0.616429 8.319320
0.616777 46.706000
0.617125 13.669900
0.617473 51.203800
0.617821 29.042200
0.618169 41.282800
0.618517 21.681400
0.618865 50.440600
0.619213 7.595060
0.619561 22.243700
0.619910 16.506700
0.620258 68.199300
0.620606 47.360600
0.620954 32.070100
0.621302 21.505200
0.621650 29.987100
0.621998 6.631840
0.622346 38.380600
0.622694 6.125920
0.623042 16.598500
0.623390 10.794200
0.623738 12.250500
0.624086 30.418000
0.624434 23.754000
0.624782 2.622220
0.625131 22.276300
0.625479 19.960200
0.625827 7.886510
0.626175 26.577600
0.626523 37.759900
0.626871 49.646600
0.627219 46.379400
0.627567 51.180300
0.627915 9.770690
0.628263 19.962300
0.628611 68.166100
0.628959 21.312400
0.629307 21.947200
0.629655 28.621200
0.630003 24.684000
0.630352 19.920000
0.630700 13.231300
0.631048 13.821400
0.631396 17.172800
0.631744 36.668800
0.632092 70.054100
0.632440 6.406600
0.632788 25.465100
0.633136 22.089000
0.633484 55.523400
0.633832 25.489400
0.634180 3.442560
0.634528 21.907400
0.634876 22.617600
0.635225 90.126800
0.635573 22.634000
0.635921 30.905800
0.636269 26.613500
0.636617 3.963720
0.636965 9.691590
0.637313 5.277720
0.637661 4.258820
0.638009 16.617800
0.638357 35.906000
0.638705 4.028840
0.639053 27.872100
0.639401 9.550000
0.639749 9.727640
0.640097 5.958560
0.640446 10.715100
0.640794 8.810220
0.641142 8.675780
0.641490 17.154500
0.641838 44.781600
0.642186 9.817240
0.642534 15.835700
0.642882 49.241100
0.643230 13.756000
0.643578 6.077830
0.643926 17.628000
0.644274 11.644900
0.644622 21.968900
0.644970 7.847320
0.645318 25.879700
0.645667 50.269300
0.646015 10.521600
0.646363 6.113280
0.646711 21.365100
0.647059 34.256500
0.647407 17.416800
0.647755 14.482000
0.648103 4.655810
0.648451 44.624400
0.648799 4.979470
0.649147 9.144640
0.649495 31.301900
0.649843 14.297300
0.650191 14.781100
0.650540 17.479800
0.650888 11.303100
0.651236 8.571200
0.651584 8.584570
0.651932 15.880300
0.652280 21.719900
0.652628 30.084200
0.652976 31.765900
0.653324 35.207100
0.653672 31.704800
0.654020 7.803140
0.654368 3.627600
0.654716 18.362100
0.655064 2.785970
0.655412 25.110500
0.655761 14.725700
0.656109 54.061800
0.656457 9.867670
0.656805 47.533800
0.657153 29.289400
0.657501 20.949300
0.657849 20.322700
0.658197 48.857300
0.658545 61.813200
0.658893 5.085010
0.659241 77.938900
0.659589 48.757500
0.659937 27.054900
0.660285 34.595900
0.660633 4.541850
0.660982 25.797100
0.661330 18.720800
0.661678 11.519200
0.662026 49.777200
0.662374 11.424700
0.662722 9.420690
0.663070 29.148700
0.663418 19.040900
0.663766 6.757380
0.664114 29.735700
0.664462 6.165430
0.664810 32.139900
0.665158 5.567670
0.665506 22.793900
0.665855 8.119410
0.666203 9.158240
0.666551 7.918400
0.666899 33.622000
0.667247 12.498200
0.667595 36.154200
0.667943 7.765960
0.668291 9.627220
0.668639 34.534100
0.668987 13.685900
0.669335 19.042600
0.669683 1.968220
0.670031 24.151500
0.670379 41.308000
0.670727 8.301000
0.671076 39.877800
0.671424 6.199130
0.671772 7.335640
0.672120 27.266100
0.672468 9.534110
0.672816 37.932100
0.673164 32.671900
0.673512 7.842710
0.673860 21.045600
0.674208 13.085400
0.674556 51.050700
0.674904 22.172600
0.675252 24.098300
0.675600 8.051780
0.675948 27.211300
0.676297 4.623730
0.676645 11.175600
0.676993 30.244700
0.677341 17.726400
0.677689 79.600400
0.678037 1.671940
0.678385 26.211300
0.678733 11.156200
0.679081 11.127900
0.679429 3.461140
0.679777 35.616000
0.680125 22.890400
0.680473 17.456300
0.680821 20.445800
0.681170 6.091570
0.681518 15.871100
0.681866 7.001700
0.682214 31.246600
0.682562 5.327050
0.682910 50.400500
0.683258 22.300700
0.683606 29.903500
0.683954 13.983300
0.684302 3.474490
0.684650 8.305750
0.684998 22.607800
0.685346 44.271100
0.685694 16.447200
0.686042 26.514000
0.686391 36.734500
0.686739 18.447600
0.687087 24.459300
0.687435 24.688600
0.687783 10.350300
0.688131 10.540700
0.688479 11.850400
0.688827 23.274900
0.689175 21.270500
0.689523 31.989000
0.689871 7.581780
0.690219 53.955000
0.690567 8.356490
0.690915 15.104400
0.691263 26.824900
0.691612 11.358000
0.691960 30.875900
0.692308 11.205800
0.692656 17.822000
0.693004 18.176300
0.693352 23.288100
0.693700 29.077700
0.694048 29.099800
0.694396 1.692220
0.694744 13.816000
0.695092 15.357100
0.695440 8.464820
0.695788 73.917900
0.696136 68.297800
0.696485 28.604800
0.696833 22.005600
0.697181 25.987000
0.697529 15.784800
0.697877 28.169100
0.698225 4.667890
0.698573 5.046130
0.698921 18.655600
0.699269 12.073700
0.699617 7.528730
0.699965 18.016700
0.700313 19.787600
0.700661 9.205800
0.701009 11.413000
0.701357 10.685600
0.701706 5.479130
0.702054 24.558600
0.702402 9.896660
0.702750 50.154100
0.703098 38.140300
0.703446 14.022500
0.703794 15.105400
0.704142 22.191900
0.704490 20.720500
0.704838 6.970680
0.705186 28.792600
0.705534 36.381800
0.705882 9.500380
0.706230 29.209900
0.706578 26.212200
0.706927 74.031300
0.707275 19.896600
0.707623 28.296900
0.707971 15.376700
0.708319 1.654170
0.708667 8.248410
0.709015 4.589840
0.709363 36.268300
0.709711 32.826900
0.710059 10.956900
0.710407 20.644900
0.710755 47.007900
0.711103 35.280900
0.711451 3.976540
0.711800 77.495000
0.712148 25.343900
0.712496 1.832660
0.712844 38.867100
0.713192 6.829020
0.713540 11.391600
0.713888 59.378700
0.714236 36.757700
0.714584 1.663030
0.714932 57.787200
0.715280 18.453100
0.715628 33.207400
0.715976 43.610400
0.716324 42.088000
0.716672 42.428300
0.717021 5.828010
0.717369 63.967800
0.717717 31.556800
0.718065 32.584300
0.718413 30.504800
0.718761 23.177600
0.719109 17.493400
0.719457 4.611660
0.719805 11.935200
0.720153 12.996500
0.720501 8.025780
0.720849 12.890700
0.721197 25.204700
0.721545 31.706500
0.721893 48.487800
0.722242 20.639300
0.722590 43.182800
0.722938 19.879100
0.723286 9.326780
0.723634 24.796000
0.723982 4.380180
0.724330 68.865500
0.724678 8.458450
0.725026 43.882800
0.725374 24.194100
0.725722 10.820300
0.726070 3.579770
0.726418 26.976200
0.726766 3.091420
0.727115 28.646800
0.727463 3.692170
0.727811 61.776700
0.728159 29.080300
0.728507 5.168540
0.728855 8.323680
0.729203 29.353100
0.729551 73.967900
0.729899 7.397350
0.730247 12.111100
0.730595 1.757310
0.730943 33.992800
0.731291 43.016400
0.731639 15.120400
0.731987 33.476700
0.732336 25.458000
0.732684 41.439800
0.733032 8.693870
0.733380 33.897500
0.733728 25.545900
0.734076 33.303300
0.734424 14.140300
0.734772 8.524140
0.735120 9.930050
0.735468 37.121100
0.735816 16.194600
0.736164 12.148800
0.736512 14.086700
0.736860 14.559900
0.737208 65.936100
0.737557 16.015400
0.738253 9.621300
0.738601 14.589800
0.738949 7.924230
0.739297 5.242410
0.739645 12.908800
0.739993 3.885860
0.740341 23.962200
0.740689 15.366300
0.741037 6.291460
0.741385 20.835300
0.741733 38.774300
0.742081 25.791100
0.742430 35.540000
0.742778 21.805600
0.743126 15.998500
0.743474 66.199200
0.743822 14.827200
0.744170 30.462900
0.744518 8.100180
0.744866 31.729000
0.745214 7.530140
0.745562 44.845400
0.745910 24.234700
0.746258 17.759400
0.746606 21.684100
0.746954 5.706970
0.747302 1.990580
0.747651 19.886500
0.747999 50.406600
0.748347 9.205810
0.748695 15.883600
0.749043 68.239100
0.749391 22.346300
0.749739 6.109200
0.750087 12.949600
0.750435 2.987960
0.750783 6.204100
0.751131 11.701600
0.751479 27.150000
0.751827 9.116600
0.752175 13.402700
0.752523 24.492300
0.752872 8.178150
0.753220 17.911300
0.753568 54.233700
0.753916 36.462500
0.754264 6.661010
0.754612 39.503200
0.754960 3.575150
0.755308 12.063300
0.755656 36.949100
0.756004 61.272200
0.756352 45.292400
0.756700 2.009870
0.757048 48.734600
0.757396 6.842020
0.757745 15.726700
0.758093 7.963680
0.758441 7.504320
0.758789 3.801700
0.759137 44.938100
0.759485 6.191780
0.759833 23.553200
0.760181 25.759400
0.760529 11.582900
0.760877 9.221540
0.761225 16.592900
0.761573 1.772950
0.761921 14.524200
0.762269 14.534900
0.762617 62.128800
0.762966 12.111600
0.763314 31.124900
0.763662 1.787310
0.764010 12.033100
0.764358 25.562300
0.764706 6.242500
0.765054 14.552200
0.765402 27.184300
0.765750 3.702520
0.766098 23.361200
0.766446 31.898400
0.766794 11.323700
0.767142 7.534550
0.767490 34.259600
0.767838 8.252610
0.768187 15.470600
0.768535 4.442970
0.768883 10.038600
0.769231 49.916100
0.769579 10.926500
0.769927 21.436100
0.770275 20.859100
0.770623 4.657570
0.770971 69.167800
0.771319 17.069300
0.771667 9.937680
0.772015 77.926100
0.772363 33.698600
0.772711 51.727500
0.773060 15.046000
0.773408 21.380700
0.773756 51.110300
0.774104 62.131500
0.774452 40.263200
0.774800 15.008700
0.775148 9.265040
0.775496 4.881170
0.775844 9.167720
0.776192 29.881700
0.776540 32.301200
0.776888 41.806600
0.777236 13.833300
0.777584 27.708700
0.777932 22.046800
0.778281 11.361200
0.778629 23.402700
0.778977 11.465100
0.779325 5.768940
0.779673 17.045800
0.780021 2.293960
0.780369 6.099780
0.780717 6.817580
0.781065 17.345800
0.781413 18.650900
0.781761 50.382100
0.782109 18.867000
0.782457 19.771300
0.782805 8.834280
0.783153 34.772900
0.783502 2.996780
0.783850 6.022080
0.784198 7.989910
0.784546 57.843400
0.784894 19.427200
0.785242 12.154600
0.785590 6.513010
0.785938 42.602000
0.786286 16.220600
0.786634 18.623900
0.786982 28.108100
0.787330 29.095600
0.787678 9.247860
0.788026 26.236000
0.788375 6.200770
0.788723 54.853500
0.789071 7.583570
0.789419 55.873700
0.789767 8.651920
0.790115 10.752400
0.790463 24.839300
0.790811 26.336800
0.791159 3.517410
0.791507 9.642460
0.791855 28.579300
0.792203 27.289100
0.792551 17.052100
0.792899 26.140900
0.793247 40.135800
0.793596 8.581350
0.793944 36.795900
0.794292 17.375000
0.794640 28.525600
0.794988 14.996800
0.795336 5.357620
0.795684 4.831410
0.796032 10.253800
0.796380 17.272000
0.796728 19.613600
0.797076 47.330900
0.797424 23.979100
0.797772 37.987800
0.798120 41.193500
0.798468 10.288800
0.798817 9.276260
0.799165 44.425400
0.799513 29.282100
0.799861 24.848300
0.800209 68.133900
0.800557 5.459830
0.800905 23.789500
0.801253 8.114850
0.801601 5.501130
0.801949 8.822980
0.802297 72.681200
0.802645 59.779400
0.802993 29.176300
0.803341 29.717200
0.803690 5.188810
0.804038 21.078200
0.804386 31.375400
0.804734 53.007300
0.805082 22.597500
0.805430 20.392700
0.805778 21.988300
0.806126 8.200000
0.806474 47.743600
0.806822 39.968700
0.807170 17.540800
0.807518 32.178700
0.807866 78.219100
0.808214 12.826100
0.808562 13.034100
0.808911 38.992500
0.809259 12.582800
0.809607 12.372000
0.809955 9.538420
0.810303 5.267660
0.810651 14.398000
0.810999 70.619900
0.811347 4.874660
0.811695 6.649950
0.812043 17.655200
0.812391 32.959700
0.812739 37.001200
0.813087 53.006900
0.813435 16.649300
0.813784 14.784500
0.814132 8.853280
0.814480 33.412500
0.814828 14.695500
0.815176 6.804770
0.815524 3.812980
0.815872 33.016800
0.816220 62.139700
0.816568 9.779920
0.816916 30.120100
0.817264 77.015800
0.817612 49.816800
0.817960 32.104000
0.818308 30.474300
0.818656 5.078290
0.819005 15.038500
0.819353 6.579360
0.819701 92.107300
0.820049 33.522100
0.820397 5.204230
0.820745 32.974100
0.821093 20.348100
0.821441 39.266000
0.821789 24.989900
0.822137 12.893300
0.822485 9.147900
0.822833 44.656000
0.823181 30.851200
0.823529 25.885800
0.823877 23.022000
0.824226 6.706100
0.824574 15.179600
0.824922 3.685240
0.825270 5.699310
0.825618 36.725500
0.825966 60.285900
0.826314 23.596400
0.826662 13.468600
0.827010 9.969430
0.827358 11.988500
0.827706 17.701200
0.828054 32.785500
0.828402 9.115930
0.828750 56.260800
0.829099 38.010700
0.829447 25.420400
0.829795 2.784380
0.830143 6.017210
0.830491 14.936600
0.830839 9.022550
0.831187 5.925440
0.831535 50.183900
0.831883 55.088500
0.832231 36.202300
0.832579 5.894930
0.832927 5.386330
0.833275 54.698900
0.833623 8.540510
0.833971 25.153800
0.834320 13.702000
0.834668 2.744100
0.835016 60.073200
0.835364 49.119200
0.835712 5.809480
0.836060 41.751500
0.836408 38.419100
0.836756 9.711630
0.837104 7.570000
0.837452 47.990100
0.837800 9.276540
0.838148 11.235600
0.838496 12.320400
0.838844 22.299600
0.839192 26.320700
0.839541 51.063900
0.839889 57.245800
0.840237 5.627490
0.840585 53.705300
0.840933 5.949800
0.841281 8.528660
0.841629 6.748350
0.841977 43.599200
0.842325 13.001900
0.842673 69.884800
0.843021 3.645020
0.843369 17.150300
0.843717 15.836100
0.844065 23.740500
0.844414 36.682800
0.844762 60.427300
0.845110 2.023860
0.845458 15.390900
0.845806 43.131400
0.846154 40.402400
0.846502 5.058070
0.846850 32.418200
0.847198 3.578980
0.847546 17.615600
0.847894 5.082150
0.848242 16.135600
0.848590 23.874200
0.848938 69.514700
0.849286 22.356700
0.849635 8.278680
0.849983 6.319720
0.850331 5.143280
0.850679 14.091700
0.851027 20.789100
0.851375 10.482700
0.851723 14.425800
0.852071 28.515100
0.852419 50.565100
0.852767 83.801000
0.853115 14.663300
0.853463 36.919300
0.853811 7.619480
0.854159 15.761800
0.854507 14.601200
0.854856 9.622190
0.855204 29.618500
0.855552 20.098200
0.855900 18.269300
0.856248 7.939880
0.856596 8.799050
0.856944 4.071270
0.857292 55.007500
0.857640 7.474150
0.857988 24.109100
0.858336 8.319610
0.858684 16.881000
0.859032 6.999550
0.859380 23.209000
0.859729 60.305500
0.860077 65.020700
0.860425 6.651160
0.860773 13.556800
0.861121 51.618600
0.861469 21.324700
0.861817 28.096500
0.862165 4.381300
0.862513 38.667800
0.862861 12.545800
0.863209 6.390180
0.863557 18.299800
0.863905 37.256300
0.864253 26.759600
0.864601 42.867800
0.864950 71.810400
0.865298 25.513200
0.865646 5.967640
0.865994 23.393500
0.866342 18.342300
0.866690 14.291700
0.867038 44.511700
0.867386 69.690600
0.867734 5.659300
0.868082 11.581700
0.868430 17.183100
0.868778 7.537230
0.869126 4.876270
0.869474 14.256800
0.869822 6.439990
0.870171 62.141500
0.870519 47.758900
0.870867 8.119800
0.871215 9.101590
0.871563 41.092400
0.871911 11.997800
0.872259 8.841510
0.872607 42.024400
0.872955 52.881800
0.873303 49.311900
0.873651 10.261300
0.873999 17.889800
0.874347 29.344400
0.874695 9.997040
0.875044 5.579650
0.875392 9.997150
0.875740 17.473300
0.876088 2.101720
0.876436 74.410000
0.876784 28.246200
0.877132 11.320900
0.877480 39.374900
0.877828 58.458600
0.878176 37.734800
0.878524 8.836500
0.878872 5.859510
0.879220 9.303900
0.879568 15.854900
0.879916 27.663700
0.880265 39.013200
0.880613 9.443820
0.880961 64.488500
0.881309 33.449400
0.881657 6.219580
0.882005 24.772700
0.882353 23.580400
0.882701 5.199300
0.883049 7.446630
0.883397 56.093200
0.883745 7.517760
0.884093 40.322700
0.884441 22.351100
0.884789 18.754400
0.885137 10.773300
0.885486 22.977900
0.885834 9.210130
0.886182 9.354090
0.886530 2.949070
0.886878 7.155450
0.887226 10.025400
0.887574 11.156000
0.887922 23.374500
0.888270 20.688800
0.888618 28.516800
0.888966 6.983130
0.889314 6.131050
0.889662 75.382300
0.890010 28.184900
0.890359 9.049580
0.890707 91.083100
0.891055 69.773400
0.891403 2.139010
0.891751 50.410200
0.892099 16.681500
0.892447 9.652540
0.892795 8.601270
0.893143 10.276200
0.893491 7.506130
0.893839 22.024300
0.894187 22.163100
0.894535 5.239490
0.894883 3.828160
0.895231 10.133600
0.895580 41.536800
0.895928 7.528210
0.896276 8.076730
0.896624 7.781390
0.896972 33.319500
0.897320 10.724300
0.897668 9.770680
0.898016 6.325070
0.898364 2.344270
0.898712 41.743300
0.899060 22.334000
0.899408 4.633120
0.899756 17.077400
0.900104 28.870200
0.900452 5.978760
0.900801 39.268700
0.901149 16.005800
0.901497 10.952700
0.901845 6.171730
0.902193 62.586200
0.902541 30.968500
0.902889 24.390000
0.903237 15.786700
0.903585 38.019300
0.903933 4.159900
0.904281 5.407830
0.904629 28.902900
0.904977 8.169570
0.905325 57.845900
0.905674 3.305880
0.906022 17.237800
0.906370 4.962190
0.906718 44.623700
0.907066 10.947800
0.907414 4.092500
0.907762 19.216700
0.908110 32.673700
0.908458 21.281500
0.908806 28.322900
0.909154 34.246200
0.909502 56.058500
0.909850 92.213000
0.910198 31.758000
0.910546 23.808000
0.910895 5.203880
0.911243 53.707600
0.911591 10.762500
0.911939 13.517400
0.912287 20.544600
0.912635 7.597550
0.912983 1.734330
0.913331 17.956400
0.913679 8.999020
0.914027 31.772300
0.914375 27.735000
0.914723 8.203660
0.915071 77.680500
0.915419 15.240900
0.915767 55.412500
0.916116 15.749100
0.916464 31.519200
0.916812 62.016800
0.917160 36.781500
0.917508 23.590900
0.917856 6.568500
0.918204 7.617580
0.918552 17.810200
0.918900 21.953200
0.919248 56.966900
0.919596 49.260000
0.919944 61.879000
0.920292 4.716650
0.920640 35.477600
0.920989 9.841470
0.921337 18.548200
0.921685 20.775900
0.922033 8.500700
0.922381 14.600500
0.922729 5.199490
0.923077 7.946920
0.923425 9.461620
0.923773 8.581020
0.924121 1.710720
0.924469 38.285400
0.924817 10.105900
0.925165 8.553930
0.925513 84.070800
0.925861 51.084600
0.926210 38.829500
0.926558 9.641740
0.926906 37.403300
0.927254 16.194900
0.927602 67.541200
0.927950 43.861800
0.928298 4.156270
0.928646 37.687400
0.928994 61.426800
0.929342 36.600200
0.929690 6.477730
0.930038 4.472250
0.930386 25.848700
0.930734 19.245400
0.931082 8.931720
0.931431 16.421200
0.931779 6.787100
0.932127 62.883800
0.932475 45.725000
0.932823 17.231000
0.933171 28.010500
0.933519 6.211060
0.933867 45.364600
0.934215 29.273700
0.934563 29.545500
0.934911 18.859800
0.935259 26.378300
0.935607 14.858500
0.935955 21.341800
0.936304 23.575500
0.936652 26.864600
0.937000 27.653500
0.937348 7.728740
0.937696 7.035650
0.938044 7.590340
0.938392 15.405500
0.938740 60.782400
0.939088 33.626200
0.939436 8.752630
0.939784 62.238000
0.940132 42.005000
0.940480 35.812500
0.940828 7.125840
0.941176 8.153370
0.941525 56.574300
0.941873 30.701200
0.942221 13.823400
0.942569 20.099300
0.942917 11.673800
0.943265 22.535700
0.943613 38.653700
0.943961 13.705900
0.944309 7.176680
0.944657 53.195400
0.945005 86.057800
0.945353 27.815200
0.945701 10.220800
0.946049 13.369400
0.946397 24.512200
0.946746 36.164400
0.947094 5.880140
0.947442 11.064900
0.947790 60.098500
0.948138 7.513560
0.948486 26.946200
0.948834 7.502280
0.949182 15.751300
0.949530 13.183100
0.949878 17.943900
0.950226 9.449950
0.950574 59.859600
0.950922 34.292600
0.951270 22.359100
0.951619 9.395030
0.951967 61.070900
0.952315 18.959400
0.952663 20.335300
0.953011 21.036800
0.953359 5.740630
0.953707 15.387300
0.954055 15.633100
0.954403 45.322200
0.954751 49.072200
0.955099 5.484470
0.955447 18.350300
0.955795 4.741080
0.956143 36.532100
0.956491 3.994940
0.956840 27.621000
0.957188 9.880630
0.957536 12.587100
0.957884 20.718400
0.958232 10.166500
0.958580 10.021900
0.958928 42.494000
0.959276 17.500600
0.959624 31.708800
0.959972 48.325500
0.960320 17.236000
0.960668 69.875300
0.961016 52.003300
0.961364 7.636520
0.961712 9.776790
0.962061 3.958090
0.962409 15.996800
0.962757 4.378480
0.963105 36.270000
0.963453 16.123200
0.963801 23.731100
0.964149 10.111800
0.964497 12.954500
0.964845 16.239200
0.965193 17.409100
0.965541 17.201800
0.965889 9.541680
0.966237 44.979000
0.966585 3.630560
0.966934 14.495300
0.967282 25.474600
0.967630 24.973400
0.967978 3.653120
0.968326 1.454640
0.968674 7.395220
0.969022 16.181300
0.969370 28.385500
0.969718 3.187790
0.970066 4.082830
0.970414 31.149000
0.970762 6.108550
0.971110 4.968400
0.971458 37.468100
0.971806 10.798100
0.972155 18.813800
0.972503 9.096920
0.972851 9.553280
0.973199 82.947800
0.973547 43.444200
0.973895 5.072550
0.974243 13.679500
0.974591 17.193900
0.974939 45.792600
0.975287 23.385500
0.975635 10.787500
0.975983 8.155700
0.976331 28.789500
0.976679 8.112160
0.977027 21.703000
0.977376 55.075000
0.977724 5.381650
0.978072 11.870600
0.978420 4.792310
0.978768 55.888000
0.979116 74.683500
0.979464 40.578600
0.979812 10.689300
0.980160 12.866300
0.980508 67.753700
0.980856 20.487300
0.981204 24.411200
0.981552 33.776800
0.981900 32.813100
0.982249 8.580780
0.982597 25.204200
0.982945 13.242100
0.983293 79.686300
0.983641 9.182190
0.983989 50.493700
0.984337 14.730600
0.984685 1.745430
0.985033 6.679490
0.985381 9.036740
0.985729 7.091990
0.986077 42.046400
0.986425 1.781830
0.986773 37.124600
0.987121 34.785500
0.987470 6.683000
0.987818 20.594600
0.988166 25.082600
0.988514 11.039500
0.988862 21.592600
0.989210 33.168100
0.989558 21.971200
0.989906 48.953800
0.990254 21.688300
0.990602 12.045400
0.990950 21.166000
0.991298 21.779700
0.991646 30.665400
0.991994 63.443900
0.992342 41.068400
0.992691 11.490800
0.993039 32.308300
0.993387 34.217400
0.993735 21.292100
0.994083 23.137200
0.994431 36.712900
0.994779 8.527360
0.995127 59.558400
0.995475 7.999190
0.995823 23.281900
0.996171 4.245770
0.996519 8.966390
0.996867 9.328300
0.997215 25.767700
0.997564 4.866030
0.997912 4.016890
0.998260 18.816100
0.998608 1.404540
0.998956 27.297500
0.999304 44.293800
0.999652 31.895000
1.000000 46.227000
