0.000269 5.338750
0.000537 6.007150
0.000806 32.266400
0.001075 49.010100
0.001343 9.645050
0.001612 43.405300
0.001881 27.332100
0.002149 6.581400
0.002418 43.644800
0.006179 58.116000
0.006448 21.696000
0.006717 61.819800
0.006985 9.567610
0.007254 6.628100
0.030897 8.389800
0.031166 6.932610
0.031435 13.473800
0.031703 8.372900
0.031972 43.928000
0.032241 9.069110
0.032509 18.135900
0.032778 6.982270
0.033047 21.674900
0.033315 28.931800
0.033584 39.979800
0.034121 50.177600
0.034390 36.717700
0.034659 42.151200
0.034927 17.526000
0.035196 22.204300
0.035465 3.510860
0.035733 22.734100
0.036002 6.591200
0.050779 9.691900
0.051048 14.397600
0.051316 5.038970
0.051585 16.528700
0.051854 22.619200
0.056421 9.958660
0.056690 18.443400
0.056959 31.853300
0.057227 37.280700
0.057496 86.969300
0.057765 12.003700
0.058033 49.435800
0.058302 47.499000
0.058571 28.860100
0.058839 4.533990
0.059108 17.712400
0.059377 35.218700
0.059645 6.796340
0.059914 36.182500
0.060183 30.794300
0.060451 21.130200
0.060720 49.820400
0.060989 33.266900
0.061257 32.301800
0.061526 7.596950
0.061795 16.817200
0.062063 35.083000
0.062332 15.019400
0.062601 9.548310
0.062869 13.878400
0.063138 9.902620
0.063407 38.125500
0.063675 5.607800
0.063944 18.397200
0.064213 8.831810
0.064481 21.207400
0.064750 6.186680
0.065019 21.697700
0.065287 66.610600
0.065556 5.596300
0.065825 18.674400
0.066093 19.647000
0.066362 16.063700
0.066631 14.117600
0.066900 6.890730
0.067168 7.445710
0.067437 9.631120
0.067706 47.743600
0.067974 6.282460
0.068243 49.029100
0.068512 45.827700
0.068780 4.532320
0.069049 9.299790
0.069318 27.239700
0.069586 8.668770
0.069855 6.766050
0.070124 38.100400
0.070392 56.451700
0.070930 8.776500
0.071198 2.354700
0.071467 16.105600
0.071736 35.544700
0.072004 5.301840
0.072273 18.815800
0.072542 14.704300
0.072810 38.079000
0.073079 65.290700
0.073348 22.258400
0.073616 3.085240
0.084095 59.483000
0.084363 22.671800
0.084632 23.100000
0.084901 27.674500
0.085169 2.643390
0.085438 15.867600
0.085707 17.008300
0.085975 12.143800
0.086244 49.314700
0.086513 6.505220
0.086781 46.563700
0.087050 6.042080
0.087319 81.100700
0.087587 66.093400
0.087856 20.649600
0.088125 17.373800
0.088393 42.437000
0.088662 12.445500
0.088931 48.522600
0.089199 18.280100
0.089468 29.782500
0.089737 21.339200
0.090005 8.130320
0.090274 29.969700
0.090543 7.326140
0.090811 65.664700
0.091080 20.739100
0.091349 21.815800
0.091617 16.975000
0.091886 38.271400
0.092155 24.180500
0.092423 21.374700
0.092692 61.934100
0.092961 8.933450
0.093229 9.251300
0.093498 9.661200
0.093767 30.398900
0.094035 25.137600
0.094304 32.232000
0.094573 30.102900
0.094841 20.435000
0.095110 51.073500
0.095379 12.370400
0.095648 42.376400
0.095916 45.207000
0.096185 18.300000
0.096454 5.344400
0.096722 13.208000
0.096991 58.595800
0.097260 5.862490
0.097528 19.904400
0.097797 11.650200
0.098066 6.741340
0.098334 29.879200
0.098603 26.854200
0.098872 30.831200
0.099946 9.509200
0.100215 10.684100
0.100484 37.641700
0.100752 17.880600
0.101021 20.294100
0.101558 21.354500
0.101827 5.979250
0.102096 10.501000
0.102364 9.619670
0.102633 20.406900
0.102902 5.249240
0.103170 35.541200
0.103439 16.871500
0.103708 5.739870
0.103976 21.086900
0.104245 7.873690
0.104514 22.100800
0.104782 24.228100
0.106126 9.945950
0.106394 8.168110
0.106663 51.721600
0.106932 9.926250
0.107200 19.663800
0.107469 17.796600
0.107738 9.977730
0.108006 9.633540
0.108275 31.463100
0.108544 14.022700
0.108812 43.335500
0.109081 55.931200
0.109350 53.616900
0.109618 8.848440
0.109887 53.491800
0.110156 20.617800
0.110425 4.682300
0.110693 14.939600
0.110962 19.487700
0.111231 4.576710
0.111499 40.650800
0.111768 11.432000
0.112037 5.978320
0.113649 67.121200
0.113917 33.130200
0.114186 33.497900
0.114455 31.259600
0.114723 14.476600
0.114992 5.841260
0.115261 67.681500
0.115529 28.383600
0.115798 26.415800
0.116067 42.105900
0.116335 20.690000
0.116604 9.208070
0.116873 3.465800
0.117141 50.411900
0.118485 9.805800
0.118753 30.840300
0.119022 8.010800
0.119291 36.956700
0.119559 36.567800
0.119828 13.654700
0.120097 35.649100
0.120365 22.086900
0.120634 1.801300
0.120903 20.211500
0.121171 2.372320
0.121440 4.534960
0.121709 52.478200
0.121977 45.648800
0.122246 6.196560
0.122515 32.390400
0.122783 12.580200
0.123052 79.504100
0.123321 52.392100
0.123589 4.995590
0.123858 8.596220
0.124127 1.140420
0.124395 34.288300
0.124664 27.382200
0.124933 15.149000
0.125202 40.166100
0.125470 6.165280
0.125739 5.096450
0.126008 44.261200
0.126276 13.721600
0.126545 34.849900
0.126814 49.063600
0.127082 38.818000
0.127351 24.271300
0.127620 32.952200
0.127888 53.305900
0.128157 3.209770
0.128426 6.319530
0.128694 9.355500
0.128963 4.267190
0.129232 10.880700
0.129500 3.535180
0.129769 20.370000
0.130038 16.530800
0.130306 20.012200
0.130575 20.492200
0.130844 3.474840
0.131112 55.936800
0.131381 24.363200
0.131650 36.514000
0.131918 6.506130
0.132187 7.335910
0.132456 56.892700
0.132724 19.036100
0.132993 11.037000
0.133262 22.765700
0.133530 9.443910
0.133799 55.425500
0.134068 10.651500
0.134336 9.163960
0.134605 6.775980
0.134874 3.473590
0.135142 21.712800
0.135411 24.003000
0.135680 51.416400
0.135948 14.983600
0.136217 47.657700
0.136486 35.357400
0.136754 4.273020
0.137023 5.842780
0.137292 42.741800
0.137560 2.047350
0.137829 24.745200
0.138098 15.183600
0.138366 36.286200
0.138635 4.103000
0.138904 26.825400
0.139172 8.256160
0.139441 33.364200
0.139710 22.612500
0.139979 9.815150
0.140247 4.644540
0.140516 22.242200
0.140785 97.515300
0.141053 37.449800
0.141322 14.700900
0.141591 9.529000
0.141859 11.344100
0.142128 33.399000
0.142397 9.223950
0.142665 8.434230
0.142934 12.392500
0.143203 6.668470
0.143471 23.089400
0.143740 82.892100
0.144009 3.786340
0.144277 20.719900
0.144546 47.067500
0.144815 5.297480
0.145083 22.422900
0.145352 17.041100
0.145621 2.586190
0.145889 20.689700
0.146158 20.767900
0.146427 37.571500
0.146695 8.876110
0.146964 8.639780
0.147233 6.779130
0.147501 77.278600
0.147770 11.871900
0.148039 10.927400
0.148307 15.993400
0.148576 23.810400
0.148845 89.347100
0.149113 5.640410
0.149382 32.247200
0.149651 5.001960
0.149919 20.407500
0.150188 58.860600
0.150457 18.935800
0.150725 30.386000
0.150994 57.249700
0.151263 16.920600
0.151531 9.882380
0.151800 4.977210
0.152069 9.772250
0.152337 16.667300
0.152606 40.216600
0.152875 12.983900
0.153143 8.753120
0.153412 14.653100
0.153681 15.477300
0.153949 14.196700
0.154218 20.452200
0.154487 20.638600
0.154756 27.666300
0.155024 21.790200
0.155293 24.959200
0.155562 5.461660
0.155830 2.052480
0.156099 11.983200
0.156368 35.297800
0.156636 1.772950
0.156905 35.758100
0.157174 24.972400
0.157442 6.032840
0.157711 7.852210
0.157980 9.711300
0.158248 7.350070
0.158517 34.303000
0.158786 6.613370
0.159054 11.028600
0.159323 3.529040
0.159592 26.367600
0.159860 15.363800
0.160129 27.645300
0.160398 14.994300
0.160666 21.769200
0.160935 10.178400
0.161204 3.620740
0.161472 25.852300
0.161741 9.144730
0.162010 56.673200
0.162278 38.827500
0.162547 31.468300
0.162816 8.107990
0.163084 14.430500
0.163353 12.246300
0.163622 7.441450
0.163890 7.877810
0.164159 65.760900
0.164428 56.653800
0.164696 4.847850
0.164965 62.415700
0.165234 25.454400
0.165502 13.571200
0.165771 18.455800
0.166040 8.254750
0.166308 38.344200
0.166577 19.835900
0.166846 8.797620
0.167114 6.503150
0.167383 15.032900
0.167652 6.692650
0.167920 11.861100
0.168189 12.453600
0.168458 17.632400
0.168726 8.474920
0.168995 41.706300
0.169264 17.043900
0.169533 32.883500
0.169801 19.356000
0.170070 10.901000
0.173831 67.417800
0.174100 3.004460
0.174369 19.640800
0.174637 19.390400
0.174906 59.548700
0.175175 1.708510
0.175443 10.317200
0.175712 4.573350
0.175981 31.643300
0.176249 34.626200
0.176518 14.513100
0.176787 15.611200
0.177055 12.937400
0.177324 5.700380
0.177593 13.233700
0.177861 13.978900
0.178130 12.621500
0.178399 9.430750
0.178667 25.299500
0.178936 43.850100
0.179205 16.884100
0.179473 7.293500
0.179742 84.139700
0.180011 48.770600
0.180279 15.405200
0.180548 33.566100
0.180817 14.477200
0.181085 19.109300
0.181354 6.323200
0.181623 9.313810
0.181891 16.156300
0.182160 14.591000
0.182429 20.248300
0.182697 41.489800
0.182966 13.639100
0.183235 70.005800
0.183503 23.630300
0.183772 8.668010
0.184041 14.018800
0.184310 65.636500
0.184578 45.261700
0.184847 13.662300
0.185116 27.716200
0.185384 45.921800
0.185653 4.588010
0.185922 12.721800
0.186190 33.825200
0.186459 8.518820
0.186728 37.012600
0.186996 69.819800
0.187265 21.263300
0.187534 19.910800
0.187802 7.325560
0.188071 44.008400
0.188340 1.647340
0.188608 66.734500
0.188877 6.929630
0.189146 14.710700
0.189414 24.105500
0.189683 42.364800
0.189952 36.297900
0.190220 61.820000
0.190489 6.511230
0.190758 46.206000
0.191026 24.433400
0.191295 34.204200
0.191564 9.821160
0.191832 50.771600
0.192101 16.016100
0.192370 13.682500
0.192638 78.505500
0.192907 79.925500
0.193176 7.100920
0.193444 9.105710
0.193713 18.042800
0.193982 34.880000
0.194250 50.538900
0.194519 12.153000
0.194788 9.698520
0.195056 19.767300
0.195325 20.489500
0.195594 4.612740
0.195862 6.691640
0.196131 34.495800
0.196400 1.053270
0.196668 17.473500
0.196937 29.665000
0.197206 5.748620
0.197474 37.246500
0.197743 10.186000
0.198012 5.622960
0.198280 12.041600
0.198549 9.320990
0.198818 50.557000
0.199087 15.536900
0.199355 8.098300
0.199624 63.797600
0.199893 76.786200
0.200161 34.639900
0.200430 8.908300
0.200699 5.276870
0.200967 21.736500
0.201236 2.776700
0.201505 13.557600
0.201773 26.329300
0.202042 16.348400
0.202311 19.750600
0.202579 22.076300
0.202848 11.839700
0.203117 5.986930
0.203385 37.751400
0.203654 19.817800
0.203923 14.036200
0.204191 32.009600
0.204460 5.756980
0.204729 7.853710
0.204997 20.201400
0.205266 24.551700
0.205535 20.056600
0.205803 9.760070
0.206072 2.748430
0.206341 8.622770
0.206609 9.054610
0.206878 12.973100
0.207147 46.273100
0.207415 39.941100
0.207684 8.207980
0.207953 24.376900
0.208221 4.420820
0.208490 31.409900
0.208759 19.460000
0.209027 15.971100
0.209296 47.318200
0.209565 7.829350
0.209833 29.065500
0.210102 21.342000
0.210371 15.175700
0.210639 24.102600
0.210908 17.381900
0.211177 48.889400
0.211445 44.141100
0.211714 14.603400
0.211983 1.802580
0.212251 36.426100
0.212520 6.239070
0.212789 36.804400
0.213057 6.044060
0.213326 36.219300
0.213595 43.561100
0.213864 34.841900
0.214132 8.512460
0.214401 20.339600
0.214670 7.326460
0.214938 6.655320
0.215207 64.417500
0.215476 13.883300
0.215744 46.628900
0.216013 7.635950
0.216282 67.057400
0.216550 65.914600
0.216819 15.005800
0.217088 48.077200
0.217356 68.582100
0.217625 44.374600
0.217894 60.350100
0.218162 27.562900
0.218431 16.463300
0.218700 1.734280
0.218968 16.066500
0.219237 1.358620
0.219506 16.214700
0.219774 38.017400
0.220043 17.792000
0.220312 18.533200
0.220580 17.753600
0.220849 38.437600
0.221118 18.462600
0.221386 29.932600
0.221655 22.249800
0.221924 17.000900
0.222192 3.635250
0.222461 9.580590
0.222730 10.006300
0.222998 7.109670
0.223267 12.309100
0.223536 4.914940
0.223804 11.973600
0.224073 1.686430
0.224342 36.781400
0.224610 17.728700
0.224879 39.819000
0.225148 25.782600
0.225416 29.154000
0.225685 18.873600
0.225954 1.236650
0.226222 6.758510
0.226491 46.166200
0.226760 23.531800
0.227028 17.861100
0.227297 7.498580
0.227566 13.217600
0.227834 3.911470
0.228103 20.415800
0.228372 11.264300
0.228641 16.305400
0.228909 29.395300
0.229178 5.796700
0.229447 1.749940
0.229715 5.743070
0.229984 73.302000
0.230253 25.017900
0.230521 15.908100
0.230790 6.295160
0.231059 37.697900
0.231327 35.532600
0.231596 12.029700
0.231865 9.565730
0.232133 84.420200
0.232402 16.552200
0.232671 18.892900
0.232939 33.666500
0.233208 65.164800
0.233477 10.011100
0.233745 30.697200
0.234014 21.755400
0.234283 28.724200
0.234551 2.753260
0.234820 35.784500
0.235089 15.890200
0.235357 6.138880
0.235626 28.430900
0.235895 18.167900
0.236163 3.739640
0.236432 7.129550
0.236701 4.483200
0.236969 7.301180
0.237238 8.293380
0.237507 58.199400
0.237775 23.173200
0.238044 34.861800
0.238313 22.423400
0.238581 12.514400
0.238850 21.985100
0.239119 5.580850
0.239387 45.263700
0.239656 16.831800
0.239925 8.956750
0.240193 36.599600
0.240462 10.777400
0.240999 7.409500
0.241268 52.322600
0.241537 60.579500
0.241805 31.920600
0.242074 8.851160
0.242343 3.775340
0.242611 35.109000
0.242880 33.865100
0.243149 40.134500
0.243418 58.266400
0.243686 31.506100
0.243955 33.989000
0.244224 36.486200
0.244492 13.871600
0.244761 19.237700
0.245030 42.167700
0.245298 24.489900
0.245567 81.031000
0.245836 14.427000
0.246104 57.484700
0.246373 7.610150
0.246642 34.219100
0.246910 48.590400
0.247179 13.979100
0.247448 14.421800
0.247716 28.602500
0.247985 53.613400
0.248254 7.502080
0.248522 32.740400
0.248791 15.336300
0.249060 51.199600
0.249328 42.646500
0.249597 41.992100
0.249866 38.735500
0.250134 22.564400
0.250403 3.308290
0.250672 14.389600
0.250940 44.947400
0.251209 63.491000
0.251478 34.235200
0.251746 17.242200
0.252015 30.027200
0.252284 54.530700
0.252552 30.868600
0.252821 7.284910
0.253090 6.608700
0.253358 17.637700
0.253627 21.334800
0.253896 38.721500
0.254164 12.572500
0.254433 29.106600
0.254702 1.765540
0.254970 8.438130
0.255239 8.970680
0.255508 25.844400
0.255776 15.055100
0.256045 8.414810
0.256582 27.099900
0.256851 6.654650
0.257120 38.520900
0.257389 6.511020
0.257657 5.225940
0.257926 41.271500
0.258195 7.934630
0.258463 39.553300
0.258732 2.331540
0.259001 18.543700
0.259269 26.450000
0.259538 9.130270
0.259807 5.874640
0.260075 13.037100
0.260344 8.641080
0.260613 57.478300
0.260881 18.039700
0.261150 30.290300
0.261419 63.787100
0.261687 42.331800
0.261956 34.358000
0.262225 19.740300
0.262493 12.971800
0.262762 20.039700
0.263031 12.020000
0.263299 62.195000
0.263568 10.083600
0.263837 10.576400
0.264105 27.496900
0.264374 31.413500
0.264643 5.911510
0.264911 19.555300
0.265180 41.111300
0.265449 6.722220
0.265717 5.247080
0.265986 28.533300
0.266255 15.824500
0.266523 44.673500
0.266792 16.654000
0.267061 28.395400
0.267329 77.283500
0.267598 14.562700
0.267867 22.489200
0.268135 6.387620
0.268404 15.984800
0.268673 16.684400
0.268941 6.573810
0.269210 16.076200
0.269479 15.818100
0.269747 10.205900
0.270016 3.692610
0.270285 19.046400
0.270553 14.420800
0.270822 33.034500
0.271091 15.634300
0.271359 35.796400
0.271628 22.462800
0.271897 83.314400
0.272166 11.834800
0.272434 22.620100
0.272703 10.987800
0.272972 13.154500
0.273240 18.206800
0.273509 33.542400
0.273778 9.266010
0.274046 12.750500
0.274315 48.777700
0.274584 8.611130
0.274852 6.234270
0.275121 1.720360
0.275390 10.126800
0.275658 23.379000
0.275927 10.737000
0.276196 4.356450
0.276464 17.545300
0.276733 14.387200
0.277002 7.670380
0.277270 44.925900
0.277539 51.056000
0.277808 45.578500
0.278076 79.163600
0.278345 33.662900
0.278614 5.362260
0.278882 60.845900
0.279151 13.660800
0.279420 9.691260
0.279688 48.370600
0.279957 14.188200
0.280226 46.235500
0.280494 14.771100
0.280763 50.587200
0.281032 79.717100
0.281300 64.040300
0.281569 9.725700
0.281838 17.200900
0.282106 24.292700
0.282375 52.606300
0.282644 7.581590
0.282912 47.956600
0.283181 33.211600
0.283450 37.419900
0.283718 44.681600
0.283987 47.830800
0.284256 36.956200
0.284524 23.078700
0.284793 8.488230
0.285062 7.355920
0.285330 10.609100
0.285599 59.132300
0.285868 13.723000
0.286136 3.524900
0.286405 3.803570
0.286674 22.527500
0.286943 11.709200
0.287211 45.702200
0.287480 40.617900
0.287749 10.642600
0.288017 10.988300
0.288286 36.043400
0.288555 8.524700
0.288823 8.124710
0.289092 7.973840
0.289361 12.573600
0.289629 9.821930
0.289898 23.031100
0.290167 37.746800
0.290435 5.189660
0.290704 9.427850
0.290973 8.413290
0.291241 17.193800
0.291510 45.787100
0.291779 16.656400
0.292047 15.314100
0.292316 48.126700
0.292585 37.038100
0.292853 6.442240
0.293122 8.477120
0.293391 17.450100
0.293659 11.813000
0.293928 21.217700
0.294197 20.193200
0.294465 2.787050
0.294734 39.193800
0.295003 61.294400
0.295271 22.805000
0.295540 66.264000
0.295809 16.858800
0.296077 26.001400
0.296346 28.364000
0.296615 33.639000
0.296883 26.128800
0.297152 13.207200
0.297421 42.079200
0.297689 61.472200
0.297958 6.018290
0.298227 8.661030
0.298495 27.153100
0.298764 4.643420
0.299033 6.520220
0.299301 35.431900
0.299570 6.464770
0.299839 4.389920
0.300107 23.401200
0.300376 25.064800
0.300645 9.299040
0.300913 9.646890
0.301182 9.468280
0.301451 6.267890
0.301720 12.259000
0.301988 4.373900
0.302257 28.745500
0.302526 52.818000
0.302794 28.895800
0.303063 4.650940
0.303332 11.900500
0.303600 26.000900
0.303869 52.821400
0.304138 32.809900
0.304406 6.783230
0.304675 26.725200
0.304944 21.619400
0.305212 23.573100
0.305481 5.550950
0.305750 56.718300
0.306018 30.405400
0.306287 23.953900
0.306556 49.030600
0.306824 15.307100
0.307093 25.557600
0.307362 30.845600
0.307630 18.113400
0.307899 40.570600
0.308168 22.243400
0.308436 37.291700
0.308705 2.657430
0.308974 17.373300
0.309242 61.303800
0.309511 26.128100
0.309780 9.126920
0.310048 23.192400
0.310317 6.536520
0.310586 9.353370
0.310854 32.441300
0.311123 34.032300
0.311392 48.664500
0.311660 38.058700
0.311929 38.435600
0.312198 17.797100
0.312466 9.654690
0.312735 12.685100
0.313004 26.858700
0.313272 15.661500
0.313541 31.260100
0.313810 12.276200
0.314078 17.084300
0.314347 40.806600
0.314616 31.529400
0.314884 26.274900
0.315153 4.291590
0.315422 20.931100
0.315690 41.364400
0.315959 31.732000
0.316228 36.569300
0.316497 4.169430
0.316765 30.907100
0.317034 51.973900
0.317303 18.160000
0.317571 12.041300
0.317840 37.919400
0.318109 8.636740
0.318377 45.373900
0.318646 13.633100
0.318915 21.964300
0.319183 60.895100
0.319452 6.498200
0.319721 8.703010
0.319989 76.138600
0.320258 15.470000
0.320527 6.418890
0.320795 4.979390
0.321064 4.310690
0.321333 18.302700
0.321601 12.539900
0.321870 19.282500
0.322139 3.103660
0.322407 6.901560
0.322676 11.920100
0.322945 28.749600
0.323213 13.124400
0.323482 8.488820
0.323751 5.401740
0.324019 15.784300
0.324288 56.085800
0.324557 4.655080
0.324825 24.112800
0.325094 48.485800
0.325363 67.186300
0.325631 8.385210
0.325900 55.831400
0.326169 22.321700
0.326437 37.053400
0.326706 6.099880
0.326975 7.449980
0.327243 56.257600
0.327512 19.197900
0.327781 30.983100
0.328049 23.978200
0.328318 28.599900
0.328587 22.780900
0.328855 6.436510
0.329393 69.200400
0.329661 8.836810
0.329930 16.252400
0.330199 80.004900
0.330467 69.269400
0.330736 81.660100
0.331005 10.112500
0.331274 55.906700
0.331542 9.034400
0.331811 10.064900
0.332080 1.675500
0.332348 9.780790
0.332617 40.547600
0.332886 64.665200
0.333154 8.626010
0.333423 2.915540
0.333692 30.507500
0.333960 22.003700
0.334229 42.281400
0.334498 27.652700
0.334766 5.888730
0.335035 23.092700
0.335304 22.665800
0.335572 7.517170
0.335841 55.840100
0.336110 13.924300
0.336378 37.731300
0.336647 8.217650
0.336916 30.708100
0.337184 39.651000
0.337453 67.259800
0.337722 21.139200
0.337990 60.033200
0.338259 2.395290
0.338528 50.092100
0.338796 27.644300
0.339065 8.611290
0.339334 9.150520
0.339602 19.190700
0.339871 51.564600
0.340140 8.449760
0.340408 5.513500
0.340677 39.484600
0.340946 34.737200
0.341214 57.280800
0.341483 7.399090
0.341752 38.676500
0.342020 6.203740
0.342289 31.955900
0.342558 23.717600
0.342826 74.617500
0.343095 10.041200
0.343364 22.072500
0.343632 65.376400
0.343901 26.910600
0.344170 43.406400
0.344438 33.198700
0.344707 9.257040
0.345782 8.324900
0.346051 9.308160
0.346319 29.835100
0.346588 16.588400
0.346857 39.372800
0.347125 23.914300
0.347394 9.796780
0.347663 19.039300
0.347931 17.612100
0.348200 39.868200
0.348469 17.034100
0.348737 20.138000
0.349006 54.401600
0.349275 19.425100
0.349543 45.184700
0.349812 42.357400
0.350081 36.893200
0.350349 8.689170
0.350618 86.338400
0.350887 5.129810
0.351155 24.956200
0.351424 11.851200
0.351693 15.808000
0.351961 13.081600
0.352230 67.554700
0.352499 35.671600
0.352767 12.999500
0.353036 26.434500
0.353305 7.621050
0.353573 19.609300
0.353842 26.102100
0.354111 74.918900
0.354379 62.915200
0.354648 37.110600
0.354917 62.463700
0.355185 14.786700
0.355454 10.736300
0.355723 15.484600
0.355991 55.970200
0.356260 10.026800
0.356529 71.276200
0.356797 14.438600
0.357066 40.244200
0.357335 5.341990
0.357603 55.933100
0.357872 2.185510
0.358141 16.759800
0.358409 34.530300
0.358678 46.131900
0.358947 10.125800
0.359215 15.919600
0.359484 8.676790
0.359753 27.751100
0.360021 12.969800
0.360290 20.932900
0.360559 38.326700
0.360828 30.711700
0.361096 14.740400
0.361365 9.866670
0.361634 8.390600
0.361902 43.139000
0.362171 27.842700
0.362440 35.334300
0.362708 4.925380
0.362977 56.684500
0.363246 87.995800
0.363514 8.666290
0.363783 15.694500
0.364052 6.429840
0.364320 21.201900
0.364589 16.958000
0.364858 24.797900
0.365126 29.100700
0.365395 16.482200
0.365664 4.594210
0.365932 11.218600
0.366201 19.862600
0.366470 30.986500
0.366738 12.640000
0.367007 48.490100
0.367276 17.153500
0.367544 42.328900
0.367813 7.943480
0.368082 8.727960
0.368350 20.378000
0.368619 68.978200
0.368888 4.312340
0.369156 33.064800
0.369425 21.057800
0.369694 10.713800
0.369962 19.435700
0.370231 31.950500
0.370500 40.870900
0.370768 52.257600
0.371037 6.478420
0.371306 16.627100
0.371574 5.990790
0.371843 17.937100
0.372112 13.807600
0.372380 11.863700
0.372649 7.642540
0.372918 32.245800
0.373186 4.176790
0.373455 14.339000
0.373724 6.993410
0.373992 7.666860
0.374261 18.895300
0.374530 29.613200
0.374798 4.368830
0.375067 53.394200
0.375336 24.577600
0.375605 51.597300
0.375873 5.143670
0.376142 17.379600
0.376411 3.618190
0.376679 39.764400
0.376948 22.197500
0.377217 29.032500
0.377485 25.771400
0.377754 20.090700
0.378023 21.607100
0.378291 18.050300
0.378560 24.299000
0.378829 81.899800
0.379097 20.572800
0.379366 52.274300
0.379635 14.211200
0.379903 20.423500
0.380172 43.777000
0.380441 16.464700
0.380709 20.712400
0.380978 50.176200
0.381247 45.797900
0.381515 29.031100
0.381784 25.343200
0.382053 37.872500
0.382321 3.219020
0.382590 21.252300
0.382859 7.788660
0.383127 3.459100
0.383396 4.687000
0.383665 6.615810
0.383933 10.028700
0.384202 15.038000
0.385814 11.312900
0.386083 41.643700
0.386351 2.435560
0.386620 7.168400
0.386889 26.379200
0.387157 51.266500
0.387426 35.080800
0.387695 1.680250
0.387963 21.319800
0.388232 36.156900
0.388501 87.968300
0.388769 14.050600
0.389038 4.609120
0.389307 7.213190
0.389575 29.452400
0.389844 2.073070
0.390113 10.090600
0.390382 35.590000
0.390650 33.469300
0.390919 16.777700
0.391188 7.814560
0.391456 10.505800
0.391725 35.234100
0.391994 20.358000
0.392262 14.365300
0.392531 12.393400
0.392800 8.946120
0.393068 23.182100
0.393337 9.542630
0.393606 36.827900
0.393874 14.723900
0.394143 7.085380
0.394412 10.095300
0.394680 48.092100
0.394949 14.838700
0.395218 53.248100
0.395486 21.171000
0.395755 18.080300
0.396024 44.498600
0.396292 48.661100
0.396561 9.966280
0.396830 1.854470
0.397098 24.726100
0.397367 29.694100
0.397636 86.012300
0.397904 15.485600
0.398173 29.590200
0.398442 6.401100
0.398710 38.832600
0.398979 4.450430
0.399248 1.919490
0.399516 23.737700
0.399785 14.052000
0.400054 68.910400
0.400322 2.401420
0.400591 13.938500
0.400860 9.312460
0.401128 68.651900
0.401397 22.391000
0.401666 76.371300
0.401934 6.101550
0.402203 20.832000
0.402472 8.747630
0.402740 25.485800
0.403009 30.843000
0.403278 49.600800
0.403546 36.644500
0.403815 20.815600
0.404084 5.088180
0.404621 10.862000
0.404890 37.065300
0.405159 7.718400
0.405427 9.824780
0.405696 49.084400
0.405965 8.626640
0.406233 9.309470
0.406502 11.181600
0.406771 2.423090
0.407039 30.327300
0.407308 4.747120
0.407577 49.315300
0.407845 6.043290
0.408114 10.138800
0.408383 6.383600
0.408651 37.196800
0.408920 9.323470
0.409189 14.687500
0.409457 31.598200
0.409726 33.182800
0.409995 56.585900
0.410263 71.786700
0.410532 31.498800
0.410801 8.350450
0.411069 16.322200
0.411338 20.156000
0.411607 20.027900
0.411875 2.654710
0.412144 17.882900
0.412413 17.097000
0.412681 18.689500
0.412950 26.941400
0.413219 33.737500
0.413487 25.236700
0.413756 50.285900
0.414025 18.159700
0.414293 24.156600
0.414562 4.823200
0.414831 69.075000
0.415099 6.950050
0.415368 38.291000
0.415637 27.060100
0.415905 42.461800
0.416174 6.144760
0.416443 3.614940
0.416711 45.516900
0.416980 24.566200
0.417249 25.235600
0.417517 17.215200
0.417786 5.008750
0.418055 6.642500
0.418323 14.149900
0.418592 38.598400
0.418861 16.435300
0.419130 9.523880
0.419398 7.728230
0.419667 8.319790
0.419936 21.229600
0.420204 8.197290
0.420473 19.504100
0.420742 16.590900
0.421010 3.833300
0.421279 3.518140
0.421548 9.178770
0.421816 39.919200
0.422085 27.035200
0.422354 15.678400
0.422622 10.479200
0.422891 43.727200
0.423160 64.757400
0.423428 13.240000
0.423697 33.257600
0.423966 10.216300
0.424234 51.665800
0.424503 30.480400
0.424772 8.438520
0.425040 22.162700
0.425309 65.081100
0.425578 26.461000
0.425846 37.889200
0.426115 39.381200
0.426384 45.484900
0.426652 46.810200
0.426921 2.421270
0.427190 41.913400
0.427727 12.817900
0.427996 20.951300
0.428264 17.113700
0.428533 28.517800
0.428802 8.145280
0.429070 19.236100
0.429339 15.459600
0.429608 17.088400
0.429876 20.730500
0.430145 39.592100
0.430414 24.218600
0.430682 29.892200
0.430951 67.405400
0.431220 13.489500
0.431488 31.264300
0.431757 19.379000
0.432026 17.196800
0.432294 51.939300
0.432563 7.003820
0.432832 8.561330
0.433100 10.800100
0.433369 7.146830
0.433638 8.298850
0.433907 31.087600
0.434175 15.865000
0.434444 40.736600
0.434713 5.371690
0.434981 30.334700
0.435250 5.572810
0.435519 19.682800
0.435787 1.718230
0.436056 21.960100
0.436325 31.052300
0.436593 17.152100
0.436862 6.023370
0.437131 46.520900
0.437399 33.919400
0.437668 27.331400
0.437937 43.212500
0.438205 10.124300
0.438474 16.341500
0.438743 72.363300
0.439011 6.427690
0.439549 51.308500
0.439817 11.688900
0.440086 71.440500
0.440355 6.709610
0.440623 7.726940
0.440892 85.010400
0.441161 17.474600
0.441429 81.380000
0.441698 7.477970
0.441967 15.960700
0.442235 35.378900
0.442504 21.789500
0.442773 18.901800
0.443041 8.243720
0.443310 27.681600
0.443579 12.828900
0.443847 27.090100
0.444116 3.273350
0.444385 14.571800
0.444653 15.271600
0.444922 42.151000
0.445191 26.895200
0.445459 55.969800
0.445728 18.686800
0.445997 6.716790
0.446265 16.768800
0.446534 36.073400
0.446803 3.969930
0.447071 45.370000
0.447340 6.211140
0.447609 33.570700
0.447877 29.815600
0.448146 10.315000
0.448415 36.315600
0.448684 13.837300
0.448952 40.351100
0.449221 27.229500
0.449490 6.415860
0.449758 38.145900
0.450027 34.941700
0.450296 7.408460
0.450564 11.312800
0.450833 18.150900
0.451102 8.522100
0.451370 32.824900
0.451639 72.805700
0.451908 9.158560
0.452176 25.540200
0.452445 38.783100
0.452714 14.098300
0.452982 16.398600
0.453251 66.386300
0.453520 10.261000
0.453788 15.791400
0.454057 9.941510
0.454326 54.233800
0.454594 39.044300
0.454863 18.113600
0.455132 9.123830
0.455400 11.443000
0.455669 32.817300
0.455938 8.906530
0.456206 31.150000
0.456475 11.825400
0.456744 10.160700
0.457012 7.254940
0.457281 7.629910
0.457550 7.211950
0.457818 5.604550
0.458087 37.830600
0.458356 10.840600
0.458624 21.320000
0.458893 24.520700
0.459162 10.327800
0.459430 49.064500
0.459699 41.791500
0.459968 37.152000
0.460236 7.594100
0.460505 12.046300
0.460774 15.993300
0.461042 3.860210
0.461311 29.664700
0.461580 11.077100
0.461848 68.128700
0.462117 24.001800
0.462386 7.129730
0.462654 34.488800
0.462923 42.084700
0.463192 48.997500
0.463461 22.385900
0.463729 15.207400
0.463998 8.029220
0.464267 36.414100
0.464535 26.725000
0.464804 21.127700
0.465073 44.535400
0.465341 7.604840
0.465610 6.386930
0.465879 39.646200
0.466147 22.420100
0.466416 28.573100
0.466685 24.746700
0.466953 39.106500
0.467222 11.016800
0.467491 63.138400
0.467759 7.069030
0.468028 5.825210
0.468297 13.312500
0.468565 33.632600
0.469103 19.663400
0.469371 14.167500
0.469640 55.732500
0.469909 18.207900
0.470177 10.510200
0.470446 9.810290
0.470715 5.631730
0.470983 13.027900
0.471252 40.974600
0.471521 25.807900
0.471789 46.794200
0.472058 26.422600
0.472327 8.766380
0.472595 15.261500
0.472864 28.081300
0.473133 18.755900
0.473401 20.195400
0.473670 44.932300
0.473939 13.307900
0.474207 83.964400
0.474476 27.826300
0.474745 36.706800
0.475013 63.274100
0.475282 22.556300
0.475551 19.265900
0.475819 28.888800
0.476088 36.549800
0.476357 9.281790
0.476625 8.633980
0.476894 17.131400
0.477163 30.744200
0.477431 19.340000
0.477700 59.515200
0.477969 67.657500
0.478238 12.915500
0.478506 22.127300
0.478775 22.571900
0.479044 9.481510
0.479312 32.423800
0.479581 12.162500
0.479850 49.173700
0.480118 64.933900
0.480387 27.539900
0.480656 4.273420
0.480924 26.468500
0.481193 29.859300
0.481462 23.522700
0.481730 51.284300
0.481999 34.873300
0.482268 46.257100
0.482536 8.315470
0.482805 7.458400
0.483074 33.551300
0.483342 9.252700
0.483611 9.370280
0.483880 40.782900
0.484148 30.769900
0.484417 26.808200
0.484686 4.658280
0.484954 7.166780
0.485223 11.256900
0.485492 57.868300
0.485760 8.535930
0.486029 8.839420
0.486298 11.242200
0.486566 23.665700
0.486835 11.454600
0.487104 23.822200
0.487372 20.569300
0.487641 16.481800
0.487910 13.021200
0.488178 29.599700
0.488447 62.490500
0.488716 10.633800
0.488984 60.758000
0.489253 59.632900
0.489522 3.355390
0.489790 5.629250
0.490059 15.018500
0.490328 8.176830
0.490596 12.908900
0.490865 15.698000
0.491134 4.382930
0.491402 28.473000
0.491671 23.182400
0.491940 30.425700
0.492208 57.964400
0.492477 7.701820
0.492746 45.674400
0.493015 3.636440
0.493283 10.369200
0.493552 28.195300
0.493821 25.972200
0.494089 22.156600
0.494358 71.843000
0.494627 36.694800
0.494895 23.678200
0.495164 25.572200
0.495433 18.766200
0.495701 21.022400
0.495970 39.988200
0.496239 6.859830
0.496507 21.645300
0.496776 7.529630
0.497045 27.606700
0.497313 40.004000
0.497582 14.995100
0.497851 23.805300
0.498119 34.494200
0.498388 7.519990
0.498657 29.712900
0.498925 21.530300
0.499194 73.204600
0.499463 52.660800
0.499731 41.222500
0.500000 35.020900
0.500269 27.125600
0.500537 46.811500
0.500806 9.229010
0.501075 11.723700
0.501343 64.656700
0.501612 11.572200
0.501881 61.062200
0.502149 5.643600
0.502418 23.546500
0.502687 7.925380
0.502955 5.196220
0.503224 20.307500
0.503493 63.073300
0.503761 25.124900
0.504030 15.456400
0.504299 3.844090
0.504567 14.892800
0.504836 33.608700
0.505105 30.067400
0.505373 49.659900
0.505642 6.768740
0.505911 8.248250
0.506179 15.026100
0.506448 85.085300
0.506717 23.986100
0.506985 34.297900
0.507254 41.204600
0.507523 6.778660
0.507792 6.732100
0.508060 40.662800
0.508329 16.341600
0.508598 3.829000
0.508866 14.827500
0.509135 13.649000
0.509404 9.429080
0.509672 13.845700
0.509941 20.793100
0.510210 4.512760
0.510478 66.381000
0.510747 12.126300
0.511016 90.782900
0.511284 14.704800
0.511553 5.190100
0.511822 68.493500
0.512090 19.155500
0.512359 24.560900
0.512628 17.472800
0.512896 22.982100
0.513165 4.367850
0.513434 49.654900
0.513702 1.656600
0.513971 57.115700
0.514240 8.717080
0.514508 27.037900
0.514777 8.080330
0.515046 57.916600
0.515314 25.880600
0.515583 17.570200
0.515852 10.907400
0.516120 15.714900
0.516389 14.215100
0.516658 7.619720
0.516926 67.257900
0.517195 16.047100
0.517464 64.194700
0.517732 61.394200
0.518001 6.697030
0.518270 13.817500
0.518538 22.861600
0.518807 13.491200
0.519076 38.160200
0.519344 55.505900
0.519613 55.715100
0.519882 9.530210
0.520150 35.359700
0.520419 6.987210
0.520688 19.666400
0.520956 31.459400
0.521225 31.063600
0.521494 16.069800
0.521762 38.227000
0.522031 9.608800
0.522300 34.187800
0.522569 34.869500
0.522837 41.885900
0.523106 26.041900
0.523375 10.105500
0.523643 16.020600
0.523912 4.974180
0.524181 6.158010
0.524449 9.739680
0.524718 38.904100
0.524987 24.151000
0.525255 17.400100
0.525524 5.763270
0.525793 37.654700
0.526061 12.836700
0.526330 22.684800
0.526599 12.573000
0.526867 6.789120
0.527136 22.563000
0.527405 7.512770
0.527673 21.885100
0.527942 12.325500
0.528211 9.344790
0.528479 22.911500
0.528748 51.533100
0.529017 35.590100
0.529285 19.236200
0.529554 16.748700
0.529823 8.019680
0.530091 34.990900
0.530360 21.048100
0.530629 48.056400
0.530897 40.277900
0.531166 23.996500
0.531435 5.545930
0.531703 11.954000
0.531972 14.560600
0.532241 37.258000
0.532509 38.599400
0.532778 6.585580
0.533047 17.429500
0.533315 21.744900
0.533584 47.571500
0.533853 28.248300
0.534121 30.030900
0.534390 80.513600
0.534659 6.405990
0.534927 10.026600
0.535196 8.994300
0.535465 76.149900
0.535733 73.219900
0.536002 30.603900
0.536271 2.978290
0.536539 52.279500
0.536808 48.464000
0.537077 45.489500
0.537346 61.386700
0.537614 26.998100
0.537883 68.014400
0.538152 28.736300
0.538420 16.694600
0.538689 9.335250
0.538958 80.734500
0.539226 11.148500
0.539495 6.895760
0.539764 9.936200
0.540032 12.700000
0.540301 6.356440
0.540570 26.912700
0.540838 7.158070
0.541107 18.216400
0.541376 10.129300
0.541644 19.612900
0.541913 9.298510
0.542182 6.826100
0.542450 21.000100
0.542719 16.846100
0.542988 66.206000
0.543256 11.020300
0.543525 6.532050
0.543794 19.593200
0.544062 8.519120
0.544331 11.421500
0.544600 54.377600
0.544868 3.495480
0.545137 16.520200
0.545406 43.070500
0.545674 19.407300
0.545943 32.225100
0.546212 32.839700
0.546480 36.791300
0.546749 9.433850
0.547018 15.162400
0.547286 53.695800
0.547555 26.834700
0.547824 23.473900
0.548092 10.919900
0.548361 4.408980
0.548630 17.705000
0.548898 11.943900
0.549167 31.756500
0.549436 42.365500
0.549704 15.524000
0.549973 37.906000
0.550242 44.590500
0.550510 10.132800
0.550779 33.894600
0.551048 68.594900
0.551316 9.759390
0.551585 31.235300
0.551854 7.911490
0.552123 44.272900
0.552391 10.187900
0.552660 33.744900
0.552929 48.223600
0.553197 3.358390
0.553466 22.766100
0.553735 11.909900
0.554003 68.361800
0.554272 24.511800
0.554541 28.703800
0.554809 51.465600
0.555078 7.577580
0.555347 19.908100
0.555615 24.477700
0.555884 27.529800
0.556153 19.673500
0.556421 40.032900
0.556690 26.375000
0.556959 47.343300
0.557227 17.587400
0.557496 5.457460
0.557765 19.682400
0.558033 24.431300
0.558302 6.494690
0.558571 15.076600
0.558839 33.153300
0.559108 8.954710
0.559377 40.889800
0.559645 39.170300
0.559914 20.165400
0.560183 4.473950
0.560451 9.354710
0.560720 69.972000
0.560989 8.946740
0.561257 35.311800
0.561526 7.420310
0.561795 21.641600
0.562063 16.524400
0.562332 5.099730
0.562601 18.822900
0.562869 20.462400
0.563138 50.728500
0.563407 29.107600
0.563675 33.101200
0.563944 48.773800
0.564213 8.742750
0.564481 19.188600
0.564750 16.570300
0.565019 22.110400
0.565287 33.655300
0.565556 17.376400
0.565825 21.401400
0.566093 9.499640
0.566362 1.174410
0.566631 8.457770
0.566900 9.053340
0.567168 18.654500
0.567437 16.590100
0.567706 19.700400
0.567974 24.358100
0.568243 20.205200
0.568512 7.891840
0.568780 43.406100
0.569049 36.757300
0.569318 20.778600
0.569586 8.693400
0.569855 31.107200
0.570124 11.168700
0.570392 70.961000
0.570661 35.178600
0.570930 9.002710
0.571198 16.433100
0.571467 3.414170
0.571736 22.689900
0.572004 1.727200
0.572273 7.321280
0.572542 15.105200
0.572810 39.305800
0.573079 40.750200
0.573348 13.709700
0.573616 46.105100
0.573885 47.759900
0.574154 20.044900
0.574422 50.985500
0.574691 13.285500
0.574960 10.178800
0.575228 8.752110
0.575497 37.798500
0.575766 26.556500
0.576034 62.700900
0.576303 6.104190
0.576572 29.244400
0.576840 45.818800
0.577109 45.332500
0.577378 79.037600
0.577646 7.237210
0.577915 57.648200
0.578184 24.262900
0.578452 17.004500
0.578721 5.504080
0.578990 84.757900
0.579258 43.311500
0.579527 6.852420
0.579796 8.376320
0.580064 15.118500
0.580333 39.161800
0.580602 11.269100
0.580870 7.887240
0.581139 78.093500
0.581408 97.651000
0.581677 11.457500
0.581945 3.905250
0.582214 10.960800
0.582483 35.248900
0.582751 2.270640
0.583020 53.948600
0.583289 28.449000
0.583557 14.816200
0.583826 44.970300
0.584095 20.015900
0.584363 7.910640
0.584632 15.540500
0.584901 56.430700
0.585169 6.243600
0.585438 18.398400
0.585707 35.408300
0.585975 88.600000
0.586244 6.377960
0.586513 2.124620
0.586781 8.061370
0.587050 20.688700
0.587319 53.767000
0.587587 32.130700
0.587856 6.131130
0.588125 49.677000
0.588393 18.066300
0.588662 25.043000
0.588931 94.180800
0.589199 23.984600
0.589468 14.538200
0.589737 23.567900
0.590005 25.398700
0.590274 51.082800
0.590543 5.429010
0.590811 10.974200
0.591080 30.532400
0.591349 25.803600
0.591617 10.747500
0.591886 7.125430
0.592155 9.459840
0.592423 45.684000
0.592692 7.033210
0.592961 17.781000
0.593229 79.305600
0.593498 49.341900
0.593767 13.252600
0.594035 15.236900
0.594304 24.861900
0.594573 16.479600
0.594841 6.027750
0.595110 48.665200
0.595379 7.720220
0.595648 5.209200
0.595916 13.573200
0.596185 24.298600
0.596454 2.641710
0.596722 12.592000
0.596991 37.252500
0.597260 7.878040
0.597528 20.789200
0.597797 51.604300
0.598066 43.427600
0.598334 33.618800
0.598603 16.247600
0.598872 42.789500
0.599140 26.382300
0.599409 10.850400
0.599678 28.094700
0.599946 38.678100
0.600215 71.157800
0.600484 10.120800
0.600752 5.146490
0.601021 24.065000
0.601290 17.069300
0.601558 3.242520
0.601827 25.142800
0.602096 41.195500
0.602364 9.228370
0.602633 25.545400
0.602902 3.641960
0.603170 7.076100
0.603439 5.187310
0.603708 9.799000
0.603976 21.972300
0.604245 6.770610
0.604514 79.743400
0.604782 84.302600
0.605051 42.799500
0.605320 11.968900
0.605588 7.669410
0.605857 47.246800
0.606126 8.332070
0.606394 24.910100
0.606663 33.035300
0.606932 7.828870
0.607200 27.923300
0.607469 15.404300
0.607738 50.413600
0.608006 24.703600
0.608275 9.419010
0.608544 78.899700
0.608812 14.172700
0.609081 24.022600
0.609350 8.187840
0.609618 40.106800
0.609887 9.888690
0.610156 20.018800
0.610425 37.888800
0.610693 33.477800
0.610962 14.240400
0.611231 26.077700
0.611499 2.438440
0.611768 26.665500
0.612037 8.271110
0.612305 68.152100
0.612574 22.968200
0.612843 24.330900
0.613111 11.394700
0.613380 35.764500
0.613649 19.997600
0.613917 11.313300
0.614186 67.172700
0.614455 29.425800
0.614723 8.977700
0.614992 38.401000
0.615261 15.849400
0.615529 38.483900
0.615798 23.650500
0.616067 28.736900
0.616335 28.044000
0.616604 22.297100
0.616873 11.847300
0.617141 8.319980
0.617410 20.194700
0.617679 12.544600
0.617947 4.782000
0.618216 16.588600
0.618485 10.400100
0.618753 17.774100
0.619022 22.534200
0.619291 31.908500
0.619559 9.662510
0.619828 7.238570
0.620097 4.207450
0.620365 5.735150
0.620634 34.863400
0.620903 13.225000
0.621171 9.225750
0.621440 75.926400
0.621709 33.335100
0.621977 25.206900
0.622246 61.888000
0.622515 6.026820
0.622783 18.417900
0.623052 12.808200
0.623321 49.503500
0.623589 5.787460
0.623858 31.479500
0.624127 8.752680
0.624395 5.543320
0.624664 47.794700
0.624933 11.818700
0.625202 15.287000
0.625470 8.392330
0.625739 55.005100
0.626008 36.446200
0.626276 20.433400
0.626545 30.724200
0.626814 43.094300
0.627082 3.745120
0.627351 11.201700
0.627620 7.041970
0.627888 27.322700
0.628157 42.371100
0.628426 8.545210
0.628694 45.280000
0.628963 6.174170
0.629232 28.142200
0.629500 32.802100
0.629769 7.583700
0.630038 6.470640
0.630306 25.929300
0.630575 50.848400
0.630844 36.936200
0.631112 80.759000
0.631381 12.662400
0.631650 41.654900
0.631918 16.621700
0.632187 9.313850
0.632456 32.877100
0.632724 27.706700
0.632993 15.434800
0.633262 18.651200
0.633530 28.841900
0.633799 30.294900
0.634068 4.241230
0.634336 7.040880
0.634605 13.087300
0.634874 20.080100
0.635142 11.207200
0.635411 39.935400
0.635680 24.353700
0.635948 25.228100
0.636217 22.310800
0.636486 8.378850
0.636754 22.588900
0.637023 76.884600
0.637292 26.811500
0.637560 8.360790
0.637829 12.957300
0.638098 49.829900
0.638366 21.562800
0.638635 21.254500
0.638904 21.172800
0.639172 32.149400
0.639441 25.222700
0.639710 7.459130
0.639979 31.647000
0.640247 15.960600
0.640516 62.506500
0.640785 35.491700
0.641053 36.791000
0.641322 47.207400
0.641591 83.331900
0.641859 39.866400
0.642128 17.628700
0.642397 33.981500
0.642665 37.015900
0.642934 31.510400
0.643203 26.105400
0.643471 22.922500
0.643740 4.399020
0.644009 4.802680
0.644277 5.905370
0.644546 61.124400
0.644815 12.492000
0.645083 61.070400
0.645352 18.831000
0.645621 22.097000
0.645889 9.758440
0.646158 29.697200
0.646427 35.743500
0.646695 8.597390
0.646964 40.835500
0.647233 13.888800
0.647501 43.400500
0.647770 92.636800
0.648039 7.546920
0.648307 23.207500
0.648576 26.568400
0.648845 19.725500
0.649113 54.636900
0.649382 23.696600
0.649651 19.974600
0.649919 47.318500
0.650188 10.054300
0.650457 17.124500
0.650725 32.861700
0.650994 13.737300
0.651263 61.720200
0.651531 15.216600
0.651800 28.806000
0.652069 9.017450
0.652337 4.898570
0.652606 66.397300
0.652875 48.084300
0.653143 16.455800
0.653412 5.029280
0.653681 38.776500
0.653949 13.712800
0.654218 16.421400
0.654487 19.155300
0.654756 6.729370
0.655024 20.408800
0.655293 9.996920
0.655562 40.939600
0.655830 28.816400
0.656099 27.467900
0.656368 7.205570
0.656636 79.978600
0.656905 31.950200
0.657174 55.957800
0.657442 13.841400
0.657711 63.849700
0.657980 7.306360
0.658248 18.875700
0.658517 37.322500
0.658786 10.818100
0.659054 16.368800
0.659323 64.923700
0.659592 21.489000
0.659860 9.122920
0.660129 47.251800
0.660398 8.694050
0.660666 64.778300
0.660935 6.395380
0.661204 9.224930
0.661472 6.758170
0.661741 53.309300
0.662010 5.584400
0.662278 27.884600
0.662547 43.670400
0.662816 28.149200
0.663084 6.885060
0.663353 14.376600
0.663622 50.836600
0.663890 65.132700
0.664159 18.097900
0.664428 21.436300
0.664696 61.028500
0.664965 4.888460
0.665234 24.688100
0.665502 6.255340
0.665771 7.384090
0.666040 5.885820
0.666308 4.526370
0.666577 8.614240
0.666846 28.585900
0.667114 29.719300
0.667383 13.978300
0.667652 47.869600
0.667920 43.995000
0.668189 10.400300
0.668458 22.568200
0.668726 30.761700
0.668995 4.817730
0.669264 21.368900
0.669533 6.752670
0.669801 1.794030
0.670070 76.469500
0.670339 14.866600
0.670607 9.067010
0.670876 8.026890
0.671145 2.501120
0.671413 42.826800
0.671682 2.730060
0.671951 7.961820
0.672219 10.801200
0.672488 20.757400
0.672757 12.233400
0.673025 67.831300
0.673294 20.134400
0.673563 32.784100
0.673831 32.332200
0.674100 18.870100
0.674369 26.263900
0.674637 9.740260
0.674906 4.114340
0.675175 15.746400
0.675443 31.548900
0.675712 5.564350
0.675981 17.293000
0.676249 6.020210
0.676518 9.954100
0.676787 69.297500
0.677055 39.434500
0.677324 6.203790
0.677593 38.260400
0.677861 18.768100
0.678130 37.322600
0.678399 10.595100
0.678667 34.171400
0.678936 8.170840
0.679205 8.192100
0.679473 16.978100
0.679742 9.610280
0.680011 31.375300
0.680279 3.311040
0.680548 22.820700
0.680817 25.266500
0.681085 46.763300
0.681354 23.601400
0.681623 1.641960
0.681891 7.625690
0.682160 11.064500
0.682429 14.049600
0.682697 26.485900
0.682966 34.153800
0.683235 13.958600
0.683503 12.628600
0.683772 30.525400
0.684041 18.612700
0.684310 51.114300
0.684578 80.496000
0.684847 31.184100
0.685116 16.652700
0.685384 8.661100
0.685653 4.352490
0.685922 40.603900
0.686190 16.629900
0.686459 17.786000
0.686728 20.650400
0.686996 35.436300
0.687265 57.322700
0.687534 55.401000
0.687802 20.814100
0.688071 64.552900
0.688340 24.469700
0.688608 26.525200
0.688877 10.014800
0.689146 62.793900
0.689414 6.008720
0.689683 4.691590
0.689952 30.562200
0.690220 2.878000
0.690489 36.549600
0.690758 13.782500
0.691026 5.123690
0.691295 77.133000
0.691564 41.047400
0.691832 16.680600
0.692101 24.222800
0.692370 22.979900
0.692638 9.057320
0.692907 65.199000
0.693176 62.871200
0.693444 8.837700
0.693713 10.189300
0.693982 6.768570
0.694250 22.801300
0.694519 57.594900
0.694788 11.117200
0.695056 70.443200
0.695325 36.797900
0.695594 5.478580
0.695862 8.160520
0.696131 17.591100
0.696400 11.327600
0.696668 26.049300
0.696937 76.363500
0.697206 40.072800
0.697474 49.329300
0.697743 6.579370
0.698012 14.775100
0.698280 53.988400
0.698549 48.333500
0.698818 9.641330
0.699087 34.659300
0.699355 30.011900
0.699624 4.988760
0.699893 1.754280
0.700161 21.764700
0.700430 27.402700
0.700699 33.743100
0.700967 22.064600
0.701236 13.126300
0.701505 24.668900
0.701773 8.759790
0.702042 10.060300
0.702311 54.062500
0.702579 25.917700
0.702848 40.990200
0.703117 32.932700
0.703385 11.471500
0.703654 7.838490
0.703923 14.961000
0.704191 21.045600
0.704460 9.407690
0.704729 25.927300
0.704997 12.289200
0.705266 9.928810
0.705535 17.731900
0.705803 25.959200
0.706072 27.043200
0.706341 3.397160
0.706609 7.909680
0.706878 4.023790
0.707147 14.649100
0.707415 27.769500
0.707684 41.901300
0.707953 11.667600
0.708221 62.213100
0.708490 13.906400
0.708759 26.325700
0.709027 32.231200
0.709296 23.196000
0.709565 14.573800
0.709833 16.070500
0.710102 21.195200
0.710371 44.756100
0.710639 64.057100
0.710908 34.992700
0.711177 36.212100
0.711445 20.742700
0.711714 25.473500
0.711983 40.389600
0.712251 22.538300
0.712520 19.842700
0.712789 23.242300
0.713057 22.393400
0.713326 38.827800
0.713595 6.851990
0.713864 24.544100
0.714132 28.793600
0.714401 67.920400
0.714670 46.814100
0.714938 9.442670
0.715207 62.732900
0.715476 30.685200
0.715744 11.682400
0.716013 25.387000
0.716282 20.593500
0.716550 28.069300
0.716819 6.086140
0.717088 6.691660
0.717356 21.320400
0.717625 55.032400
0.717894 28.980000
0.718162 13.741300
0.718431 5.841010
0.718700 25.241900
0.718968 27.980100
0.719237 10.129800
0.719506 9.274820
0.719774 13.044800
0.720043 33.226600
0.720312 23.229800
0.720580 34.129000
0.720849 20.045400
0.721118 5.163740
0.721386 35.185600
0.721655 21.439300
0.721924 7.551030
0.722192 17.462800
0.722461 69.712400
0.722730 3.151360
0.722998 45.180800
0.723267 47.219000
0.723536 66.657900
0.723804 5.039560
0.724073 9.676550
0.724342 9.122080
0.724610 10.271100
0.724879 56.454000
0.725148 11.601900
0.725416 14.134200
0.725685 20.564200
0.725954 52.904100
0.726222 13.468400
0.726491 17.888100
0.726760 16.032100
0.727028 53.733100
0.727297 13.473300
0.727566 9.627970
0.727834 27.213800
0.728103 62.632200
0.728372 38.865100
0.728641 24.712800
0.728909 10.582900
0.729178 6.475280
0.729447 39.106600
0.729715 9.861470
0.729984 9.587450
0.730253 17.735000
0.730521 9.827100
0.730790 14.708000
0.731059 8.749770
0.731327 6.537410
0.731596 31.337700
0.731865 13.065500
0.732133 54.459700
0.732402 24.999700
0.732671 13.090000
0.732939 17.299900
0.733208 38.259400
0.733477 20.627100
0.733745 21.386600
0.734014 3.920260
0.734283 9.441820
0.734551 33.929900
0.734820 7.286810
0.735089 19.600300
0.735357 9.793700
0.735626 1.769290
0.735895 3.182500
0.736163 7.693660
0.736432 89.670700
0.736701 15.560500
0.736969 24.270300
0.737238 29.456900
0.737507 68.390800
0.737775 1.649460
0.738044 21.748900
0.738313 45.520700
0.738581 11.130200
0.738850 5.234070
0.739119 26.953100
0.739387 50.121700
0.739656 2.071090
0.739925 28.197200
0.740193 4.275320
0.740462 21.083100
0.740731 16.437800
0.740999 30.121800
0.741268 60.477600
0.741537 18.490300
0.741805 76.928900
0.742074 63.186500
0.742343 6.842000
0.742611 51.611800
0.742880 6.024460
0.743149 20.498800
0.743418 34.503500
0.743686 30.400200
0.743955 51.034000
0.744224 29.702600
0.744492 11.467200
0.744761 5.193800
0.745030 27.155000
0.745298 11.493300
0.745567 37.710800
0.745836 5.983550
0.746104 48.134700
0.746373 54.714200
0.746642 15.027500
0.746910 27.595800
0.747179 8.802740
0.747448 9.476480
0.747716 17.561800
0.747985 51.609500
0.748254 14.482300
0.748522 24.972300
0.748791 14.411600
0.749060 8.203670
0.749328 2.538960
0.749597 8.762120
0.749866 28.073000
0.750134 51.412100
0.750403 9.208400
0.750672 27.570200
0.750940 41.670700
0.751209 5.022810
0.751478 5.922030
0.751746 11.083400
0.752015 75.894900
0.752284 1.049670
0.752552 35.521100
0.752821 16.595600
0.753090 20.169700
0.753358 61.482600
0.753627 39.508600
0.753896 71.355700
0.754164 43.444800
0.754433 5.691820
0.754702 15.988200
0.754970 8.271960
0.755239 32.561500
0.755508 27.082200
0.755776 29.289300
0.756045 11.657300
0.756314 59.994800
0.756582 13.872300
0.756851 2.540750
0.757120 49.759800
0.757389 6.491930
0.757657 35.558500
0.757926 35.158700
0.758195 6.946870
0.758463 8.218570
0.758732 7.747130
0.759001 49.774800
0.759269 11.573600
0.759538 18.485100
0.759807 7.455670
0.760075 8.377990
0.760344 36.802500
0.760613 45.308500
0.760881 59.970300
0.761150 35.523800
0.761419 30.760600
0.761687 56.468300
0.761956 8.067850
0.762225 11.253400
0.762493 26.778900
0.762762 68.936500
0.763031 4.847650
0.763299 34.401100
0.763568 6.774960
0.763837 8.735760
0.764105 14.826300
0.764374 12.750600
0.764643 4.160610
0.764911 4.682900
0.765180 50.231300
0.765449 24.870400
0.765717 24.256100
0.765986 54.266300
0.766255 5.258320
0.766523 17.129500
0.766792 2.469310
0.767061 11.098600
0.767329 88.307700
0.767598 29.198900
0.767867 30.439300
0.768135 8.184530
0.768404 5.520960
0.768673 24.960600
0.768941 7.472120
0.769210 60.533400
0.769479 9.198360
0.769747 21.860100
0.770016 19.104400
0.770285 6.457370
0.770553 5.304890
0.770822 82.698400
0.771091 18.334700
0.771359 57.824700
0.771628 19.264600
0.771897 19.649200
0.772166 12.331600
0.772434 45.534000
0.772703 27.291000
0.772972 16.220900
0.773240 80.291200
0.773509 6.710340
0.773778 5.816820
0.774046 7.965250
0.774315 6.408330
0.774584 9.666970
0.774852 7.765030
0.775121 7.032860
0.775390 60.665900
0.775658 8.085330
0.775927 3.802830
0.776196 5.506200
0.776464 55.554900
0.776733 53.441300
0.777002 29.830300
0.777270 31.601300
0.777539 9.429910
0.777808 12.326500
0.778076 28.220400
0.778345 46.367600
0.778614 9.400730
0.778882 35.540900
0.779151 7.630010
0.779420 42.444800
0.779688 3.686850
0.779957 5.642770
0.780226 15.431700
0.780494 39.495100
0.780763 33.924100
0.781032 20.735900
0.781300 38.805500
0.781569 58.336800
0.781838 7.604800
0.782106 76.161000
0.782375 11.321800
0.782644 14.354900
0.782912 16.230200
0.783181 11.191800
0.783450 33.575200
0.783718 18.457500
0.783987 58.767900
0.784256 8.043270
0.784524 24.728600
0.784793 8.106370
0.785062 48.452400
0.785330 29.435400
0.785599 46.796400
0.785868 29.643900
0.786136 19.706200
0.786405 24.335300
0.786674 41.289500
0.786943 8.290730
0.787211 5.405420
0.787480 26.647900
0.787749 8.067030
0.788017 3.529490
0.788286 29.745000
0.788555 45.634000
0.788823 36.343300
0.789092 14.389200
0.789361 10.369900
0.789629 29.623500
0.789898 29.492100
0.790167 93.771000
0.790435 36.899000
0.790704 46.709000
0.790973 34.247300
0.791241 47.205200
0.791510 25.598200
0.791779 62.655800
0.792047 52.834300
0.792316 23.391700
0.792585 74.587500
0.792853 41.171500
0.793122 24.969000
0.793391 67.986300
0.793659 45.117900
0.793928 2.242970
0.794197 1.841130
0.794465 25.247500
0.794734 65.016500
0.795003 9.781470
0.795271 7.204640
0.795540 65.575200
0.795809 18.486000
0.796077 4.956280
0.796346 40.261200
0.796615 5.637450
0.796883 49.384800
0.797152 16.829100
0.797421 15.160800
0.797689 5.328260
0.797958 24.109300
0.798227 24.093300
0.798495 55.304000
0.798764 4.161180
0.799033 5.806730
0.799301 44.651500
0.799570 5.938090
0.799839 4.910290
0.800107 21.446200
0.800376 1.362880
0.800645 65.110400
0.800913 23.971200
0.801182 83.114900
0.801451 27.117800
0.801720 4.308370
0.801988 3.322350
0.802257 72.081000
0.802526 13.836900
0.802794 15.806800
0.803063 8.619910
0.803332 7.800510
0.803600 25.347400
0.803869 19.561200
0.804138 25.952800
0.804406 3.339240
0.804675 10.038500
0.804944 7.919580
0.805212 18.558400
0.805481 18.909200
0.805750 42.782100
0.806018 6.024440
0.806287 14.025300
0.806556 20.416700
0.806824 17.125100
0.807093 10.980900
0.807362 20.541400
0.807630 60.034500
0.807899 10.185400
0.808168 10.606100
0.808436 23.163900
0.808705 73.189600
0.808974 52.601700
0.809242 20.494800
0.809511 39.696400
0.809780 23.455400
0.810048 49.950300
0.810317 34.215400
0.810586 18.455000
0.810854 8.807470
0.811123 44.055200
0.811392 25.261800
0.811660 18.347100
0.811929 27.539700
0.812198 80.194500
0.812466 7.357210
0.812735 18.083100
0.813004 43.523200
0.813272 13.640500
0.813541 38.355100
0.813810 23.476800
0.814078 54.230800
0.814347 7.384950
0.814616 22.218300
0.814884 74.461100
0.815153 34.363900
0.815422 38.141300
0.815690 32.005700
0.815959 6.341730
0.816228 40.250500
0.816497 82.983900
0.816765 61.713700
0.817034 5.434980
0.817303 19.338400
0.817571 2.706350
0.817840 16.563400
0.818109 21.826700
0.818377 79.370500
0.818646 34.174900
0.818915 6.721580
0.819183 15.843600
0.819452 80.586100
0.819721 26.596000
0.819989 7.967780
0.820258 23.514100
0.820527 19.913300
0.820795 18.397400
0.821064 33.827200
0.821333 28.874200
0.821601 8.658200
0.821870 28.927100
0.822139 10.767100
0.822407 14.506100
0.822676 32.647000
0.822945 21.197300
0.823213 22.265500
0.823482 44.825200
0.823751 8.207850
0.824019 33.760100
0.824288 7.016220
0.824557 22.161000
0.824825 18.348900
0.825094 18.154700
0.825363 39.175800
0.825631 5.981920
0.825900 38.488100
0.826169 6.758220
0.826437 30.550200
0.826706 66.587700
0.826975 2.683850
0.827243 67.530600
0.827512 34.166500
0.827781 25.425100
0.828049 41.150600
0.828318 36.771600
0.828587 15.600600
0.828855 35.906300
0.829124 14.138900
0.829393 5.184860
0.829661 27.136700
0.829930 17.845100
0.830199 9.496440
0.830467 15.224500
0.830736 10.878500
0.831005 53.802100
0.831274 31.008800
0.831542 18.331200
0.831811 1.751760
0.832080 54.979500
0.832348 14.508000
0.832617 61.317700
0.832886 7.061240
0.833154 7.017360
0.833423 6.815580
0.833692 39.646400
0.833960 38.545800
0.834229 63.595500
0.834498 8.733580
0.834766 46.118500
0.835035 11.054800
0.835304 9.916890
0.835572 24.650200
0.835841 28.036000
0.836110 19.685400
0.836378 17.216100
0.836647 6.165340
0.836916 26.356800
0.837184 6.853220
0.837453 3.968300
0.837722 4.440340
0.837990 20.364700
0.838259 13.279800
0.838528 31.480200
0.838796 74.922600
0.839065 29.194600
0.839334 18.589800
0.839602 23.728300
0.839871 8.478520
0.840140 4.550040
0.840408 11.846600
0.840677 11.020900
0.840946 23.066600
0.841214 20.305800
0.841483 7.216340
0.841752 4.413720
0.842020 21.936600
0.842289 19.616100
0.842558 13.287000
0.842826 9.431860
0.843095 9.792530
0.843364 29.702500
0.843632 28.764000
0.843901 7.488000
0.844170 14.851300
0.844438 7.293990
0.844707 56.977800
0.844976 9.262480
0.845244 5.625060
0.845513 40.728700
0.845782 8.007550
0.846051 13.569600
0.846319 24.407100
0.846588 34.952100
0.846857 15.024800
0.847125 29.441500
0.847394 23.933000
0.847663 11.996500
0.847931 32.422800
0.848200 69.449500
0.848469 5.507060
0.848737 15.040400
0.849006 13.392400
0.849275 25.971800
0.849543 1.712490
0.849812 7.459040
0.850081 60.354900
0.850349 70.758600
0.850618 53.174900
0.850887 16.818400
0.851155 62.127000
0.851424 2.789100
0.851693 25.896000
0.851961 8.947580
0.852230 26.877000
0.852499 8.645630
0.852767 8.869480
0.853036 8.212220
0.853305 5.624530
0.853573 39.209100
0.853842 46.940200
0.854111 23.953300
0.854379 9.209890
0.854648 18.628100
0.854917 23.408500
0.855185 34.975100
0.855454 14.497300
0.855723 8.939250
0.855991 27.852000
0.856260 39.947800
0.856529 11.546000
0.856797 56.832800
0.857066 8.194300
0.857335 31.539000
0.857603 33.961300
0.857872 18.507100
0.858141 33.139500
0.858409 9.196390
0.858678 9.194250
0.858947 29.095300
0.859215 15.168900
0.859484 45.507100
0.859753 56.535500
0.860021 7.650470
0.860290 28.054200
0.860559 31.379600
0.860828 6.254680
0.861096 30.225300
0.861365 66.218500
0.861634 13.697600
0.861902 28.520800
0.862171 7.955930
0.862440 20.749900
0.862708 64.689100
0.862977 24.731400
0.863246 24.569900
0.863514 14.905300
0.863783 9.534740
0.864052 11.958600
0.864320 33.309400
0.864589 68.761300
0.864858 20.296000
0.865126 6.455330
0.865395 17.319900
0.865664 38.797300
0.865932 6.744090
0.866201 9.319900
0.866470 8.751520
0.866738 6.133610
0.867007 18.684600
0.867276 1.718910
0.867544 34.721600
0.867813 48.932000
0.868082 9.175160
0.868350 26.785900
0.868619 49.779000
0.868888 8.303830
0.869156 44.328300
0.869425 34.647200
0.869694 29.032700
0.869962 6.687670
0.870231 24.263700
0.870500 25.625600
0.870768 6.470360
0.871037 40.662900
0.871306 57.173100
0.871574 21.558300
0.871843 9.595340
0.872112 33.307300
0.872380 7.703160
0.872649 17.988000
0.872918 18.572100
0.873186 27.255000
0.873455 11.458000
0.873724 42.277800
0.873992 11.303800
0.874261 7.279030
0.874530 43.005600
0.874798 22.464900
0.875067 21.974400
0.875336 18.302800
0.875605 22.881300
0.875873 6.327440
0.876142 75.387100
0.876411 32.458700
0.876679 23.975200
0.876948 5.112090
0.877217 9.709900
0.877485 9.127630
0.877754 4.751230
0.878023 8.118910
0.878291 33.297100
0.878560 5.444830
0.878829 38.781700
0.879097 28.584600
0.879366 89.617200
0.879635 14.606600
0.879903 11.636000
0.880172 16.567000
0.880441 8.636520
0.880709 7.350540
0.880978 7.858160
0.881247 15.904500
0.881515 1.636730
0.881784 18.585100
0.882053 26.201400
0.882321 28.139700
0.882590 11.959300
0.882859 7.183220
0.883127 9.911300
0.883396 20.118400
0.883665 19.878400
0.883933 9.700690
0.884202 3.571320
0.884471 67.875500
0.884739 24.057800
0.885008 38.577200
0.885277 52.908300
0.885545 29.748700
0.885814 38.483100
0.886083 53.882800
0.886351 16.030700
0.886620 4.213130
0.886889 11.509600
0.887157 66.227200
0.887426 56.636600
0.887695 27.199400
0.887963 17.969400
0.888232 2.409590
0.888501 28.270200
0.888769 3.520620
0.889038 7.219180
0.889307 57.974100
0.889575 5.567100
0.889844 7.041610
0.890113 17.523400
0.890382 9.777740
0.890650 9.151030
0.890919 23.638800
0.891188 42.731700
0.891456 41.975000
0.891725 4.632980
0.891994 65.255700
0.892262 18.692000
0.892531 1.770590
0.892800 66.513000
0.893068 6.341170
0.893337 1.816610
0.893606 4.249920
0.893874 55.648600
0.894143 7.247220
0.894412 35.557900
0.894680 38.576600
0.894949 3.537620
0.895218 63.151800
0.895486 11.302600
0.895755 22.922700
0.896024 37.852200
0.896292 10.546500
0.896561 54.748600
0.896830 8.462970
0.897098 36.814500
0.897367 15.638400
0.897636 26.637000
0.897904 20.523900
0.898173 59.495000
0.898442 39.206600
0.898710 15.571700
0.898979 44.736400
0.899248 23.148600
0.899516 1.750060
0.899785 4.640070
0.900054 29.275000
0.900322 28.557000
0.900591 42.672300
0.900860 69.913400
0.901128 31.911600
0.901397 6.943940
0.901666 5.028830
0.901934 5.871850
0.902203 5.969920
0.902472 14.056400
0.902740 8.196880
0.903009 33.048000
0.903278 21.938900
0.903546 43.538100
0.903815 17.841000
0.904084 44.972000
0.904352 18.595200
0.904621 62.624600
0.904890 46.436000
0.905159 12.245100
0.905427 18.570600
0.905696 18.590000
0.905965 9.625930
0.906233 21.795500
0.906502 5.720860
0.906771 5.986380
0.907039 35.524400
0.907308 10.572800
0.907577 32.853200
0.907845 58.256800
0.908114 31.420300
0.908383 15.313800
0.908651 21.529300
0.908920 35.227400
0.909189 26.530300
0.909457 30.699100
0.909726 55.501000
0.909995 9.712080
0.910263 52.538100
0.910532 56.842800
0.910801 5.069510
0.911069 31.506000
0.911338 31.124700
0.911607 39.400900
0.911875 14.838200
0.912144 14.868600
0.912413 15.632100
0.912681 73.266400
0.912950 37.404300
0.913219 8.604280
0.913487 9.703700
0.913756 11.365300
0.914025 69.641700
0.914293 8.718780
0.914562 12.831300
0.914831 35.345200
0.915099 22.475200
0.915368 38.318500
0.915637 5.981410
0.915905 15.866600
0.916174 9.144130
0.916443 3.399290
0.916711 26.189400
0.916980 2.855850
0.917249 13.122300
0.917517 46.374800
0.917786 12.234500
0.918055 16.616500
0.918323 18.157900
0.918592 5.373960
0.918861 39.964100
0.919130 14.028400
0.919398 8.914000
0.919667 14.875900
0.919936 8.068930
0.920204 8.316920
0.920473 8.057400
0.920742 8.733190
0.921010 31.048000
0.921279 12.946600
0.921548 19.449200
0.921816 27.912300
0.922085 42.327200
0.922354 9.676300
0.922622 15.554700
0.922891 49.106600
0.923160 7.486660
0.923428 13.823500
0.923697 27.503800
0.923966 3.448210
0.924234 31.990200
0.924503 30.375200
0.924772 31.779700
0.925040 26.849300
0.925309 29.716900
0.925578 17.999600
0.925846 5.710580
0.926115 9.398450
0.926384 54.375000
0.926652 64.135600
0.926921 18.263800
0.927190 22.176500
0.927458 12.072200
0.927727 5.711400
0.927996 7.856620
0.928264 63.998700
0.928533 47.497900
0.928802 91.577700
0.929070 77.784900
0.929339 81.627400
0.929608 62.583100
0.929876 54.722900
0.930145 18.052400
0.930414 6.568670
0.930682 31.420000
0.930951 8.762500
0.931220 41.161000
0.931488 19.195500
0.931757 27.615500
0.932026 85.350300
0.932294 7.157770
0.932563 7.582740
0.932832 9.538090
0.933100 6.084100
0.933369 51.330800
0.933638 15.511000
0.933907 4.373430
0.934175 20.871500
0.934444 5.457660
0.934713 30.293500
0.934981 18.996400
0.935250 3.689620
0.935519 4.734250
0.935787 8.425700
0.936056 23.689100
0.936325 12.048600
0.936593 20.180900
0.936862 25.705800
0.937131 41.965700
0.937399 23.926300
0.937668 21.313500
0.937937 16.844200
0.938205 48.644700
0.938474 21.619100
0.938743 28.719700
0.939011 56.121600
0.939280 5.195390
0.939549 33.437200
0.939817 6.542520
0.940086 13.326000
0.940355 6.449170
0.940623 11.445900
0.940892 86.821900
0.941161 37.901400
0.941429 25.371300
0.941698 16.503000
0.941967 11.614100
0.942235 36.655600
0.942504 23.889500
0.942773 8.453670
0.943041 10.077400
0.943310 59.519200
0.943579 1.834810
0.943847 14.256300
0.944116 4.044810
0.944385 48.072700
0.944653 8.282880
0.944922 40.477400
0.945191 24.652600
0.945459 15.053100
0.945728 33.829100
0.945997 1.742290
0.946265 20.433800
0.946534 75.401400
0.946803 20.653900
0.947071 1.753700
0.947340 10.721800
0.947609 68.506300
0.947877 16.901300
0.948146 38.833700
0.948415 26.579200
0.948684 26.249300
0.948952 64.572700
0.949221 30.402700
0.949490 12.381800
0.949758 29.813300
0.950027 27.306900
0.950296 8.446160
0.950564 46.097900
0.950833 10.837900
0.951102 34.848200
0.951370 5.212430
0.951639 32.370400
0.951908 23.310400
0.952176 28.025000
0.952445 7.305720
0.952714 20.282300
0.952982 13.803500
0.953251 17.166300
0.953520 5.278760
0.953788 6.468480
0.954057 8.824920
0.954326 6.309050
0.954594 7.632920
0.954863 19.701500
0.955132 33.401500
0.955400 26.930900
0.955669 15.571500
0.955938 34.496500
0.956206 4.397070
0.956475 34.148000
0.956744 25.507000
0.957012 35.886700
0.957281 18.955600
0.957550 1.559460
0.957818 18.765400
0.958087 1.686750
0.958356 63.462100
0.958624 53.123600
0.958893 17.335300
0.959162 9.041350
0.959430 38.491300
0.959699 33.549900
0.959968 16.007000
0.960236 26.394700
0.960505 36.542700
0.960774 44.048100
0.961042 47.972100
0.961311 45.786100
0.961580 11.588400
0.961848 28.166600
0.962117 14.377700
0.962386 16.290700
0.962654 6.429430
0.962923 37.844800
0.963192 32.507600
0.963461 30.079400
0.963729 5.582090
0.963998 7.566980
0.964267 46.347200
0.964535 19.577900
0.964804 25.492300
0.965073 27.363700
0.965341 29.091600
0.965610 22.226100
0.965879 8.642310
0.966147 65.535300
0.966416 26.686900
0.966685 56.794500
0.966953 38.947400
0.967222 13.733400
0.967491 7.809820
0.967759 9.259350
0.968028 36.239000
0.968297 11.859900
0.968565 25.467100
0.968834 20.138100
0.969103 11.527300
0.969371 26.256800
0.969640 14.906600
0.969909 30.255400
0.970177 24.042200
0.970446 6.072170
0.970715 9.625780
0.970983 6.407880
0.971252 20.867500
0.971521 5.927350
0.971789 15.193400
0.972058 8.627080
0.972327 8.336920
0.972595 16.967600
0.972864 8.995110
0.973133 19.413900
0.973401 22.822300
0.973670 18.115600
0.973939 5.028420
0.974207 10.123700
0.974476 12.907400
0.974745 47.735800
0.975013 22.575400
0.975282 9.542210
0.975551 45.566100
0.975819 26.154000
0.976088 21.524500
0.976357 9.030600
0.976625 59.053100
0.976894 49.066500
0.977163 42.337100
0.977431 19.964400
0.977700 11.910700
0.977969 29.603700
0.978238 23.587000
0.978506 19.963800
0.978775 15.579800
0.979044 4.750990
0.979312 10.098800
0.979581 35.805100
0.979850 40.662500
0.980118 9.576920
0.980387 12.707000
0.980656 32.763100
0.980924 17.040800
0.981193 20.395600
0.981462 4.281220
0.981730 14.347800
0.981999 17.465000
0.982268 11.271500
0.982536 26.411100
0.982805 10.879200
0.983074 6.439240
0.983342 37.432200
0.983611 11.626700
0.983880 31.692800
0.984148 17.267100
0.984417 27.032700
0.984686 19.799400
0.984954 42.734200
0.985223 3.043930
0.985492 7.768390
0.985760 12.448300
0.986029 17.957300
0.986298 15.442800
0.986566 3.976380
0.986835 21.673900
0.987104 8.275170
0.987372 35.788500
0.987641 28.028000
0.987910 9.952760
0.988178 26.260100
0.988447 3.420370
0.988716 43.260600
0.988984 13.972600
0.989253 7.917200
0.989522 8.260500
0.989790 42.589600
0.990059 12.163800
0.990328 57.387900
0.990596 30.521200
0.990865 21.382700
0.991134 77.809200
0.991402 61.486700
0.991671 62.162900
0.991940 74.677000
0.992208 14.460500
0.992477 28.231300
0.992746 42.893000
0.993015 27.665200
0.993283 18.684700
0.993552 56.471600
0.993821 21.263900
0.994089 2.714740
0.994358 43.772700
0.994627 20.555100
0.994895 6.354130
0.995164 7.897990
0.995433 29.557000
0.995701 26.163600
0.995970 59.289800
0.996239 82.320100
0.996507 25.921700
0.996776 17.849300
0.997045 18.968500
0.997313 33.334100
0.997582 35.973200
0.997851 38.375200
0.998119 19.722100
0.998388 51.457900
0.998657 22.637400
0.998925 40.451600
0.999194 9.193080
0.999463 18.096700
0.999731 26.558200
1.000000 5.195880
