0.000349 16.065600
0.000698 41.678500
0.010119 59.483000
0.010468 5.174690
0.024075 9.691900
0.024424 35.110600
0.024773 34.183400
0.026867 8.324900
0.027216 49.958000
0.027565 13.582600
0.027913 4.885430
0.028262 6.652490
0.028611 8.839910
0.028960 84.877300
0.029309 31.901000
0.029658 1.033160
0.030007 43.179300
0.030356 56.043600
0.030705 27.504100
0.031054 9.727940
0.031403 9.377860
0.031752 7.032420
0.032100 41.454300
0.032449 5.261530
0.032798 23.899500
0.033147 43.417200
0.033496 26.743200
0.035241 7.409500
0.035590 6.749060
0.035939 34.652900
0.036288 6.242150
0.036636 42.672800
0.036985 25.568100
0.037334 33.830200
0.037683 14.151500
0.038032 18.489000
0.038381 25.599200
0.038730 4.116250
0.039079 55.451300
0.039428 26.682700
0.039777 21.309200
0.058967 8.389800
0.059316 9.558390
0.059665 29.889500
0.060014 21.740200
0.060363 4.234740
0.060712 80.135100
0.064550 58.116000
0.064899 16.103700
0.065248 17.650000
0.065597 19.432400
0.065946 17.060600
0.066294 15.568400
0.066643 21.599100
0.066992 4.539100
0.067341 45.783400
0.067690 32.340600
0.068039 21.123300
0.068388 24.676100
0.068737 14.190000
0.069086 24.320500
0.069435 20.446100
0.069784 78.431900
0.070133 8.361480
0.070482 7.765340
0.070830 5.169080
0.071179 12.768200
0.071528 28.068000
0.071877 13.929600
0.072226 11.058200
0.072575 60.625100
0.072924 14.522800
0.073273 34.199800
0.073622 6.393610
0.073971 16.853900
0.074320 20.650700
0.074669 14.076800
0.075017 36.701900
0.075366 40.493200
0.075715 35.740700
0.076064 45.499300
0.076413 41.819900
0.076762 32.860500
0.077111 1.669120
0.077460 5.068010
0.077809 15.081100
0.078158 20.565700
0.078507 26.074900
0.078856 28.197100
0.079204 11.724600
0.079553 28.520600
0.079902 28.314900
0.080251 1.682100
0.080600 51.310500
0.080949 3.712690
0.081298 7.919130
0.081647 11.903400
0.081996 6.725050
0.082345 14.652100
0.082694 7.684410
0.083043 47.390700
0.083391 17.282400
0.083740 7.216900
0.084089 71.013800
0.084438 24.605400
0.084787 14.450700
0.085136 17.574100
0.085485 10.195900
0.085834 4.316110
0.086183 23.399500
0.086532 49.563500
0.086881 61.308100
0.087230 33.744700
0.087579 18.467600
0.087927 5.559150
0.088276 45.281600
0.088625 6.290670
0.088974 5.179060
0.089323 23.427000
0.089672 16.797100
0.091417 67.121200
0.091766 6.526400
0.092114 32.842200
0.092463 44.563800
0.092812 21.870000
0.093161 2.103670
0.093510 60.138600
0.093859 27.600900
0.094208 25.063500
0.094557 5.229190
0.094906 6.685050
0.095255 22.963100
0.095604 40.581200
0.095953 8.563790
0.096301 20.653700
0.096650 52.864900
0.096999 28.181100
0.097348 18.482600
0.097697 23.494600
0.098046 8.200620
0.098395 6.870300
0.098744 35.075100
0.099093 46.623900
0.099442 10.265900
0.099791 77.156300
0.100140 12.514500
0.100488 18.218300
0.100837 11.967600
0.101186 24.271600
0.101535 19.102000
0.101884 11.202500
0.102233 5.019970
0.102582 24.898300
0.102931 24.430900
0.103280 2.131300
0.103629 41.977400
0.103978 6.139640
0.104327 20.510900
0.104676 8.751740
0.105024 10.289500
0.105373 35.825500
0.105722 14.035300
0.106071 4.642610
0.106420 15.285700
0.106769 14.727300
0.107118 35.987300
0.107467 30.018300
0.107816 18.847000
0.108165 34.549200
0.108514 21.863000
0.108863 64.879400
0.109211 10.446100
0.109560 72.635600
0.109909 1.770970
0.110258 26.362300
0.110607 13.576100
0.110956 11.927300
0.111305 29.888600
0.111654 36.839100
0.112003 13.085900
0.112352 8.581870
0.112701 5.759370
0.113050 5.888560
0.113398 46.450900
0.113747 6.366010
0.114096 43.967200
0.114445 21.470000
0.114794 69.670800
0.115143 10.137400
0.115492 29.496100
0.115841 4.141840
0.116190 10.026500
0.116539 32.687800
0.116888 25.116600
0.117237 8.107010
0.117585 50.125200
0.117934 12.446400
0.118283 51.995600
0.118632 13.511400
0.118981 24.355400
0.119330 39.692500
0.119679 83.426300
0.120028 8.742800
0.120377 16.528000
0.120726 7.759920
0.121075 16.911600
0.121424 62.441800
0.121773 13.816100
0.122121 49.481600
0.122470 3.934880
0.122819 18.495000
0.123168 25.230500
0.123517 13.431800
0.123866 7.052960
0.124215 30.442500
0.124564 21.735100
0.124913 10.384600
0.125262 28.524600
0.125611 32.597700
0.125960 2.885520
0.126308 22.477000
0.126657 5.560020
0.127006 15.513100
0.127355 26.695100
0.127704 8.808680
0.128053 2.792860
0.128402 18.645400
0.128751 27.918900
0.129100 4.094480
0.129449 9.516990
0.129798 62.264000
0.130147 6.858900
0.130495 26.753800
0.130844 23.496000
0.131193 11.255700
0.131542 8.085860
0.131891 11.716800
0.132240 22.021200
0.132589 23.105900
0.132938 18.626800
0.133287 68.963600
0.133636 68.695500
0.133985 49.875200
0.134334 7.721090
0.134682 15.983000
0.135031 83.186000
0.135380 53.918600
0.135729 8.510380
0.136078 29.952600
0.136427 7.761300
0.136776 54.546900
0.137125 52.212100
0.137474 14.899000
0.137823 10.268900
0.138172 54.477000
0.138521 13.366500
0.138870 17.689700
0.139218 9.774820
0.139567 31.453800
0.139916 39.844400
0.140265 35.899400
0.140614 22.497400
0.140963 13.176800
0.141312 9.973880
0.141661 43.319600
0.142010 39.727700
0.142359 3.922850
0.142708 46.598100
0.143057 23.809800
0.143405 5.601200
0.143754 66.399400
0.144103 12.208200
0.144452 9.116040
0.144801 54.657900
0.145150 25.857300
0.145499 34.623700
0.145848 64.621600
0.146197 15.825300
0.146546 34.937800
0.146895 7.136070
0.147244 11.789900
0.147592 15.368700
0.147941 66.975400
0.148290 18.748300
0.148639 19.740900
0.148988 10.345600
0.149337 37.655800
0.149686 12.115400
0.150035 20.520600
0.150384 5.265540
0.150733 5.793050
0.151082 6.762740
0.151431 5.326480
0.151779 12.588900
0.152128 8.044670
0.152477 33.100500
0.152826 49.557400
0.153175 8.027460
0.153524 19.625000
0.153873 72.813000
0.154222 43.053200
0.154571 27.575800
0.154920 22.937100
0.155269 9.064940
0.155618 64.674200
0.155967 74.472100
0.156315 4.749380
0.156664 37.231600
0.157013 28.339500
0.157711 17.814500
0.158060 17.104200
0.158409 4.283170
0.158758 4.900000
0.159107 6.935130
0.159456 22.585500
0.159805 13.226700
0.160154 9.344840
0.160502 20.387200
0.160851 33.292800
0.161200 38.513600
0.161549 19.730600
0.161898 28.232700
0.162247 74.600400
0.162596 29.375600
0.162945 7.782540
0.163294 8.088490
0.163643 11.933800
0.163992 6.331630
0.164341 6.788410
0.164689 9.492770
0.165038 18.727200
0.165387 42.912600
0.165736 9.948470
0.166085 46.296500
0.166434 25.940800
0.166783 20.435200
0.167132 25.849600
0.167481 40.465800
0.167830 7.298180
0.168179 9.458990
0.168528 9.652430
0.168876 33.686800
0.169225 7.518770
0.169574 10.490800
0.169923 37.549400
0.170272 7.606730
0.170621 36.156400
0.170970 17.608900
0.171319 5.352340
0.171668 63.311200
0.172017 15.665700
0.172366 31.005500
0.172715 23.343600
0.173064 4.177620
0.173412 7.099930
0.173761 16.984300
0.174110 33.382700
0.174459 13.599200
0.174808 10.990500
0.175157 80.467400
0.175506 21.739100
0.175855 6.223980
0.176204 16.690800
0.176553 28.298400
0.176902 29.832500
0.177251 36.717400
0.177599 37.265500
0.177948 16.426500
0.178297 10.164800
0.178646 24.242900
0.178995 60.840100
0.179344 5.014030
0.179693 66.590000
0.180042 31.143800
0.180391 6.844950
0.180740 18.696000
0.181089 39.878300
0.181438 48.698300
0.181786 62.244900
0.182135 9.260560
0.182484 7.299370
0.182833 7.988030
0.183182 39.512200
0.183531 14.305200
0.183880 12.956100
0.184229 13.244300
0.184578 46.375700
0.184927 34.894100
0.185276 9.407370
0.185625 7.119610
0.185973 51.089200
0.186322 19.925300
0.186671 4.915400
0.187020 16.222200
0.187369 23.800400
0.187718 15.311900
0.188067 16.331000
0.188416 31.765700
0.188765 11.866200
0.189114 6.052780
0.189463 14.891200
0.189812 44.984400
0.190161 59.185900
0.190509 27.255100
0.190858 22.121200
0.191207 11.488600
0.191556 41.419700
0.191905 5.380490
0.192254 73.110200
0.192603 4.379790
0.192952 37.025400
0.193301 41.457600
0.193650 7.227190
0.193999 15.470500
0.194348 29.774700
0.194696 7.138450
0.195045 15.330000
0.195394 48.275000
0.195743 32.800000
0.196092 10.705200
0.196441 27.759600
0.196790 42.483400
0.197139 16.655100
0.197488 1.745500
0.197837 12.534000
0.198186 6.890470
0.198535 12.429500
0.198883 9.831240
0.199232 10.802200
0.199581 8.968040
0.199930 25.889200
0.200279 42.926300
0.200628 8.422810
0.200977 10.890300
0.201326 17.324400
0.201675 7.651500
0.202024 63.899300
0.202373 17.117300
0.202722 16.309000
0.203070 13.913500
0.203419 3.187430
0.203768 23.534400
0.204117 85.956200
0.204466 11.644100
0.204815 42.414500
0.205164 11.436200
0.205513 33.774500
0.205862 29.188700
0.206211 17.714200
0.206560 30.031000
0.206909 14.657200
0.207258 8.584140
0.207606 9.153340
0.207955 8.048670
0.208304 26.475600
0.208653 9.400560
0.209002 74.273500
0.209351 57.525000
0.209700 14.558000
0.210049 43.037300
0.210398 46.324100
0.210747 8.782000
0.211096 10.375300
0.211445 44.150700
0.211793 3.053420
0.212142 24.747400
0.212491 6.966280
0.212840 4.925350
0.213189 6.679070
0.213538 8.739650
0.213887 6.297300
0.214236 23.403900
0.214585 63.613700
0.214934 5.110450
0.215283 34.324000
0.215632 75.422800
0.215980 20.861200
0.216329 42.413600
0.216678 10.285100
0.217027 31.274300
0.217376 21.730800
0.217725 64.294100
0.218074 7.878050
0.218423 19.284600
0.218772 14.825300
0.219121 31.731400
0.219470 6.725630
0.219819 23.591600
0.220167 9.760190
0.224006 9.958660
0.224355 11.192500
0.224703 11.156600
0.225052 22.717400
0.225401 8.753140
0.225750 13.654200
0.226099 20.842900
0.226448 56.037100
0.226797 27.026200
0.227146 36.726100
0.227495 19.996400
0.227844 36.041300
0.228193 24.738800
0.228542 22.615800
0.228890 20.812900
0.229239 26.172200
0.229588 22.087500
0.229937 11.890300
0.230286 8.518990
0.230635 13.495700
0.230984 3.476450
0.231333 19.802000
0.231682 30.449800
0.232031 6.093030
0.232380 4.552430
0.232729 4.767850
0.233077 8.118090
0.233426 8.000040
0.233775 37.315900
0.234124 46.152600
0.234473 3.672850
0.234822 4.664430
0.235171 24.636900
0.235520 34.857500
0.235869 26.699700
0.236218 7.715440
0.236567 41.171800
0.236916 15.648900
0.237264 29.637000
0.239009 67.417800
0.239358 27.187700
0.239707 9.485650
0.240056 56.609500
0.240405 7.554770
0.240754 44.993600
0.241103 23.944100
0.241452 25.422900
0.241800 9.034220
0.242149 16.353800
0.242498 11.731700
0.242847 5.385470
0.243196 49.970000
0.243545 53.730300
0.243894 29.511600
0.244243 6.798500
0.244592 27.055400
0.244941 6.524650
0.245290 1.768880
0.245639 68.424300
0.245987 7.610560
0.246336 13.506600
0.246685 7.516400
0.247034 19.492100
0.247383 13.935700
0.247732 19.585500
0.248081 7.624290
0.248430 18.254000
0.248779 4.574690
0.249128 3.666810
0.249477 10.559400
0.249826 11.067300
0.250174 35.677400
0.250523 36.749400
0.250872 12.155700
0.251221 9.674290
0.251570 52.297500
0.251919 2.439540
0.252268 28.811300
0.252617 5.672640
0.253315 9.509200
0.253664 16.468200
0.254013 4.349030
0.254361 11.481700
0.254710 18.915700
0.255059 33.436300
0.255408 12.169800
0.255757 8.965360
0.256106 6.659520
0.256455 7.677250
0.256804 4.951230
0.257153 57.381800
0.257502 37.546300
0.257851 22.990600
0.258200 83.197800
0.258548 31.014600
0.258897 31.427800
0.259246 20.589400
0.259595 6.192420
0.259944 19.499800
0.260293 31.887600
0.260642 15.406700
0.260991 20.547000
0.261340 19.216900
0.261689 64.996000
0.262038 8.726110
0.262387 77.251200
0.262736 50.441700
0.263084 39.031000
0.263433 36.945900
0.263782 14.805100
0.264131 7.543540
0.264480 6.043970
0.264829 17.626800
0.265178 52.123100
0.265527 2.368450
0.265876 14.159500
0.266225 77.077300
0.266574 32.766300
0.266923 33.751700
0.267271 7.758560
0.267620 33.007900
0.267969 62.227200
0.268318 7.118070
0.268667 24.886700
0.269016 10.010800
0.269365 18.725500
0.269714 21.510700
0.270063 5.298270
0.270412 15.782300
0.270761 12.514400
0.271110 76.023300
0.271458 27.710000
0.271807 44.049300
0.272156 3.655690
0.272505 25.813800
0.272854 32.180900
0.273203 29.962800
0.273552 26.266700
0.273901 64.699300
0.274250 8.082590
0.274599 9.541590
0.274948 20.463600
0.275297 9.428660
0.275645 12.592800
0.275994 27.804200
0.276343 7.208450
0.276692 20.504400
0.277041 8.673110
0.277390 6.896320
0.277739 14.065600
0.278088 10.243800
0.278437 6.201230
0.278786 5.479660
0.279135 8.427090
0.279484 5.427090
0.279833 5.802050
0.280181 25.203000
0.280530 23.677500
0.280879 25.554300
0.281926 9.805800
0.282275 12.303800
0.282624 10.088800
0.282973 17.708800
0.283322 3.189340
0.283671 62.003500
0.284020 6.326230
0.284368 7.169890
0.284717 10.823000
0.285066 24.296200
0.285415 8.527650
0.285764 56.787600
0.286113 54.382500
0.286462 4.488030
0.286811 43.710700
0.287160 12.768300
0.287509 3.949960
0.287858 45.354300
0.288207 39.877300
0.288555 30.056700
0.288904 7.262980
0.289253 5.318190
0.289602 29.845200
0.289951 50.659800
0.290300 9.401670
0.290649 28.453300
0.290998 9.972970
0.291347 40.272800
0.291696 10.361300
0.292045 9.811240
0.292394 10.905500
0.292742 58.069900
0.293091 30.280900
0.293440 17.425700
0.293789 26.797900
0.294138 7.409940
0.294487 20.472800
0.294836 8.328930
0.295185 8.936260
0.295534 7.953130
0.295883 29.819700
0.296232 11.224200
0.296581 16.211800
0.296930 10.226000
0.297278 24.648900
0.297627 9.285360
0.297976 44.047200
0.298325 34.881000
0.298674 8.820100
0.299023 6.150720
0.299372 20.442600
0.299721 11.210100
0.300070 9.838550
0.300419 14.186100
0.300768 15.882700
0.301117 11.444500
0.301465 13.966200
0.301814 6.220990
0.302163 7.252900
0.302512 67.454900
0.302861 68.327600
0.303210 21.137200
0.303559 14.571200
0.303908 6.223600
0.304257 11.908200
0.304606 17.005400
0.304955 25.386700
0.305304 55.979900
0.305652 2.941860
0.306001 32.112100
0.306350 19.910900
0.306699 30.421900
0.307048 14.011100
0.307397 11.014100
0.307746 37.946500
0.308095 25.938900
0.308444 5.257450
0.308793 5.940320
0.309142 24.415400
0.309491 5.704220
0.309839 9.887080
0.310188 14.655400
0.310537 36.495700
0.310886 49.731800
0.311235 11.680600
0.311584 5.186790
0.311933 24.846300
0.312282 25.288500
0.312631 2.736710
0.312980 9.862270
0.313329 17.207100
0.313678 11.301600
0.314027 17.617200
0.314375 20.541700
0.314724 55.278400
0.315073 9.043900
0.315422 41.583400
0.315771 5.369670
0.316120 13.685500
0.316469 21.921200
0.316818 27.136300
0.317167 53.005300
0.317516 11.008000
0.317865 7.348290
0.318214 32.495500
0.318562 4.602120
0.318911 45.115700
0.319260 22.251500
0.319609 25.907700
0.319958 7.155910
0.320307 8.523420
0.320656 13.843100
0.321005 16.162800
0.321354 22.194800
0.321703 15.696600
0.322052 12.123300
0.322401 9.551500
0.322749 9.630360
0.323098 42.110400
0.323447 29.669400
0.323796 6.443220
0.324145 26.511600
0.324494 54.622900
0.324843 22.424500
0.325192 18.901300
0.325541 16.688000
0.325890 6.228650
0.326239 58.559300
0.326588 27.137500
0.326936 55.662300
0.327285 12.404600
0.327634 15.723200
0.327983 61.840000
0.328332 3.268890
0.328681 67.297300
0.329030 46.932400
0.329379 41.777800
0.329728 14.155800
0.330077 20.748000
0.330426 73.647400
0.330775 9.149420
0.331124 20.573000
0.331472 49.595800
0.331821 3.608500
0.332170 45.361800
0.332519 57.923000
0.332868 16.310000
0.333217 14.177600
0.333566 67.155100
0.333915 47.552500
0.334264 11.428600
0.334613 23.082100
0.334962 4.176550
0.335311 9.561640
0.335659 7.558300
0.336008 6.010880
0.336357 33.105900
0.336706 9.430170
0.337055 4.583160
0.337404 57.647400
0.337753 34.605200
0.338102 32.191900
0.338451 25.418100
0.338800 13.690200
0.339149 1.172950
0.339498 19.445700
0.339846 48.277900
0.340195 45.828500
0.340544 18.847200
0.340893 8.208250
0.341242 7.019800
0.341591 6.990390
0.341940 34.916700
0.342289 53.852600
0.342638 56.761100
0.342987 30.007800
0.343336 10.380200
0.343685 76.422400
0.344033 27.581600
0.344382 31.107800
0.344731 57.191600
0.345080 12.865100
0.345429 10.249000
0.345778 58.963500
0.346127 21.671400
0.346476 30.482500
0.346825 72.181800
0.347174 7.739880
0.347523 18.696500
0.347872 7.392400
0.348221 62.524000
0.348569 17.315400
0.348918 18.397100
0.349267 26.094500
0.349616 23.477000
0.349965 2.114540
0.350314 2.946280
0.350663 28.337200
0.351012 3.046900
0.351361 93.177300
0.351710 7.647500
0.352059 12.566700
0.352408 29.275700
0.352756 20.303500
0.353105 30.043600
0.353454 10.669700
0.353803 80.440100
0.354152 6.132170
0.354501 37.970700
0.354850 6.527070
0.355199 52.548400
0.355548 12.539800
0.355897 55.039900
0.356246 20.868800
0.356595 7.577490
0.356943 16.356800
0.357292 39.588600
0.357641 38.280300
0.357990 24.154500
0.358339 7.857350
0.358688 81.712400
0.359037 44.169200
0.359386 11.919400
0.359735 8.880160
0.360084 77.672600
0.360433 27.278100
0.360782 7.866530
0.361130 29.911500
0.361479 13.813400
0.361828 8.040180
0.362177 24.999200
0.362526 17.603500
0.362875 37.328200
0.363224 30.078700
0.363573 13.283200
0.363922 61.210100
0.364271 84.932200
0.364620 34.848900
0.364969 30.750300
0.365666 36.436500
0.366015 6.997270
0.366364 14.067800
0.366713 14.369400
0.367062 55.652000
0.367411 23.613600
0.367760 9.968700
0.368109 7.165360
0.368458 24.139700
0.368807 47.549000
0.369156 12.369800
0.369505 55.532400
0.369853 36.918000
0.370202 14.330700
0.370551 6.689970
0.370900 18.388000
0.371249 21.401300
0.371598 20.003700
0.371947 8.743580
0.372296 8.644300
0.372645 10.230400
0.372994 49.015000
0.373343 23.622600
0.373692 6.509600
0.374040 5.518400
0.374389 22.697100
0.374738 44.618500
0.375087 33.222800
0.375436 7.253400
0.375785 55.541900
0.376134 12.657400
0.376483 2.095650
0.376832 25.475000
0.377181 35.247300
0.377530 15.806700
0.377879 87.266300
0.378227 14.813400
0.378576 44.056200
0.378925 26.460600
0.379274 30.722300
0.379623 9.579330
0.379972 15.697500
0.380321 10.340400
0.380670 6.573920
0.381019 37.589000
0.381368 18.281200
0.381717 51.579300
0.382066 11.226400
0.382415 8.395160
0.382763 7.559440
0.383112 6.557910
0.383461 5.557880
0.383810 29.730600
0.384159 30.058600
0.384508 10.783600
0.384857 6.451200
0.385206 6.281380
0.385555 62.581400
0.385904 15.120400
0.386253 44.400600
0.386602 39.568000
0.386950 35.875500
0.387299 10.113100
0.387648 23.023500
0.387997 16.737500
0.388346 38.603700
0.388695 1.786180
0.389044 8.610130
0.389393 36.166900
0.389742 71.293500
0.390091 26.582500
0.391835 11.312900
0.392184 6.625950
0.392533 34.518800
0.392882 10.197600
0.393231 32.478100
0.393580 5.674410
0.393929 16.513300
0.394278 62.408200
0.394627 5.106190
0.395324 69.269400
0.395673 13.391100
0.396022 9.287770
0.396371 20.506600
0.396720 2.069040
0.397069 28.134300
0.397418 44.650200
0.397767 8.509700
0.398116 10.302000
0.398465 43.018600
0.398814 1.717320
0.399163 3.094000
0.399512 25.993900
0.399860 24.056000
0.400209 29.637700
0.400558 38.306100
0.400907 19.691900
0.401256 3.625340
0.401605 60.211800
0.401954 24.517800
0.402303 43.121100
0.402652 6.904750
0.403001 35.977500
0.403350 9.185830
0.403699 7.201950
0.404047 15.407200
0.404396 6.874110
0.404745 19.834500
0.405094 23.918000
0.405443 17.604300
0.405792 66.111600
0.406141 4.813510
0.406490 14.414500
0.406839 21.100500
0.407188 62.398500
0.407537 89.755300
0.407886 28.272300
0.408234 15.910700
0.408583 10.705300
0.408932 4.502910
0.409281 66.536000
0.409630 41.738700
0.409979 8.429250
0.410328 7.959040
0.410677 9.259820
0.411026 6.487050
0.411375 7.623070
0.411724 10.082700
0.412073 17.092700
0.412421 14.487300
0.412770 37.280700
0.413119 16.738000
0.413468 56.998600
0.413817 16.040800
0.414166 11.017600
0.414515 18.438800
0.414864 18.164400
0.415213 20.218900
0.415562 42.814700
0.415911 31.352400
0.416260 25.931300
0.416609 10.821200
0.416957 11.033300
0.417306 17.786100
0.417655 43.761000
0.418004 39.352100
0.418353 7.440340
0.418702 20.186400
0.419051 34.303900
0.419400 9.597780
0.419749 44.178500
0.420098 6.598530
0.420447 65.030400
0.420796 31.876000
0.421144 41.346500
0.421493 13.725200
0.421842 22.108900
0.422191 5.530000
0.422540 7.591860
0.422889 52.895800
0.423238 57.511700
0.423587 2.888180
0.423936 51.708100
0.424285 13.020600
0.424634 17.148900
0.424983 18.568100
0.425331 20.577200
0.425680 36.695300
0.426029 9.382840
0.426378 25.834100
0.426727 18.253400
0.427076 8.298600
0.427425 37.550900
0.427774 50.893100
0.428123 7.145640
0.428472 57.140500
0.428821 27.908800
0.429170 16.005300
0.429518 16.950200
0.429867 10.998700
0.430216 18.521800
0.430565 8.380330
0.430914 72.971700
0.431263 29.178600
0.431612 6.083220
0.431961 15.019400
0.432310 37.431200
0.432659 26.252200
0.433008 6.440140
0.433357 19.278400
0.433706 13.667000
0.434054 21.178600
0.434403 26.215100
0.434752 23.720100
0.435101 26.117400
0.435450 43.192400
0.435799 18.387800
0.436148 18.064800
0.436497 14.585100
0.436846 77.768500
0.437195 16.473700
0.437544 10.355700
0.437893 4.958510
0.438241 8.460630
0.438590 34.611400
0.438939 28.129400
0.439288 22.960100
0.439637 38.183100
0.439986 10.988600
0.440335 80.771300
0.440684 3.590290
0.441033 87.533000
0.441382 7.973260
0.441731 15.797900
0.442080 7.881760
0.442428 17.709600
0.442777 34.731700
0.443126 6.506900
0.443475 42.177500
0.443824 33.094500
0.444173 44.780200
0.444522 6.176280
0.444871 6.185290
0.445220 9.692500
0.445569 60.988300
0.445918 31.904100
0.446267 13.586300
0.446615 6.251160
0.446964 46.658900
0.447313 25.904700
0.447662 30.452200
0.448011 42.094700
0.448360 6.156680
0.448709 33.690500
0.449058 23.052100
0.449407 6.344160
0.449756 11.923000
0.450105 32.893500
0.450454 39.142800
0.450803 19.405100
0.451151 7.181700
0.451500 65.238100
0.451849 71.497800
0.452198 26.768200
0.452547 28.829600
0.452896 65.974600
0.453245 16.796200
0.453594 23.187000
0.453943 23.981800
0.454292 24.236800
0.454641 11.097700
0.454990 5.546170
0.455338 45.281500
0.455687 22.331300
0.456036 59.625100
0.456385 25.633600
0.456734 41.936000
0.457083 42.480100
0.457432 7.396180
0.457781 25.018500
0.458130 39.540300
0.458479 26.026800
0.458828 6.107740
0.459177 78.936300
0.459525 42.645300
0.459874 34.683800
0.460223 9.252890
0.460572 8.845570
0.460921 6.530700
0.461270 18.762900
0.461619 18.849700
0.461968 18.875800
0.462317 20.061300
0.462666 5.528100
0.463015 16.221900
0.463364 36.026600
0.463712 1.941940
0.464061 7.758430
0.464410 17.907800
0.464759 24.944900
0.465108 34.558700
0.465457 21.823600
0.465806 37.062900
0.466155 14.933000
0.466504 32.388800
0.466853 9.665570
0.467202 64.205500
0.467551 4.967370
0.467900 3.031930
0.468248 19.806900
0.468597 5.891640
0.468946 37.263500
0.469295 9.032790
0.469644 15.304200
0.469993 43.173100
0.470342 11.542300
0.470691 3.627760
0.471040 52.241800
0.471389 8.424880
0.471738 57.668100
0.472087 22.734400
0.472435 14.440800
0.472784 22.538900
0.473133 17.999500
0.473482 22.815700
0.473831 18.665600
0.474180 38.104700
0.474529 15.765700
0.474878 13.738600
0.475227 11.826500
0.475576 53.801000
0.475925 53.806900
0.476274 10.005700
0.476622 8.135020
0.476971 3.633440
0.477320 27.858200
0.477669 3.325240
0.478018 47.015300
0.478367 20.553300
0.478716 17.203300
0.479065 18.553400
0.479414 20.134500
0.479763 23.040200
0.480112 21.708000
0.480461 24.118300
0.480809 7.848860
0.481158 30.140500
0.481507 23.640900
0.481856 21.149500
0.482205 10.133100
0.482554 30.379500
0.482903 22.433300
0.483252 31.175300
0.483601 18.371500
0.483950 8.618800
0.484299 1.731880
0.484648 33.256300
0.484997 33.885100
0.485345 4.616870
0.485694 15.388500
0.486043 54.234400
0.486392 46.308900
0.486741 26.521000
0.487090 11.772300
0.487439 32.279500
0.487788 23.348900
0.488137 9.685920
0.488486 62.795300
0.488835 6.922980
0.489184 48.140000
0.489532 15.731000
0.489881 88.451600
0.490230 59.000400
0.490579 25.590300
0.490928 11.657400
0.491277 10.797300
0.491626 3.409720
0.491975 12.474600
0.492324 41.895400
0.492673 3.850800
0.493022 11.456000
0.493371 9.121580
0.493719 5.211130
0.494068 7.448340
0.494417 16.833500
0.494766 22.202400
0.495115 25.548700
0.495464 6.055880
0.495813 18.146100
0.496162 13.031000
0.496511 7.323930
0.496860 17.395500
0.497209 6.545430
0.497558 18.418200
0.497906 11.304800
0.498255 16.621100
0.498604 21.062100
0.498953 6.659880
0.499302 9.293700
0.499651 5.450240
0.500000 43.973200
0.500349 24.214200
0.500698 8.864510
0.501047 1.702480
0.501396 53.215500
0.501745 38.043400
0.502094 10.318700
0.502442 13.047700
0.502791 8.075120
0.503140 13.740700
0.503489 25.242700
0.503838 70.783300
0.504187 8.727580
0.504536 61.730500
0.504885 6.349050
0.505234 9.166250
0.505583 4.283780
0.505932 12.270500
0.506281 7.379410
0.506629 18.401400
0.506978 24.882000
0.507327 8.247180
0.507676 49.511200
0.508025 38.516200
0.508374 13.129700
0.508723 6.611120
0.509072 7.307210
0.509421 37.818700
0.509770 54.088900
0.510119 44.144400
0.510468 8.120540
0.510816 44.830100
0.511165 18.370100
0.511514 26.809700
0.511863 53.749100
0.512212 13.548400
0.512561 61.973400
0.512910 54.819800
0.513259 51.711900
0.513608 27.527300
0.513957 65.303600
0.514306 38.564000
0.514655 19.711600
0.515003 48.633500
0.515352 9.669090
0.515701 3.484020
0.516050 32.148600
0.516399 35.894400
0.516748 5.284540
0.517097 74.775300
0.517446 56.870400
0.517795 59.563600
0.518144 6.311780
0.518493 18.755800
0.518842 21.278000
0.519191 6.112750
0.519539 4.985510
0.519888 26.510800
0.520237 43.165600
0.520586 29.599400
0.520935 39.962000
0.521284 14.215500
0.521633 8.449880
0.521982 22.534600
0.522331 22.113400
0.522680 31.690400
0.523029 27.362700
0.523378 8.205870
0.523726 45.843500
0.524075 2.292550
0.524424 6.672100
0.524773 35.892000
0.525122 53.242900
0.525471 21.945300
0.525820 3.798680
0.526169 57.003700
0.526518 33.841500
0.526867 58.363300
0.527216 46.687400
0.527565 13.641300
0.527913 11.963800
0.528262 38.880100
0.528611 34.242800
0.528960 30.007700
0.529309 5.568500
0.529658 11.262300
0.530007 25.473200
0.530356 69.211600
0.530705 7.657250
0.531054 15.247200
0.531403 6.422570
0.531752 11.392500
0.532100 18.737300
0.532449 24.257600
0.532798 30.607400
0.533147 10.168900
0.533496 6.721550
0.533845 17.925300
0.534194 6.947260
0.534543 10.126700
0.534892 21.345200
0.535241 13.645400
0.535590 12.997000
0.535939 40.065100
0.536288 42.065000
0.536636 22.738200
0.536985 80.382700
0.537334 65.049700
0.537683 6.399470
0.538032 11.481100
0.538381 22.236300
0.538730 78.573800
0.539079 30.612200
0.539428 42.689300
0.539777 33.885500
0.540126 9.006240
0.540475 10.097500
0.540823 18.518300
0.541172 73.608500
0.541521 4.632240
0.541870 19.797200
0.542219 34.203900
0.542568 43.382000
0.542917 5.152470
0.543266 6.119630
0.543615 22.460400
0.543964 8.900070
0.544313 3.403280
0.544662 40.335600
0.545010 26.306100
0.545359 92.988800
0.545708 8.581460
0.546057 22.512700
0.546406 23.400800
0.546755 46.632300
0.547104 19.046300
0.547453 53.955400
0.547802 7.767150
0.548151 21.473000
0.548500 18.264400
0.548849 5.939180
0.549197 17.047100
0.549546 14.026400
0.549895 12.233600
0.550244 32.486100
0.550593 17.618600
0.550942 16.355900
0.551291 33.695700
0.551640 19.824800
0.551989 11.071400
0.552338 45.898300
0.552687 22.394000
0.553036 9.338870
0.553385 7.617160
0.553733 50.382300
0.554082 49.344900
0.554431 13.557600
0.554780 14.644900
0.555129 5.513540
0.555827 19.714500
0.556176 20.806300
0.556525 6.436140
0.556874 37.095300
0.557223 54.074200
0.557572 14.385600
0.557920 4.008910
0.558269 16.226600
0.558618 9.472870
0.558967 4.377690
0.559316 27.316400
0.559665 6.224860
0.560014 42.641200
0.560363 49.091900
0.560712 39.550500
0.561061 45.347400
0.561410 27.903300
0.561759 11.536300
0.562107 15.789800
0.562456 48.997200
0.562805 14.299000
0.563154 5.610040
0.563503 7.606370
0.563852 27.940200
0.564201 9.849360
0.564550 7.932930
0.564899 82.546800
0.565248 36.796300
0.565597 18.047200
0.565946 4.859890
0.566294 47.341400
0.566643 8.378710
0.566992 5.249820
0.567341 17.042400
0.567690 49.394100
0.568039 7.673650
0.568388 16.619400
0.568737 45.832200
0.569086 45.260500
0.569435 13.369100
0.569784 16.849700
0.570133 29.820100
0.570482 30.497200
0.570830 15.734300
0.571179 9.621300
0.571528 9.026470
0.571877 21.385600
0.572226 17.842400
0.572575 27.453300
0.572924 28.705400
0.573273 13.810500
0.573622 52.678500
0.573971 8.089210
0.574320 5.344240
0.574669 28.044500
0.575017 25.002200
0.575366 11.516200
0.575715 54.023000
0.576064 6.547670
0.576413 32.382200
0.576762 19.412700
0.577111 4.796120
0.577460 27.561400
0.577809 64.485200
0.578158 11.424500
0.578507 22.366200
0.578856 7.092890
0.579204 5.924840
0.579553 15.662200
0.579902 45.919400
0.580251 49.846300
0.580600 3.665960
0.580949 4.423220
0.581298 4.655610
0.581647 5.160800
0.581996 89.403700
0.582345 1.111790
0.582694 22.648000
0.583043 10.563800
0.583391 9.086000
0.583740 36.744300
0.584089 79.294600
0.584438 8.974390
0.584787 20.373600
0.585136 8.581980
0.585485 6.941680
0.585834 16.696000
0.586183 4.986340
0.586532 12.519600
0.586881 4.237390
0.587230 35.983500
0.587579 35.580800
0.587927 12.842500
0.588276 63.138500
0.588625 16.109600
0.588974 23.394900
0.589323 14.611500
0.589672 55.046700
0.590021 6.785820
0.590370 14.698000
0.590719 3.250250
0.591068 5.369700
0.591417 2.610330
0.591766 24.069600
0.592114 1.025320
0.592463 11.457700
0.592812 5.602060
0.593161 12.452500
0.593510 80.660200
0.593859 15.217600
0.594208 10.602200
0.594557 14.842300
0.594906 10.469900
0.595255 4.457640
0.595604 7.016420
0.595953 44.460800
0.596301 12.477800
0.596650 54.307100
0.596999 17.135600
0.597348 34.148500
0.597697 2.532910
0.598046 54.663800
0.598395 4.505320
0.598744 18.052800
0.599093 42.862300
0.599442 28.799600
0.599791 36.137100
0.600140 26.091600
0.600488 47.666500
0.600837 61.368400
0.601186 20.262700
0.601535 6.928800
0.601884 33.580000
0.602233 32.272900
0.602582 7.269030
0.602931 14.389700
0.603280 9.342270
0.603629 8.805680
0.603978 9.132630
0.604327 7.251970
0.604676 31.076200
0.605024 16.094300
0.605373 30.005400
0.605722 45.616100
0.606071 9.064860
0.606420 8.147350
0.606769 22.111100
0.607118 13.881500
0.607467 7.820330
0.607816 14.877600
0.608165 9.547490
0.608514 4.911310
0.608863 2.205020
0.609211 12.842800
0.609560 60.071500
0.609909 17.198700
0.610258 8.778720
0.610607 3.255970
0.610956 35.231800
0.611305 29.578800
0.611654 27.150600
0.612003 26.218700
0.612352 13.508000
0.612701 20.166200
0.613050 4.966410
0.613398 24.600600
0.613747 8.254320
0.614096 31.295300
0.614445 64.843800
0.614794 17.232100
0.615143 33.057100
0.615492 6.490370
0.615841 8.600640
0.616190 74.467200
0.616539 4.095290
0.616888 50.373900
0.617237 24.290900
0.617585 68.288400
0.617934 32.515000
0.618283 48.601000
0.618632 19.571800
0.618981 22.174300
0.619330 66.722800
0.619679 6.056420
0.620028 84.003300
0.620377 4.137200
0.620726 9.106450
0.621075 12.916200
0.621424 77.107600
0.621773 75.735500
0.622121 45.613800
0.622470 51.838100
0.622819 10.055200
0.623168 54.177000
0.623517 46.294000
0.623866 67.245200
0.624215 23.875700
0.624564 10.645700
0.624913 33.363300
0.625262 8.233640
0.625611 11.878000
0.625960 9.183490
0.626308 23.581500
0.626657 9.592060
0.627006 50.649100
0.627355 8.651280
0.627704 8.556990
0.628053 27.717000
0.628402 19.676800
0.628751 52.585600
0.629100 13.182500
0.629449 23.370800
0.629798 7.324490
0.630147 35.689900
0.630495 32.502900
0.630844 14.927000
0.631193 27.782300
0.631542 8.406520
0.631891 59.386800
0.632240 10.918300
0.632589 22.379200
0.632938 10.719400
0.633287 11.688600
0.633636 42.382900
0.633985 10.101000
0.634334 38.846600
0.634682 69.840900
0.635031 33.313900
0.635380 14.610200
0.635729 6.662200
0.636078 7.612240
0.636427 14.386100
0.636776 13.953700
0.637125 3.386980
0.637474 33.344300
0.637823 23.052800
0.638172 9.375260
0.638521 5.250620
0.638870 1.925360
0.639218 67.417000
0.639567 70.769600
0.639916 9.425300
0.640265 24.964300
0.640614 11.122700
0.640963 40.253800
0.641312 21.782300
0.641661 5.913200
0.642010 3.986570
0.642359 11.959400
0.642708 14.955300
0.643057 43.227000
0.643405 34.280400
0.643754 9.200120
0.644103 3.008350
0.644452 5.009340
0.644801 48.991900
0.645150 34.792800
0.645499 47.839100
0.645848 46.305900
0.646197 5.253320
0.646546 9.290630
0.646895 24.795200
0.647244 9.264130
0.647592 22.646000
0.647941 9.752170
0.648290 23.786300
0.648639 10.609100
0.648988 27.752500
0.649337 80.200100
0.649686 20.195900
0.650035 68.071700
0.650384 1.936220
0.650733 23.497300
0.651082 9.202620
0.651431 25.507700
0.651779 36.996900
0.652128 11.716000
0.652477 18.124600
0.652826 10.058300
0.653175 35.831700
0.653524 5.620510
0.653873 3.639890
0.654222 9.715940
0.654571 6.102250
0.654920 22.151700
0.655269 16.934900
0.655618 24.302300
0.655967 14.293800
0.656315 22.902300
0.656664 16.392200
0.657013 8.300930
0.657362 52.435200
0.657711 3.297730
0.658060 7.976540
0.658409 4.848460
0.658758 35.676500
0.659107 7.143710
0.659456 39.643900
0.659805 33.542300
0.660154 9.495950
0.660502 14.223900
0.660851 65.276500
0.661200 7.994750
0.661549 10.736800
0.661898 52.766400
0.662247 9.285210
0.662596 39.026700
0.662945 7.418090
0.663294 8.690790
0.663643 8.510110
0.663992 48.164200
0.664341 15.639800
0.664689 14.858500
0.665038 13.566400
0.665387 32.737100
0.665736 13.843900
0.666085 21.773400
0.666434 23.502200
0.666783 13.075700
0.667132 9.400460
0.667481 4.572110
0.667830 4.050570
0.668179 40.467300
0.668528 34.604400
0.668876 4.154970
0.669225 10.489200
0.669574 8.844700
0.669923 7.602110
0.670272 10.082300
0.670621 58.996300
0.670970 22.900300
0.671319 29.184300
0.671668 13.806300
0.672017 16.305000
0.672366 38.345800
0.672715 11.553100
0.673064 26.523200
0.673412 7.168210
0.673761 6.455520
0.674110 46.941500
0.674459 56.977600
0.674808 10.721900
0.675157 24.921100
0.675506 4.030110
0.675855 38.087000
0.676204 7.325280
0.676553 15.656500
0.676902 19.463400
0.677251 29.640500
0.677599 3.289270
0.677948 10.146400
0.678297 41.479500
0.678646 54.568600
0.678995 10.062700
0.679344 17.659800
0.679693 55.862600
0.680042 27.282700
0.680391 25.750100
0.680740 50.207700
0.681089 18.455300
0.681438 13.386200
0.681786 26.134700
0.682135 52.489500
0.682484 10.285000
0.682833 9.423310
0.683182 46.051700
0.683531 20.587600
0.683880 67.153400
0.684229 15.007300
0.684578 19.585900
0.684927 28.274500
0.685276 6.414230
0.685625 18.972600
0.685973 61.631900
0.686322 25.267600
0.686671 6.164430
0.687020 87.249000
0.687369 25.566200
0.687718 21.544600
0.688067 18.265600
0.688416 17.245600
0.688765 28.234400
0.689114 9.112070
0.689463 57.476600
0.689812 25.971000
0.690161 65.852900
0.690509 13.695700
0.690858 16.081000
0.691207 40.878500
0.691556 37.138600
0.691905 1.703270
0.692254 7.099860
0.692603 22.896200
0.692952 8.033320
0.693301 2.682330
0.693650 9.981950
0.693999 35.668000
0.694348 33.445800
0.694696 24.409100
0.695045 37.190100
0.695394 18.462100
0.695743 15.316400
0.696092 28.652000
0.696441 20.752900
0.696790 12.794900
0.697139 24.569900
0.697488 9.396310
0.697837 70.570500
0.698186 14.831600
0.698535 7.722300
0.698883 9.815630
0.699232 70.498400
0.699581 5.280380
0.699930 6.934510
0.700279 16.280300
0.700628 5.186270
0.700977 11.651200
0.701326 27.628900
0.701675 31.475200
0.702024 67.464800
0.702373 23.029900
0.702722 16.343600
0.703070 21.269900
0.703419 55.613400
0.703768 35.498200
0.704117 42.765900
0.704466 21.491200
0.704815 43.190700
0.705164 48.748500
0.705513 50.580200
0.705862 29.120700
0.706211 15.957600
0.706560 7.498280
0.706909 34.654400
0.707258 64.904200
0.707606 37.612000
0.707955 19.334300
0.708304 64.886700
0.708653 26.253300
0.709002 58.666100
0.709351 28.415100
0.709700 10.304700
0.710049 8.792340
0.710398 55.685500
0.710747 6.793010
0.711096 32.050500
0.711445 18.294800
0.711793 8.272530
0.712142 9.136430
0.712491 67.666400
0.712840 8.313170
0.713189 10.611100
0.713538 23.066400
0.713887 23.272000
0.714236 50.757300
0.714585 49.075000
0.714934 40.867800
0.715283 56.268800
0.715632 41.092000
0.715980 8.230590
0.716329 9.215070
0.716678 7.468690
0.717027 38.865400
0.717376 9.153180
0.717725 30.109800
0.718074 6.502920
0.718423 7.457030
0.718772 9.158760
0.719121 34.932700
0.719470 2.042560
0.719819 7.411600
0.720167 11.076100
0.720516 21.249000
0.720865 6.594080
0.721214 21.096700
0.721563 24.606700
0.721912 40.489200
0.722261 23.691500
0.722610 32.274400
0.722959 15.840700
0.723308 8.586930
0.723657 59.050100
0.724006 9.623300
0.724355 5.757820
0.724703 19.994600
0.725052 50.746000
0.725401 26.006800
0.725750 25.422100
0.726099 56.082800
0.726448 26.686700
0.726797 50.779700
0.727146 21.475300
0.727495 8.050710
0.727844 9.972380
0.728193 6.474340
0.728542 8.529100
0.728890 5.585750
0.729239 27.868200
0.729588 9.330990
0.729937 9.023250
0.730286 34.028800
0.730635 7.914750
0.730984 9.368350
0.731333 19.541100
0.731682 13.388400
0.732031 38.973800
0.732380 7.744190
0.732729 6.014920
0.733077 39.877600
0.733426 12.718900
0.733775 12.036500
0.734124 29.589500
0.734473 27.269900
0.734822 19.590000
0.735171 30.729600
0.735520 13.306900
0.735869 26.462600
0.736218 61.961600
0.736567 6.319690
0.736916 67.880900
0.737264 47.895900
0.737613 17.509300
0.737962 12.973800
0.738311 27.432100
0.738660 16.484700
0.739009 24.140000
0.739358 3.360920
0.739707 7.920340
0.740056 22.004300
0.740405 1.963920
0.740754 7.845070
0.741103 23.014500
0.741452 20.491400
0.741800 6.638880
0.742149 18.099000
0.742498 9.051540
0.742847 40.146400
0.743196 9.001900
0.743545 34.051800
0.743894 5.227740
0.744243 1.675690
0.744592 1.847400
0.744941 8.528070
0.745290 27.481100
0.745639 21.554700
0.745987 3.649560
0.746336 21.566600
0.746685 24.077000
0.747034 28.076500
0.747383 45.680700
0.747732 33.869200
0.748081 19.746500
0.748430 12.363600
0.748779 6.103130
0.749128 32.969600
0.749477 28.518800
0.749826 27.488300
0.750174 45.253300
0.750523 5.327270
0.750872 14.937600
0.751221 9.401880
0.751570 14.842400
0.751919 14.945200
0.752268 31.151000
0.752617 6.651540
0.752966 23.875900
0.753315 12.845500
0.753664 44.787900
0.754013 7.231380
0.754361 9.727410
0.754710 4.469610
0.755059 3.153970
0.755408 39.522300
0.755757 5.152060
0.756106 44.698200
0.756455 13.908500
0.756804 5.245600
0.757153 17.590700
0.757502 10.064600
0.757851 7.608130
0.758200 64.836100
0.758548 28.553900
0.758897 29.154600
0.759246 30.313900
0.759595 8.130570
0.759944 39.297200
0.760293 32.355200
0.760642 7.323250
0.760991 37.789200
0.761340 6.139520
0.761689 35.102300
0.762038 6.024250
0.762387 15.605800
0.762736 8.096100
0.763084 10.614300
0.763433 15.287200
0.763782 19.895400
0.764131 13.737400
0.764480 21.109100
0.764829 30.867000
0.765178 6.977170
0.765527 25.574900
0.765876 19.341600
0.766225 26.095900
0.766574 12.778600
0.766923 6.906710
0.767271 13.155100
0.767620 10.970700
0.767969 10.036800
0.768318 10.439100
0.768667 56.835400
0.769016 71.201800
0.769365 67.616500
0.769714 38.841200
0.770063 14.174700
0.770412 26.289500
0.770761 8.187530
0.771110 10.272800
0.771458 34.772800
0.771807 15.300000
0.772156 41.885400
0.772505 15.418100
0.772854 9.512770
0.773203 18.631000
0.773552 10.275300
0.773901 8.082070
0.774250 9.480670
0.774599 38.484300
0.774948 21.402800
0.775297 15.195300
0.775645 12.084800
0.775994 9.679730
0.776343 12.989700
0.776692 22.283300
0.777041 10.796400
0.777390 31.173200
0.777739 16.779700
0.778088 5.732640
0.778437 2.469910
0.778786 51.183800
0.779135 39.551900
0.779484 6.026310
0.779833 43.750200
0.780181 43.880000
0.780530 10.697600
0.780879 14.470300
0.781228 11.523700
0.781577 33.019000
0.781926 6.373030
0.782275 4.400650
0.782624 37.742000
0.782973 5.987450
0.783322 1.510520
0.783671 7.666000
0.784020 22.757400
0.784368 17.965300
0.784717 36.123300
0.785066 39.532200
0.785415 23.629400
0.785764 30.189700
0.786113 7.789690
0.786462 11.452600
0.786811 13.511200
0.787160 14.077600
0.787509 26.207700
0.787858 12.472200
0.788207 49.062400
0.788555 15.645800
0.788904 7.472400
0.789253 15.710000
0.789602 24.153600
0.789951 20.463100
0.790300 69.128900
0.790649 19.518200
0.790998 56.187100
0.791347 5.500870
0.791696 13.607500
0.792045 55.284200
0.792394 11.591300
0.792742 38.661700
0.793091 44.646900
0.793440 46.325500
0.793789 8.313720
0.794138 24.381900
0.794487 51.660800
0.794836 13.718600
0.795185 23.632700
0.795534 16.869600
0.795883 13.331100
0.796232 22.352600
0.796581 29.955800
0.796930 8.265580
0.797278 16.441300
0.797627 25.174700
0.797976 35.847500
0.798325 13.242800
0.798674 9.781360
0.799023 37.531700
0.799372 33.444700
0.799721 60.409800
0.800070 11.378800
0.800419 33.622200
0.800768 25.966900
0.801117 24.349300
0.801465 14.279900
0.801814 7.181430
0.802163 53.071700
0.802512 38.547500
0.802861 48.243400
0.803210 21.524200
0.803559 14.263600
0.803908 33.299100
0.804257 8.376310
0.804606 44.479000
0.804955 40.156800
0.805304 7.834110
0.805652 37.618100
0.806001 68.516800
0.806350 20.828900
0.806699 4.922410
0.807048 44.253900
0.807397 23.279200
0.807746 47.623300
0.808095 42.808600
0.808444 11.174200
0.808793 3.491380
0.809142 27.888500
0.809491 8.013830
0.809839 4.568710
0.810188 13.837000
0.810537 28.213600
0.810886 51.200200
0.811235 31.674500
0.811584 17.762800
0.811933 2.219760
0.812282 45.042700
0.812631 38.908300
0.812980 52.985000
0.813329 19.340800
0.813678 3.166060
0.814027 24.829200
0.814375 16.668600
0.814724 12.951300
0.815073 2.666580
0.815422 25.768200
0.815771 86.653300
0.816120 6.095270
0.816469 27.100800
0.816818 16.273600
0.817167 10.988300
0.817516 2.880630
0.817865 17.459100
0.818214 44.403700
0.818562 23.988200
0.818911 48.204200
0.819260 38.552900
0.819609 48.121000
0.819958 18.231900
0.820307 34.875200
0.820656 48.807300
0.821005 20.977800
0.821354 24.870100
0.821703 7.936670
0.822052 18.620500
0.822401 23.157100
0.822749 14.043400
0.823098 60.838400
0.823447 31.514000
0.823796 28.613700
0.824145 12.586200
0.824494 44.318100
0.824843 58.384400
0.825192 54.293800
0.825541 20.243300
0.825890 7.281670
0.826239 36.251300
0.826588 5.140870
0.826936 3.477380
0.827285 49.779100
0.827634 6.287320
0.827983 33.422400
0.828332 21.639200
0.828681 51.072300
0.829030 14.180400
0.829379 31.466700
0.829728 53.995900
0.830077 20.263500
0.830426 17.087500
0.830775 32.603900
0.831124 12.516400
0.831472 52.534000
0.831821 13.955700
0.832170 6.631130
0.832519 21.567500
0.832868 54.402200
0.833217 4.643630
0.833566 18.924000
0.833915 3.017840
0.834264 69.627700
0.834613 3.233370
0.834962 25.500600
0.835311 80.570200
0.835659 52.285400
0.836008 9.579910
0.836357 40.504700
0.836706 10.071800
0.837055 29.553800
0.837404 84.821600
0.837753 21.186300
0.838102 39.591600
0.838451 7.954160
0.838800 41.095100
0.839149 6.615910
0.839498 17.163900
0.839846 27.418800
0.840195 1.961500
0.840544 8.558430
0.840893 5.540100
0.841242 10.320500
0.841591 27.453700
0.841940 36.234500
0.842289 9.791090
0.842638 9.946270
0.842987 24.572400
0.843336 16.071900
0.843685 22.192200
0.844033 12.684300
0.844382 64.423000
0.844731 20.059300
0.845080 82.161100
0.845429 9.545160
0.845778 6.101070
0.846127 20.218500
0.846476 11.979300
0.846825 5.569430
0.847174 17.066500
0.847523 13.754900
0.847872 6.325330
0.848221 8.776500
0.848569 32.285000
0.848918 33.536600
0.849267 25.186800
0.849616 29.767500
0.849965 26.378000
0.850314 35.037300
0.850663 16.648000
0.851012 13.865100
0.851361 24.942900
0.851710 39.420000
0.852059 9.717770
0.852408 27.557000
0.852756 9.001580
0.853105 38.458800
0.853454 82.974200
0.853803 15.428200
0.854152 10.032600
0.854501 5.911480
0.854850 15.970200
0.855199 31.662700
0.855548 26.968200
0.855897 28.653800
0.856246 6.594460
0.856595 16.816400
0.856943 37.912700
0.857292 14.375300
0.857641 13.540900
0.857990 46.947400
0.858339 26.050600
0.858688 26.688400
0.859037 26.984200
0.859386 4.499430
0.859735 11.590300
0.860084 11.844700
0.860433 21.243800
0.860782 4.386930
0.861130 73.173300
0.861479 51.105200
0.861828 9.922250
0.862177 43.005500
0.862526 26.870300
0.862875 48.559500
0.863224 25.539300
0.863573 30.588700
0.863922 58.108800
0.864271 4.733670
0.864620 66.644700
0.864969 14.380300
0.865318 10.118500
0.865666 17.692200
0.866015 16.976900
0.866364 5.632430
0.866713 48.563800
0.867062 15.007200
0.867411 20.851000
0.867760 52.639900
0.868109 26.818300
0.868458 33.624700
0.868807 11.355700
0.869156 29.993300
0.869505 13.101300
0.869853 95.351700
0.870202 19.593600
0.870551 15.685600
0.870900 39.903900
0.871249 58.974400
0.871598 10.853400
0.871947 9.567950
0.872296 10.084600
0.872645 48.159200
0.872994 6.486530
0.873343 3.088980
0.873692 5.522160
0.874040 34.441900
0.874389 30.446200
0.874738 16.347400
0.875087 30.632000
0.875436 15.095700
0.875785 23.819000
0.876134 67.630300
0.876483 53.076100
0.876832 40.377100
0.877181 15.928600
0.877530 14.522400
0.877879 3.803080
0.878227 8.768280
0.878576 16.151900
0.878925 18.047500
0.879274 7.767570
0.879623 44.234700
0.879972 59.190500
0.880321 24.060300
0.880670 30.318600
0.881019 7.839510
0.881368 24.970000
0.881717 10.536900
0.882066 50.149200
0.882415 7.155260
0.882763 25.557300
0.883112 15.021400
0.883461 44.941000
0.883810 23.044900
0.884159 31.309500
0.884508 44.314800
0.884857 57.199900
0.885206 66.127900
0.885555 74.665200
0.885904 7.516850
0.886253 22.043800
0.886602 4.307110
0.886950 7.812400
0.887299 13.651300
0.887648 33.352700
0.887997 5.630360
0.888346 4.794730
0.888695 1.870430
0.889044 9.577800
0.889393 46.062900
0.889742 3.282360
0.890091 8.302000
0.890440 19.471200
0.890789 4.901620
0.891137 4.051800
0.891486 2.850780
0.891835 2.966030
0.892184 37.154300
0.892533 33.180100
0.892882 20.002600
0.893231 20.673800
0.893580 17.349400
0.893929 10.451300
0.894278 20.357000
0.894627 15.489000
0.894976 28.186200
0.895324 9.695870
0.895673 65.473600
0.896022 42.984700
0.896371 7.708460
0.896720 31.514500
0.897069 40.012500
0.897418 35.529400
0.897767 22.254700
0.898116 16.364400
0.898465 9.223230
0.898814 17.875400
0.899163 35.816200
0.899512 20.838900
0.899860 13.909900
0.900209 9.465880
0.900558 7.834530
0.900907 8.496500
0.901256 18.413700
0.901605 35.434500
0.901954 38.184600
0.902303 8.436790
0.902652 20.933600
0.903001 7.836890
0.903350 4.651360
0.903699 67.799000
0.904047 15.745000
0.904396 25.056300
0.904745 96.220400
0.905094 3.847480
0.905443 15.658800
0.905792 78.029200
0.906141 13.965300
0.906490 23.319500
0.906839 9.802690
0.907188 21.083500
0.907537 6.680900
0.907886 15.628800
0.908234 71.347100
0.908583 21.870800
0.908932 35.713800
0.909281 14.162100
0.909630 19.643400
0.909979 7.736140
0.910328 50.290800
0.910677 68.091200
0.911026 53.320700
0.911375 12.628500
0.911724 13.888400
0.912073 3.501720
0.912421 11.966900
0.912770 32.427800
0.913119 5.681840
0.913468 43.615200
0.913817 53.066700
0.914166 34.851100
0.914515 25.177500
0.914864 7.174160
0.915213 9.642920
0.915562 16.881100
0.915911 25.296400
0.916260 4.792680
0.916609 18.407500
0.916957 16.879500
0.917306 19.187700
0.917655 4.814080
0.918004 20.664600
0.918353 29.255300
0.918702 13.990000
0.919051 13.694200
0.919400 9.389710
0.919749 44.508100
0.920098 36.078100
0.920447 43.127700
0.920796 1.763880
0.921144 41.103700
0.921493 8.493530
0.921842 44.691500
0.922191 5.575390
0.922540 11.411200
0.922889 26.397200
0.923238 8.027220
0.923587 36.700900
0.923936 8.069780
0.924285 15.895000
0.924634 7.655420
0.924983 21.681300
0.925331 5.663770
0.925680 31.646800
0.926029 28.867600
0.926378 8.058380
0.926727 36.168500
0.927076 59.035100
0.927425 7.574880
0.927774 15.277000
0.928123 70.262100
0.928472 9.572280
0.928821 9.681650
0.929170 7.597680
0.929518 52.007200
0.929867 15.416500
0.930216 11.656900
0.930565 12.089800
0.930914 18.405800
0.931263 19.944800
0.931612 58.635700
0.931961 16.190100
0.932310 23.893600
0.932659 16.085700
0.933008 39.914100
0.933357 11.021700
0.933706 32.149200
0.934054 6.346560
0.934403 6.926300
0.934752 42.220300
0.935101 42.478100
0.935450 2.990760
0.935799 46.398700
0.936148 31.577300
0.936497 7.406750
0.936846 40.601600
0.937195 80.372200
0.937544 17.749700
0.937893 18.820500
0.938241 6.852350
0.938590 33.142700
0.938939 6.802370
0.939288 47.134900
0.939637 22.470400
0.939986 73.185900
0.940335 42.530300
0.940684 14.806800
0.941033 43.276800
0.941382 5.777140
0.941731 9.953600
0.942080 8.101290
0.942428 6.914610
0.942777 27.122600
0.943126 50.313500
0.943475 8.396110
0.943824 32.401500
0.944173 10.979200
0.944522 20.170400
0.944871 23.570500
0.945220 20.734800
0.945569 9.811660
0.945918 16.971400
0.946267 69.089000
0.946615 8.884280
0.946964 39.483900
0.947313 8.170950
0.947662 10.038800
0.948011 26.134900
0.948360 24.045500
0.948709 77.694200
0.949058 17.387000
0.949407 9.924470
0.949756 30.762800
0.950105 20.983500
0.950454 10.042800
0.950803 22.095900
0.951151 17.144700
0.951500 60.129000
0.951849 46.745900
0.952198 15.871300
0.952547 4.466850
0.952896 65.114200
0.953245 15.673800
0.953594 32.565700
0.953943 24.916700
0.954292 9.031080
0.954641 49.220500
0.954990 16.445100
0.955338 6.316820
0.955687 11.594800
0.956036 13.719300
0.956385 18.577100
0.956734 3.837150
0.957083 14.885100
0.957432 38.080600
0.957781 5.498840
0.958130 23.613300
0.958479 14.773400
0.958828 16.165800
0.959177 4.901430
0.959525 4.262620
0.959874 8.448070
0.960223 13.781300
0.960572 21.955300
0.960921 11.319600
0.961270 43.094300
0.961619 49.345900
0.961968 48.875500
0.962317 11.112200
0.962666 21.680900
0.963015 14.535900
0.963364 38.804700
0.963712 10.134900
0.964061 72.881800
0.964410 13.812200
0.964759 42.000200
0.965108 16.141600
0.965457 23.396600
0.965806 98.666700
0.966155 46.081600
0.966504 14.653800
0.966853 7.960090
0.967202 12.657100
0.967551 8.055720
0.967900 64.810400
0.968248 13.781200
0.968597 31.973400
0.968946 48.731400
0.969295 11.168100
0.969644 46.338600
0.969993 48.046400
0.970342 17.146300
0.970691 47.245300
0.971040 6.574520
0.971389 14.266800
0.971738 11.715200
0.972087 35.277600
0.972435 22.347000
0.972784 8.164330
0.973133 56.153700
0.973482 5.598050
0.973831 22.396200
0.974180 6.822830
0.974529 31.218500
0.974878 9.447490
0.975227 4.648440
0.975576 21.130700
0.975925 77.526400
0.976274 12.778300
0.976622 12.773700
0.976971 47.711600
0.977320 21.236100
0.977669 50.886200
0.978018 4.133630
0.978367 38.147400
0.978716 57.611100
0.979065 3.227820
0.979414 13.748100
0.979763 19.476900
0.980112 39.235300
0.980461 4.669000
0.980809 30.430000
0.981158 19.452800
0.981507 8.973360
0.981856 15.211000
0.982205 19.563800
0.982554 7.034210
0.982903 40.191700
0.983252 46.422200
0.983601 2.961090
0.983950 9.744100
0.984299 14.889800
0.984648 36.569100
0.984997 48.518900
0.985345 4.065060
0.985694 11.702200
0.986043 17.226700
0.986392 5.250530
0.986741 8.076290
0.987090 5.466780
0.987439 11.059500
0.987788 58.047700
0.988137 20.928300
0.988486 4.535600
0.988835 32.029900
0.989184 10.337300
0.989532 38.249900
0.989881 12.061500
0.990230 56.350800
0.990579 33.082900
0.990928 6.169870
0.991277 5.649540
0.991626 19.802200
0.991975 78.696700
0.992324 8.785410
0.992673 56.041700
0.993022 8.439010
0.993371 64.460600
0.993719 6.288310
0.994068 27.711600
0.994417 30.487700
0.994766 58.898100
0.995115 29.949100
0.995464 14.453300
0.995813 12.295700
0.996162 6.705570
0.996511 9.352950
0.996860 16.300800
0.997209 16.624200
0.997558 31.328100
0.997906 31.871200
0.998255 9.638970
0.998604 5.239790
0.998953 40.456300
0.999302 11.303800
0.999651 4.461820
1.000000 9.726940
