0.000199 73.131800
0.000398 16.852600
0.000597 22.569800
0.000796 8.218530
0.000995 34.727900
0.001194 20.394100
0.001393 24.351100
0.001592 32.168900
0.001791 11.456800
0.001990 5.798360
0.002189 16.126900
0.002389 66.328100
0.002588 1.806110
0.002787 49.673600
0.002986 36.313400
0.003185 8.738250
0.003384 17.367000
0.003583 33.095300
0.003782 16.456300
0.003981 17.837400
0.004180 38.979000
0.004379 22.861100
0.004578 27.536000
0.007763 11.312900
0.007962 2.812480
0.008161 17.383900
0.008360 76.862200
0.008559 22.467400
0.008758 9.323940
0.008957 17.929000
0.009156 2.852300
0.009355 24.739600
0.009554 12.114000
0.009753 75.455200
0.009952 2.455490
0.010151 3.494710
0.010350 8.113360
0.010549 8.403390
0.010748 5.103550
0.010947 34.284900
0.011146 25.195100
0.011346 58.918300
0.011545 17.286300
0.011744 26.712500
0.011943 17.536300
0.012142 46.942200
0.012341 32.722900
0.012540 33.943800
0.012739 17.645100
0.012938 69.816700
0.013137 18.316400
0.013336 9.083010
0.013535 47.443400
0.013734 11.217000
0.025677 9.691900
0.025876 57.507200
0.026075 74.215200
0.026274 14.513700
0.034435 59.483000
0.034634 9.487430
0.034833 38.268000
0.035032 6.534430
0.035231 14.491100
0.035430 22.350100
0.035629 19.641700
0.035828 27.598200
0.036027 10.207200
0.036226 13.060100
0.036425 45.809500
0.036624 56.027000
0.036823 6.188450
0.037022 52.011100
0.037221 47.008300
0.037420 5.901680
0.037619 8.415560
0.037818 5.542370
0.038018 15.102400
0.038217 21.062100
0.038416 8.454930
0.038615 82.941200
0.038814 8.932980
0.039013 40.508100
0.039212 52.150000
0.039411 44.518000
0.039610 7.971880
0.039809 5.508290
0.040008 8.549360
0.040207 12.586700
0.040406 5.295840
0.040605 18.978100
0.040804 7.722100
0.041003 37.943300
0.041202 37.686000
0.045979 58.116000
0.046178 7.653110
0.046377 24.542800
0.046576 12.428300
0.046775 6.576140
0.046975 29.985600
0.047174 40.234600
0.047373 21.237200
0.047771 4.814500
0.047970 53.007300
0.048169 51.574600
0.048368 73.144100
0.048567 60.947400
0.048766 78.560400
0.048965 47.677200
0.049164 34.738600
0.049363 8.243840
0.049562 55.884200
0.049761 25.069900
0.049960 23.947600
0.050159 8.017980
0.050358 45.795400
0.050557 78.782400
0.050756 29.149600
0.050955 38.993400
0.051154 21.483500
0.051354 32.306100
0.051553 21.830000
0.051752 15.427200
0.051951 26.473100
0.052150 32.146000
0.052349 10.089800
0.052548 18.555100
0.052747 7.427880
0.052946 71.462300
0.053145 43.545100
0.053344 5.879520
0.053543 13.252500
0.053742 8.130460
0.053941 6.376420
0.054140 38.505700
0.054339 5.748300
0.054538 23.899900
0.054737 40.244200
0.054936 22.090700
0.055135 18.070200
0.055334 14.085500
0.055533 26.612300
0.055732 34.323900
0.055932 4.741070
0.056131 10.747700
0.056330 15.258100
0.056529 13.551800
0.056728 5.262450
0.056927 8.448760
0.057126 12.483600
0.057325 64.706000
0.057524 89.246300
0.057723 23.727500
0.057922 17.656700
0.058121 6.771580
0.058320 42.783200
0.058519 9.132800
0.058718 18.624400
0.061903 9.958660
0.062102 18.823400
0.062301 6.019960
0.062500 10.370800
0.062699 93.485900
0.062898 22.684000
0.063097 7.015110
0.063296 16.949200
0.063495 39.892000
0.063694 40.697800
0.063893 38.183800
0.064092 36.914700
0.064291 80.327100
0.081409 8.389800
0.081608 19.987800
0.081807 37.466100
0.082006 44.327300
0.082205 9.974280
0.082404 9.515260
0.082604 78.225200
0.082803 10.384200
0.083002 18.695400
0.083201 82.376900
0.083400 10.022500
0.083599 12.006900
0.083798 27.044900
0.083997 25.287700
0.084196 11.419300
0.084395 57.813700
0.084594 61.862300
0.084793 27.735000
0.084992 8.848970
0.085191 8.976300
0.085390 32.366000
0.085589 45.392800
0.085788 12.392400
0.085987 22.195900
0.086186 13.651500
0.086385 1.791720
0.086584 13.106100
0.086783 6.254820
0.086982 61.766400
0.087182 3.644070
0.087381 19.515000
0.087580 14.577400
0.087779 54.842200
0.087978 6.116680
0.088177 27.793300
0.088376 5.342310
0.088575 22.880000
0.088774 46.070600
0.088973 81.247300
0.089172 10.986800
0.089371 63.862400
0.089570 32.197700
0.089769 52.908900
0.089968 50.310000
0.090167 69.573300
0.090366 13.878600
0.090565 26.075700
0.090764 43.690900
0.090963 13.651000
0.091162 10.649900
0.091361 17.057600
0.091561 21.367200
0.091959 11.784700
0.092158 16.904400
0.092357 33.201200
0.092556 53.743400
0.092755 42.502900
0.092954 33.720700
0.093153 10.496400
0.093352 6.250090
0.093551 77.397000
0.093750 8.742580
0.093949 8.207530
0.094148 43.710800
0.094347 13.955700
0.094546 33.441000
0.094745 8.863390
0.094944 14.405400
0.095143 28.849200
0.095342 8.136220
0.095541 19.398000
0.095740 34.716900
0.095939 5.995150
0.096139 21.632100
0.096338 7.191520
0.096537 35.226700
0.096736 35.449800
0.096935 22.883200
0.097134 48.313800
0.097333 6.890770
0.097532 6.491350
0.097731 27.801200
0.097930 13.338800
0.098129 61.999900
0.098328 25.027100
0.098527 13.294600
0.098726 5.585470
0.099124 10.120900
0.099323 69.802200
0.099522 16.033000
0.099721 7.930530
0.099920 3.943930
0.100119 25.535700
0.100318 20.994300
0.100518 10.792900
0.100717 10.722800
0.100916 11.602600
0.101115 7.232440
0.101314 13.978100
0.101513 16.871100
0.101712 29.795700
0.101911 18.399800
0.102110 16.408100
0.102309 52.527100
0.102508 29.848600
0.102707 18.612100
0.102906 10.636400
0.103105 6.297950
0.103304 3.781110
0.103503 34.192700
0.103702 16.229600
0.103901 12.402000
0.104100 23.241700
0.104299 51.149600
0.104498 11.841800
0.104697 2.996200
0.104896 22.194900
0.105096 6.652580
0.105295 7.833290
0.105494 20.991800
0.105693 58.132100
0.105892 4.850760
0.106091 8.005490
0.106290 30.716700
0.106489 57.208900
0.106688 2.912220
0.106887 18.662100
0.107086 10.511200
0.107285 26.171700
0.107484 1.766580
0.107683 22.792700
0.107882 24.410600
0.108081 43.509800
0.108280 19.817100
0.108479 7.648480
0.108678 43.858400
0.108877 8.068560
0.109076 42.660700
0.109275 9.031600
0.109475 10.935200
0.109674 59.427500
0.109873 37.728000
0.110072 30.254400
0.110271 21.200600
0.110470 6.911750
0.110669 47.208300
0.110868 20.170700
0.111067 22.013100
0.111266 20.176600
0.111465 11.826800
0.111664 36.707600
0.111863 15.913000
0.112062 57.945200
0.112261 18.739200
0.112460 8.826380
0.112659 4.590270
0.112858 3.117600
0.113057 15.266800
0.113256 8.030090
0.113455 46.010800
0.113654 35.873500
0.113854 55.552600
0.114053 6.808050
0.114252 70.211900
0.114451 20.298500
0.114650 35.742400
0.114849 19.009800
0.115048 9.048360
0.115247 12.511400
0.115446 15.648000
0.115645 12.360700
0.115844 12.204500
0.116043 10.518000
0.116242 25.523600
0.116441 57.678200
0.116640 14.028900
0.116839 18.995000
0.117038 73.897400
0.117237 19.888500
0.117436 6.376950
0.117635 5.093920
0.117834 8.088580
0.118033 4.977170
0.118232 4.523850
0.118432 12.914500
0.118631 31.488900
0.118830 26.869400
0.119029 7.625640
0.119228 10.484400
0.119427 31.312700
0.119626 20.063500
0.119825 10.457900
0.120024 5.627370
0.120223 11.865300
0.120422 42.758600
0.120621 10.895500
0.120820 26.661900
0.121019 39.304800
0.121218 18.082800
0.121417 50.966100
0.121616 4.027140
0.121815 60.082900
0.122014 6.216980
0.122213 63.612500
0.122412 5.661940
0.122611 10.069100
0.122811 19.090900
0.123010 26.984000
0.123209 41.263200
0.123408 12.366400
0.123607 12.325000
0.123806 1.950220
0.124005 13.110500
0.124204 8.428390
0.124403 53.012800
0.124602 38.511100
0.124801 55.217800
0.125000 7.589980
0.125199 13.008100
0.125398 25.178000
0.125597 9.064290
0.125796 4.392460
0.125995 21.870500
0.126194 29.521600
0.126393 12.165800
0.126592 8.153250
0.126791 25.937500
0.126990 25.478800
0.127189 50.205100
0.127389 4.885530
0.127588 2.936400
0.127787 8.537090
0.127986 27.755400
0.128185 6.557910
0.128384 40.774000
0.128583 58.913900
0.128782 7.351880
0.128981 25.013900
0.129180 6.364020
0.129379 14.398100
0.129578 48.133300
0.129777 27.380600
0.129976 8.387230
0.130175 6.995510
0.130374 42.235100
0.130573 1.440300
0.130772 55.251800
0.130971 6.317680
0.131170 6.441630
0.131369 30.182100
0.131568 30.715100
0.131768 7.741220
0.131967 24.503800
0.132166 57.684400
0.132365 14.415700
0.132564 37.518000
0.132763 13.870500
0.132962 8.670090
0.133161 23.021000
0.133360 64.331800
0.133559 42.113600
0.133758 7.835230
0.133957 32.268400
0.134156 24.904600
0.134355 35.838700
0.134554 39.711600
0.134753 16.654900
0.134952 26.385400
0.135151 37.532000
0.135350 43.530100
0.135748 16.338900
0.135947 43.133200
0.136146 9.598340
0.136346 21.119200
0.136545 16.224100
0.136744 34.068700
0.136943 79.785200
0.137142 11.788800
0.137341 10.824000
0.137540 17.488800
0.137739 49.409800
0.137938 34.478900
0.138137 14.516900
0.138336 8.753260
0.138535 23.253600
0.138734 7.387340
0.138933 7.360220
0.139132 51.963300
0.139331 23.257300
0.139530 23.404500
0.139729 56.773000
0.139928 1.878570
0.140127 21.846800
0.140326 25.172500
0.140525 35.785800
0.140725 57.293100
0.140924 10.706200
0.141123 5.799060
0.141322 36.247600
0.141521 8.406150
0.141720 9.131910
0.141919 3.526290
0.142118 16.801700
0.142317 52.343500
0.142516 2.841700
0.142715 26.851600
0.142914 29.787700
0.143113 59.900600
0.143312 7.602020
0.143511 23.898700
0.143710 22.143000
0.143909 26.337800
0.144108 40.055600
0.144307 19.957500
0.144506 30.002600
0.144705 29.135800
0.144904 4.597970
0.145104 58.662500
0.145303 31.247400
0.145502 22.991300
0.145701 14.203300
0.145900 7.881850
0.146099 64.714500
0.146298 8.749690
0.146497 28.546900
0.146696 11.462200
0.146895 6.479220
0.147094 14.360400
0.147293 73.759500
0.147492 10.149400
0.147691 5.327040
0.147890 22.057400
0.148089 4.656240
0.148288 6.896870
0.148487 34.431400
0.148686 15.953300
0.148885 31.846800
0.149084 9.093170
0.149283 21.827600
0.149482 5.663370
0.149682 54.204900
0.149881 9.121430
0.150080 11.347300
0.150279 7.187400
0.150478 28.212300
0.150677 5.027440
0.150876 50.212000
0.151075 6.281120
0.151274 9.331400
0.151473 8.103340
0.151672 16.764600
0.151871 12.481200
0.152070 7.827920
0.152269 17.267400
0.152468 18.242500
0.152667 44.344500
0.152866 11.265100
0.153065 2.332140
0.153264 30.071000
0.153463 46.674200
0.153662 6.485930
0.153861 20.465500
0.154061 69.009100
0.154260 14.565000
0.154459 9.771850
0.154658 5.653680
0.154857 7.783860
0.155056 11.412500
0.155255 30.669400
0.155454 7.969360
0.155653 18.529400
0.155852 12.058700
0.156051 9.360440
0.156250 13.732500
0.156449 6.077620
0.156648 15.255000
0.156847 24.450400
0.157046 29.778200
0.157245 27.771200
0.157444 8.751060
0.157643 12.006500
0.157842 45.290000
0.158041 29.679600
0.158240 63.677300
0.158439 43.826100
0.158639 6.734910
0.158838 10.143100
0.159037 12.323900
0.159236 5.085370
0.159435 38.998100
0.159634 27.787400
0.161823 8.324900
0.162022 44.944000
0.162221 17.314400
0.162420 34.833700
0.162619 52.079900
0.162818 9.972750
0.163018 7.044940
0.163217 4.738000
0.163416 19.975300
0.163615 22.141800
0.163814 27.907000
0.164013 33.864400
0.164212 60.175800
0.164411 33.371900
0.164610 4.028610
0.164809 30.311100
0.165008 70.676100
0.165207 12.031300
0.165406 8.892060
0.165605 15.846300
0.165804 8.370550
0.166003 17.373600
0.166202 5.730450
0.166401 12.440800
0.166600 5.734680
0.166799 43.697900
0.166998 32.587000
0.167197 20.980400
0.167396 10.183300
0.167596 15.337800
0.167795 6.758190
0.167994 15.909300
0.168193 20.381600
0.168392 15.289200
0.168591 32.164800
0.168790 15.431100
0.168989 28.197700
0.169188 23.170700
0.169387 14.596200
0.169586 50.550200
0.169785 70.207400
0.169984 31.882700
0.170183 18.622700
0.170382 59.402100
0.170581 14.440500
0.170780 42.614300
0.170979 16.310200
0.171178 50.053400
0.171377 44.113300
0.171576 1.750310
0.171775 55.336900
0.171975 19.416500
0.172174 16.442600
0.172373 14.640200
0.172572 6.184840
0.172771 13.260800
0.172970 16.171000
0.173169 15.704400
0.173368 6.782690
0.173567 8.375420
0.173766 5.687110
0.173965 16.557300
0.174164 7.945150
0.174363 14.495900
0.174562 12.081000
0.174761 6.029190
0.174960 26.536900
0.175159 26.278100
0.175358 6.836420
0.175557 7.869850
0.175756 22.670100
0.175955 5.846350
0.176154 38.081400
0.176354 17.046600
0.176553 40.691500
0.176752 29.515100
0.176951 22.592400
0.177150 23.034600
0.177349 66.150200
0.177548 74.708200
0.177747 25.921300
0.177946 15.977800
0.178145 3.360010
0.178344 56.180900
0.178543 9.292720
0.178742 5.383110
0.178941 56.503800
0.179140 6.803840
0.179339 43.230800
0.179538 5.055590
0.179737 54.381700
0.179936 32.029300
0.180135 41.729700
0.180334 52.656000
0.180533 8.088680
0.180732 30.282800
0.180932 9.457920
0.181131 53.321600
0.181330 15.304100
0.181529 39.300400
0.181728 6.168900
0.181927 11.535700
0.182126 22.884600
0.182325 19.858100
0.182524 38.098500
0.182723 10.583800
0.182922 5.654090
0.183121 43.329600
0.183320 7.725540
0.183519 55.174900
0.183718 66.249700
0.183917 27.138100
0.184116 10.195000
0.184315 16.368100
0.184514 18.584900
0.184713 7.047160
0.184912 57.572400
0.185111 28.485800
0.185311 7.689260
0.185510 19.678500
0.185709 14.053400
0.185908 29.979100
0.186107 22.842200
0.186306 28.623700
0.186505 18.740100
0.186704 7.652770
0.186903 9.366700
0.187102 9.880910
0.187301 17.245800
0.187500 33.575800
0.187699 40.360900
0.187898 9.673110
0.188097 42.750800
0.188296 25.183200
0.188495 28.744000
0.188694 13.310000
0.188893 29.041900
0.189092 14.863100
0.189291 42.371800
0.189490 8.168760
0.189689 5.280240
0.189889 5.449400
0.190088 9.654400
0.190287 52.834500
0.190486 91.914900
0.190685 7.538310
0.190884 5.422080
0.191083 5.446980
0.191282 48.019300
0.191481 7.612570
0.191680 20.433700
0.191879 15.202700
0.192078 25.733800
0.192277 9.021350
0.192476 34.386700
0.192675 9.791020
0.192874 17.065300
0.193073 56.876700
0.193272 7.220020
0.193471 19.380600
0.193670 44.933500
0.193869 5.527400
0.194068 64.862400
0.194268 59.916900
0.194467 42.630300
0.194666 5.583800
0.194865 30.024800
0.195064 15.144600
0.195263 35.241800
0.195462 8.171200
0.195661 4.023150
0.195860 17.301400
0.196059 80.973300
0.196258 29.912100
0.196457 22.742700
0.196656 45.684000
0.196855 7.743180
0.197054 24.355100
0.197253 22.687700
0.197452 5.831540
0.197651 27.942500
0.197850 25.743500
0.198049 18.426200
0.198248 6.904640
0.198447 81.879900
0.198646 25.061200
0.198846 6.959210
0.199045 32.103000
0.199244 5.449110
0.199443 4.896970
0.199642 19.189700
0.199841 5.066850
0.200040 23.066500
0.200239 13.199500
0.200438 65.850900
0.200637 10.399500
0.200836 10.932800
0.201035 14.373800
0.201234 18.822200
0.201433 19.491600
0.201632 35.264100
0.201831 23.649700
0.202030 57.161800
0.202229 17.100200
0.202428 39.477600
0.202627 6.066080
0.202826 12.625600
0.203025 13.443100
0.203225 14.792800
0.203424 39.192500
0.203623 20.968200
0.203822 53.756600
0.204021 30.429600
0.204220 33.686100
0.204419 13.692400
0.204618 24.488500
0.204817 13.831800
0.205016 4.927900
0.205215 55.006300
0.205414 22.634200
0.205613 8.508170
0.205812 34.440700
0.206011 16.102700
0.206210 3.617490
0.206409 4.795250
0.206608 22.023100
0.206807 46.323400
0.207006 9.917630
0.207205 31.778000
0.207604 7.485530
0.207803 13.180300
0.208002 55.905600
0.208201 65.456900
0.208400 16.277700
0.208599 12.543600
0.208798 20.801800
0.208997 11.231300
0.209196 76.209200
0.209395 7.666700
0.209594 7.674340
0.209793 25.942900
0.209992 26.741700
0.210191 24.787600
0.210390 6.331430
0.210589 13.553600
0.210788 10.899100
0.210987 20.547100
0.211186 5.332960
0.211385 5.003020
0.211584 13.085300
0.211783 12.553900
0.211982 14.250300
0.212182 11.599100
0.212381 4.902640
0.212580 8.409130
0.212779 17.734400
0.212978 14.635800
0.213177 49.154700
0.213376 36.137000
0.213575 15.440000
0.213774 38.715300
0.213973 7.865150
0.214172 12.789900
0.214371 28.995200
0.214570 4.306250
0.214769 18.542600
0.214968 41.532100
0.215167 70.070100
0.215366 3.878870
0.215565 45.207400
0.215764 44.818200
0.215963 9.202930
0.216162 24.035100
0.216361 8.009950
0.216561 15.829400
0.216760 8.829250
0.216959 51.223800
0.217158 13.204500
0.217357 24.008400
0.217556 52.777600
0.217755 15.934000
0.217954 5.788380
0.218153 5.852520
0.218352 25.768700
0.218551 6.923190
0.218750 13.544300
0.218949 56.514100
0.219148 4.215060
0.219347 4.780710
0.219546 8.137720
0.219745 11.800100
0.219944 27.663300
0.220143 12.206100
0.220342 9.256200
0.220541 8.002830
0.220740 7.425780
0.220939 4.423410
0.221139 46.171200
0.221338 14.486900
0.221537 8.121960
0.221736 50.182000
0.221935 46.975400
0.222134 13.217000
0.222333 32.489900
0.222532 7.958270
0.222731 70.629000
0.222930 13.752400
0.223129 36.181900
0.223328 57.146400
0.223527 15.252600
0.223726 3.850770
0.223925 11.975700
0.224124 24.258800
0.224323 6.988210
0.224522 37.064300
0.224721 51.560700
0.224920 29.656900
0.225119 16.908500
0.225318 98.019500
0.225518 73.903900
0.225717 29.033600
0.227707 67.417800
0.227906 7.759060
0.228105 27.995700
0.228304 4.859960
0.228503 29.508000
0.228702 7.197760
0.228901 43.513200
0.229299 9.509200
0.229498 48.667000
0.229697 43.706300
0.229896 10.588500
0.230096 19.027000
0.230295 13.030500
0.230494 67.363300
0.230693 32.281900
0.230892 8.448160
0.231091 52.915400
0.231290 21.753100
0.231489 8.247920
0.231688 6.306280
0.231887 55.959200
0.232086 25.436100
0.232484 11.862200
0.232683 14.591400
0.232882 6.694060
0.233081 21.327300
0.233280 17.005700
0.233479 55.627100
0.233678 19.775800
0.233877 32.741300
0.234076 34.672000
0.234275 19.918500
0.234475 16.697600
0.234674 22.025600
0.234873 8.265070
0.235072 27.805700
0.235271 14.236600
0.235470 22.124700
0.235669 72.914100
0.235868 65.920200
0.236067 21.919300
0.236266 21.142800
0.236465 11.689900
0.236664 30.058600
0.236863 17.334800
0.237062 19.397800
0.237261 28.053400
0.237460 5.945200
0.237659 9.899740
0.237858 29.835300
0.238057 24.398800
0.238256 6.139740
0.238455 70.242200
0.238654 25.690200
0.238854 10.088800
0.239053 10.591500
0.239252 43.585300
0.239451 18.540000
0.239650 8.447590
0.239849 7.841530
0.240048 10.229500
0.240247 17.608000
0.240446 8.723410
0.240645 17.044200
0.240844 6.403730
0.241043 4.512950
0.241242 20.419800
0.241441 5.741210
0.241640 27.658300
0.241839 65.503700
0.242038 17.011900
0.242237 35.507900
0.242436 9.572260
0.242635 40.032000
0.242834 25.516700
0.243033 25.638300
0.243232 13.368100
0.243432 16.099900
0.245024 9.805800
0.245223 27.485700
0.245422 5.812500
0.245621 4.657200
0.245820 90.612400
0.246019 58.635100
0.246218 18.516700
0.246417 23.269200
0.246616 13.160900
0.246815 15.917400
0.247014 46.854800
0.247213 7.948250
0.247412 42.980100
0.247611 31.254900
0.247811 22.752300
0.248010 17.012300
0.248209 25.110200
0.248408 8.599310
0.248607 30.320200
0.248806 23.036900
0.249005 8.603820
0.249204 8.004000
0.249403 82.770100
0.249602 45.189500
0.249801 2.982470
0.250000 10.677300
0.250199 53.285800
0.250398 5.875000
0.250597 18.702200
0.250796 10.530000
0.250995 77.178300
0.251194 7.063510
0.251393 15.460900
0.251592 4.174710
0.251791 9.430240
0.251990 13.417400
0.252189 25.797600
0.252389 47.282300
0.252588 38.968100
0.252787 16.843700
0.252986 8.353230
0.253185 42.024200
0.253384 25.669700
0.253583 30.770600
0.253782 7.880460
0.253981 66.203600
0.254180 41.004100
0.254379 6.589350
0.254578 14.682200
0.254777 46.702800
0.254976 2.984230
0.255175 19.666100
0.255374 15.066900
0.255573 1.744070
0.255772 18.415400
0.255971 10.463900
0.256170 47.684500
0.256369 9.607150
0.256568 28.677800
0.256768 9.678040
0.256967 20.357200
0.257166 45.944600
0.257365 12.210800
0.257564 37.194000
0.257763 30.873700
0.257962 2.443080
0.258161 16.344900
0.258360 6.857110
0.258559 25.487100
0.258957 12.313300
0.259156 12.199300
0.259355 35.383300
0.259554 30.819500
0.259753 30.183900
0.259952 18.653700
0.260151 11.057600
0.260350 7.513600
0.260549 42.603300
0.260748 1.762710
0.260947 22.674200
0.261146 2.298980
0.261346 26.253900
0.261545 50.402800
0.261744 6.315510
0.261943 31.726500
0.262142 21.077400
0.262341 35.567900
0.262540 46.423900
0.262739 32.392200
0.262938 18.241300
0.263137 15.177100
0.263336 21.936700
0.263535 46.287700
0.263734 30.083300
0.263933 34.549200
0.264132 51.729100
0.264331 53.120400
0.264530 9.786510
0.264729 6.783170
0.264928 12.087000
0.265127 8.002840
0.265326 11.550100
0.265525 28.627300
0.265725 55.049400
0.265924 14.586800
0.266123 2.869890
0.266322 28.392600
0.266521 48.162300
0.266720 25.823000
0.266919 21.049300
0.267118 30.418600
0.267317 31.831200
0.267516 45.025700
0.267715 28.153400
0.267914 5.597230
0.268113 24.973600
0.268312 2.864100
0.268511 34.464300
0.268710 40.164700
0.268909 6.864730
0.269108 9.133060
0.269307 25.064500
0.269506 7.265730
0.269705 9.331110
0.269904 11.289900
0.270104 68.404900
0.270303 39.000800
0.270502 9.525370
0.270701 17.245900
0.270900 26.750700
0.271099 47.868500
0.271298 15.994600
0.271497 15.182700
0.271696 16.779500
0.271895 10.960300
0.272094 23.283500
0.272293 17.272700
0.272492 7.288650
0.272691 5.218720
0.272890 2.621580
0.273089 27.381300
0.273288 27.860300
0.273487 23.830400
0.273686 9.859580
0.273885 43.181400
0.274084 6.874440
0.274283 35.714300
0.274482 10.285500
0.274682 46.005500
0.274881 60.911800
0.275080 66.406700
0.275279 20.762500
0.275478 32.455900
0.275677 32.325800
0.275876 22.316400
0.276075 27.832200
0.276274 90.425300
0.276473 27.487700
0.276672 43.559400
0.276871 68.217400
0.277070 16.153400
0.277269 9.070750
0.277468 7.122550
0.277667 66.198600
0.277866 13.011000
0.278065 7.947680
0.278264 15.057800
0.278463 8.450820
0.278662 24.341800
0.278861 28.631200
0.279061 9.893050
0.279260 8.425050
0.279459 17.368200
0.279658 15.088100
0.279857 23.088400
0.280056 7.425110
0.280255 3.076870
0.280454 9.502780
0.280653 32.662400
0.280852 53.262700
0.281051 26.342900
0.281250 36.656200
0.281449 15.342000
0.281648 8.333980
0.281847 7.911060
0.282046 4.317320
0.282245 23.624600
0.282444 9.743350
0.282643 5.926100
0.282842 31.461200
0.283041 1.746820
0.283240 9.532940
0.283439 34.701600
0.283639 21.749300
0.283838 51.689600
0.284037 25.927200
0.284236 64.153100
0.284435 9.949700
0.284634 77.912300
0.284833 37.767700
0.285032 1.662370
0.285231 32.575200
0.285430 11.890700
0.285629 49.992400
0.285828 70.470400
0.286027 8.607300
0.286226 11.180200
0.286425 20.043700
0.286624 21.450400
0.286823 9.722840
0.287022 6.344620
0.287221 18.815400
0.287420 25.066200
0.287619 16.179500
0.287818 5.475600
0.288018 5.787370
0.288217 18.214700
0.288416 44.317100
0.288615 37.889000
0.288814 19.787300
0.289013 6.209300
0.289212 65.947900
0.289411 11.566500
0.289610 28.610900
0.289809 23.059500
0.290008 45.055700
0.290207 60.052300
0.290406 13.896200
0.290605 19.377700
0.290804 21.602500
0.291003 15.162700
0.291202 10.694700
0.291401 41.093700
0.291600 41.822400
0.291799 73.761700
0.292197 29.691800
0.292396 6.047340
0.292596 5.512590
0.292795 59.252800
0.292994 8.447060
0.293193 18.441300
0.293392 23.873700
0.293591 64.270800
0.293790 15.675000
0.293989 15.640400
0.294188 21.958200
0.294387 34.599000
0.294586 9.693270
0.294785 21.097200
0.294984 11.709600
0.295183 52.323000
0.295382 32.757900
0.295581 26.412100
0.295780 8.050850
0.295979 73.241600
0.296178 12.558600
0.296377 3.425960
0.296576 10.885800
0.296775 28.407700
0.296975 17.919000
0.297174 7.227940
0.297373 76.793500
0.297572 37.747600
0.297771 13.906000
0.297970 16.264500
0.298169 5.588800
0.298368 52.781200
0.298567 45.530600
0.298766 13.243300
0.298965 13.071400
0.299164 14.631500
0.299363 16.363600
0.299562 7.110930
0.299761 69.801900
0.299960 66.665500
0.300159 12.633500
0.300358 83.581900
0.300557 11.373400
0.300756 16.728400
0.300955 15.962400
0.301154 12.119400
0.301354 14.668100
0.301553 13.620100
0.301752 9.295080
0.301951 9.001480
0.302150 7.447000
0.302349 15.674000
0.302548 25.737100
0.302747 9.279230
0.302946 6.209060
0.303145 4.901740
0.303344 19.585400
0.303543 16.104900
0.303742 11.437700
0.303941 56.856100
0.304140 3.386650
0.304339 13.094500
0.304538 16.113500
0.304737 18.888900
0.304936 6.841310
0.305135 56.192200
0.305334 5.166700
0.305533 6.749360
0.305732 14.649200
0.305932 29.197000
0.306131 18.793800
0.306330 11.350800
0.306529 28.317400
0.306728 33.284300
0.306927 16.814000
0.307126 9.490350
0.307325 7.011290
0.307524 10.174300
0.307723 63.219200
0.307922 36.946800
0.308121 15.817800
0.308320 28.278300
0.308519 27.520800
0.308718 7.789770
0.308917 15.855100
0.309116 12.004100
0.309315 5.806950
0.309514 7.442010
0.309713 8.151040
0.309912 5.509690
0.310111 6.964530
0.310311 42.709000
0.310510 22.530300
0.310709 9.755750
0.310908 2.986400
0.311107 16.514400
0.311306 7.705170
0.311505 55.831800
0.311704 7.073450
0.311903 48.493700
0.312102 38.230500
0.312301 46.219900
0.312500 45.168100
0.312699 15.939900
0.312898 40.730400
0.313097 33.245900
0.313296 22.148700
0.313495 12.969300
0.313694 3.111220
0.313893 22.910000
0.314092 32.351200
0.314291 4.865280
0.314490 21.207500
0.314689 10.179500
0.314889 5.980590
0.315088 6.704700
0.315287 29.398600
0.315486 63.245900
0.315685 13.344700
0.315884 28.821700
0.316083 6.483060
0.316282 3.565850
0.316481 28.284500
0.316680 5.668050
0.316879 8.157590
0.317078 4.778460
0.317277 26.977400
0.317476 53.092400
0.317675 16.472200
0.317874 20.790900
0.318073 20.476100
0.318272 30.103700
0.318471 16.134400
0.318670 12.257300
0.318869 33.273400
0.319068 15.238300
0.319268 57.644300
0.319467 37.355000
0.319666 5.336590
0.319865 40.585700
0.320064 26.651800
0.320263 23.301500
0.320462 8.411990
0.320661 10.479300
0.320860 16.862300
0.321059 36.036900
0.321258 6.904660
0.321457 27.976600
0.321656 10.708800
0.321855 18.993400
0.322054 45.477900
0.322253 3.048100
0.322452 16.426400
0.322651 15.417800
0.322850 17.031800
0.323049 8.052250
0.323248 53.531600
0.323447 23.074600
0.323646 41.606700
0.323846 26.510300
0.324045 29.102200
0.324244 38.725800
0.324443 7.818790
0.324642 4.793460
0.324841 4.763110
0.325040 40.169900
0.325239 69.172500
0.326234 67.121200
0.326433 22.578700
0.326632 5.776490
0.326831 23.717200
0.327030 38.915500
0.327229 71.053300
0.327428 41.853800
0.327627 23.380300
0.327826 14.722200
0.328025 9.053230
0.328225 15.611100
0.328424 7.863030
0.328623 39.015600
0.328822 80.472400
0.329021 8.953220
0.329220 56.871900
0.329419 14.174100
0.329618 45.721300
0.329817 3.982350
0.330016 24.681600
0.330215 11.055600
0.330414 5.289300
0.330613 28.100300
0.330812 6.326260
0.331011 32.060100
0.331210 2.687360
0.331409 35.321400
0.331608 26.115100
0.331807 18.638600
0.332006 55.055900
0.332205 3.963320
0.332404 5.586460
0.332604 21.379200
0.332803 31.370700
0.333002 14.065600
0.333201 9.875560
0.333400 11.322200
0.333599 19.804300
0.333798 12.696000
0.333997 29.009800
0.334196 5.489560
0.334395 13.632800
0.334594 61.579600
0.334793 52.880700
0.334992 8.026770
0.335191 11.950400
0.335390 13.445600
0.335589 23.084900
0.335788 24.822400
0.335987 37.328700
0.336186 19.639600
0.336385 3.871820
0.336584 37.891400
0.336783 1.903700
0.336982 5.308120
0.337182 26.856300
0.337381 44.362600
0.337580 12.021200
0.337779 14.207900
0.337978 11.067300
0.338177 18.059400
0.338575 1.835490
0.338774 29.140000
0.338973 7.964670
0.339172 6.928760
0.339371 30.237800
0.339570 9.421020
0.339769 85.898700
0.339968 44.220000
0.340167 30.767300
0.340366 10.782000
0.340565 14.666400
0.340764 43.315100
0.340963 42.673800
0.341162 14.802700
0.341361 7.756250
0.341561 5.455970
0.341760 27.784000
0.341959 28.609500
0.342357 14.231500
0.342556 8.964930
0.342755 84.959800
0.342954 8.390390
0.343153 40.287200
0.343352 26.606500
0.343551 66.090500
0.343750 11.623600
0.343949 2.583440
0.344148 39.522400
0.344347 7.396680
0.344546 32.466800
0.344745 8.395780
0.344944 57.558900
0.345143 9.631170
0.345342 6.317980
0.345541 12.823300
0.345740 18.830000
0.345939 12.532300
0.346139 2.787480
0.346338 49.859100
0.346537 21.381800
0.346736 23.072500
0.346935 8.597400
0.347134 13.965700
0.347333 15.879900
0.347532 14.708300
0.347731 30.738100
0.347930 14.341400
0.348129 11.395000
0.348328 8.384310
0.348527 3.141160
0.348726 19.416700
0.348925 15.624500
0.349124 40.526800
0.349323 33.727300
0.349522 7.969190
0.349721 41.801400
0.349920 95.918700
0.350119 30.844300
0.350318 36.571200
0.350518 19.699100
0.350717 33.030300
0.350916 7.166820
0.351115 28.377500
0.351314 30.569400
0.351513 29.468200
0.351712 35.240400
0.351911 14.873400
0.352110 19.041200
0.352309 4.882470
0.352508 10.784100
0.352707 17.457200
0.352906 14.933200
0.353105 3.401540
0.353304 8.577640
0.353503 10.645500
0.353702 3.245650
0.353901 36.897200
0.354100 16.799100
0.354299 6.922970
0.354498 8.146640
0.354697 11.809700
0.354896 32.481400
0.355096 8.523080
0.355295 30.669600
0.355494 9.366670
0.355693 21.786700
0.355892 6.275440
0.356091 22.836100
0.356290 59.179200
0.356489 6.969900
0.356688 14.854700
0.356887 24.618000
0.357086 6.332200
0.357285 51.979100
0.357484 62.530300
0.357683 17.657800
0.357882 29.895300
0.358081 48.008100
0.358280 52.430800
0.358479 72.299300
0.358678 13.272700
0.358877 25.785300
0.359076 5.951850
0.359275 8.856540
0.359475 5.509780
0.359674 37.551700
0.359873 59.510800
0.360072 43.170600
0.360271 8.880300
0.360470 25.569100
0.360669 28.918500
0.360868 12.119500
0.361067 21.726100
0.361266 38.279300
0.361465 32.847700
0.361664 13.136400
0.361863 73.089700
0.362062 17.700800
0.362261 67.613200
0.362460 10.785800
0.362659 46.616400
0.362858 7.536570
0.363057 25.875400
0.363256 22.764000
0.363455 9.388260
0.363654 78.861000
0.363854 47.346300
0.364053 55.323300
0.364252 46.928600
0.364451 32.856500
0.364650 25.696100
0.364849 46.886700
0.365048 19.234800
0.365247 68.038900
0.365446 25.999100
0.365645 12.048600
0.365844 2.195150
0.366043 77.692000
0.366242 13.666400
0.366441 51.383900
0.366640 38.494500
0.366839 9.847490
0.367038 11.251500
0.367237 2.031420
0.367436 24.861700
0.367635 37.353200
0.367834 73.974500
0.368033 21.881300
0.368232 12.702900
0.368432 34.708300
0.368631 45.363000
0.368830 13.866100
0.369029 74.113600
0.369228 8.763980
0.369427 6.489460
0.369626 38.069100
0.369825 38.472000
0.370024 30.688000
0.370223 68.323200
0.370422 44.282600
0.370621 20.806800
0.370820 8.506860
0.371019 6.306360
0.371218 16.733300
0.371417 7.399010
0.371616 4.566010
0.371815 19.095500
0.372014 19.048900
0.372213 23.898000
0.372412 8.238610
0.372611 3.901540
0.372811 12.696900
0.373010 1.755800
0.373209 7.974100
0.373408 6.374000
0.373607 21.727400
0.373806 1.641580
0.374005 12.839300
0.374204 33.139400
0.374403 17.076900
0.374602 60.715700
0.374801 41.868400
0.375000 23.746700
0.375199 9.269260
0.375398 61.715200
0.375796 19.758100
0.375995 56.108300
0.376194 3.583910
0.376393 28.280200
0.376592 13.016400
0.376791 4.304510
0.376990 29.563000
0.377189 42.653300
0.377389 6.371810
0.377588 27.271300
0.377787 31.349500
0.377986 40.528700
0.378185 16.971900
0.378384 21.768600
0.378583 54.010400
0.378782 26.842000
0.378981 23.360500
0.379180 6.835680
0.379379 10.708600
0.379578 24.084900
0.379777 34.156200
0.379976 19.403200
0.380175 22.869600
0.380374 11.529900
0.380573 28.804000
0.380772 2.445070
0.380971 37.340700
0.381170 65.498500
0.381369 23.536200
0.381568 19.609300
0.381768 50.257300
0.381967 11.335500
0.382166 30.222500
0.382365 20.365000
0.382564 9.828550
0.382763 26.592800
0.382962 7.970230
0.383161 6.211000
0.383360 32.822000
0.383559 19.084400
0.383758 45.923200
0.383957 13.035900
0.384156 59.611600
0.384355 62.689500
0.384554 6.550970
0.384753 45.492800
0.384952 31.029400
0.385151 69.795800
0.385350 16.727200
0.385549 18.250600
0.385748 4.148270
0.385947 66.650600
0.386146 12.154400
0.386346 2.688090
0.386545 38.852100
0.386744 45.453300
0.386943 7.144220
0.387142 8.655410
0.387341 11.483100
0.387540 32.878800
0.387739 7.245230
0.387938 5.393510
0.388137 8.820820
0.388336 8.271010
0.388535 6.915380
0.388734 11.319500
0.388933 16.815200
0.389132 5.842780
0.389331 9.139530
0.389530 5.247510
0.389729 13.404400
0.389928 34.714600
0.390127 19.108100
0.390326 32.549200
0.390525 49.657600
0.390725 43.482700
0.390924 14.526100
0.391123 9.693100
0.391322 53.207400
0.391521 8.503170
0.391720 24.066200
0.391919 13.166700
0.392118 20.978400
0.392317 21.176500
0.392516 3.823380
0.392715 7.534580
0.392914 87.172600
0.393113 43.297700
0.393312 23.757500
0.393511 8.279380
0.393710 31.084400
0.393909 9.782620
0.394108 17.314900
0.394307 4.303720
0.394506 20.683200
0.394705 18.245100
0.394904 25.286100
0.395104 4.929620
0.395303 42.318500
0.395502 7.925890
0.395701 29.857900
0.395900 2.229300
0.396099 79.966800
0.396298 20.389400
0.396497 18.433500
0.396696 50.583400
0.396895 28.402900
0.397094 8.842620
0.397293 40.406900
0.397492 7.829960
0.397691 4.482770
0.397890 5.271560
0.398089 6.380860
0.398288 7.015740
0.398487 3.494250
0.398686 7.701030
0.398885 2.730080
0.399084 25.683500
0.399283 6.630320
0.399482 34.969700
0.399682 9.255570
0.399881 4.530080
0.400080 8.176610
0.400279 10.431300
0.400478 25.789900
0.400677 19.431900
0.400876 50.558200
0.401075 9.463280
0.401274 24.871000
0.401473 10.735200
0.401672 59.133100
0.401871 32.704300
0.402070 49.191000
0.402269 50.798100
0.402468 39.143000
0.402667 35.332700
0.402866 47.948100
0.403065 5.880870
0.403264 12.604600
0.403463 9.945950
0.403662 27.077100
0.403861 30.308600
0.404061 11.112900
0.404260 8.281050
0.404459 11.846500
0.404658 56.272200
0.404857 21.923800
0.405056 10.041300
0.405255 41.884900
0.405454 49.991300
0.405653 9.508660
0.405852 37.041500
0.406051 6.843300
0.406250 58.876800
0.406449 15.803000
0.406648 6.959300
0.406847 48.443600
0.407046 49.181900
0.407245 6.448510
0.407444 11.987500
0.407643 16.038800
0.407842 23.229100
0.408041 2.566940
0.408240 22.265200
0.408439 71.310000
0.408639 46.702200
0.408838 9.018740
0.409037 29.618300
0.409236 26.487800
0.409435 59.248100
0.409634 3.843560
0.409833 29.527600
0.410032 25.346200
0.410231 10.670900
0.410430 12.348200
0.410629 13.337100
0.410828 21.722800
0.411027 32.014700
0.411226 25.970400
0.411425 5.268040
0.411624 53.774000
0.411823 9.540630
0.412022 34.744900
0.412221 28.866900
0.412420 8.012000
0.412619 19.012200
0.412818 24.516400
0.413018 6.585080
0.413217 43.299500
0.413416 31.251600
0.413615 29.537600
0.413814 23.854900
0.414013 4.329470
0.414212 29.235700
0.414411 34.473300
0.414610 10.363300
0.414809 22.887900
0.415008 16.841700
0.415207 27.737200
0.415406 17.537800
0.415605 11.715300
0.415804 7.100380
0.416003 20.223400
0.416202 15.395500
0.416401 22.923400
0.416600 8.277060
0.416799 39.556500
0.416998 16.830600
0.417197 30.700600
0.417396 59.957800
0.417596 5.875450
0.417795 7.277430
0.417994 15.382200
0.418193 43.392600
0.418392 6.124670
0.418591 6.580990
0.418790 19.668100
0.418989 31.572800
0.419188 13.178700
0.419387 45.963800
0.419586 15.546800
0.419785 12.656000
0.419984 5.206460
0.420183 1.654750
0.420382 16.000100
0.420581 35.600000
0.420780 5.861930
0.420979 20.667500
0.421178 5.562760
0.421377 24.089800
0.421576 16.358900
0.421775 8.864580
0.421975 4.370630
0.422174 27.074100
0.422373 25.110600
0.422572 31.773500
0.422771 30.166900
0.422970 20.554000
0.423169 49.498900
0.423368 29.701000
0.423567 10.323800
0.423766 11.020600
0.423965 19.037200
0.424164 30.330900
0.424363 23.522400
0.424562 45.914000
0.424761 63.187800
0.424960 27.164700
0.425159 7.066430
0.425358 6.383430
0.425557 3.529190
0.425756 8.665950
0.425955 15.292600
0.426154 49.939500
0.426354 37.577400
0.426553 9.383460
0.426752 20.881300
0.426951 84.542000
0.427150 5.895250
0.427349 30.023700
0.427548 47.541300
0.427747 22.996500
0.427946 33.015900
0.428145 31.158400
0.428344 9.687110
0.428543 10.600200
0.428742 16.235700
0.428941 28.083400
0.429140 11.143600
0.429339 9.464390
0.429538 36.649300
0.429737 13.736300
0.429936 11.465900
0.430135 34.567200
0.430334 34.667500
0.430533 8.932660
0.430732 20.010800
0.430932 63.845900
0.431131 24.079000
0.431330 11.391200
0.431529 12.682100
0.431728 38.730900
0.431927 47.265500
0.432126 9.351810
0.432325 12.058000
0.432524 19.930600
0.432723 10.775200
0.432922 19.909500
0.433121 30.264200
0.433320 58.132900
0.433519 33.555900
0.433718 15.514900
0.433917 11.244600
0.434116 55.650200
0.434315 19.891900
0.434514 62.867700
0.434713 27.592000
0.434912 18.010500
0.435111 11.836200
0.435311 22.084000
0.435510 17.769600
0.435709 18.544600
0.435908 17.613600
0.436107 2.673190
0.436306 38.690100
0.436505 14.431700
0.436704 11.098200
0.436903 38.072600
0.437102 30.002900
0.437301 27.339100
0.437500 34.618500
0.437699 41.369400
0.437898 10.741200
0.438097 29.280200
0.438296 27.213400
0.438495 3.919270
0.438694 26.353400
0.438893 32.284900
0.439092 25.192200
0.439291 3.258980
0.439490 10.694500
0.439689 63.509800
0.439889 11.000600
0.440088 7.746670
0.440287 4.677230
0.440486 52.831000
0.440685 20.702100
0.440884 6.901260
0.441083 11.652000
0.441282 19.973900
0.441481 10.629600
0.441680 21.709800
0.441879 46.412900
0.442078 24.632000
0.442277 40.354700
0.442476 45.111300
0.442675 46.801400
0.442874 14.386100
0.443073 38.699300
0.443272 11.456600
0.443471 24.044600
0.443670 55.098000
0.443869 30.647500
0.444068 27.178100
0.444268 30.083600
0.444467 6.950760
0.444666 31.822100
0.444865 22.707600
0.445064 76.607600
0.445263 30.701200
0.445462 75.671400
0.445661 70.330400
0.445860 9.079910
0.446059 20.347400
0.446258 16.043900
0.446457 8.164570
0.446656 13.426200
0.446855 55.310500
0.447054 13.502900
0.447253 11.340400
0.447452 18.183600
0.447651 60.608300
0.447850 7.763320
0.448049 3.883130
0.448248 7.942970
0.448447 14.383100
0.448646 18.720100
0.448846 36.952600
0.449045 75.898300
0.449244 6.426300
0.449443 8.766720
0.449642 45.977300
0.449841 81.280400
0.450040 9.518490
0.450239 31.264400
0.450438 7.882230
0.450637 7.478610
0.450836 7.640270
0.451035 6.483520
0.451234 57.776400
0.451433 23.366000
0.451632 9.698620
0.451831 22.098700
0.452030 89.358600
0.452229 28.272800
0.452428 22.247600
0.452627 37.409200
0.452826 19.510300
0.453025 27.445300
0.453225 69.201100
0.453424 16.575500
0.453623 4.814980
0.453822 8.978630
0.454021 9.027600
0.454220 31.020500
0.454419 9.042210
0.454618 50.768600
0.454817 9.716640
0.455016 17.391700
0.455215 7.637270
0.455414 51.995900
0.455613 15.011100
0.455812 19.789500
0.456011 25.410500
0.456210 51.884100
0.456409 17.088000
0.456608 37.476600
0.456807 6.845850
0.457006 11.017600
0.457205 17.036500
0.457404 24.406900
0.457604 20.312400
0.457803 21.698000
0.458002 9.162500
0.458201 48.498500
0.458400 5.700030
0.458599 29.800600
0.458798 10.720200
0.458997 22.592100
0.459196 26.472500
0.459395 8.528960
0.459594 29.944400
0.459793 24.372000
0.459992 52.792000
0.460191 71.528000
0.460390 12.168800
0.460589 49.772300
0.460788 14.909900
0.460987 64.622100
0.461186 4.793600
0.461385 8.331840
0.461584 9.536010
0.461783 85.280200
0.461982 31.063200
0.462182 5.745440
0.462381 9.547390
0.462580 18.356000
0.462779 37.148700
0.462978 5.293850
0.463177 6.081060
0.463376 48.999200
0.463575 29.156800
0.463774 4.139970
0.463973 43.532200
0.464172 52.283600
0.464371 8.670810
0.464570 11.107100
0.464769 8.484410
0.464968 12.490400
0.465167 82.721900
0.465366 14.655900
0.465565 14.415800
0.465764 26.110300
0.465963 13.944600
0.466162 30.020600
0.466361 38.617200
0.466561 19.797300
0.466760 7.549590
0.466959 1.871870
0.467158 5.437860
0.467357 29.822100
0.467556 8.739190
0.467755 12.524700
0.467954 8.828030
0.468153 6.912320
0.468352 4.169210
0.468551 8.291270
0.468750 18.381700
0.468949 47.900700
0.469148 25.961500
0.469347 48.189400
0.469546 14.441100
0.469745 40.417100
0.469944 7.963630
0.470143 45.410500
0.470342 20.924700
0.470541 35.906600
0.470740 4.001210
0.470939 9.307020
0.471139 33.990600
0.471338 6.565350
0.471537 2.049020
0.471736 7.855650
0.471935 9.382180
0.472134 19.336600
0.472333 14.447900
0.472532 5.401860
0.472731 15.459500
0.472930 3.782750
0.473129 14.516600
0.473328 32.668300
0.473527 70.172900
0.473726 59.339000
0.473925 6.864710
0.474124 10.505200
0.474323 56.629900
0.474522 8.343810
0.474721 41.459500
0.474920 61.016500
0.475119 32.554600
0.475318 30.161900
0.475518 11.123400
0.475717 11.902400
0.475916 7.879860
0.476115 13.069000
0.476314 8.839270
0.476513 6.344570
0.476712 29.619800
0.476911 74.500600
0.477110 12.555500
0.477309 14.393000
0.477508 3.500530
0.477707 20.686400
0.477906 12.543000
0.478105 42.797700
0.478304 8.221650
0.478503 9.564880
0.478702 23.406100
0.478901 42.517000
0.479100 22.676200
0.479299 12.985500
0.479498 7.500350
0.479697 54.640700
0.479896 7.756580
0.480096 23.363700
0.480295 59.759900
0.480494 6.058000
0.480693 34.107500
0.480892 33.608100
0.481091 11.577600
0.481290 35.346100
0.481489 56.000200
0.481688 18.264700
0.481887 67.095300
0.482086 67.557200
0.482285 5.409060
0.482484 28.758800
0.482683 18.093400
0.482882 33.083900
0.483081 8.710370
0.483280 15.604200
0.483479 32.338300
0.483678 27.797600
0.483877 8.587110
0.484076 62.344800
0.484275 15.628600
0.484475 10.549300
0.484674 39.625300
0.484873 5.725330
0.485072 21.811400
0.485271 30.033900
0.485470 11.517500
0.485669 49.070600
0.485868 4.626990
0.486067 5.566270
0.486266 5.803920
0.486465 5.552360
0.486664 26.981100
0.486863 70.666300
0.487062 55.120800
0.487261 8.079490
0.487460 5.607510
0.487659 9.880850
0.487858 18.121500
0.488057 15.163000
0.488256 35.639200
0.488455 6.392780
0.488654 17.543600
0.488854 55.851400
0.489053 5.549660
0.489252 15.610900
0.489451 30.891800
0.489650 10.853100
0.489849 10.642900
0.490048 9.455220
0.490247 18.166400
0.490446 32.327300
0.490645 28.136300
0.490844 24.682200
0.491043 10.819900
0.491242 25.041700
0.491441 28.862300
0.491640 9.870790
0.491839 22.829500
0.492038 48.965300
0.492237 10.190400
0.492436 10.127200
0.492635 48.077500
0.492834 48.051700
0.493033 57.330000
0.493232 13.764300
0.493432 9.092080
0.493631 68.915700
0.493830 17.863200
0.494029 28.010800
0.494228 9.703000
0.494427 19.252000
0.494626 5.288580
0.494825 22.810400
0.495024 47.128500
0.495223 35.002400
0.495422 19.912600
0.495621 87.878400
0.495820 51.652200
0.496019 24.186900
0.496218 22.234000
0.496417 29.220300
0.496616 18.461900
0.496815 11.816700
0.497014 29.384300
0.497213 33.973800
0.497412 16.042000
0.497611 29.521800
0.497811 24.002900
0.498010 18.306600
0.498209 67.072800
0.498408 18.948900
0.498607 11.255000
0.498806 9.017320
0.499005 4.407440
0.499204 15.776500
0.499403 16.198500
0.499602 13.015300
0.499801 4.526050
0.500000 12.303400
0.500199 40.637200
0.500398 47.437700
0.500597 4.576620
0.500796 26.888200
0.500995 1.952370
0.501194 57.232100
0.501393 18.281700
0.501592 10.719500
0.501791 32.111100
0.501990 23.125700
0.502189 30.007400
0.502389 37.887400
0.502588 4.921590
0.502787 33.821500
0.502986 16.195600
0.503185 67.584000
0.503583 10.338700
0.503782 82.052700
0.503981 42.036300
0.504180 1.666840
0.504379 14.036600
0.504578 21.542000
0.504777 6.517730
0.504976 31.150700
0.505175 14.140500
0.505374 10.163300
0.505573 74.345300
0.505772 8.374850
0.505971 13.766100
0.506170 42.590400
0.506369 46.452700
0.506568 30.082300
0.506768 7.223110
0.506967 36.593800
0.507166 14.685100
0.507365 6.358120
0.507564 12.295100
0.507763 56.737400
0.507962 12.439700
0.508161 13.973200
0.508360 7.403870
0.508559 35.031100
0.508758 8.186580
0.508957 30.759900
0.509156 9.842440
0.509355 88.489400
0.509554 72.014100
0.509753 11.449800
0.509952 6.523480
0.510151 75.427400
0.510350 21.312800
0.510549 20.724900
0.510748 30.143400
0.510947 5.332170
0.511146 8.694200
0.511346 12.966300
0.511545 16.688500
0.511744 11.003500
0.511943 9.971920
0.512142 60.341200
0.512341 40.577900
0.512540 13.960600
0.512739 14.878900
0.512938 31.501700
0.513137 17.122900
0.513336 18.103600
0.513535 8.578560
0.513734 15.185300
0.513933 11.400100
0.514132 58.509500
0.514331 59.798700
0.514530 36.966000
0.514729 36.774400
0.514928 16.565400
0.515127 29.340500
0.515326 20.803200
0.515525 19.239000
0.515725 11.002800
0.515924 25.563000
0.516123 6.254350
0.516322 63.043000
0.516521 12.940800
0.516720 7.746980
0.516919 10.643900
0.517118 12.469000
0.517317 22.142000
0.517516 38.178500
0.517715 76.120700
0.517914 42.512000
0.518113 26.952800
0.518312 18.908800
0.518511 91.579300
0.518710 52.212800
0.518909 24.202700
0.519108 14.213800
0.519307 5.534020
0.519506 39.265100
0.519705 12.436100
0.519904 29.145800
0.520104 55.457800
0.520303 3.520960
0.520502 30.460500
0.520701 19.141500
0.520900 6.742850
0.521099 20.655300
0.521298 37.738300
0.521497 7.735490
0.521696 24.482300
0.521895 24.173300
0.522094 8.698470
0.522293 49.452100
0.522492 13.771400
0.522691 26.725200
0.522890 5.278630
0.523089 55.590200
0.523288 65.070300
0.523487 9.766420
0.523686 8.301420
0.523885 59.540500
0.524084 33.088100
0.524283 37.751000
0.524482 45.489800
0.524682 38.621300
0.524881 42.647800
0.525080 56.374500
0.525279 23.065900
0.525478 25.900200
0.525677 1.783170
0.525876 11.091200
0.526075 21.626100
0.526274 28.375500
0.526473 8.787780
0.526672 11.036300
0.526871 73.254100
0.527070 7.166940
0.527269 15.953700
0.527468 3.543920
0.527667 25.504800
0.527866 8.718400
0.528065 14.725300
0.528264 23.150900
0.528463 18.201400
0.528662 5.774980
0.528861 16.117200
0.529061 36.478300
0.529260 25.249100
0.529459 50.244200
0.529658 27.016300
0.529857 4.863620
0.530056 27.199400
0.530255 4.084140
0.530454 10.053700
0.530653 6.456450
0.530852 3.746230
0.531051 81.746700
0.531250 13.620600
0.531449 8.197990
0.531648 6.040860
0.531847 7.043900
0.532046 13.309000
0.532245 47.905400
0.532444 31.439200
0.532643 26.140700
0.532842 9.123770
0.533041 20.001000
0.533240 6.341320
0.533439 29.287600
0.533639 15.592400
0.533838 22.559300
0.534037 50.651600
0.534236 19.654900
0.534435 46.683600
0.534634 3.484920
0.534833 18.047200
0.535032 12.951300
0.535231 6.434170
0.535430 5.680610
0.535629 21.287700
0.535828 33.673400
0.536027 19.599200
0.536226 9.194650
0.536425 8.914400
0.536624 26.431300
0.536823 9.796290
0.537022 3.272520
0.537221 7.077460
0.537420 16.005900
0.537619 45.821000
0.537818 6.402690
0.538018 7.612950
0.538217 11.341900
0.538416 8.726910
0.538615 12.406400
0.538814 32.697500
0.539013 20.709500
0.539212 53.387800
0.539411 5.455800
0.539610 12.746500
0.539809 55.273200
0.540008 31.132500
0.540207 15.838500
0.540406 12.331600
0.540605 48.732000
0.540804 36.562500
0.541003 16.875100
0.541202 72.454100
0.541401 4.158360
0.541600 27.192700
0.541799 9.840510
0.541998 47.480600
0.542197 24.407400
0.542396 8.009560
0.542596 58.598600
0.542795 45.194200
0.542994 7.942300
0.543193 56.097800
0.543392 93.891000
0.543591 80.481000
0.543790 16.620100
0.543989 84.876400
0.544188 1.752390
0.544387 23.203900
0.544586 14.131200
0.544785 24.804900
0.544984 33.070300
0.545183 14.099300
0.545382 24.072900
0.545581 27.380500
0.545780 41.916200
0.545979 23.373600
0.546178 9.301430
0.546377 14.863600
0.546576 6.377960
0.546775 4.202680
0.546975 15.804300
0.547174 4.000570
0.547572 20.188000
0.547771 34.784700
0.547970 29.319200
0.548169 13.828200
0.548368 39.752900
0.548567 16.555900
0.548766 13.153300
0.548965 10.282300
0.549164 7.884400
0.549363 16.871000
0.549562 20.524800
0.549761 36.030300
0.549960 51.218000
0.550159 4.811320
0.550358 34.674400
0.550557 7.875450
0.550756 34.533800
0.550955 29.088200
0.551154 43.076200
0.551354 7.319260
0.551553 23.719000
0.551752 37.894100
0.551951 5.932640
0.552150 33.566800
0.552349 22.247800
0.552548 78.973300
0.552747 21.353900
0.552946 23.928900
0.553145 17.994700
0.553344 12.457700
0.553543 4.936200
0.553742 82.940900
0.553941 88.378000
0.554140 39.988200
0.554339 19.537300
0.554538 84.667200
0.554737 27.377500
0.554936 9.137230
0.555135 60.096800
0.555334 16.001900
0.555533 31.497100
0.555732 12.334700
0.555932 13.814400
0.556131 53.811400
0.556330 16.895000
0.556529 39.722900
0.556728 21.397100
0.556927 7.120680
0.557126 13.008900
0.557325 12.453100
0.557524 45.976900
0.557723 35.960500
0.557922 81.019800
0.558121 19.202400
0.558320 14.286500
0.558519 7.325090
0.558718 16.049800
0.558917 6.820530
0.559116 15.667700
0.559315 42.660500
0.559514 24.638200
0.559713 47.420700
0.559912 29.410700
0.560111 15.379100
0.560311 9.006670
0.560510 6.783540
0.560709 23.076100
0.560908 22.562700
0.561107 95.182300
0.561306 34.199100
0.561505 9.726790
0.561704 20.819300
0.561903 73.853500
0.562102 14.911500
0.562301 17.657400
0.562500 7.578150
0.562699 3.721200
0.562898 41.620100
0.563097 10.408600
0.563296 28.980000
0.563495 25.576800
0.563694 17.239300
0.563893 43.124400
0.564092 3.471100
0.564291 17.663100
0.564490 39.979200
0.564689 3.509610
0.564889 46.734200
0.565088 10.502800
0.565287 26.716200
0.565486 26.048800
0.565685 5.840650
0.565884 8.702800
0.566083 21.542700
0.566282 40.556400
0.566481 28.702300
0.566680 6.978400
0.566879 10.028200
0.567078 77.580500
0.567277 26.006800
0.567476 22.287700
0.567675 31.441200
0.567874 10.569700
0.568073 6.465700
0.568272 7.797110
0.568471 21.179500
0.568670 12.094500
0.568869 6.501450
0.569068 4.430480
0.569268 41.098100
0.569467 18.318800
0.569666 35.677800
0.569865 8.775650
0.570064 22.829900
0.570263 13.955500
0.570462 22.141500
0.570661 16.481500
0.570860 7.075300
0.571059 8.064100
0.571258 60.529400
0.571457 35.764400
0.571656 61.452300
0.571855 27.634700
0.572054 39.008700
0.572253 22.453300
0.572452 41.820400
0.572651 76.058400
0.572850 7.073130
0.573049 32.564500
0.573248 40.058600
0.573447 50.662300
0.573646 17.513000
0.573846 67.491600
0.574045 17.855300
0.574244 7.766660
0.574443 35.847400
0.574642 14.600000
0.574841 17.956800
0.575040 47.985800
0.575239 7.320220
0.575438 9.471050
0.575637 5.770780
0.575836 26.981800
0.576035 26.277200
0.576234 19.631000
0.576433 2.307750
0.576632 17.693500
0.576831 9.789460
0.577030 7.727510
0.577229 38.879800
0.577428 42.443700
0.577627 32.165300
0.577826 9.298540
0.578025 86.339000
0.578225 20.555500
0.578424 37.557300
0.578623 62.141300
0.578822 30.423900
0.579021 9.377520
0.579220 15.070700
0.579419 8.423620
0.579618 35.405000
0.579817 94.348400
0.580016 21.337500
0.580215 49.235700
0.580414 2.750300
0.580613 58.362700
0.580812 21.458300
0.581011 39.391800
0.581210 22.382000
0.581409 11.710400
0.581608 9.952000
0.581807 9.269510
0.582006 32.693300
0.582205 17.762700
0.582404 85.312600
0.582604 7.428100
0.582803 53.497400
0.583002 4.673300
0.583201 29.812800
0.583400 25.308100
0.583599 10.892600
0.583798 9.356060
0.583997 10.654300
0.584196 6.823890
0.584395 9.557860
0.584594 20.227800
0.584793 9.698260
0.584992 52.264100
0.585191 36.963200
0.585390 19.249800
0.585589 7.474250
0.585788 55.302400
0.585987 23.440700
0.586186 47.436600
0.586385 6.146600
0.586584 38.671200
0.586783 5.867730
0.586982 6.209020
0.587182 9.667180
0.587381 10.784700
0.587580 48.752800
0.587779 10.888200
0.587978 49.439000
0.588177 48.083700
0.588376 57.659200
0.588575 10.959500
0.588774 11.277600
0.588973 11.093600
0.589172 10.385800
0.589371 14.094100
0.589570 61.116100
0.589769 8.754890
0.589968 34.324300
0.590167 8.954180
0.590366 70.768900
0.590565 2.054460
0.590764 37.580300
0.590963 18.654800
0.591162 24.102100
0.591361 9.004230
0.591561 37.914100
0.591760 40.576600
0.591959 15.036700
0.592158 15.446300
0.592357 23.277800
0.592556 87.125000
0.592755 25.950000
0.592954 17.500800
0.593153 18.441800
0.593352 7.682940
0.593551 18.154500
0.593750 16.257800
0.593949 69.206400
0.594148 13.403400
0.594347 52.768500
0.594546 70.323200
0.594745 26.880300
0.594944 5.615640
0.595143 15.808600
0.595342 5.174310
0.595541 8.270960
0.595740 26.780500
0.595939 3.964050
0.596139 63.839200
0.596338 65.283900
0.596537 42.766500
0.596736 25.644100
0.596935 35.449200
0.597134 23.745600
0.597333 33.477600
0.597532 37.044500
0.597731 23.551100
0.597930 9.477870
0.598129 32.717700
0.598328 19.810200
0.598527 40.922000
0.598726 30.213800
0.598925 5.184490
0.599124 21.464600
0.599323 52.228800
0.599522 6.994470
0.599721 11.137700
0.599920 16.871900
0.600119 6.120740
0.600318 11.936000
0.600518 40.285500
0.600717 17.846200
0.600916 25.150100
0.601115 12.644600
0.601314 37.584400
0.601513 6.049860
0.601712 19.671700
0.601911 11.375700
0.602110 8.178330
0.602309 48.386200
0.602508 39.229100
0.602707 4.386570
0.602906 11.459100
0.603105 68.600500
0.603304 56.703600
0.603503 3.379130
0.603702 8.810400
0.603901 5.753990
0.604100 15.661400
0.604299 12.781200
0.604498 12.519700
0.604697 7.538420
0.604896 5.698000
0.605096 21.836900
0.605295 12.808200
0.605494 4.234850
0.605693 25.549300
0.605892 11.030700
0.606091 20.571600
0.606290 45.916800
0.606489 25.963300
0.606688 25.526600
0.606887 19.404100
0.607086 18.410600
0.607285 34.016400
0.607484 28.784900
0.607683 17.783100
0.607882 4.017550
0.608081 20.649900
0.608280 7.355300
0.608479 23.265400
0.608678 7.783550
0.608877 30.644700
0.609076 19.820500
0.609275 7.838040
0.609475 6.676480
0.609674 17.079000
0.609873 6.286690
0.610072 17.402600
0.610271 20.462300
0.610470 17.440400
0.610669 17.781800
0.610868 49.690500
0.611067 11.450300
0.611266 19.292000
0.611465 4.949610
0.611664 7.096100
0.611863 5.168380
0.612062 44.922400
0.612261 8.436100
0.612460 64.814500
0.612659 20.281200
0.612858 7.283730
0.613057 6.213700
0.613256 14.938800
0.613455 63.670300
0.613654 19.524700
0.613854 18.991900
0.614053 27.071300
0.614252 3.213100
0.614451 14.780400
0.614650 4.199360
0.614849 1.676810
0.615048 5.614530
0.615247 9.936330
0.615446 5.668700
0.615645 17.325900
0.615844 89.866900
0.616043 47.006200
0.616242 38.116300
0.616441 50.824100
0.616640 5.403380
0.616839 59.591200
0.617038 7.963760
0.617237 24.891000
0.617436 69.952600
0.617635 42.204000
0.617834 58.852400
0.618033 7.007500
0.618232 8.621420
0.618432 54.559100
0.618631 39.420800
0.618830 20.774900
0.619029 30.115500
0.619228 92.060700
0.619427 17.071300
0.619626 3.268930
0.619825 34.034800
0.620024 5.161930
0.620223 12.072800
0.620422 38.408300
0.620621 17.630300
0.620820 42.111400
0.621019 29.788600
0.621218 18.390000
0.621417 66.870300
0.621616 5.254070
0.621815 28.020100
0.622014 7.509440
0.622213 42.597400
0.622412 42.474900
0.622611 52.824300
0.622811 9.254510
0.623010 15.949700
0.623209 27.631900
0.623408 8.863770
0.623607 25.161600
0.623806 71.192500
0.624005 6.486350
0.624204 42.792400
0.624403 15.430800
0.624602 29.806700
0.624801 15.523500
0.625000 12.324300
0.625199 7.787280
0.625398 28.668800
0.625597 8.566180
0.625796 17.013600
0.625995 22.527000
0.626194 55.268400
0.626393 52.179600
0.626592 57.973700
0.626791 64.598000
0.626990 32.160600
0.627189 9.426780
0.627389 28.459200
0.627588 27.829400
0.627787 6.607780
0.627986 4.769480
0.628185 7.215390
0.628384 26.386400
0.628583 30.897500
0.628782 3.970460
0.628981 6.825800
0.629180 20.073900
0.629379 15.704100
0.629578 33.141300
0.629777 23.223500
0.629976 5.513460
0.630175 27.104300
0.630374 86.867800
0.630573 14.066200
0.630772 16.170800
0.630971 31.129500
0.631170 63.968600
0.631369 22.425500
0.631568 11.276100
0.631768 6.491550
0.631967 5.806930
0.632166 28.291300
0.632365 54.726900
0.632564 12.400700
0.632763 14.802900
0.632962 50.284300
0.633161 59.977700
0.633360 17.899000
0.633559 5.816200
0.633758 26.390100
0.633957 6.510340
0.634156 20.946100
0.634355 77.786300
0.634554 25.002500
0.634753 25.020400
0.634952 10.603300
0.635151 17.558800
0.635350 32.816400
0.635549 10.703900
0.635748 12.993400
0.635947 19.343500
0.636146 23.461500
0.636346 11.586400
0.636545 20.124100
0.636744 23.736700
0.636943 5.136640
0.637142 53.777400
0.637341 6.786130
0.637540 36.254300
0.637739 60.714700
0.637938 25.741100
0.638137 29.059300
0.638336 30.813600
0.638535 51.960900
0.638734 18.273200
0.638933 18.101400
0.639132 7.510110
0.639331 40.450600
0.639530 10.808600
0.639729 8.976530
0.639928 9.602240
0.640127 7.537270
0.640326 24.428700
0.640525 16.010200
0.640725 67.384400
0.640924 34.896200
0.641123 3.454730
0.641322 19.648500
0.641521 2.225120
0.641720 59.634500
0.641919 17.662100
0.642118 20.428300
0.642317 15.532400
0.642516 7.750020
0.642715 20.031000
0.642914 22.963400
0.643113 23.574600
0.643312 2.956950
0.643511 17.058200
0.643710 6.441100
0.643909 14.006800
0.644108 25.353500
0.644307 71.781200
0.644506 21.280500
0.644705 3.724080
0.644904 6.046730
0.645104 12.308300
0.645303 37.265900
0.645502 12.669800
0.645701 32.629800
0.645900 42.366000
0.646099 19.071500
0.646298 79.234000
0.646497 10.772200
0.646696 17.498800
0.646895 52.835900
0.647094 17.886600
0.647293 8.770170
0.647492 35.426400
0.647691 69.252900
0.647890 4.759020
0.648089 7.318620
0.648288 5.050690
0.648487 64.051600
0.648686 5.208850
0.648885 16.237900
0.649084 18.665300
0.649283 78.167400
0.649482 14.051000
0.649682 41.873400
0.649881 50.184900
0.650080 10.958100
0.650279 27.399100
0.650478 14.206100
0.650677 74.565900
0.650876 29.863200
0.651075 75.405500
0.651274 15.189400
0.651473 12.600900
0.651672 28.562800
0.651871 25.997100
0.652070 36.134400
0.652269 17.706800
0.652468 39.093400
0.652667 26.542500
0.652866 45.933100
0.653065 14.162100
0.653264 8.205530
0.653463 57.869200
0.653662 14.504200
0.653861 44.374000
0.654061 58.569100
0.654260 46.075300
0.654459 25.726200
0.654658 13.918300
0.654857 41.479100
0.655056 27.825000
0.655255 7.762920
0.655454 32.555800
0.655653 12.241600
0.655852 21.907200
0.656051 32.588300
0.656250 38.623000
0.656449 51.386000
0.656648 47.198500
0.656847 9.275650
0.657046 14.726500
0.657245 31.962600
0.657444 8.260340
0.657643 4.072840
0.657842 33.852600
0.658041 30.870700
0.658240 36.569400
0.658439 12.141500
0.658639 11.941100
0.658838 65.865200
0.659037 54.802900
0.659236 4.823500
0.659435 1.802560
0.659634 46.698800
0.659833 10.610800
0.660032 41.568400
0.660231 85.148700
0.660430 27.837500
0.660629 17.671200
0.660828 12.044900
0.661027 15.152800
0.661226 71.344600
0.661425 21.864700
0.661624 4.510990
0.661823 73.663300
0.662022 4.369310
0.662221 6.803560
0.662420 42.985200
0.662619 5.546530
0.662818 7.480010
0.663018 42.283100
0.663217 3.792600
0.663416 20.502200
0.663615 24.685500
0.663814 30.850000
0.664013 72.130200
0.664212 14.228300
0.664411 39.013600
0.664610 11.201900
0.664809 80.661600
0.665008 26.811600
0.665207 75.032300
0.665406 15.113900
0.665605 35.478300
0.665804 42.060500
0.666003 46.909300
0.666202 22.425300
0.666401 53.080700
0.666600 25.248600
0.666799 21.099600
0.666998 8.756960
0.667197 8.813940
0.667396 5.968210
0.667596 8.092640
0.667795 19.558700
0.667994 6.538290
0.668193 8.092390
0.668392 21.486500
0.668591 30.543900
0.668790 28.575800
0.668989 23.112800
0.669188 6.244650
0.669387 12.546700
0.669586 63.576000
0.669785 32.846800
0.669984 10.149500
0.670183 14.317700
0.670382 27.035500
0.670581 10.306200
0.670780 14.217100
0.670979 53.773200
0.671178 13.801800
0.671377 9.339870
0.671576 6.645210
0.671775 34.704500
0.671975 18.475800
0.672174 4.442850
0.672373 5.583080
0.672572 25.826700
0.672771 6.962170
0.672970 34.430500
0.673169 49.438700
0.673368 52.321300
0.673567 54.267000
0.673766 15.944300
0.673965 16.874400
0.674164 61.045000
0.674363 21.386700
0.674562 24.641400
0.674761 8.079330
0.674960 64.049900
0.675159 6.845960
0.675358 19.435100
0.675557 6.618940
0.675756 12.404200
0.675955 13.114600
0.676154 33.865100
0.676354 16.163600
0.676553 31.372400
0.676752 51.182400
0.676951 24.632400
0.677150 18.684900
0.677349 1.768000
0.677548 12.307300
0.677747 27.263900
0.677946 24.043400
0.678145 8.991550
0.678344 27.219400
0.678543 12.021900
0.678742 51.805900
0.678941 27.847500
0.679140 21.950100
0.679339 29.505300
0.679538 2.123900
0.679737 7.799630
0.679936 15.480700
0.680135 53.148900
0.680334 44.072200
0.680533 24.870100
0.680732 15.572800
0.680932 15.991300
0.681131 9.290410
0.681330 9.927990
0.681529 9.257380
0.681728 9.227570
0.681927 23.734900
0.682126 19.339900
0.682325 5.875780
0.682524 8.005960
0.682723 12.455400
0.682922 49.897200
0.683121 63.479300
0.683320 5.269850
0.683519 11.577700
0.683718 8.114280
0.683917 8.650720
0.684116 9.780720
0.684315 49.482800
0.684514 48.681700
0.684713 25.514100
0.684912 23.033600
0.685111 30.480900
0.685311 26.843600
0.685510 37.918300
0.685709 9.197800
0.685908 28.605200
0.686107 13.378200
0.686306 31.290000
0.686505 18.927400
0.686704 73.279200
0.686903 1.942290
0.687102 29.123500
0.687301 2.817500
0.687500 14.652200
0.687699 31.696400
0.687898 23.144200
0.688097 14.228800
0.688296 6.936400
0.688495 5.805800
0.688694 7.196780
0.688893 31.585200
0.689092 17.083500
0.689291 38.937400
0.689490 29.864800
0.689689 23.767900
0.689889 8.428110
0.690088 17.333600
0.690287 20.898000
0.690486 21.654900
0.690685 71.354600
0.690884 48.291500
0.691083 8.647070
0.691282 20.536400
0.691481 4.965390
0.691680 32.214500
0.691879 11.918000
0.692078 10.168500
0.692277 2.191680
0.692476 37.652100
0.692675 54.142700
0.692874 80.568200
0.693073 33.620100
0.693272 6.778940
0.693471 9.313990
0.693670 16.277100
0.693869 35.931000
0.694068 14.208600
0.694268 57.891000
0.694467 13.356100
0.694666 24.778600
0.694865 24.929300
0.695064 1.669420
0.695263 42.783300
0.695462 26.467300
0.695661 9.789520
0.695860 4.299690
0.696059 18.210100
0.696258 25.547900
0.696457 7.274200
0.696656 7.073470
0.696855 13.409000
0.697054 7.563630
0.697253 30.622900
0.697452 87.809400
0.697651 18.997500
0.697850 15.964500
0.698049 82.245200
0.698248 18.138800
0.698447 8.429250
0.698646 64.288000
0.698846 22.088300
0.699045 22.532300
0.699244 4.564980
0.699443 22.973500
0.699642 9.000320
0.699841 3.963160
0.700040 5.664090
0.700239 16.771100
0.700438 5.926980
0.700637 42.285500
0.700836 11.361100
0.701035 14.002100
0.701234 15.084700
0.701433 24.069300
0.701632 7.712630
0.701831 3.853170
0.702030 17.214100
0.702229 42.123700
0.702428 11.830800
0.702627 26.838900
0.702826 5.665270
0.703025 21.415700
0.703225 20.696300
0.703424 7.984990
0.703623 78.381300
0.703822 23.196200
0.704021 11.621300
0.704220 8.132840
0.704419 46.722400
0.704618 28.725400
0.704817 9.365430
0.705016 41.550500
0.705215 49.634800
0.705414 17.602600
0.705613 9.847640
0.705812 19.552700
0.706011 6.940980
0.706210 20.514500
0.706409 9.011330
0.706608 42.272600
0.706807 8.732340
0.707006 48.090000
0.707205 2.956840
0.707404 47.701600
0.707604 45.691500
0.707803 5.257220
0.708002 55.650900
0.708201 32.498900
0.708400 6.731470
0.708599 5.330370
0.708798 3.746660
0.708997 20.216300
0.709196 44.494700
0.709395 14.544600
0.709594 16.696100
0.709793 15.646800
0.709992 9.427750
0.710191 26.509600
0.710390 20.105500
0.710589 46.079100
0.710788 15.587700
0.710987 4.242400
0.711186 27.875500
0.711385 27.411700
0.711584 12.556400
0.711783 36.466400
0.711982 17.573500
0.712182 12.192600
0.712381 22.324300
0.712580 34.022200
0.712779 13.190700
0.712978 29.937200
0.713177 23.353600
0.713376 4.316150
0.713575 7.033740
0.713774 4.226450
0.713973 9.767900
0.714172 31.322600
0.714371 21.184600
0.714570 7.220750
0.714769 29.929400
0.714968 7.691040
0.715167 79.139400
0.715366 15.353500
0.715565 7.603790
0.715764 8.440710
0.715963 9.675530
0.716162 6.439260
0.716361 37.829600
0.716561 5.312640
0.716760 36.859900
0.716959 23.427700
0.717158 4.227890
0.717357 12.418500
0.717556 22.881600
0.717755 24.100300
0.717954 73.298300
0.718153 5.140550
0.718352 52.880600
0.718551 6.530310
0.718750 13.727000
0.718949 48.218200
0.719148 54.125500
0.719347 19.512400
0.719546 3.832980
0.719745 7.925050
0.719944 24.077300
0.720143 28.013600
0.720342 16.706400
0.720541 17.215700
0.720740 29.957700
0.720939 6.026940
0.721139 5.350060
0.721338 30.500700
0.721537 10.347000
0.721736 27.108800
0.721935 21.874700
0.722134 21.017700
0.722333 5.035410
0.722532 7.852140
0.722731 11.379400
0.722930 26.510600
0.723129 2.598720
0.723328 26.167600
0.723527 43.140100
0.723726 50.497600
0.723925 31.854300
0.724124 4.236900
0.724323 6.042510
0.724522 81.008400
0.724721 16.754100
0.724920 26.568900
0.725119 20.697400
0.725318 8.858640
0.725518 5.676400
0.725717 15.199400
0.725916 9.594120
0.726115 4.433110
0.726314 8.082220
0.726513 9.669920
0.726712 36.201100
0.726911 16.707200
0.727110 59.308400
0.727309 47.417700
0.727508 57.339800
0.727707 13.313900
0.727906 12.540000
0.728105 24.934900
0.728304 15.136400
0.728503 15.396900
0.728702 15.082400
0.728901 35.399200
0.729100 68.627400
0.729299 15.891000
0.729498 6.777850
0.729697 57.169400
0.729896 6.272780
0.730096 36.007900
0.730295 4.752550
0.730494 9.785890
0.730693 27.160500
0.730892 7.777660
0.731091 14.410100
0.731290 45.153700
0.731489 47.517200
0.731688 7.202590
0.731887 7.906410
0.732086 8.360800
0.732285 17.113100
0.732484 11.625900
0.732683 85.061300
0.732882 28.736600
0.733081 11.238700
0.733280 6.393560
0.733479 21.529800
0.733678 23.285200
0.733877 13.042400
0.734076 35.839800
0.734275 9.443590
0.734475 43.512300
0.734674 37.526700
0.734873 15.309500
0.735072 51.145000
0.735271 29.244400
0.735470 32.557300
0.735669 39.736700
0.735868 16.371000
0.736067 62.942200
0.736266 6.418340
0.736465 9.671380
0.736664 4.723820
0.736863 33.972400
0.737062 14.408600
0.737261 23.559400
0.737460 7.003880
0.737659 2.364550
0.737858 45.773100
0.738057 27.496100
0.738256 7.822940
0.738455 12.523300
0.738654 4.672400
0.738854 73.168800
0.739053 4.206160
0.739252 37.513600
0.739451 45.314800
0.739650 40.643100
0.739849 90.710000
0.740048 34.665100
0.740247 6.818680
0.740446 18.622200
0.740645 30.310600
0.740844 6.827070
0.741043 12.574700
0.741242 9.246110
0.741441 72.785100
0.741640 11.175900
0.741839 10.275100
0.742038 52.945700
0.742237 3.072340
0.742436 10.869400
0.742635 7.604260
0.742834 10.940800
0.743033 31.549000
0.743232 8.114510
0.743432 36.574000
0.743631 8.872840
0.743830 10.998500
0.744029 14.003900
0.744228 9.237240
0.744427 8.224210
0.744626 10.954700
0.744825 43.724000
0.745024 35.989000
0.745223 28.357300
0.745422 22.074600
0.745621 21.795200
0.745820 19.723400
0.746019 30.932100
0.746218 55.570900
0.746417 5.080920
0.746616 32.470000
0.746815 33.003400
0.747014 25.182100
0.747213 10.450600
0.747412 10.003900
0.747611 17.108500
0.747811 21.076300
0.748010 10.909200
0.748209 31.671100
0.748408 41.777300
0.748607 9.852020
0.748806 36.602800
0.749005 2.292600
0.749204 34.008800
0.749403 18.062500
0.749602 62.047400
0.749801 26.789200
0.750000 8.140030
0.750199 6.381840
0.750398 34.001500
0.750597 3.328270
0.750796 27.228400
0.750995 3.502370
0.751194 15.125000
0.751393 22.277100
0.751592 67.507700
0.751791 4.741660
0.751990 51.246400
0.752189 38.868900
0.752389 21.197800
0.752588 21.462800
0.752787 11.277700
0.752986 79.674900
0.753185 13.707400
0.753384 5.251650
0.753583 17.030300
0.753782 39.583000
0.753981 31.437300
0.754180 28.824600
0.754379 6.083120
0.754578 54.064600
0.754777 11.165400
0.754976 6.247030
0.755175 20.945000
0.755374 29.933600
0.755573 8.995420
0.755772 43.685000
0.755971 2.731280
0.756170 9.680150
0.756369 43.350200
0.756568 40.170900
0.756768 9.245390
0.756967 20.029800
0.757166 8.460050
0.757365 25.475000
0.757564 9.824500
0.757763 28.175300
0.757962 2.198030
0.758161 8.147760
0.758360 24.422700
0.758559 18.077500
0.758758 48.409300
0.758957 29.452400
0.759156 23.115900
0.759355 13.374900
0.759554 43.270100
0.759753 9.093080
0.759952 81.511000
0.760151 20.259600
0.760350 6.025170
0.760549 1.640710
0.760748 9.750090
0.760947 24.763000
0.761146 5.520650
0.761346 11.063600
0.761545 20.869200
0.761744 8.997190
0.761943 68.113500
0.762142 16.635000
0.762341 62.068700
0.762540 51.952100
0.762739 23.456800
0.762938 41.702000
0.763137 32.961700
0.763336 79.119100
0.763535 59.997900
0.763734 23.282600
0.763933 17.667900
0.764132 14.745600
0.764331 10.231100
0.764530 7.677540
0.764729 9.329030
0.764928 9.068370
0.765127 12.551000
0.765326 6.645520
0.765525 22.891700
0.765725 69.690400
0.765924 8.311200
0.766123 5.206700
0.766322 11.227400
0.766521 29.396300
0.766720 59.333300
0.766919 31.024100
0.767118 20.712100
0.767317 28.466300
0.767516 6.900260
0.767715 8.421150
0.767914 8.124980
0.768113 14.671300
0.768312 34.741600
0.768511 5.066700
0.768710 30.179300
0.768909 28.296200
0.769108 16.737300
0.769307 9.593240
0.769506 8.748280
0.769705 39.852800
0.769904 28.578800
0.770104 26.482000
0.770303 72.798100
0.770502 10.024200
0.770701 78.101200
0.770900 26.373000
0.771099 9.352330
0.771298 11.061100
0.771497 8.010490
0.771696 1.766450
0.771895 10.213500
0.772094 14.834900
0.772293 2.113190
0.772492 43.137000
0.772691 61.066200
0.772890 61.355300
0.773089 92.302100
0.773288 16.942900
0.773487 41.277100
0.773686 17.193300
0.773885 22.443100
0.774084 15.261800
0.774283 36.592400
0.774482 9.941500
0.774682 6.351490
0.774881 6.978770
0.775080 43.491800
0.775279 10.064400
0.775478 80.770500
0.775677 21.422400
0.775876 13.575800
0.776075 68.559800
0.776274 39.644500
0.776473 7.061860
0.776672 71.141900
0.776871 73.649500
0.777070 28.889200
0.777269 40.842000
0.777468 20.707000
0.777667 40.672000
0.777866 15.949400
0.778065 20.271900
0.778264 33.825800
0.778463 25.540600
0.778662 55.005600
0.778861 45.362000
0.779061 16.747800
0.779260 8.677110
0.779459 35.390100
0.779658 24.080000
0.779857 14.768700
0.780056 46.698000
0.780255 40.285900
0.780454 16.730700
0.780653 30.069200
0.780852 15.533500
0.781051 20.641500
0.781250 10.700200
0.781449 77.109800
0.781648 27.828800
0.781847 27.950000
0.782046 39.567000
0.782245 27.452400
0.782444 21.433700
0.782643 64.052900
0.782842 64.286400
0.783041 36.067100
0.783240 7.857230
0.783439 50.977700
0.783639 30.852400
0.783838 6.553520
0.784037 66.100400
0.784236 21.112400
0.784435 28.916900
0.784634 7.847340
0.784833 36.372100
0.785032 6.814510
0.785231 4.986530
0.785430 7.093890
0.785629 46.826100
0.785828 6.105110
0.786027 37.970600
0.786226 6.088950
0.786425 20.839700
0.786624 9.308970
0.786823 7.665850
0.787022 13.083300
0.787221 7.725130
0.787420 19.103000
0.787619 10.082800
0.787818 15.383700
0.788018 47.122500
0.788217 14.248000
0.788416 45.367700
0.788615 10.643100
0.788814 40.098600
0.789013 5.941780
0.789212 18.734800
0.789411 27.597600
0.789610 69.813100
0.789809 24.375000
0.790008 8.923670
0.790207 65.749100
0.790406 7.707660
0.790605 69.694300
0.790804 29.578900
0.791003 34.982000
0.791202 17.354500
0.791401 21.670600
0.791600 9.245670
0.791799 1.705160
0.791998 10.198600
0.792197 13.078300
0.792396 23.835800
0.792596 7.292340
0.792795 55.917700
0.792994 6.738050
0.793193 6.297150
0.793392 7.653650
0.793591 10.096700
0.793790 14.639200
0.793989 8.200560
0.794188 9.014280
0.794387 34.731200
0.794586 13.961200
0.794785 67.954200
0.794984 84.459400
0.795183 41.322200
0.795382 39.816100
0.795581 30.555400
0.795780 30.289200
0.795979 9.359140
0.796178 19.008500
0.796377 14.283000
0.796576 44.839100
0.796775 10.365400
0.796975 46.344800
0.797174 24.349500
0.797373 42.181100
0.797572 13.477700
0.797771 30.430700
0.797970 34.459500
0.798169 67.186900
0.798368 23.919000
0.798567 8.461450
0.798766 51.265100
0.798965 40.667900
0.799164 29.937600
0.799363 20.161300
0.799562 7.017960
0.799761 1.785850
0.799960 11.991900
0.800159 71.073100
0.800358 9.906300
0.800557 7.877800
0.800756 19.908700
0.800955 20.461700
0.801154 34.406400
0.801354 61.895000
0.801553 16.127000
0.801752 22.160900
0.801951 16.921000
0.802150 27.518300
0.802349 15.856700
0.802548 33.414400
0.802747 29.062900
0.802946 22.244400
0.803145 49.757500
0.803344 54.083000
0.803543 34.562100
0.803742 38.500700
0.803941 61.612000
0.804140 8.061930
0.804339 6.693530
0.804538 54.082600
0.804737 9.045900
0.804936 56.972500
0.805135 13.020900
0.805334 24.668600
0.805533 40.395400
0.805732 26.719400
0.805932 8.343620
0.806131 8.603740
0.806330 9.189350
0.806529 2.228790
0.806728 13.077100
0.806927 5.939390
0.807126 6.033770
0.807325 32.910300
0.807524 24.273800
0.807723 9.270670
0.807922 65.867400
0.808121 14.488500
0.808320 14.651600
0.808519 14.305700
0.808718 52.360000
0.808917 56.863500
0.809116 18.241900
0.809315 8.750290
0.809514 12.093700
0.809713 6.810860
0.809912 27.572000
0.810111 11.149600
0.810311 57.300600
0.810510 31.205600
0.810709 1.846220
0.810908 5.846570
0.811107 20.678500
0.811306 26.397700
0.811505 12.067200
0.811704 8.911660
0.811903 4.985970
0.812102 11.192600
0.812301 30.205300
0.812500 62.636400
0.812699 10.895300
0.812898 18.792900
0.813097 12.585600
0.813296 20.973700
0.813495 64.654900
0.813694 64.576500
0.813893 37.645200
0.814092 11.131200
0.814291 5.593690
0.814490 18.138200
0.814689 9.659500
0.814889 85.564600
0.815088 75.192300
0.815287 9.047580
0.815486 8.274760
0.815685 48.810700
0.815884 35.750900
0.816083 20.993000
0.816282 21.447100
0.816481 16.198600
0.816680 23.415300
0.816879 30.727900
0.817078 54.907000
0.817277 14.367800
0.817476 27.739000
0.817675 48.385900
0.817874 5.864640
0.818073 6.656120
0.818272 36.981300
0.818471 47.908500
0.818670 33.975400
0.818869 25.029900
0.819068 5.383780
0.819268 58.048800
0.819467 55.607800
0.819666 1.772950
0.819865 23.274100
0.820064 16.527900
0.820263 6.582250
0.820462 37.223900
0.820661 52.443600
0.820860 4.657280
0.821059 6.782800
0.821258 8.119460
0.821457 66.421000
0.821656 31.130100
0.821855 27.081300
0.822054 6.233490
0.822253 67.801400
0.822452 10.172200
0.822651 36.046700
0.822850 33.353300
0.823049 48.436700
0.823248 17.636000
0.823447 36.559000
0.823646 83.904800
0.823846 24.399400
0.824045 37.292500
0.824244 10.732300
0.824443 33.161400
0.824642 32.974900
0.824841 33.263900
0.825040 1.675930
0.825239 31.551800
0.825438 9.660250
0.825637 12.526900
0.825836 8.608970
0.826035 64.255200
0.826234 3.797180
0.826433 59.716800
0.826632 37.034200
0.826831 6.827450
0.827030 9.334590
0.827229 18.126700
0.827428 20.818600
0.827627 37.481400
0.827826 37.220400
0.828025 7.105520
0.828225 24.626300
0.828424 7.650770
0.828623 3.598770
0.828822 16.301300
0.829021 8.222930
0.829220 6.229170
0.829419 49.610900
0.829618 23.636200
0.829817 18.254900
0.830016 40.784300
0.830215 18.913400
0.830414 7.162050
0.830613 29.699200
0.830812 11.692800
0.831011 10.889800
0.831210 8.154200
0.831409 46.170700
0.831608 71.533500
0.831807 11.328300
0.832006 46.950500
0.832205 10.161000
0.832404 45.084700
0.832604 22.117800
0.832803 10.998000
0.833002 21.272000
0.833201 34.472300
0.833400 24.198300
0.833599 13.051900
0.833798 45.110100
0.833997 50.477300
0.834196 13.278300
0.834395 21.457600
0.834594 15.863300
0.834793 38.872900
0.834992 33.154500
0.835191 4.584660
0.835390 2.855110
0.835589 8.577050
0.835788 51.911300
0.835987 20.088400
0.836186 61.702000
0.836385 5.973820
0.836584 8.078640
0.836783 7.526780
0.836982 1.769190
0.837182 7.214910
0.837381 42.480700
0.837580 13.165200
0.837779 28.034400
0.837978 15.213700
0.838177 28.339000
0.838376 7.992550
0.838575 9.317220
0.838774 28.353300
0.838973 6.584080
0.839172 35.267100
0.839371 36.391300
0.839570 25.560500
0.839769 11.396100
0.839968 77.891400
0.840167 54.109200
0.840366 4.192470
0.840565 9.749260
0.840764 17.811200
0.840963 10.212500
0.841162 8.337660
0.841361 7.787690
0.841561 84.570000
0.841760 14.781000
0.841959 9.114250
0.842158 25.915900
0.842357 29.769700
0.842556 24.750500
0.842755 41.297200
0.842954 19.502900
0.843153 10.195900
0.843352 27.857800
0.843551 32.371600
0.843750 14.739600
0.843949 26.606000
0.844148 10.959200
0.844347 4.001590
0.844546 36.093300
0.844745 10.892500
0.844944 32.615300
0.845143 41.548500
0.845342 36.905500
0.845541 3.304350
0.845740 20.239000
0.845939 67.297700
0.846139 21.073800
0.846338 8.270790
0.846537 18.254700
0.846736 45.820000
0.846935 3.242090
0.847134 12.962900
0.847333 44.063600
0.847532 38.764900
0.847731 8.450060
0.847930 5.339550
0.848129 49.478500
0.848328 4.416870
0.848527 36.319200
0.848726 15.440800
0.848925 29.595900
0.849124 25.790300
0.849323 35.081700
0.849522 42.316800
0.849721 7.907530
0.849920 33.427400
0.850119 10.771800
0.850318 10.818000
0.850518 22.416900
0.850717 36.683600
0.850916 8.819190
0.851115 68.516000
0.851314 6.953840
0.851513 20.883300
0.851712 11.096800
0.851911 2.344870
0.852110 59.896800
0.852309 47.877900
0.852508 38.861900
0.852707 19.858300
0.852906 28.490600
0.853105 51.456100
0.853304 56.921700
0.853503 9.572200
0.853702 19.774600
0.853901 7.702680
0.854100 16.403900
0.854299 60.946400
0.854498 53.669700
0.854697 10.658000
0.854896 61.436600
0.855096 41.114000
0.855295 46.015000
0.855494 5.422230
0.855693 9.336930
0.855892 12.485400
0.856091 24.780600
0.856290 35.030600
0.856489 70.797900
0.856688 32.681500
0.856887 16.837400
0.857086 23.775200
0.857285 30.809800
0.857484 70.467600
0.857683 4.905180
0.857882 19.594800
0.858081 41.519600
0.858280 7.584170
0.858479 58.549400
0.858678 3.786480
0.858877 3.842100
0.859076 6.707060
0.859275 57.887900
0.859475 9.582440
0.859674 14.963400
0.859873 14.202000
0.860072 10.851400
0.860271 17.716000
0.860470 7.923700
0.860669 55.497100
0.860868 27.097700
0.861067 43.651000
0.861266 38.786000
0.861465 17.381400
0.861664 28.222200
0.861863 8.232730
0.862062 59.347300
0.862261 38.859100
0.862460 10.015100
0.862659 30.688100
0.862858 15.587000
0.863057 17.681800
0.863256 5.626310
0.863455 4.537130
0.863654 12.857900
0.863854 22.599500
0.864053 5.463850
0.864252 30.922600
0.864451 62.579400
0.864650 44.669400
0.864849 3.721030
0.865048 13.251100
0.865247 40.554400
0.865446 16.935900
0.865645 62.019800
0.865844 11.061900
0.866043 34.854100
0.866242 9.894620
0.866441 17.291500
0.866640 27.220600
0.866839 31.288600
0.867038 36.783500
0.867237 27.698200
0.867436 16.622700
0.867635 8.155660
0.867834 8.103000
0.868033 7.796670
0.868232 22.275800
0.868432 27.781700
0.868631 18.462200
0.868830 1.912240
0.869029 8.827900
0.869228 6.253740
0.869427 63.904900
0.869626 16.104200
0.869825 23.973500
0.870024 20.818400
0.870223 29.206300
0.870422 11.377700
0.870621 24.382200
0.870820 23.024600
0.871019 36.033800
0.871218 30.645400
0.871417 4.445110
0.871616 8.201820
0.871815 44.284300
0.872014 24.012400
0.872213 32.667000
0.872412 8.789220
0.872611 30.126400
0.872811 30.018300
0.873010 14.568100
0.873209 14.706800
0.873408 85.060600
0.873607 26.992600
0.873806 34.077700
0.874005 9.879310
0.874204 23.441400
0.874403 22.203900
0.874602 3.109860
0.874801 18.539800
0.875000 47.632300
0.875199 9.048250
0.875398 34.807700
0.875597 3.060180
0.875796 41.845000
0.875995 45.059800
0.876194 16.862500
0.876393 9.404980
0.876592 65.716600
0.876791 29.850200
0.876990 5.599370
0.877189 51.169500
0.877389 19.302600
0.877588 12.810600
0.877787 38.425200
0.877986 5.289530
0.878185 7.009010
0.878384 18.964100
0.878583 34.643700
0.878782 10.196400
0.878981 15.519300
0.879180 13.575200
0.879379 38.983100
0.879578 31.454400
0.879777 34.286800
0.879976 26.390000
0.880175 7.904420
0.880374 8.867210
0.880573 22.430700
0.880772 28.698100
0.880971 24.253200
0.881170 20.923300
0.881369 8.393760
0.881568 23.562900
0.881768 36.244700
0.881967 2.814220
0.882166 96.678700
0.882365 46.150800
0.882564 16.864400
0.882763 30.388500
0.882962 49.386700
0.883161 5.515250
0.883360 1.816590
0.883559 25.668200
0.883758 5.891910
0.883957 25.453400
0.884156 59.975600
0.884355 9.439850
0.884554 12.096500
0.884753 16.447700
0.884952 3.632250
0.885151 4.309650
0.885350 7.366560
0.885549 47.639700
0.885748 53.221800
0.885947 10.767100
0.886146 12.437600
0.886346 7.006030
0.886545 25.080900
0.886744 80.735800
0.886943 51.197400
0.887142 50.944300
0.887341 53.674900
0.887540 15.727700
0.887739 28.371100
0.887938 28.168800
0.888137 12.347000
0.888336 25.393000
0.888535 16.040300
0.888734 7.913370
0.888933 14.713300
0.889132 29.946300
0.889331 11.525400
0.889530 20.896400
0.889729 8.903680
0.889928 7.261350
0.890127 26.904400
0.890326 57.110300
0.890525 1.665130
0.890725 39.935400
0.890924 47.514600
0.891123 20.092100
0.891322 8.678790
0.891521 53.684200
0.891720 6.860130
0.891919 26.375800
0.892118 30.908100
0.892317 20.164100
0.892516 76.903400
0.892715 25.715300
0.892914 69.982500
0.893113 23.450600
0.893312 29.171300
0.893511 30.969600
0.893710 5.692800
0.893909 17.815500
0.894108 5.902530
0.894307 45.931000
0.894506 55.121300
0.894705 23.204000
0.894904 52.666200
0.895104 44.333500
0.895303 47.462500
0.895502 4.787800
0.895701 26.574900
0.895900 88.898800
0.896099 11.191300
0.896298 8.806240
0.896497 13.154700
0.896696 24.731500
0.896895 7.976630
0.897094 7.467770
0.897293 7.302840
0.897492 8.489580
0.897691 7.569950
0.897890 20.055600
0.898089 36.446200
0.898288 8.698990
0.898487 7.155880
0.898686 19.113200
0.898885 6.571060
0.899084 16.136900
0.899283 34.995900
0.899482 19.803300
0.899682 22.746500
0.899881 92.615800
0.900080 6.694320
0.900279 30.363800
0.900478 65.376700
0.900677 30.749200
0.900876 14.636900
0.901075 6.217420
0.901274 7.070980
0.901473 28.149600
0.901672 6.022100
0.901871 3.537010
0.902070 16.347600
0.902269 36.515000
0.902468 12.381900
0.902667 67.798900
0.902866 62.315400
0.903065 15.443000
0.903264 17.657500
0.903463 20.741900
0.903662 35.990500
0.903861 24.914600
0.904061 34.277700
0.904260 2.264210
0.904459 23.213200
0.904658 4.326820
0.904857 6.774180
0.905056 11.471000
0.905255 25.533200
0.905454 8.452670
0.905653 52.235500
0.905852 27.617700
0.906051 33.308800
0.906250 35.363000
0.906449 14.687600
0.906648 19.000500
0.906847 7.710660
0.907046 30.119200
0.907245 27.917300
0.907444 37.260300
0.907643 22.174500
0.907842 26.639900
0.908041 5.310930
0.908240 24.745300
0.908439 29.749400
0.908639 52.194700
0.908838 30.684900
0.909037 9.593590
0.909236 46.546400
0.909435 39.762900
0.909634 19.010600
0.909833 15.136100
0.910032 41.021500
0.910231 27.630100
0.910430 11.963300
0.910629 20.454300
0.910828 51.957400
0.911027 12.113200
0.911226 5.059040
0.911425 85.516600
0.911624 17.145300
0.911823 25.287300
0.912022 25.292700
0.912221 58.188100
0.912420 34.864900
0.912619 48.395100
0.912818 28.429900
0.913018 59.999600
0.913217 28.554000
0.913416 13.519100
0.913615 6.322920
0.913814 33.329500
0.914013 45.037600
0.914212 18.383700
0.914411 13.998300
0.914610 19.551400
0.914809 58.984000
0.915008 9.013110
0.915207 12.911500
0.915406 30.925300
0.915605 8.100800
0.915804 8.374210
0.916003 29.699600
0.916202 56.963100
0.916401 5.856130
0.916600 29.515200
0.916799 30.644200
0.916998 78.486200
0.917197 9.589290
0.917396 46.268000
0.917596 34.520200
0.917795 10.347100
0.917994 31.003000
0.918193 43.343200
0.918392 9.117700
0.918591 3.342000
0.918790 10.757600
0.918989 8.962480
0.919188 58.010100
0.919387 4.529380
0.919586 23.481500
0.919785 28.235800
0.919984 65.795900
0.920183 35.088700
0.920382 12.886500
0.920581 13.003400
0.920780 6.156030
0.920979 1.637130
0.921178 13.523100
0.921377 4.568030
0.921576 51.635600
0.921775 17.399600
0.921975 13.675400
0.922174 17.613400
0.922373 15.634600
0.922572 7.209900
0.922771 17.893300
0.922970 18.511600
0.923169 12.284900
0.923368 21.904900
0.923567 16.068700
0.923766 24.545500
0.923965 23.545400
0.924164 17.579800
0.924363 14.940500
0.924562 16.284000
0.924761 27.358700
0.924960 43.968000
0.925159 6.693480
0.925358 25.639000
0.925557 47.725100
0.925756 11.533900
0.925955 21.735700
0.926154 6.471390
0.926354 22.191800
0.926553 86.628100
0.926752 14.700300
0.926951 57.117300
0.927150 14.946700
0.927349 43.834800
0.927548 16.199300
0.927747 59.850400
0.927946 42.099300
0.928145 13.645200
0.928344 7.166350
0.928543 47.149000
0.928742 6.086220
0.928941 36.105500
0.929140 18.767200
0.929339 46.515300
0.929538 70.238300
0.929737 25.326500
0.929936 23.438900
0.930135 9.633350
0.930334 10.882400
0.930533 6.202490
0.930732 31.283500
0.930932 9.500880
0.931131 7.716220
0.931330 39.867000
0.931529 7.507460
0.931728 19.609800
0.931927 20.040500
0.932126 7.666780
0.932325 31.084700
0.932524 43.226400
0.932723 4.683980
0.932922 15.382900
0.933121 75.809200
0.933320 19.602800
0.933519 1.844660
0.933718 12.227200
0.933917 18.029000
0.934116 11.365600
0.934315 22.257600
0.934514 10.151200
0.934713 22.236400
0.934912 57.382500
0.935111 25.239800
0.935311 21.559700
0.935510 30.528200
0.935709 7.293740
0.935908 6.523210
0.936107 9.284920
0.936306 30.308300
0.936505 22.723400
0.936704 80.242800
0.936903 55.625300
0.937102 18.949000
0.937301 9.062630
0.937500 16.284300
0.937699 86.878400
0.937898 8.806300
0.938097 9.802630
0.938296 36.915500
0.938495 15.168200
0.938694 61.282100
0.938893 2.477730
0.939092 80.148300
0.939291 29.602900
0.939490 7.528730
0.939689 7.452530
0.939889 10.380900
0.940088 69.176000
0.940287 32.650800
0.940486 8.205220
0.940685 70.297300
0.940884 5.099730
0.941083 44.673700
0.941282 27.752200
0.941481 19.114600
0.941680 27.480200
0.941879 20.863000
0.942078 16.024400
0.942277 52.772600
0.942476 8.352080
0.942675 9.648810
0.942874 8.650310
0.943073 23.981900
0.943272 6.068020
0.943471 26.773000
0.943670 47.905600
0.943869 38.315500
0.944068 4.260500
0.944268 25.677900
0.944467 78.718400
0.944666 23.351100
0.944865 70.042300
0.945064 13.188400
0.945263 62.911300
0.945462 3.128330
0.945661 57.820800
0.945860 16.249600
0.946059 5.043000
0.946258 16.052600
0.946457 21.376100
0.946656 19.785500
0.946855 24.401600
0.947054 5.959190
0.947253 18.355300
0.947452 6.978360
0.947651 13.585300
0.947850 52.773400
0.948049 2.580720
0.948248 19.024100
0.948447 20.006300
0.948646 22.754100
0.948846 26.591600
0.949045 17.371900
0.949244 21.110200
0.949443 9.949370
0.949642 58.320700
0.949841 19.620100
0.950040 19.652200
0.950239 19.917900
0.950438 49.660100
0.950637 19.604200
0.950836 8.794340
0.951035 13.823000
0.951234 11.092100
0.951433 2.037870
0.951632 32.494900
0.951831 7.368390
0.952030 81.668400
0.952229 40.690200
0.952428 15.358600
0.952627 13.214500
0.952826 10.784500
0.953025 62.263900
0.953225 5.299470
0.953424 6.478690
0.953623 37.771800
0.953822 35.950400
0.954021 4.272580
0.954220 10.652200
0.954419 46.405900
0.954618 19.030800
0.954817 12.123000
0.955016 10.022600
0.955215 23.429900
0.955414 9.364460
0.955613 20.315700
0.955812 14.099600
0.956011 31.433700
0.956210 15.176000
0.956409 3.078360
0.956608 17.040200
0.956807 33.638000
0.957006 30.471300
0.957205 9.850260
0.957404 21.411300
0.957604 3.915960
0.957803 27.112700
0.958002 36.915300
0.958201 10.747300
0.958400 56.377300
0.958599 27.672900
0.958798 9.265670
0.958997 17.307700
0.959196 11.665200
0.959395 19.020800
0.959594 2.641550
0.959793 17.119700
0.959992 7.068340
0.960191 12.751800
0.960390 6.191020
0.960589 10.621700
0.960788 7.071000
0.960987 24.653700
0.961186 3.025100
0.961385 9.079530
0.961584 5.217110
0.961783 9.496940
0.961982 1.664990
0.962182 83.143400
0.962381 50.209700
0.962580 13.247200
0.962779 17.378100
0.962978 38.988200
0.963177 37.586600
0.963376 9.359130
0.963575 54.700900
0.963774 14.197600
0.963973 21.891600
0.964172 9.244480
0.964371 15.750100
0.964570 2.330250
0.964769 26.648400
0.964968 44.369800
0.965167 8.947210
0.965366 8.784790
0.965565 74.358900
0.965764 12.518100
0.965963 38.563500
0.966162 13.413000
0.966361 8.661250
0.966561 61.479600
0.966760 18.435900
0.966959 8.485520
0.967158 19.525500
0.967357 50.308900
0.967556 40.726600
0.967755 9.532530
0.967954 60.594800
0.968153 17.914300
0.968352 21.275500
0.968551 35.086900
0.968750 59.321100
0.968949 6.256020
0.969148 18.072800
0.969347 28.463300
0.969546 18.536100
0.969745 36.589600
0.969944 47.867800
0.970143 5.924390
0.970342 61.654200
0.970541 32.819500
0.970740 25.019800
0.970939 13.312800
0.971139 5.765490
0.971338 26.330100
0.971537 35.384400
0.971736 9.091020
0.971935 56.759700
0.972134 12.396100
0.972333 6.458700
0.972532 3.400870
0.972731 22.786800
0.972930 63.839800
0.973129 13.413500
0.973328 7.085140
0.973527 18.350200
0.973726 58.429600
0.973925 45.312200
0.974124 8.105800
0.974323 7.868390
0.974522 26.969800
0.974721 11.795600
0.974920 28.563500
0.975119 7.784410
0.975318 25.100500
0.975518 71.728700
0.975717 25.314800
0.975916 36.029200
0.976115 45.077000
0.976314 26.443400
0.976513 40.808600
0.976712 4.446410
0.976911 47.638600
0.977110 2.220720
0.977309 8.923900
0.977508 28.262600
0.977707 2.610350
0.977906 46.850800
0.978105 13.254400
0.978304 19.206900
0.978503 26.042200
0.978702 29.129400
0.978901 10.862700
0.979100 7.570200
0.979299 26.027000
0.979498 44.441000
0.979697 61.655900
0.979896 35.917200
0.980096 4.296890
0.980295 74.967800
0.980494 32.183500
0.980693 5.248820
0.980892 37.784300
0.981091 16.343400
0.981290 66.803700
0.981489 48.303900
0.981688 8.113190
0.981887 2.103040
0.982086 3.451080
0.982285 30.649800
0.982484 38.955300
0.982683 44.498700
0.982882 16.960800
0.983081 7.493100
0.983280 16.800100
0.983479 65.705700
0.983678 6.843960
0.983877 58.266300
0.984076 7.419260
0.984275 14.247400
0.984475 16.786000
0.984674 31.068500
0.984873 32.612700
0.985072 35.578800
0.985271 16.643100
0.985470 46.350000
0.985669 47.199400
0.985868 8.688040
0.986067 10.650400
0.986266 6.728890
0.986465 7.559460
0.986664 8.467170
0.986863 48.272500
0.987062 61.295500
0.987261 12.970400
0.987460 8.410680
0.987659 19.072800
0.987858 18.953300
0.988057 11.072900
0.988256 42.934000
0.988455 22.246900
0.988654 52.285200
0.988854 10.804700
0.989053 22.047400
0.989252 79.951700
0.989451 19.933700
0.989650 19.714400
0.989849 29.358600
0.990048 15.631200
0.990247 21.048300
0.990446 15.736500
0.990645 34.194900
0.990844 14.023400
0.991043 16.097100
0.991242 12.557800
0.991441 6.800580
0.991640 41.958300
0.991839 4.904770
0.992038 6.079170
0.992237 23.833800
0.992436 22.256900
0.992635 38.568700
0.992834 46.351400
0.993033 10.058700
0.993232 7.302730
0.993432 39.343100
0.993631 6.634590
0.993830 18.483400
0.994029 11.716100
0.994228 6.615270
0.994427 23.460100
0.994626 17.330700
0.994825 13.736500
0.995024 8.015150
0.995223 8.361390
0.995422 31.663100
0.995621 6.687850
0.995820 19.136700
0.996019 7.852500
0.996218 8.094160
0.996417 43.233300
0.996616 31.919600
0.996815 9.675800
0.997014 5.026710
0.997213 29.131600
0.997412 19.863100
0.997611 51.308700
0.997811 37.094000
0.998010 16.546100
0.998209 40.637100
0.998408 7.584380
0.998607 15.020400
0.998806 3.453630
0.999005 1.748160
0.999204 11.608700
0.999403 33.754100
0.999602 45.023200
0.999801 56.145900
1.000000 10.438900
