0.000249 12.886900
0.000498 12.357800
0.000746 4.496180
0.000995 23.780700
0.001244 28.617600
0.001493 14.937600
0.001741 6.991540
0.001990 8.184420
0.002239 22.296500
0.002488 5.446720
0.002736 65.869500
0.002985 22.844700
0.003234 16.449200
0.003483 38.853600
0.017164 9.691900
0.017413 12.020700
0.017662 8.940530
0.017910 85.496200
0.018159 5.983160
0.018408 21.511600
0.018657 30.177500
0.018905 8.290180
0.019154 16.638100
0.019403 6.830530
0.019652 5.963740
0.019900 13.473500
0.020149 70.480600
0.020398 16.335100
0.020647 47.709000
0.020896 30.265800
0.021144 20.886400
0.021393 46.811800
0.021642 8.429470
0.021891 15.001200
0.022139 7.340650
0.022388 31.726700
0.022637 12.909400
0.022886 28.281100
0.023134 22.696300
0.023383 31.404500
0.023632 32.153000
0.023881 51.182100
0.024129 21.552700
0.024378 32.222900
0.024627 7.236230
0.024876 60.972000
0.025124 57.724400
0.025373 7.308950
0.025622 40.632100
0.025871 21.380200
0.026119 15.412400
0.026368 6.936290
0.026617 9.150050
0.026866 22.023000
0.027114 28.633000
0.027363 22.608700
0.027612 19.086000
0.027861 21.432800
0.028109 29.444300
0.028358 9.109520
0.028607 2.988110
0.028856 58.273500
0.029104 38.091500
0.029353 31.407000
0.029602 6.249530
0.029851 9.816070
0.030100 10.662500
0.030597 67.121200
0.030846 30.147300
0.031095 22.851600
0.031343 31.715200
0.031592 2.547660
0.031841 39.132100
0.032090 31.345500
0.032338 18.049100
0.032587 16.865200
0.032836 13.853400
0.033085 29.740900
0.033333 16.380900
0.033582 16.831500
0.033831 7.910150
0.034080 9.429490
0.034328 34.308500
0.034577 10.186800
0.034826 48.822500
0.035075 7.924280
0.035323 7.149020
0.035572 18.701000
0.035821 73.741700
0.036070 41.305900
0.036318 18.093900
0.036567 21.514000
0.036816 17.154900
0.037065 6.151650
0.037313 4.744360
0.037562 11.769700
0.037811 56.203300
0.038060 24.129700
0.038308 12.167700
0.038557 56.506400
0.038806 48.758600
0.039055 35.486500
0.039303 5.412360
0.039552 38.420900
0.039801 40.590300
0.040050 9.433250
0.040299 13.676900
0.040547 16.134500
0.040796 7.848760
0.041045 10.961600
0.041294 23.946700
0.041542 12.018800
0.041791 5.664130
0.042040 14.917000
0.042289 12.145100
0.042537 18.269200
0.042786 8.710000
0.043035 45.847800
0.043284 22.048200
0.043532 15.838000
0.047015 9.958660
0.047264 14.146000
0.047512 6.616710
0.047761 7.896580
0.048010 3.333030
0.048259 7.282620
0.048507 86.959400
0.048756 7.200660
0.049005 4.823490
0.049254 79.922500
0.049502 13.915600
0.049751 29.040200
0.067413 8.389800
0.067662 66.068300
0.067910 60.933100
0.068159 5.055070
0.068408 12.008100
0.068657 62.686600
0.068905 13.208400
0.069154 18.112600
0.069403 52.796200
0.069652 53.350200
0.069900 20.724700
0.070149 29.235200
0.070398 11.285900
0.070647 32.673600
0.070896 67.871100
0.071144 21.191300
0.071393 70.952300
0.071642 9.008210
0.071891 11.248400
0.072139 23.924800
0.072388 18.254600
0.072637 38.945600
0.072886 22.856000
0.073134 11.389500
0.073383 10.826500
0.073632 5.576640
0.073881 6.344070
0.074129 42.549600
0.074378 3.985820
0.074627 12.766800
0.074876 29.355500
0.075124 46.040500
0.075373 36.322900
0.075622 4.821330
0.075871 38.442700
0.076119 5.580920
0.076368 8.875440
0.076617 27.649200
0.076866 35.280200
0.077114 8.365320
0.077363 63.929200
0.077612 11.855100
0.077861 13.800500
0.078109 33.063300
0.078358 34.708300
0.078607 15.814700
0.078856 17.247500
0.079104 17.107100
0.079353 36.836600
0.079602 38.115200
0.079851 9.094940
0.080100 4.080690
0.080348 32.423800
0.080597 9.034350
0.080846 34.209100
0.081095 5.099480
0.081343 5.544120
0.081592 55.475900
0.081841 20.163500
0.082090 56.018200
0.082338 27.033200
0.082587 13.168500
0.082836 34.894200
0.083085 18.285400
0.083333 3.253960
0.085572 11.312900
0.085821 7.484210
0.086070 20.648000
0.086318 12.031300
0.086567 36.720100
0.086816 9.810900
0.087065 59.222200
0.087313 7.058560
0.087562 43.747300
0.087811 38.863700
0.088060 18.607900
0.088308 26.398100
0.088557 7.092060
0.088806 31.489300
0.089055 19.332400
0.089303 45.344200
0.089552 10.490900
0.089801 8.505840
0.090050 1.881290
0.090299 21.291600
0.090547 15.307800
0.090796 8.464630
0.091045 12.212500
0.091294 39.012500
0.091542 50.056400
0.091791 29.134300
0.093781 8.324900
0.094030 11.034700
0.094279 24.207500
0.094527 15.900500
0.094776 28.188500
0.095025 8.479510
0.095274 17.930900
0.095522 10.462000
0.095771 7.461050
0.096020 41.905900
0.096269 6.312510
0.096517 20.677800
0.096766 8.803280
0.097015 18.224900
0.097264 39.254300
0.097512 32.956700
0.097761 23.499500
0.098010 39.792000
0.098259 12.032800
0.098507 26.840500
0.098756 3.056360
0.099005 63.418400
0.099254 34.783500
0.099502 26.353200
0.099751 66.781700
0.100000 55.723800
0.100249 7.062350
0.100498 8.317720
0.100746 23.334500
0.100995 22.348700
0.101244 28.716400
0.101493 18.058600
0.101741 10.109700
0.101990 16.363600
0.102239 11.458900
0.102488 4.311310
0.102736 10.198600
0.102985 12.999300
0.103234 21.675900
0.103483 19.115800
0.103731 6.607180
0.103980 18.767300
0.104229 12.910800
0.104478 5.726870
0.104726 27.138000
0.104975 40.756700
0.105224 19.224800
0.105473 15.404000
0.105721 58.156300
0.105970 43.345300
0.106219 21.535300
0.106468 11.381500
0.106716 13.080500
0.106965 32.499700
0.107214 13.701800
0.107463 47.407600
0.107711 12.320300
0.107960 43.218300
0.108209 27.031200
0.108458 10.414000
0.108706 31.605600
0.108955 5.838000
0.109204 16.316600
0.109453 76.028200
0.109701 28.039800
0.109950 5.562990
0.110199 7.461080
0.110697 10.366600
0.110945 32.556500
0.111194 12.140200
0.111443 9.448640
0.111692 21.200900
0.111940 26.357500
0.112189 27.461000
0.112438 33.858900
0.112687 5.172370
0.112935 18.891100
0.113184 22.953000
0.113433 1.642910
0.113682 4.972680
0.118408 58.116000
0.118657 48.358800
0.118905 10.534000
0.119154 54.339000
0.119403 6.996090
0.119652 61.313300
0.119900 17.733600
0.120149 12.995500
0.120398 45.883100
0.120647 32.452900
0.120896 8.369450
0.121144 19.423800
0.121393 52.448400
0.121642 14.477800
0.121891 6.194340
0.122139 4.785850
0.122388 5.835990
0.122637 13.470400
0.122886 29.317100
0.123134 6.699690
0.123383 32.246000
0.123632 11.669000
0.123881 6.803160
0.124129 35.800200
0.124378 28.844800
0.124627 68.905700
0.124876 33.361000
0.125124 20.238100
0.125373 16.559100
0.125622 24.943100
0.125871 70.162800
0.126119 3.400450
0.126368 21.330200
0.126617 7.324730
0.126866 32.668900
0.127114 35.656300
0.127363 30.289500
0.127612 18.545600
0.127861 67.872800
0.128109 11.280100
0.128358 7.278610
0.128607 45.002400
0.128856 41.580100
0.129104 1.662260
0.129353 4.592180
0.129602 14.713100
0.129851 7.086020
0.130100 22.997000
0.130348 32.366800
0.130597 42.128700
0.130846 23.646800
0.131095 12.865500
0.131343 8.786560
0.131592 84.369600
0.131841 8.231340
0.132090 13.982400
0.132338 10.727000
0.132587 26.743100
0.132836 69.200400
0.133085 68.156900
0.133333 13.386800
0.133582 61.369700
0.133831 6.519460
0.134080 6.329820
0.134328 4.832440
0.134577 31.285600
0.134826 9.471980
0.135075 12.483600
0.135323 82.216800
0.135572 4.872420
0.135821 13.256800
0.136070 5.621020
0.136318 7.256600
0.136567 7.223470
0.136816 39.661700
0.137065 10.740400
0.137313 5.020480
0.137562 17.413000
0.137811 15.943100
0.138060 7.576180
0.138308 16.301600
0.138557 5.719550
0.145771 59.483000
0.146020 11.588300
0.146269 17.557900
0.146517 45.128000
0.146766 6.461070
0.147015 15.423500
0.147264 32.166100
0.147512 30.718700
0.147761 13.503700
0.148010 13.352500
0.148259 1.784540
0.148507 64.812900
0.148756 21.991600
0.149005 12.892700
0.149254 11.362200
0.149502 25.251200
0.149751 43.648100
0.150000 69.529000
0.150249 43.627000
0.150498 19.536200
0.150746 6.082400
0.150995 25.954300
0.151244 26.178900
0.151493 3.885120
0.151741 4.484570
0.151990 14.825100
0.152239 22.383100
0.152488 22.467100
0.152736 45.032400
0.152985 36.652600
0.153234 47.519700
0.153483 11.393900
0.153731 9.508060
0.153980 36.736000
0.154229 20.048400
0.154478 24.928700
0.154726 6.678340
0.154975 8.395960
0.155224 8.191510
0.155473 33.530200
0.155721 23.956600
0.155970 8.337680
0.156219 25.096700
0.156468 15.924800
0.156716 7.740980
0.156965 6.554650
0.157214 50.575500
0.157463 16.095000
0.157711 9.452900
0.157960 28.082300
0.158209 42.216300
0.158458 25.199400
0.158706 67.542200
0.158955 9.476260
0.159204 29.677100
0.159453 79.596200
0.159701 56.967300
0.159950 20.737600
0.160199 3.293420
0.160448 3.332400
0.160697 6.297050
0.160945 12.438500
0.162438 9.805800
0.162687 22.910400
0.162935 14.465600
0.163184 7.231230
0.163433 25.906500
0.163682 4.161290
0.163930 7.336230
0.164179 13.651900
0.164428 44.861900
0.164677 4.472080
0.164925 79.917200
0.165174 22.805600
0.165423 46.590200
0.165672 11.395900
0.165920 49.880200
0.166169 20.477400
0.166418 13.497700
0.166667 15.511100
0.166915 2.305150
0.167164 7.815030
0.167413 27.738900
0.167662 9.184080
0.167910 8.881800
0.168159 36.421700
0.168408 25.726000
0.168657 48.685700
0.168905 5.364550
0.169154 14.364600
0.169403 14.324100
0.169652 17.833900
0.169900 9.536690
0.170149 20.132400
0.170398 6.692870
0.170647 56.705200
0.170896 9.722240
0.171144 15.824700
0.171393 3.696170
0.171642 59.170600
0.171891 6.262420
0.172139 33.677600
0.172388 16.290000
0.172637 26.911200
0.172886 1.800760
0.173134 28.842000
0.173383 9.990760
0.173632 25.089600
0.173881 3.177330
0.174129 14.653100
0.174378 40.179000
0.174627 49.064900
0.174876 9.572650
0.175124 51.481300
0.175373 31.647500
0.175622 64.534900
0.175871 23.861900
0.176119 9.835420
0.176368 5.860340
0.176617 21.954900
0.176866 41.453300
0.177114 9.047190
0.177363 9.437070
0.177612 58.390100
0.177861 10.066400
0.178109 20.635600
0.178358 20.011000
0.178607 8.109850
0.178856 2.491740
0.179104 18.969300
0.179353 9.705010
0.179602 44.972300
0.179851 10.179900
0.180100 6.844210
0.180348 12.995000
0.180597 26.231000
0.180846 33.616700
0.181095 23.272100
0.181343 5.383850
0.181592 16.033100
0.181841 98.062500
0.182090 22.146800
0.182338 6.638140
0.182587 33.001800
0.182836 28.966300
0.183085 16.265000
0.183333 40.081400
0.183582 10.048000
0.183831 20.195300
0.184080 13.886500
0.184328 24.968700
0.184577 11.601400
0.184826 28.081300
0.185075 23.252700
0.185323 40.856700
0.185572 25.746700
0.185821 6.454940
0.186070 4.570290
0.186318 11.748800
0.186567 40.270200
0.186816 58.062300
0.187065 31.223100
0.187313 8.655650
0.187562 9.859860
0.187811 17.332800
0.188060 19.058700
0.188308 6.180010
0.188557 11.336500
0.188806 36.585000
0.189055 84.958300
0.189303 24.997700
0.189552 16.465800
0.189801 17.917900
0.190050 14.443600
0.190299 97.893200
0.190547 40.512700
0.190796 14.067600
0.191045 39.498800
0.191294 5.359610
0.191542 22.442400
0.191791 5.863600
0.192040 17.080300
0.192289 11.482300
0.192537 66.170700
0.192786 5.565610
0.193035 11.896600
0.193284 11.822700
0.193532 54.198300
0.193781 6.665540
0.194030 14.616600
0.194279 28.634000
0.194527 31.895800
0.194776 14.695900
0.195025 6.738210
0.195274 47.799100
0.195522 15.332000
0.196020 16.166500
0.196269 60.003500
0.197264 1.772950
0.197512 28.264200
0.197761 33.208000
0.198010 20.347800
0.198259 30.565300
0.198507 11.526200
0.198756 2.803280
0.199005 21.155400
0.199254 19.970300
0.199502 35.828700
0.199751 7.587880
0.200000 16.920200
0.200249 4.992420
0.200498 25.677000
0.200746 22.933400
0.200995 5.291740
0.201244 38.912000
0.201493 22.736300
0.201741 6.422500
0.201990 18.621700
0.202239 30.887800
0.202488 28.322600
0.202736 24.991300
0.202985 22.972300
0.203234 4.275610
0.203483 40.782700
0.203731 11.496600
0.203980 6.801210
0.204229 22.810800
0.204478 6.227050
0.204726 20.497900
0.204975 28.298200
0.205224 15.816700
0.205473 5.278360
0.205721 61.153800
0.205970 7.094560
0.206219 17.440900
0.206468 25.820400
0.206716 63.568400
0.206965 5.836700
0.207214 17.180300
0.207463 5.771240
0.207711 24.689900
0.207960 9.007450
0.208209 34.367900
0.208458 19.743400
0.208706 6.376630
0.208955 11.155900
0.209204 22.011700
0.209453 19.880100
0.209701 23.413300
0.209950 6.859420
0.210199 5.279360
0.210448 2.719370
0.210697 2.422050
0.210945 26.700500
0.211194 47.565800
0.211443 23.280000
0.211692 2.035520
0.211940 18.222800
0.212189 34.462500
0.212438 23.576600
0.212687 64.067400
0.212935 7.903620
0.213184 15.336300
0.213433 4.505700
0.213682 8.830570
0.213930 80.028400
0.214179 44.389300
0.214428 10.116000
0.214677 27.146200
0.214925 13.065300
0.215174 7.353800
0.215423 13.838700
0.215672 47.963100
0.215920 10.783400
0.216169 5.673680
0.216418 7.209820
0.216667 24.068100
0.216915 9.835860
0.217164 40.378700
0.217413 8.296760
0.217662 1.743930
0.217910 12.752700
0.218159 20.923800
0.218408 4.009410
0.218657 16.850600
0.218905 28.356300
0.219154 6.241680
0.219403 6.205150
0.219652 9.528230
0.219900 9.755760
0.220149 11.856900
0.220398 45.721700
0.220647 6.163140
0.220896 41.187900
0.221144 17.656600
0.221393 28.199800
0.221642 50.574300
0.221891 21.410800
0.222139 76.680500
0.222388 14.291600
0.222637 19.446200
0.222886 7.592160
0.223134 1.011170
0.223383 18.756400
0.223632 6.621890
0.223881 9.153660
0.224129 16.316000
0.224378 8.893820
0.224627 21.897900
0.224876 9.737250
0.225124 59.731100
0.225373 19.040200
0.225622 5.030520
0.225871 15.709200
0.226119 28.879600
0.226368 13.883500
0.226617 5.425480
0.226866 15.132700
0.227114 4.869490
0.227363 16.051000
0.227612 37.429700
0.227861 26.513900
0.228109 10.042600
0.228358 8.715420
0.228607 26.558100
0.228856 12.547400
0.229104 48.184700
0.229353 1.778200
0.229602 7.787330
0.229851 21.520800
0.230100 17.073700
0.230348 26.328700
0.230597 56.563600
0.230846 62.087700
0.231095 9.590820
0.231343 30.385100
0.231592 7.779140
0.231841 59.438000
0.232090 41.981400
0.232338 3.494020
0.232587 90.114500
0.232836 19.961700
0.233085 21.687600
0.233333 86.684800
0.233582 27.645300
0.233831 29.506500
0.234080 16.803300
0.234328 4.099640
0.234577 47.113900
0.234826 4.894060
0.235075 22.705800
0.235323 18.077600
0.235572 13.495600
0.235821 8.075970
0.236070 22.668800
0.236318 10.758600
0.236567 9.234750
0.236816 84.881100
0.237313 25.708600
0.237562 12.018900
0.237811 42.717200
0.238060 54.454700
0.238308 35.963600
0.238557 4.548690
0.238806 27.530800
0.239055 10.640200
0.239303 11.894400
0.239552 7.544770
0.239801 23.677800
0.240050 31.716400
0.240299 47.664500
0.240547 1.667290
0.240796 9.773070
0.241045 5.973510
0.241294 9.434210
0.241542 27.281100
0.241791 13.262100
0.242040 20.880700
0.242289 21.442400
0.242537 1.649610
0.242786 7.365740
0.243035 30.933100
0.243284 8.230770
0.243532 12.927500
0.243781 82.345000
0.244030 13.367800
0.244279 23.260400
0.244527 4.355980
0.244776 9.139820
0.245025 8.840060
0.245274 9.969500
0.245522 9.595870
0.245771 21.744000
0.246020 33.831100
0.246269 5.012030
0.246517 7.237190
0.246766 7.999000
0.247015 5.276470
0.247264 46.618700
0.247512 50.397400
0.247761 15.576800
0.248010 33.721300
0.248259 30.161300
0.248507 30.282500
0.248756 17.385300
0.249005 45.774100
0.249254 49.539100
0.249502 12.528600
0.249751 17.168400
0.250000 18.955700
0.250249 9.903220
0.250498 34.847800
0.250746 8.376180
0.250995 52.730400
0.251244 44.701100
0.251493 37.743500
0.251741 48.808500
0.251990 9.797230
0.252239 74.903400
0.252488 25.945500
0.252736 29.582300
0.252985 27.891300
0.253234 21.144200
0.253483 37.686600
0.253731 50.935500
0.253980 24.002000
0.254229 17.973000
0.254478 11.589000
0.254726 82.364500
0.254975 8.710190
0.255224 64.348100
0.255473 16.857300
0.255721 33.462300
0.255970 12.863100
0.256219 26.090300
0.256468 59.823900
0.256716 8.580400
0.256965 19.818600
0.257214 8.930480
0.257463 18.089400
0.257711 58.352300
0.257960 29.034400
0.258209 12.634100
0.258458 29.432500
0.258706 3.162890
0.258955 2.238990
0.259204 6.813530
0.259453 41.586300
0.259701 33.830900
0.259950 25.290100
0.260199 58.550800
0.260697 8.776500
0.260945 11.830900
0.261194 25.139500
0.261443 6.550670
0.261692 29.203100
0.261940 45.370000
0.262189 37.462300
0.262438 24.240800
0.262687 61.766200
0.262935 3.461990
0.263184 6.841690
0.263433 33.527800
0.263682 2.668220
0.263930 29.122300
0.264179 39.824500
0.264428 16.270900
0.264677 55.099400
0.264925 24.466200
0.265174 42.341900
0.265423 25.902400
0.265672 8.065290
0.265920 14.092800
0.266169 33.939500
0.266418 20.112800
0.266667 5.803300
0.266915 9.547320
0.267164 46.497300
0.267413 73.862400
0.267662 22.860900
0.267910 9.153650
0.268159 8.610110
0.268408 9.607050
0.268657 21.276300
0.268905 24.739700
0.269154 13.044700
0.269403 15.921100
0.269652 29.528400
0.269900 56.232100
0.270149 11.751600
0.270398 23.380700
0.270647 25.520800
0.270896 50.018700
0.271144 75.057100
0.271393 9.187580
0.271642 26.494100
0.271891 14.184700
0.272139 54.121700
0.272388 32.469800
0.272637 4.139530
0.272886 34.704100
0.273134 14.573200
0.273383 7.343270
0.273632 17.870000
0.273881 8.711750
0.274129 32.292300
0.274378 69.616500
0.274627 21.689100
0.274876 9.918190
0.275124 7.800010
0.275373 13.403500
0.275622 49.406400
0.275871 47.025000
0.276119 10.256900
0.276368 6.369400
0.276617 17.322100
0.276866 9.726460
0.277114 7.357550
0.277363 9.038280
0.277612 32.613300
0.277861 24.634100
0.278109 23.602600
0.278358 34.306200
0.278607 33.987500
0.278856 35.210400
0.279104 39.436500
0.279602 23.484100
0.279851 26.410300
0.280100 16.466000
0.280348 9.806570
0.280597 2.069770
0.280846 18.142600
0.281095 22.234100
0.281343 9.587280
0.281592 31.213000
0.281841 38.568000
0.282090 20.794500
0.282338 22.991000
0.282587 9.676650
0.282836 11.056100
0.283085 54.940000
0.283333 29.478300
0.283582 42.904400
0.283831 16.720300
0.284080 40.741500
0.284328 6.246450
0.284577 46.009000
0.284826 8.878140
0.285075 41.461700
0.285323 15.590700
0.285572 6.082330
0.285821 43.898600
0.286070 7.799830
0.286318 2.862800
0.286567 5.838870
0.286816 25.864900
0.287065 36.874900
0.287313 1.655410
0.287562 38.330400
0.287811 21.603100
0.288060 27.352500
0.288308 14.076700
0.288557 14.921000
0.288806 8.284770
0.289055 27.318400
0.289303 1.686810
0.289552 27.778700
0.289801 7.282320
0.290050 26.925600
0.290299 16.395800
0.290547 6.415160
0.290796 9.493150
0.291045 17.930500
0.291294 42.947700
0.291542 13.719700
0.291791 13.861200
0.292040 7.631960
0.292289 73.805600
0.292537 12.905400
0.292786 6.391860
0.293035 81.567500
0.293284 3.358270
0.293532 21.784400
0.293781 15.390800
0.294030 6.230440
0.294279 7.020210
0.294527 74.167500
0.294776 22.143200
0.295025 24.011000
0.295274 4.931840
0.295522 7.574850
0.295771 34.618800
0.296020 14.699200
0.296269 15.087600
0.296517 27.333000
0.296766 61.889800
0.297015 24.152400
0.297264 23.865800
0.297512 6.383560
0.297761 4.144900
0.298010 32.814700
0.298259 30.166700
0.298507 26.615100
0.298756 25.874100
0.299005 10.005300
0.299254 9.374150
0.299502 4.318230
0.299751 68.326500
0.300000 20.429000
0.300249 5.762960
0.300498 46.258100
0.300746 5.242480
0.300995 43.268500
0.301244 19.745700
0.301493 41.090300
0.301741 13.331500
0.301990 20.453300
0.302239 43.862100
0.302488 22.511900
0.302736 43.359500
0.302985 7.634790
0.303483 11.870200
0.303731 30.052000
0.303980 5.209080
0.304229 16.983600
0.304478 3.052550
0.304726 5.090780
0.304975 3.265470
0.305224 9.058040
0.305473 27.097500
0.305721 74.032200
0.305970 8.224680
0.306219 7.213090
0.306468 7.448690
0.306716 11.642800
0.306965 8.362990
0.307214 62.411600
0.307463 18.064200
0.307711 9.426850
0.307960 25.940200
0.308209 45.958800
0.308458 17.631200
0.308706 23.901100
0.308955 50.696800
0.309204 5.287540
0.309453 64.869200
0.309701 28.262100
0.309950 17.468600
0.310199 8.915500
0.310448 55.733200
0.310697 78.860700
0.310945 11.098000
0.311194 10.244000
0.311443 14.292100
0.311692 88.375500
0.311940 12.629000
0.312189 5.577840
0.312438 5.633310
0.312687 7.978910
0.312935 20.505700
0.313184 27.168500
0.313433 61.831300
0.313682 33.768700
0.313930 6.783370
0.314179 5.303080
0.314428 22.160100
0.314677 7.706950
0.314925 39.574700
0.315174 25.328700
0.315423 31.827100
0.315672 8.836840
0.315920 16.942200
0.316169 15.800100
0.316418 8.104240
0.316667 15.895100
0.316915 23.668200
0.317164 43.522600
0.317413 15.761800
0.317662 39.626900
0.317910 40.272100
0.318159 31.371200
0.318408 2.495560
0.318657 8.743280
0.318905 32.031100
0.319154 8.692540
0.319403 11.421100
0.319652 5.367700
0.319900 24.845100
0.320149 35.679000
0.320398 9.127540
0.320647 20.318500
0.320896 41.725500
0.321144 14.545700
0.321393 11.315800
0.321642 28.275000
0.321891 5.284680
0.322139 7.584730
0.322388 14.760600
0.322637 24.896800
0.322886 9.951300
0.323134 9.123470
0.323383 8.613800
0.323632 15.893200
0.323881 15.033700
0.324129 9.402100
0.324378 62.071900
0.324627 13.127700
0.324876 12.317800
0.325124 9.606730
0.325373 28.310800
0.325622 4.298290
0.325871 9.557450
0.326119 12.311000
0.326368 10.566800
0.326617 43.248200
0.326866 20.098800
0.327114 8.207690
0.327363 11.343300
0.327612 19.682600
0.327861 31.764100
0.328109 33.130400
0.328358 10.664400
0.328607 63.109700
0.328856 13.100600
0.329104 27.925800
0.329353 26.996500
0.330100 67.417800
0.330348 8.212750
0.330597 27.594600
0.330846 16.595500
0.331095 33.628700
0.331343 52.836300
0.331592 32.121700
0.331841 36.581700
0.332090 8.989280
0.332338 16.443400
0.332587 8.559110
0.332836 36.894900
0.333085 12.622800
0.333333 3.733720
0.333582 34.851200
0.333831 17.132500
0.334080 9.096350
0.334328 9.640260
0.334577 15.005400
0.334826 66.635700
0.335075 43.096200
0.335323 12.657000
0.335572 32.348400
0.335821 26.158900
0.336070 19.309100
0.336318 35.029200
0.336567 48.793800
0.336816 43.616000
0.337065 15.819500
0.337313 7.034000
0.337562 8.405700
0.337811 54.729800
0.338060 3.108560
0.338308 27.265800
0.338557 11.012700
0.338806 9.691310
0.339055 7.522280
0.339303 85.051700
0.339552 7.089450
0.339801 3.633560
0.340050 31.113900
0.340299 5.335600
0.340547 50.243600
0.340796 16.590800
0.341045 33.331800
0.341294 17.864500
0.341542 20.182100
0.341791 8.024670
0.342040 49.688900
0.342289 9.425920
0.342537 9.522000
0.342786 79.826600
0.343035 17.754500
0.343284 44.301300
0.343532 8.346800
0.343781 11.025700
0.345274 9.509200
0.345522 30.040300
0.345771 42.458000
0.346020 25.913900
0.346269 2.713490
0.346517 44.238400
0.346766 71.345700
0.347015 16.939000
0.347264 27.706400
0.347512 6.088320
0.347761 41.560100
0.348010 27.299800
0.348259 15.242200
0.348507 11.232600
0.348756 10.153100
0.349005 23.253500
0.349254 39.700800
0.349502 12.073600
0.349751 7.014090
0.350000 10.385500
0.350249 21.781600
0.350498 29.546000
0.350746 8.853420
0.350995 7.720940
0.351244 25.991200
0.351493 38.207400
0.351741 21.818800
0.351990 20.444600
0.352239 33.404800
0.352488 34.746900
0.352736 18.200200
0.352985 16.985500
0.353234 16.085200
0.353483 2.614470
0.353731 4.846590
0.353980 50.763600
0.354229 7.070330
0.354478 27.078700
0.354726 24.890400
0.354975 2.893750
0.355224 11.287300
0.355473 15.918500
0.355721 11.125200
0.355970 22.274700
0.356219 8.856880
0.356468 15.092700
0.356716 29.003700
0.356965 50.906700
0.357214 19.794700
0.357463 8.613760
0.357711 14.954400
0.357960 7.704810
0.358209 9.557100
0.358458 25.702100
0.358706 10.378400
0.358955 66.824900
0.359204 34.978000
0.359453 28.030200
0.359701 36.058100
0.359950 18.297200
0.360199 35.700900
0.360448 6.634470
0.360697 27.616700
0.360945 39.886700
0.361194 13.826000
0.361443 8.671270
0.361692 10.640400
0.361940 53.830700
0.362189 10.466700
0.362438 39.697100
0.362687 12.655500
0.362935 53.066800
0.363184 60.616800
0.363433 34.432400
0.363682 23.010900
0.363930 65.874000
0.364179 4.483450
0.364428 6.693640
0.364677 7.090850
0.364925 28.120900
0.365174 39.328100
0.365423 7.094540
0.365672 27.923200
0.365920 12.790100
0.366169 23.998300
0.366418 32.395900
0.366667 53.463500
0.366915 41.191700
0.367164 49.464900
0.367413 31.520000
0.367662 39.794100
0.367910 9.528020
0.368159 10.131600
0.368408 38.800500
0.368657 5.976310
0.368905 32.270600
0.369154 16.397700
0.369403 8.170660
0.369652 4.219280
0.369900 11.628000
0.370149 26.709100
0.370398 33.287400
0.370647 10.313000
0.370896 78.232400
0.371144 18.181000
0.371393 31.920200
0.371642 9.832820
0.371891 45.543000
0.372139 10.118500
0.372388 44.681500
0.372886 14.477300
0.373134 55.414000
0.373383 23.761800
0.373632 55.972900
0.373881 7.991080
0.374129 3.694510
0.374378 9.115320
0.374627 26.498800
0.374876 3.480740
0.375124 28.805200
0.375373 62.257400
0.375622 2.333560
0.375871 5.577710
0.376119 6.298260
0.376368 76.571800
0.376617 20.312100
0.376866 25.213700
0.377114 1.647100
0.377363 3.044250
0.377612 42.826300
0.377861 20.039800
0.378109 40.776600
0.378358 5.970890
0.378607 16.316200
0.378856 14.606800
0.379104 18.937100
0.379353 28.794900
0.379602 50.128300
0.379851 17.727900
0.380100 27.097700
0.380348 9.326790
0.380597 59.945100
0.380846 7.369530
0.381095 46.163700
0.381343 10.980400
0.381592 29.407000
0.381841 34.627600
0.382090 29.329900
0.382338 60.473800
0.382587 14.608000
0.382836 4.838850
0.383085 46.105200
0.383333 72.894800
0.383582 40.070800
0.383831 63.853000
0.384080 6.837150
0.384328 16.985900
0.384577 11.902700
0.384826 48.693100
0.385075 7.142810
0.385323 19.326900
0.385572 38.190400
0.385821 17.652400
0.386070 12.721000
0.386318 9.706420
0.386567 5.010420
0.386816 6.816330
0.387065 27.827400
0.387313 2.022610
0.387562 61.991600
0.387811 30.894300
0.388060 20.223000
0.388308 17.068900
0.388557 39.693000
0.389055 28.586000
0.389303 22.574400
0.389552 6.522570
0.389801 49.895800
0.390050 6.955140
0.390299 68.837800
0.390547 9.616110
0.390796 11.750000
0.391045 7.483920
0.391294 16.844200
0.391542 49.498100
0.391791 42.796500
0.392040 67.685600
0.392289 21.942000
0.392537 12.825500
0.392786 16.248500
0.393035 23.837900
0.393284 4.160300
0.393532 15.889000
0.393781 45.658200
0.394030 20.180500
0.394279 6.664970
0.394527 30.870100
0.394776 8.483950
0.395025 46.832200
0.395274 39.133500
0.395522 14.711400
0.395771 37.550900
0.396020 39.151800
0.396269 26.129400
0.396517 22.597900
0.396766 6.952210
0.397015 11.718800
0.397264 87.747900
0.397512 12.966100
0.397761 1.695280
0.398010 59.540500
0.398259 8.554920
0.398507 29.614400
0.398756 33.880300
0.399005 20.146000
0.399254 37.253900
0.399502 32.559500
0.399751 49.121900
0.400000 11.409100
0.400249 27.388300
0.400498 3.385820
0.400746 11.828000
0.400995 42.100300
0.401244 36.649000
0.401493 50.445600
0.401741 25.783500
0.401990 16.313400
0.402239 25.138500
0.402488 20.600800
0.402736 18.364700
0.402985 8.045740
0.403234 52.763200
0.403483 10.039000
0.403731 33.786200
0.403980 32.856600
0.404229 22.028400
0.404478 9.582110
0.404726 13.207300
0.404975 13.443400
0.405224 4.319100
0.405473 83.239700
0.405721 30.808200
0.405970 10.945200
0.406219 6.464350
0.406468 18.389700
0.406716 13.718000
0.406965 2.338370
0.407214 42.942300
0.407463 18.345400
0.407711 25.935300
0.407960 42.208500
0.408209 6.783460
0.408458 61.948800
0.408706 17.031300
0.408955 47.031100
0.409204 7.376680
0.409453 32.653900
0.409701 9.365900
0.409950 8.452380
0.410199 10.955200
0.410448 4.466260
0.410697 24.329800
0.410945 18.425100
0.411194 1.759420
0.411443 22.816900
0.411692 17.107800
0.411940 7.313070
0.412189 6.934420
0.412438 7.216950
0.412687 28.473100
0.412935 36.381500
0.413184 51.497700
0.413433 40.803500
0.413682 17.269800
0.413930 34.644800
0.414179 29.361400
0.414428 5.314740
0.414677 9.920160
0.414925 19.370800
0.415174 11.030100
0.415423 64.477400
0.415672 26.135800
0.415920 28.628500
0.416169 13.780000
0.416418 24.971800
0.416667 8.641110
0.416915 15.525000
0.417164 7.610860
0.417413 19.667300
0.417662 24.636800
0.417910 25.244200
0.418159 22.052000
0.418408 28.483400
0.418657 15.723900
0.418905 33.291700
0.419154 13.790900
0.419403 26.696800
0.419652 6.429380
0.419900 12.127400
0.420149 17.071300
0.420398 12.216200
0.420647 22.510900
0.420896 38.742000
0.421144 8.475700
0.421393 32.742200
0.421642 19.346600
0.421891 40.610900
0.422139 24.075600
0.422388 11.188400
0.422637 31.960900
0.422886 15.007800
0.423134 3.738190
0.423383 34.657000
0.423632 18.270800
0.423881 4.212650
0.424129 21.177900
0.424378 58.203500
0.424627 6.137470
0.424876 4.820080
0.425124 19.721600
0.425373 6.270910
0.425622 42.694800
0.425871 7.449330
0.426119 57.026000
0.426368 6.266350
0.426617 4.726180
0.426866 9.423840
0.427114 50.560900
0.427363 4.381470
0.427612 9.309190
0.427861 32.395700
0.428109 84.344300
0.428358 5.253300
0.428607 52.594700
0.428856 22.081000
0.429104 40.146100
0.429353 9.369400
0.429602 28.888800
0.429851 5.466740
0.430100 8.359130
0.430348 27.533400
0.430597 38.099100
0.430846 12.622100
0.431095 14.478900
0.431343 27.699200
0.431592 26.694600
0.431841 3.395060
0.432090 14.304600
0.432338 28.516000
0.432587 9.061710
0.432836 9.806510
0.433085 50.618000
0.433333 14.754200
0.433582 44.781900
0.433831 53.151600
0.434080 4.166900
0.434328 49.756400
0.434577 67.396200
0.434826 18.134100
0.435075 58.338900
0.435323 34.183400
0.435572 29.655200
0.435821 70.048000
0.436070 83.406200
0.436318 17.154700
0.436567 14.855000
0.436816 94.230500
0.437065 22.393600
0.437313 5.773590
0.437562 41.419400
0.437811 7.149820
0.438060 8.490900
0.438308 12.330100
0.438557 51.089800
0.438806 45.402700
0.439055 15.505900
0.439303 29.694900
0.439552 13.526000
0.439801 51.533900
0.440050 49.448500
0.440299 36.299900
0.440547 21.801200
0.440796 9.034960
0.441045 40.546500
0.441294 27.427600
0.441542 17.084600
0.441791 19.994700
0.442040 30.523000
0.442289 91.330600
0.442537 21.068900
0.442786 17.903700
0.443035 15.036800
0.443284 23.386500
0.443532 17.963100
0.443781 44.534300
0.444030 4.486570
0.444279 4.399960
0.444527 15.990000
0.444776 33.874900
0.445025 57.507600
0.445274 32.477300
0.445522 6.578120
0.445771 18.126700
0.446020 7.141260
0.446269 30.783700
0.446517 36.411100
0.446766 15.568700
0.447015 33.543400
0.447264 5.151010
0.447512 4.618910
0.447761 9.262000
0.448010 22.442300
0.448259 63.741200
0.448507 39.232900
0.448756 26.722200
0.449005 7.020420
0.449254 4.407130
0.449502 22.002100
0.449751 13.946200
0.450000 30.524600
0.450249 47.532300
0.450498 16.299300
0.450746 18.970800
0.450995 20.304800
0.451244 9.268520
0.451493 48.730100
0.451741 9.140140
0.451990 2.950040
0.452239 9.187060
0.452488 6.590590
0.452736 19.839500
0.452985 20.736000
0.453234 59.310800
0.453483 61.088200
0.453731 42.341600
0.453980 31.229500
0.454229 20.677600
0.454478 7.732770
0.454726 22.196400
0.454975 39.946900
0.455224 21.030200
0.455473 17.979600
0.455721 27.728400
0.455970 64.839900
0.456219 4.437890
0.456468 27.966200
0.456716 61.760200
0.456965 49.106500
0.457214 9.323600
0.457463 2.944630
0.457711 41.485800
0.457960 18.468200
0.458209 26.757100
0.458458 9.898480
0.458706 7.424110
0.458955 8.372020
0.459204 8.454460
0.459453 10.781600
0.459701 10.281800
0.459950 15.585400
0.460199 19.739300
0.460448 16.170800
0.460697 8.511340
0.460945 9.621000
0.461194 10.148200
0.461443 40.608000
0.461692 63.385200
0.461940 13.020200
0.462189 10.196700
0.462438 7.094870
0.462687 5.862830
0.462935 30.129200
0.463184 34.678300
0.463433 29.288300
0.463682 26.388700
0.463930 93.586300
0.464179 23.647100
0.464428 2.975820
0.464677 3.372260
0.464925 35.836500
0.465174 41.404700
0.465423 6.840530
0.465672 32.586000
0.465920 13.272300
0.466169 8.871850
0.466418 14.021100
0.466667 25.155100
0.466915 28.510700
0.467164 83.920600
0.467413 37.575300
0.467662 15.550100
0.467910 8.063770
0.468159 18.798000
0.468408 44.267200
0.468657 6.421680
0.468905 32.586200
0.469154 31.131100
0.469403 30.686500
0.469652 13.581600
0.469900 6.938240
0.470149 69.128000
0.470398 7.633820
0.470647 76.460600
0.470896 11.897600
0.471144 14.912100
0.471393 6.269650
0.471642 29.833100
0.471891 90.217400
0.472139 34.960700
0.472388 82.624200
0.472637 26.762500
0.472886 64.120800
0.473134 39.254600
0.473383 23.040300
0.473632 6.522600
0.473881 67.518800
0.474129 40.890000
0.474378 64.965700
0.474627 27.039400
0.474876 44.909200
0.475124 8.391960
0.475373 19.743900
0.475622 14.511100
0.475871 10.448200
0.476119 69.592900
0.476368 8.814400
0.476617 30.300200
0.476866 15.290300
0.477114 26.401800
0.477363 13.649600
0.477612 11.550200
0.477861 65.991400
0.478109 45.081600
0.478358 33.146100
0.478607 14.306800
0.478856 31.598800
0.479104 14.834400
0.479353 5.326920
0.479602 13.767500
0.479851 9.259470
0.480100 24.276300
0.480348 11.193700
0.480597 43.655600
0.480846 75.312400
0.481095 40.629200
0.481343 21.371100
0.481592 18.606000
0.481841 9.550460
0.482090 43.403300
0.482338 40.982100
0.482587 10.109100
0.482836 8.618500
0.483085 25.339700
0.483333 5.531660
0.483582 29.836300
0.483831 12.570300
0.484080 10.791800
0.484328 33.041700
0.484577 17.946100
0.484826 20.851200
0.485075 17.099800
0.485323 11.948500
0.485572 22.389100
0.485821 3.625710
0.486070 49.309500
0.486318 22.592200
0.486567 52.808000
0.486816 27.442000
0.487065 3.520870
0.487313 34.336300
0.487562 33.265900
0.487811 9.441950
0.488060 37.481800
0.488308 11.473300
0.488557 22.850100
0.488806 6.675070
0.489055 4.103740
0.489303 78.201500
0.489552 13.544400
0.489801 25.984000
0.490050 44.707000
0.490299 36.898300
0.490547 23.574100
0.490796 21.464000
0.491045 28.839600
0.491294 4.615400
0.491542 53.162200
0.491791 31.434700
0.492040 31.036500
0.492289 16.891100
0.492537 23.314500
0.492786 25.568400
0.493035 7.748370
0.493284 4.960140
0.493532 33.024900
0.493781 14.609000
0.494030 23.858400
0.494279 5.130600
0.494527 45.851500
0.494776 1.872460
0.495025 4.426780
0.495274 53.274100
0.495522 4.805160
0.495771 25.421300
0.496269 21.105500
0.496517 27.202500
0.496766 9.045610
0.497015 14.073900
0.497264 14.270300
0.497512 5.628220
0.497761 41.686100
0.498010 31.020700
0.498259 8.356880
0.498507 6.907800
0.498756 21.137400
0.499005 22.017500
0.499254 47.340500
0.499502 6.001070
0.499751 79.054000
0.500000 20.760200
0.500249 5.381810
0.500498 9.451450
0.500746 41.161200
0.500995 63.461100
0.501244 9.850280
0.501493 10.795500
0.501741 33.354400
0.501990 29.333200
0.502239 40.750000
0.502488 8.484020
0.502736 45.402800
0.502985 15.296500
0.503234 33.180700
0.503483 37.161800
0.503731 14.894600
0.503980 11.120600
0.504229 18.249700
0.504478 28.015700
0.504726 26.096600
0.504975 39.818700
0.505224 8.680520
0.505473 38.629900
0.505721 14.474500
0.505970 65.762600
0.506219 6.565690
0.506468 25.294200
0.506716 31.792200
0.506965 22.944900
0.507214 19.940600
0.507463 32.099600
0.507711 48.658300
0.507960 21.561300
0.508209 10.401000
0.508458 2.198260
0.508706 75.260400
0.508955 26.380600
0.509204 32.409100
0.509453 43.533800
0.509701 19.003800
0.509950 48.456700
0.510199 15.205600
0.511443 69.269400
0.511692 3.214250
0.511940 5.870260
0.512189 19.187100
0.512438 39.464100
0.512687 30.129500
0.512935 9.080220
0.513184 27.622600
0.513433 43.371900
0.513682 46.085900
0.513930 35.189600
0.514179 35.482800
0.514428 2.647530
0.514677 11.241200
0.514925 5.066510
0.515174 37.815500
0.515423 20.523500
0.515672 7.216810
0.515920 11.215400
0.516169 51.269200
0.516418 24.641800
0.516667 84.698100
0.516915 71.898200
0.517164 27.955700
0.517413 8.754300
0.517662 51.765900
0.517910 9.883600
0.518159 43.564000
0.518408 15.278800
0.518657 71.196700
0.518905 68.362100
0.519154 14.635700
0.519403 15.231500
0.519652 10.062300
0.519900 7.078470
0.520149 9.373650
0.520398 18.187300
0.520647 18.681600
0.520896 10.071600
0.521144 32.339100
0.521393 25.932000
0.521642 10.679300
0.521891 18.704800
0.522139 11.292300
0.522388 9.899300
0.522637 6.076760
0.522886 14.299000
0.523134 15.806700
0.523383 20.132500
0.523632 43.051600
0.523881 10.304000
0.524129 10.584300
0.524378 38.990900
0.524627 46.186700
0.524876 34.582800
0.525124 7.020410
0.525373 71.769200
0.525622 29.510300
0.525871 8.192860
0.526119 71.803600
0.526368 20.581000
0.526617 6.546400
0.526866 47.433600
0.527114 9.512510
0.527363 31.029900
0.527612 11.295600
0.527861 24.598900
0.528109 4.772630
0.528358 6.908560
0.528607 83.941800
0.528856 22.123200
0.529104 54.247300
0.529353 7.334560
0.529602 5.961100
0.529851 30.176500
0.530100 21.315600
0.530348 3.812810
0.530597 8.189070
0.530846 26.526700
0.531095 10.045300
0.531343 23.360600
0.531592 41.789600
0.531841 7.091960
0.532090 78.468400
0.532338 10.364200
0.532587 8.099240
0.532836 24.993500
0.533085 5.550870
0.533333 55.257500
0.533582 41.925300
0.533831 24.752200
0.534080 19.456500
0.534328 81.441900
0.534577 34.741900
0.534826 17.238700
0.535075 27.100600
0.535323 10.470800
0.535572 40.609200
0.535821 48.560300
0.536070 20.861200
0.536318 6.723250
0.536567 16.597800
0.536816 23.844000
0.537065 51.059100
0.537313 17.283000
0.537562 56.118500
0.537811 4.920760
0.538060 55.830200
0.538308 8.997400
0.538557 51.493400
0.538806 18.605200
0.539055 46.415500
0.539303 56.783200
0.539552 5.362140
0.539801 28.449700
0.540050 28.509000
0.540299 8.790020
0.540547 26.606800
0.540796 2.887690
0.541045 16.171500
0.541294 8.413530
0.541542 2.620780
0.541791 7.796550
0.542040 10.995000
0.542289 33.278900
0.542537 17.467900
0.542786 7.680490
0.543035 31.785000
0.543284 43.940100
0.543532 9.724560
0.543781 6.179160
0.544030 24.457600
0.544279 22.615400
0.544527 15.684300
0.544776 38.569300
0.545025 9.847220
0.545274 8.281560
0.545522 18.727200
0.545771 6.391190
0.546020 7.295020
0.546269 48.324000
0.546517 7.963260
0.546766 7.031420
0.547015 29.148800
0.547264 56.179700
0.547512 28.344000
0.547761 7.675530
0.548010 8.934550
0.548259 5.117010
0.548507 41.272500
0.548756 9.647060
0.549005 23.528700
0.549254 6.259520
0.549502 9.691420
0.549751 5.411950
0.550000 7.750080
0.550249 8.218560
0.550498 18.684800
0.550746 13.185400
0.550995 2.725380
0.551244 9.661170
0.551493 6.100770
0.551741 4.226380
0.551990 29.296700
0.552239 24.563500
0.552488 4.719870
0.552736 21.063500
0.552985 66.096600
0.553234 13.644800
0.553483 8.526440
0.553731 8.005360
0.553980 33.031500
0.554229 19.301800
0.554478 8.692440
0.554726 21.647000
0.554975 39.783900
0.555224 43.772600
0.555473 6.914280
0.555721 3.212880
0.555970 39.200100
0.556219 38.708700
0.556468 71.145700
0.556716 6.726080
0.556965 9.433790
0.557214 36.240800
0.557463 8.532280
0.557711 61.502100
0.557960 5.555680
0.558209 4.333360
0.558458 10.111700
0.558706 52.852100
0.558955 7.698840
0.559204 16.888200
0.559453 19.299000
0.559701 30.558100
0.559950 20.348500
0.560199 1.446240
0.560448 22.682500
0.560697 6.374190
0.560945 2.685340
0.561194 7.235080
0.561443 9.126380
0.561692 39.961300
0.561940 2.504560
0.562189 34.257400
0.562438 4.529380
0.562687 10.853300
0.562935 12.399700
0.563184 79.412100
0.563433 6.675650
0.563682 11.783400
0.563930 41.508400
0.564179 46.789000
0.564428 37.445300
0.564677 8.875290
0.564925 46.378400
0.565174 42.597200
0.565423 12.426300
0.565672 4.280440
0.565920 17.623500
0.566169 40.768500
0.566418 5.565000
0.566667 13.415000
0.566915 6.138160
0.567164 12.297600
0.567413 11.292100
0.567662 6.110150
0.567910 29.998400
0.568159 61.479400
0.568408 11.315200
0.568657 23.058300
0.568905 4.653630
0.569154 8.528250
0.569403 26.830700
0.569652 33.007100
0.569900 56.053800
0.570149 14.367900
0.570398 12.498800
0.570647 1.665250
0.570896 48.336200
0.571144 47.375900
0.571393 11.450300
0.571891 17.111200
0.572139 43.510100
0.572388 19.629400
0.572637 1.728790
0.572886 15.843300
0.573134 13.130400
0.573383 46.026500
0.573632 35.306000
0.573881 11.834000
0.574129 9.510550
0.574378 48.942500
0.574627 22.065400
0.574876 24.540400
0.575124 16.688700
0.575373 6.113890
0.575622 18.483000
0.575871 52.616000
0.576119 40.165600
0.576368 24.876500
0.576617 11.705000
0.576866 14.958900
0.577114 26.361200
0.577363 62.220000
0.577612 83.080800
0.577861 33.759100
0.578109 8.859870
0.578358 14.850500
0.578607 59.023700
0.578856 28.956100
0.579104 38.797400
0.579353 19.833100
0.579602 13.727900
0.579851 28.170900
0.580100 7.596940
0.580348 39.763700
0.580597 10.971800
0.580846 30.011200
0.581095 29.085800
0.581343 49.103600
0.581592 43.006700
0.581841 23.041300
0.582090 16.788000
0.582338 17.371000
0.582587 4.076720
0.582836 14.995700
0.583085 4.983180
0.583333 14.004300
0.583582 4.684350
0.583831 27.101800
0.584080 4.537600
0.584328 6.015580
0.584577 20.059400
0.584826 31.360200
0.585075 11.938900
0.585323 16.055600
0.585572 23.410700
0.585821 6.331920
0.586070 35.162200
0.586318 30.491500
0.586567 2.646810
0.586816 33.136800
0.587065 19.263100
0.587313 27.108000
0.587562 55.277700
0.587811 56.956400
0.588060 68.080900
0.588308 61.410200
0.588557 38.278600
0.588806 37.973000
0.589055 19.903900
0.589303 3.971700
0.589552 7.319460
0.589801 23.006800
0.590050 27.223300
0.590299 5.757380
0.590547 27.172200
0.590796 2.018630
0.591045 11.490100
0.591294 11.108100
0.591542 11.696600
0.591791 25.933800
0.592040 21.307600
0.592289 46.438200
0.592537 9.254360
0.592786 11.963800
0.593035 19.755000
0.593284 19.987800
0.593532 90.980000
0.593781 6.677690
0.594030 56.209300
0.594279 29.999700
0.594527 9.674710
0.594776 73.341000
0.595025 7.669460
0.595274 36.041700
0.595522 36.736700
0.595771 35.212300
0.596020 56.962900
0.596269 4.585020
0.596517 30.169300
0.596766 4.137210
0.597015 12.482100
0.597264 3.185130
0.597512 9.860580
0.597761 11.487800
0.598010 26.718900
0.598259 12.977400
0.598507 46.401700
0.598756 26.076300
0.599005 4.436510
0.599254 28.209100
0.599502 56.656800
0.599751 71.823200
0.600000 18.876000
0.600249 50.699300
0.600498 4.667480
0.600746 5.156110
0.600995 76.863800
0.601244 61.427300
0.601493 7.788630
0.601741 3.715480
0.601990 18.423500
0.602239 42.826000
0.602488 76.066700
0.602736 24.129900
0.602985 28.791200
0.603234 48.086900
0.603483 18.564500
0.603731 7.137100
0.603980 39.601300
0.604229 14.423500
0.604478 35.775600
0.604726 28.461000
0.604975 46.654400
0.605224 22.427900
0.605473 7.795380
0.605721 7.019140
0.605970 28.840000
0.606219 65.618100
0.606468 14.077000
0.606716 30.527000
0.606965 12.084100
0.607214 4.217920
0.607463 21.389400
0.607711 74.961700
0.607960 35.096500
0.608209 7.019410
0.608458 60.127300
0.608706 9.311760
0.608955 7.788420
0.609204 27.676100
0.609453 5.890320
0.609701 18.231600
0.609950 24.387900
0.610199 3.902570
0.610697 12.535000
0.610945 6.077730
0.611194 21.912400
0.611443 22.201500
0.611692 19.650900
0.611940 15.483200
0.612189 57.219900
0.612438 23.192400
0.612687 41.563700
0.612935 21.636900
0.613184 41.387500
0.613433 7.367030
0.613682 30.903200
0.613930 10.926200
0.614179 47.466100
0.614428 56.483900
0.614677 34.664700
0.614925 11.042100
0.615174 10.831300
0.615423 34.814700
0.615672 67.136400
0.615920 10.201300
0.616169 21.211700
0.616418 19.801000
0.616667 22.262600
0.616915 5.302480
0.617164 9.257770
0.617413 12.944200
0.617662 30.082600
0.617910 10.037200
0.618159 5.154410
0.618408 66.839300
0.618657 4.499250
0.618905 19.854500
0.619154 13.689700
0.619403 7.508670
0.619652 19.449100
0.619900 22.420300
0.620149 19.734200
0.620398 20.369200
0.620647 18.594200
0.620896 46.171000
0.621144 9.174810
0.621393 70.708700
0.621642 17.696400
0.621891 13.597000
0.622139 33.004700
0.622388 44.847500
0.622637 24.547300
0.622886 29.706300
0.623134 11.764200
0.623383 1.735430
0.623632 29.612700
0.623881 69.402100
0.624129 32.070500
0.624378 23.905300
0.624627 16.999900
0.624876 41.144200
0.625124 83.691100
0.625373 43.491800
0.625622 8.929410
0.625871 14.488600
0.626119 6.355360
0.626368 25.287300
0.626617 11.447700
0.626866 7.834780
0.627114 17.277700
0.627363 30.140000
0.627612 23.124800
0.627861 17.934700
0.628109 40.857400
0.628358 3.305740
0.628607 25.339100
0.628856 36.129300
0.629104 27.418700
0.629353 16.671000
0.629602 6.931560
0.629851 15.390700
0.630100 3.577340
0.630348 25.745600
0.630597 24.132000
0.630846 44.883500
0.631095 24.024600
0.631343 18.798100
0.631592 25.803900
0.631841 6.015120
0.632090 4.826930
0.632338 20.140500
0.632587 50.217900
0.632836 36.522700
0.633085 10.054900
0.633333 21.159100
0.633582 13.431200
0.633831 20.319900
0.634080 10.733400
0.634328 55.003500
0.634577 54.678700
0.634826 6.669190
0.635075 20.317100
0.635323 10.738800
0.635572 10.087100
0.635821 18.272200
0.636070 40.328300
0.636318 28.344100
0.636567 19.998800
0.636816 47.982100
0.637065 6.526820
0.637313 7.670260
0.637562 6.065810
0.637811 10.491600
0.638060 24.773900
0.638308 9.724880
0.638557 16.041300
0.638806 10.246200
0.639055 33.393700
0.639303 2.852730
0.639552 20.700200
0.639801 62.047900
0.640050 4.214360
0.640299 30.876800
0.640547 74.081300
0.640796 4.683230
0.641045 18.248400
0.641294 12.025600
0.641542 8.222770
0.641791 10.168900
0.642040 22.665900
0.642289 4.403030
0.642537 15.901900
0.642786 11.673500
0.643035 11.567700
0.643284 39.247700
0.643532 34.254100
0.643781 36.166700
0.644030 10.621700
0.644279 30.067900
0.644527 20.874000
0.644776 34.188800
0.645025 17.395800
0.645274 29.837600
0.645522 40.664600
0.645771 56.484700
0.646020 9.607850
0.646269 20.056300
0.646517 11.151400
0.646766 7.230700
0.647015 25.560600
0.647264 8.114180
0.647512 69.894700
0.647761 28.989900
0.648010 4.905090
0.648259 22.617900
0.648507 11.513700
0.648756 56.868800
0.649005 20.715500
0.649254 20.664800
0.649502 12.326100
0.649751 29.213800
0.650000 6.030190
0.650249 58.311600
0.650498 78.151200
0.650746 10.117600
0.650995 44.716600
0.651244 38.835500
0.651493 10.503700
0.651741 4.430730
0.651990 18.167000
0.652239 19.576600
0.652488 9.329590
0.652736 39.513800
0.652985 6.053870
0.653234 11.239000
0.653483 44.856800
0.653731 7.208870
0.653980 12.660600
0.654229 34.914400
0.654478 5.990100
0.654726 8.453210
0.654975 6.564220
0.655224 3.411460
0.655473 36.065200
0.655721 6.875780
0.655970 39.135800
0.656219 41.599000
0.656468 83.393300
0.656716 36.143500
0.656965 27.450500
0.657214 8.322490
0.657463 31.298500
0.657711 27.773900
0.657960 48.778500
0.658209 28.722300
0.658458 5.293010
0.658706 6.013330
0.658955 68.256300
0.659204 68.020400
0.659453 34.576600
0.659701 7.461510
0.659950 26.850600
0.660199 41.957700
0.660448 6.053950
0.660697 23.431600
0.660945 10.389100
0.661194 8.199930
0.661443 2.861340
0.661692 35.134200
0.661940 4.709580
0.662189 17.515400
0.662438 29.190400
0.662687 50.570500
0.662935 14.910800
0.663184 16.208900
0.663433 20.147500
0.663682 43.457000
0.663930 27.675500
0.664179 55.021100
0.664428 9.798390
0.664677 2.257670
0.664925 10.938500
0.665174 15.275700
0.665423 18.828900
0.665672 51.688500
0.665920 24.157100
0.666169 80.083600
0.666418 72.921800
0.666667 15.026000
0.666915 12.160400
0.667164 26.798500
0.667413 8.610620
0.667662 34.662200
0.667910 6.267860
0.668159 68.573100
0.668408 42.711200
0.668657 15.281600
0.668905 50.126400
0.669154 70.659100
0.669403 9.775380
0.669652 49.942100
0.669900 3.382280
0.670149 41.395900
0.670398 4.830590
0.670647 59.943800
0.670896 41.360500
0.671144 4.444480
0.671393 17.672800
0.671642 12.581100
0.671891 36.610300
0.672139 18.785700
0.672388 11.100300
0.672637 37.856000
0.672886 2.556100
0.673134 7.295710
0.673383 8.355670
0.673632 74.594200
0.673881 75.138000
0.674129 6.014990
0.674378 11.587600
0.674627 8.558520
0.674876 25.439300
0.675124 19.742900
0.675373 27.550600
0.675622 51.399500
0.675871 8.267350
0.676119 27.813100
0.676368 9.893530
0.676617 30.302600
0.676866 22.355500
0.677114 31.443300
0.677363 14.030800
0.677612 11.529400
0.677861 25.198000
0.678109 2.503130
0.678358 19.254700
0.678607 87.435600
0.678856 8.451270
0.679104 9.699330
0.679353 30.117300
0.679602 7.127090
0.679851 16.696100
0.680100 16.996500
0.680348 8.624770
0.680597 17.351900
0.680846 8.195700
0.681095 25.036400
0.681343 7.216080
0.681592 44.674300
0.681841 3.890130
0.682090 37.405300
0.682338 10.277500
0.682587 5.117540
0.682836 1.643470
0.683085 59.488200
0.683333 6.002210
0.683582 19.788600
0.683831 39.921400
0.684080 12.964800
0.684328 6.502390
0.684577 70.383000
0.684826 9.941160
0.685075 30.327300
0.685323 45.080500
0.685572 22.523700
0.685821 9.096900
0.686070 54.526900
0.686318 6.721240
0.686567 37.860800
0.686816 31.494700
0.687065 11.509700
0.687313 51.522400
0.687562 18.880900
0.687811 67.635700
0.688060 12.233200
0.688308 32.352600
0.688557 4.550540
0.688806 27.307100
0.689055 74.262400
0.689303 11.013300
0.689552 6.323540
0.689801 30.815500
0.690050 32.659100
0.690299 21.889300
0.690547 15.809700
0.690796 45.401600
0.691045 23.072200
0.691294 6.813960
0.691542 18.620900
0.691791 9.433050
0.692040 9.590650
0.692289 44.204500
0.692537 19.175700
0.692786 14.477200
0.693035 14.624400
0.693284 5.803090
0.693532 19.727800
0.693781 9.828150
0.694030 22.963100
0.694279 19.451000
0.694527 13.494400
0.694776 38.346700
0.695025 13.231700
0.695274 7.686820
0.695522 11.409700
0.695771 17.414000
0.696020 63.943400
0.696269 5.351610
0.696517 7.864540
0.696766 8.452590
0.697015 48.967500
0.697264 24.920500
0.697512 42.949400
0.697761 34.286000
0.698010 30.202700
0.698259 39.349200
0.698507 4.609610
0.698756 7.412840
0.699005 15.114500
0.699254 31.066500
0.699502 18.207000
0.699751 17.113300
0.700000 5.755340
0.700249 52.650000
0.700498 16.504200
0.700746 27.471300
0.700995 6.740640
0.701244 17.270300
0.701493 81.329700
0.701741 29.279000
0.701990 23.984600
0.702239 31.716800
0.702488 5.831980
0.702736 35.620700
0.702985 60.778000
0.703234 2.278470
0.703483 3.311740
0.703731 31.549500
0.703980 35.679600
0.704229 9.565230
0.704478 29.440900
0.704726 11.741800
0.704975 20.243400
0.705224 37.764000
0.705473 34.317000
0.705721 38.898700
0.705970 28.085800
0.706219 28.603200
0.706468 3.149940
0.706716 63.629900
0.706965 13.310700
0.707214 16.063000
0.707463 4.333640
0.707711 10.967000
0.707960 16.667300
0.708209 30.151100
0.708458 40.851500
0.708706 14.765700
0.708955 12.388500
0.709204 20.341600
0.709453 45.911300
0.709701 27.979600
0.709950 9.508300
0.710199 32.310800
0.710448 30.005600
0.710697 36.648600
0.710945 45.305200
0.711194 3.709060
0.711443 60.561000
0.711692 10.643700
0.711940 14.916800
0.712189 4.183140
0.712438 32.164200
0.712687 32.895400
0.712935 10.687900
0.713184 12.983900
0.713433 13.208800
0.713682 81.116900
0.713930 37.847800
0.714179 94.707400
0.714428 19.350600
0.714677 4.857840
0.714925 54.309500
0.715174 26.198200
0.715423 15.383900
0.715672 28.426200
0.715920 30.314400
0.716169 5.889360
0.716418 25.697400
0.716667 9.543730
0.716915 14.452000
0.717164 18.550700
0.717413 55.684400
0.717662 34.050300
0.717910 7.474200
0.718408 11.588400
0.718657 17.869700
0.718905 45.359600
0.719154 9.109220
0.719403 40.709200
0.719652 49.066600
0.719900 24.088600
0.720149 10.176900
0.720398 86.625800
0.720647 34.812500
0.720896 17.104800
0.721144 10.058300
0.721393 24.665800
0.721642 78.488800
0.721891 30.312600
0.722139 14.289500
0.722388 6.480530
0.722637 3.002870
0.722886 17.698600
0.723134 5.586790
0.723383 24.776900
0.723632 13.185100
0.723881 32.117300
0.724129 16.580700
0.724378 67.956900
0.724627 55.587100
0.724876 92.799300
0.725124 6.721410
0.725373 58.912600
0.725622 18.906000
0.725871 4.794210
0.726119 84.943300
0.726368 9.646610
0.726617 12.953100
0.726866 40.984600
0.727114 59.037800
0.727363 38.313600
0.727612 14.602800
0.727861 36.768400
0.728109 11.980000
0.728358 15.558400
0.728607 37.127100
0.728856 43.655000
0.729104 9.024110
0.729353 83.467200
0.729602 4.887000
0.729851 34.606400
0.730100 19.380300
0.730348 20.203500
0.730597 66.174200
0.730846 22.030600
0.731095 30.413300
0.731343 49.979100
0.731592 55.106200
0.731841 15.236600
0.732090 10.201900
0.732338 20.311600
0.732587 19.966100
0.732836 3.804900
0.733085 21.935200
0.733333 3.311490
0.733582 8.807190
0.733831 12.387300
0.734080 16.247000
0.734328 19.789500
0.734577 4.769060
0.734826 56.281300
0.735075 10.292000
0.735323 21.010100
0.735572 55.089200
0.735821 7.313840
0.736070 6.418340
0.736318 18.242400
0.736567 7.167680
0.736816 45.554300
0.737065 18.724700
0.737313 10.965900
0.737562 14.753300
0.737811 8.390450
0.738060 14.401400
0.738308 51.127500
0.738557 5.793460
0.738806 15.481500
0.739055 15.936700
0.739303 10.105000
0.739552 77.782700
0.739801 18.943800
0.740050 48.564700
0.740299 9.838280
0.740547 11.475900
0.740796 6.875040
0.741045 22.131200
0.741294 3.641330
0.741542 11.410200
0.741791 15.005700
0.742040 6.245020
0.742289 18.354100
0.742537 25.319400
0.742786 3.451210
0.743035 26.894900
0.743284 19.049900
0.743532 9.995700
0.743781 38.946500
0.744030 3.537680
0.744279 43.520500
0.744527 15.346500
0.744776 19.468800
0.745025 25.457100
0.745274 41.412900
0.745522 14.723100
0.745771 7.409500
0.746020 63.972000
0.746269 15.216400
0.746517 51.265400
0.746766 11.526400
0.747015 40.443200
0.747264 61.696800
0.747512 32.594200
0.747761 13.205900
0.748010 14.116400
0.748259 5.672340
0.748507 10.390200
0.748756 21.007800
0.749005 29.606900
0.749254 4.264020
0.749502 18.608000
0.749751 47.362000
0.750000 19.632900
0.750249 8.368670
0.750498 17.093900
0.750746 13.075500
0.750995 13.923200
0.751244 22.683400
0.751493 25.684500
0.751741 33.843900
0.751990 26.199700
0.752239 32.849600
0.752488 47.345600
0.752736 8.725220
0.752985 4.071800
0.753234 6.345250
0.753483 20.065800
0.753731 11.762000
0.753980 63.607400
0.754229 29.798900
0.754478 4.639650
0.754726 47.257900
0.754975 35.297800
0.755224 61.398300
0.755473 10.182600
0.755721 30.083700
0.755970 9.721280
0.756219 23.211100
0.756468 19.452700
0.756716 9.058670
0.756965 25.348400
0.757214 22.685900
0.757463 3.394580
0.757711 27.542100
0.757960 41.550000
0.758209 7.048960
0.758458 8.408570
0.758706 9.943440
0.758955 7.221820
0.759204 28.578400
0.759453 10.526100
0.759701 78.609700
0.759950 21.717700
0.760199 29.027700
0.760448 36.498800
0.760697 47.622900
0.760945 49.382500
0.761194 48.104300
0.761443 9.296020
0.761692 22.634900
0.761940 64.220500
0.762189 12.689900
0.762438 14.290100
0.762687 9.591030
0.762935 40.731400
0.763184 9.614770
0.763433 6.481980
0.763682 7.569590
0.763930 13.859200
0.764179 16.466100
0.764428 36.273500
0.764677 30.641900
0.764925 20.136800
0.765174 7.921830
0.765423 12.036800
0.765672 26.792600
0.765920 20.556600
0.766169 4.510930
0.766418 6.221820
0.766667 44.949000
0.766915 6.729700
0.767164 6.667830
0.767413 60.481500
0.767662 13.020500
0.767910 26.957600
0.768159 15.267900
0.768408 58.504500
0.768657 10.000200
0.768905 8.477870
0.769154 28.415200
0.769403 5.626880
0.769652 17.444500
0.769900 25.907100
0.770149 13.466100
0.770398 52.274600
0.770647 16.943900
0.770896 8.910620
0.771144 30.938800
0.771393 91.332500
0.771642 35.242000
0.771891 6.160510
0.772139 37.483600
0.772388 43.716200
0.772637 48.702300
0.772886 26.561900
0.773134 6.088540
0.773383 58.396000
0.773632 6.085090
0.773881 23.238800
0.774129 40.342900
0.774378 69.895300
0.774627 37.094300
0.774876 12.041900
0.775124 20.162500
0.775373 7.757240
0.775622 57.252000
0.775871 6.873350
0.776119 22.474000
0.776368 23.939300
0.776617 67.861400
0.776866 26.723000
0.777114 54.652900
0.777363 17.542600
0.777612 8.377830
0.777861 36.014800
0.778109 7.888520
0.778358 25.365400
0.778607 6.416330
0.778856 7.139490
0.779104 4.039740
0.779353 13.544800
0.779602 13.732200
0.779851 11.541400
0.780100 34.051800
0.780348 36.234900
0.780597 22.895800
0.780846 9.074580
0.781095 9.734970
0.781343 34.722800
0.781592 6.369010
0.781841 32.271200
0.782090 36.559600
0.782338 14.528300
0.782587 35.879700
0.782836 13.456200
0.783085 8.219080
0.783333 1.899290
0.783582 3.966590
0.783831 13.631500
0.784080 8.784770
0.784328 22.789400
0.784577 17.692100
0.784826 38.380600
0.785075 14.439400
0.785323 68.782100
0.785572 78.357000
0.785821 10.186000
0.786070 24.696700
0.786318 17.195000
0.786567 7.176190
0.786816 12.637400
0.787065 55.188800
0.787313 46.549600
0.787562 15.501800
0.787811 25.225000
0.788060 8.778860
0.788308 3.617030
0.788557 18.248000
0.788806 9.665510
0.789055 37.491500
0.789303 30.269400
0.789552 21.208500
0.789801 21.531500
0.790050 11.218500
0.790299 25.912000
0.790547 71.349500
0.790796 25.091900
0.791045 52.698300
0.791294 6.562910
0.791542 19.399200
0.791791 20.769600
0.792040 9.169250
0.792289 25.674100
0.792537 31.531200
0.792786 33.019800
0.793035 5.643780
0.793284 6.771650
0.793532 23.469600
0.793781 24.679300
0.794030 17.699600
0.794279 9.264540
0.794527 17.161500
0.794776 18.004600
0.795025 84.472200
0.795274 9.417170
0.795522 44.867800
0.795771 3.781190
0.796020 52.428400
0.796269 96.038100
0.796517 84.124900
0.796766 17.147200
0.797015 31.577300
0.797264 46.972100
0.797512 17.998400
0.797761 32.923000
0.798010 14.594500
0.798259 21.668900
0.798507 10.358900
0.798756 54.908100
0.799005 15.989700
0.799254 3.999470
0.799502 5.602810
0.799751 8.686860
0.800000 16.377700
0.800249 8.143810
0.800498 57.072000
0.800746 6.201860
0.800995 12.879800
0.801244 6.197910
0.801493 12.652500
0.801741 17.529400
0.801990 57.145600
0.802239 5.659470
0.802488 59.228500
0.802736 16.211800
0.802985 41.216300
0.803234 11.730800
0.803483 18.347600
0.803731 46.856900
0.803980 7.304780
0.804229 20.615200
0.804478 36.121700
0.804726 10.813000
0.804975 46.952300
0.805224 37.859300
0.805473 75.563900
0.805721 73.589800
0.805970 93.537200
0.806219 35.943000
0.806468 10.410000
0.806716 9.942140
0.806965 71.786900
0.807214 6.251060
0.807463 8.718390
0.807711 44.523500
0.807960 4.831700
0.808209 6.249050
0.808458 10.486400
0.808706 54.629700
0.808955 48.336000
0.809204 9.729810
0.809453 4.118990
0.809701 4.481950
0.809950 40.326500
0.810199 9.944530
0.810448 34.030600
0.810697 20.120700
0.810945 7.257780
0.811194 4.733430
0.811443 32.115400
0.811692 7.971260
0.811940 11.149100
0.812189 2.642280
0.812438 8.190590
0.812687 23.491700
0.812935 10.152700
0.813184 9.373510
0.813433 32.591400
0.813682 34.244000
0.813930 6.700210
0.814179 26.901500
0.814428 81.509600
0.814677 19.170300
0.814925 38.944600
0.815174 14.332400
0.815423 9.070450
0.815672 9.119760
0.815920 13.641700
0.816169 13.126000
0.816418 8.354120
0.816667 19.051800
0.816915 6.926040
0.817164 2.434990
0.817413 15.054200
0.817662 47.715000
0.817910 20.190900
0.818159 31.934700
0.818408 73.086300
0.818657 13.725500
0.818905 36.770900
0.819154 10.560000
0.819403 35.878900
0.819652 16.859000
0.819900 6.438240
0.820149 4.173150
0.820398 12.317700
0.820647 19.382300
0.820896 10.809600
0.821144 9.789700
0.821393 13.877800
0.821642 8.974320
0.821891 13.846100
0.822139 7.348610
0.822388 3.760110
0.822637 10.259900
0.822886 4.878840
0.823134 22.807900
0.823383 19.523000
0.823632 18.842800
0.823881 54.915800
0.824129 21.245600
0.824378 29.858000
0.824627 37.241100
0.824876 15.526900
0.825124 23.631400
0.825373 6.180870
0.825622 11.351800
0.825871 18.205500
0.826119 7.025500
0.826368 44.529800
0.826617 12.075100
0.826866 10.017200
0.827114 15.684900
0.827363 6.127730
0.827612 71.542900
0.827861 45.655600
0.828109 8.619540
0.828358 10.351300
0.828607 16.511900
0.828856 50.672700
0.829104 10.905500
0.829353 2.699260
0.829602 40.966500
0.829851 76.523000
0.830100 84.124100
0.830348 7.938020
0.830597 17.095200
0.830846 21.760400
0.831095 1.842510
0.831343 1.792590
0.831592 11.514900
0.831841 17.059200
0.832090 9.916320
0.832338 14.702900
0.832587 17.760700
0.832836 58.605300
0.833085 31.704100
0.833333 22.736400
0.833582 76.650300
0.833831 8.860970
0.834080 6.979070
0.834328 11.091500
0.834577 9.033510
0.834826 8.148140
0.835075 8.454420
0.835323 4.122550
0.835572 30.621500
0.835821 28.017800
0.836070 26.367500
0.836318 41.001300
0.836567 5.736990
0.836816 95.029600
0.837065 4.446540
0.837313 5.702160
0.837562 3.236510
0.837811 26.849700
0.838060 16.453900
0.838308 15.307000
0.838557 37.209200
0.838806 61.192000
0.839055 59.564800
0.839303 13.131400
0.839552 18.149200
0.839801 38.720400
0.840050 8.868050
0.840299 12.519800
0.840547 15.097900
0.840796 57.268700
0.841045 50.619000
0.841294 4.920350
0.841542 52.466600
0.841791 1.691180
0.842040 10.552200
0.842289 32.080400
0.842537 22.732000
0.842786 17.843900
0.843035 10.521600
0.843284 22.385500
0.843532 13.661300
0.843781 21.742500
0.844030 16.344300
0.844279 65.027700
0.844527 7.133590
0.844776 1.990490
0.845025 20.554400
0.845274 5.416240
0.845522 1.904270
0.845771 32.011700
0.846020 27.456800
0.846269 45.049800
0.846517 4.552960
0.846766 42.222800
0.847015 21.347200
0.847264 11.496100
0.847512 21.503700
0.847761 23.724500
0.848010 8.332980
0.848259 5.563830
0.848507 11.545300
0.848756 76.726000
0.849005 12.285800
0.849254 8.216050
0.849502 9.858880
0.849751 22.292800
0.850000 7.195810
0.850249 3.372170
0.850498 5.886720
0.850746 23.299000
0.850995 10.625800
0.851244 9.044440
0.851493 9.036710
0.851741 37.425400
0.851990 6.133020
0.852239 6.930810
0.852488 24.463200
0.852736 35.834400
0.852985 29.536300
0.853234 72.255400
0.853483 7.421450
0.853731 8.983640
0.853980 5.454490
0.854229 17.135300
0.854478 72.756100
0.854726 28.665400
0.854975 20.321800
0.855224 8.602810
0.855473 51.961700
0.855721 7.092420
0.855970 9.708870
0.856219 6.576400
0.856468 42.013700
0.856716 29.025000
0.856965 31.566300
0.857214 33.399600
0.857463 22.536000
0.857711 29.229900
0.857960 35.175000
0.858209 11.578300
0.858458 12.942100
0.858706 14.605000
0.858955 33.494500
0.859204 9.131370
0.859453 8.494430
0.859701 14.277000
0.859950 29.774500
0.860199 41.926700
0.860448 1.896530
0.860697 7.027980
0.860945 24.976200
0.861194 3.693930
0.861443 6.709900
0.861692 2.935700
0.861940 34.256700
0.862189 23.922300
0.862438 24.599700
0.862687 8.122940
0.862935 20.807700
0.863184 8.273370
0.863433 7.773720
0.863682 35.153500
0.863930 41.557800
0.864179 26.112900
0.864428 16.016200
0.864677 8.197530
0.864925 63.967000
0.865174 27.535600
0.865423 7.981300
0.865672 29.146400
0.865920 25.905500
0.866169 17.874000
0.866418 5.796160
0.866667 32.362400
0.866915 29.880500
0.867164 46.880800
0.867413 9.721570
0.867662 11.359000
0.867910 48.874800
0.868159 15.882000
0.868408 48.052300
0.868657 35.626600
0.868905 53.150400
0.869154 8.091910
0.869403 24.513200
0.869652 17.632700
0.869900 29.517500
0.870149 8.728390
0.870398 13.128200
0.870647 26.174100
0.870896 9.604280
0.871144 8.025160
0.871393 12.453000
0.871642 11.498300
0.871891 41.015900
0.872139 11.066400
0.872388 18.901800
0.872637 40.000400
0.872886 27.931100
0.873134 4.426030
0.873383 10.822000
0.873632 82.923200
0.873881 5.169600
0.874129 24.649800
0.874378 24.215500
0.874627 13.615800
0.874876 6.998210
0.875124 10.566700
0.875373 3.644920
0.875622 19.166600
0.875871 9.922590
0.876119 13.196600
0.876368 23.639400
0.876617 24.297000
0.876866 30.989600
0.877114 34.033300
0.877363 39.225800
0.877612 22.003600
0.877861 24.252300
0.878109 45.039900
0.878358 17.367000
0.878607 19.603600
0.878856 27.229400
0.879104 5.224230
0.879353 25.290200
0.879602 18.678800
0.879851 34.127100
0.880100 6.635540
0.880348 13.645600
0.880597 29.408600
0.880846 11.265600
0.881095 55.543000
0.881343 27.319300
0.881592 2.812540
0.881841 27.665300
0.882090 10.201600
0.882338 20.912800
0.882587 9.160080
0.882836 8.867050
0.883085 11.206800
0.883333 3.714970
0.883582 11.263800
0.883831 7.779780
0.884080 15.373600
0.884328 80.937800
0.884577 43.013300
0.884826 8.416160
0.885075 32.789900
0.885323 32.527100
0.885572 16.537400
0.885821 49.898300
0.886070 4.926800
0.886318 9.519370
0.886567 7.837110
0.886816 18.307000
0.887065 10.759500
0.887313 27.521900
0.887562 48.804100
0.887811 12.786200
0.888060 28.435800
0.888308 55.131800
0.888557 26.893900
0.888806 13.909200
0.889055 19.443700
0.889303 10.096800
0.889552 46.276300
0.889801 12.982400
0.890050 15.906200
0.890299 5.397870
0.890547 42.063300
0.890796 42.620300
0.891045 54.638100
0.891294 23.185700
0.891542 86.460700
0.891791 22.956700
0.892040 16.130000
0.892289 8.725030
0.892537 32.717300
0.892786 26.032200
0.893035 48.009600
0.893284 29.510500
0.893532 65.939600
0.893781 6.814890
0.894030 11.787600
0.894279 3.030000
0.894527 48.931700
0.894776 15.033000
0.895025 36.083300
0.895274 9.158020
0.895522 37.166600
0.895771 17.767200
0.896020 29.758200
0.896269 4.676490
0.896517 32.599100
0.896766 25.501400
0.897015 8.019160
0.897264 29.611200
0.897512 8.794750
0.897761 19.589300
0.898010 36.631400
0.898259 33.270500
0.898507 45.830900
0.898756 10.560700
0.899005 36.663100
0.899254 28.114300
0.899502 21.492300
0.899751 33.639600
0.900000 23.249600
0.900249 86.765800
0.900498 71.583200
0.900746 9.093050
0.900995 6.382390
0.901244 19.464100
0.901493 3.811840
0.901741 32.403500
0.901990 3.924760
0.902239 9.287140
0.902488 19.033100
0.902736 7.812890
0.902985 14.638700
0.903234 41.037400
0.903483 23.342300
0.903731 9.537920
0.903980 12.493500
0.904229 18.307600
0.904478 4.414810
0.904726 5.060120
0.904975 10.749900
0.905224 3.595320
0.905473 60.720000
0.905721 24.727600
0.905970 9.907960
0.906219 51.892300
0.906468 9.657900
0.906716 22.520900
0.906965 14.658500
0.907214 31.005700
0.907463 21.511200
0.907711 33.529600
0.907960 36.520700
0.908209 12.404800
0.908458 32.303100
0.908706 4.701880
0.908955 15.961300
0.909204 32.232900
0.909453 25.670700
0.909701 18.003200
0.909950 7.726260
0.910199 51.752900
0.910448 11.242800
0.910697 13.814000
0.910945 14.937800
0.911194 15.741300
0.911443 11.939300
0.911692 24.703600
0.911940 13.141000
0.912189 34.916400
0.912438 18.775000
0.912687 12.200900
0.912935 3.282860
0.913184 7.002980
0.913433 31.646200
0.913682 52.842000
0.913930 4.813290
0.914179 39.821900
0.914428 34.500800
0.914677 38.423200
0.914925 10.891300
0.915174 92.789900
0.915423 20.216400
0.915672 5.816400
0.915920 36.566100
0.916169 20.942700
0.916418 12.118200
0.916667 37.658400
0.916915 11.971800
0.917164 4.727780
0.917413 67.124300
0.917662 63.465000
0.917910 7.911830
0.918159 35.098900
0.918408 1.823710
0.918657 7.689790
0.918905 5.626370
0.919154 17.424200
0.919403 20.593500
0.919652 54.813200
0.919900 58.093900
0.920149 15.135500
0.920398 21.203400
0.920647 18.730500
0.920896 2.832160
0.921144 11.224300
0.921393 15.086900
0.921642 56.060300
0.921891 37.824100
0.922139 46.711200
0.922388 8.384880
0.922637 4.528100
0.922886 32.387800
0.923134 9.268570
0.923383 17.094800
0.923632 6.772010
0.923881 42.733700
0.924129 11.368800
0.924378 8.960060
0.924627 9.884950
0.924876 27.287200
0.925124 2.789740
0.925373 11.035100
0.925622 8.342360
0.925871 18.832600
0.926119 71.784900
0.926368 10.081000
0.926617 49.442900
0.926866 41.730800
0.927114 40.701200
0.927363 23.224400
0.927612 41.824500
0.927861 42.553000
0.928109 4.097120
0.928358 8.592530
0.928607 6.837810
0.928856 4.778520
0.929104 7.763950
0.929353 39.921300
0.929602 21.424400
0.929851 24.983800
0.930100 10.417600
0.930348 7.085260
0.930597 5.565670
0.930846 56.540800
0.931095 7.851600
0.931343 19.910500
0.931592 5.698680
0.931841 34.629100
0.932090 12.200300
0.932338 50.523500
0.932587 34.757700
0.932836 18.394400
0.933085 65.079700
0.933333 38.192400
0.933582 6.474380
0.933831 20.744000
0.934080 39.661200
0.934328 40.849700
0.934577 39.208600
0.934826 7.563300
0.935075 4.627920
0.935323 10.276100
0.935572 16.957400
0.935821 15.108600
0.936070 25.764400
0.936318 7.764640
0.936567 51.273800
0.936816 9.827350
0.937065 46.771600
0.937313 3.723700
0.937562 8.583520
0.937811 6.169480
0.938060 51.520400
0.938308 4.007330
0.938557 16.280600
0.938806 8.249110
0.939055 34.780000
0.939303 20.181300
0.939552 8.726830
0.939801 7.566720
0.940050 10.606900
0.940299 21.122300
0.940547 9.384480
0.940796 11.357600
0.941045 34.384800
0.941294 68.945400
0.941542 20.018300
0.941791 37.204900
0.942040 28.664800
0.942289 7.063340
0.942537 57.793600
0.942786 15.220300
0.943035 8.618570
0.943284 57.152800
0.943532 30.697100
0.943781 9.675970
0.944030 19.398100
0.944279 31.884300
0.944527 30.642400
0.944776 9.348030
0.945025 37.109100
0.945274 25.813900
0.945522 82.542700
0.945771 13.648300
0.946020 3.376410
0.946269 34.903000
0.946517 5.288070
0.946766 37.994000
0.947015 12.663700
0.947264 4.527140
0.947512 9.844100
0.947761 33.702100
0.948010 7.685340
0.948259 57.252500
0.948507 20.331600
0.948756 9.121350
0.949005 4.749280
0.949254 5.781080
0.949502 7.281690
0.949751 17.214400
0.950000 45.907000
0.950249 20.533500
0.950498 29.614100
0.950746 8.207780
0.950995 10.104200
0.951244 69.479800
0.951493 18.279900
0.951741 6.143060
0.951990 8.319670
0.952239 46.221600
0.952488 16.111700
0.952736 27.325400
0.952985 14.534200
0.953234 26.061300
0.953483 7.543050
0.953731 15.208000
0.953980 48.485900
0.954229 19.355200
0.954478 19.556600
0.954726 7.244400
0.954975 5.514730
0.955224 53.886200
0.955473 8.531800
0.955721 10.693900
0.955970 30.005300
0.956219 28.763200
0.956468 25.358100
0.956716 18.066300
0.956965 69.008200
0.957214 16.449400
0.957463 43.849400
0.957711 6.717870
0.957960 5.345990
0.958209 34.127800
0.958458 13.039500
0.958706 2.880030
0.958955 5.505270
0.959204 3.660180
0.959453 23.606000
0.959701 17.490500
0.959950 12.583200
0.960199 24.913200
0.960448 52.610500
0.960697 69.324200
0.960945 41.135700
0.961194 10.780400
0.961443 6.610630
0.961692 59.566700
0.961940 32.394300
0.962189 4.918690
0.962438 12.801200
0.962687 7.341170
0.962935 19.203200
0.963184 10.414200
0.963433 29.065400
0.963682 32.735700
0.963930 12.240700
0.964179 23.568300
0.964428 8.400560
0.964677 19.602400
0.964925 43.619900
0.965174 7.249490
0.965423 5.098930
0.965672 35.924000
0.965920 7.923440
0.966169 55.992200
0.966418 7.466740
0.966667 39.863300
0.966915 11.019400
0.967164 57.493300
0.967413 21.707600
0.967662 13.434700
0.967910 15.853600
0.968159 39.507100
0.968408 78.951300
0.968657 40.007700
0.968905 5.699840
0.969154 65.630200
0.969403 27.572000
0.969652 54.989200
0.969900 3.210790
0.970149 29.573200
0.970398 52.634400
0.970647 32.248400
0.970896 7.375550
0.971144 10.243400
0.971393 35.550400
0.971642 28.387200
0.971891 32.510600
0.972139 26.372600
0.972388 4.151990
0.972637 31.881500
0.972886 12.664700
0.973134 29.590300
0.973383 6.536950
0.973632 10.943200
0.973881 29.295700
0.974129 5.006930
0.974378 18.197200
0.974627 41.923000
0.974876 9.000170
0.975124 2.759400
0.975373 25.580000
0.975622 8.659340
0.975871 60.353900
0.976119 67.531500
0.976368 4.502950
0.976617 33.728700
0.976866 4.839580
0.977114 59.280900
0.977363 33.234800
0.977612 55.247500
0.977861 25.683400
0.978109 13.529800
0.978358 7.310160
0.978607 4.734090
0.978856 28.404400
0.979104 33.854000
0.979353 4.215830
0.979602 55.001500
0.979851 8.428440
0.980100 34.729700
0.980348 29.666900
0.980597 19.969400
0.980846 32.967800
0.981095 4.216200
0.981343 56.346500
0.981592 20.854900
0.981841 32.375400
0.982090 19.629900
0.982338 27.628800
0.982587 5.784760
0.982836 23.249800
0.983085 6.307640
0.983333 2.572760
0.983582 8.188810
0.983831 6.731570
0.984080 45.182700
0.984328 36.450100
0.984577 52.389200
0.984826 32.668800
0.985075 1.762390
0.985323 31.107800
0.985572 10.058400
0.985821 8.378670
0.986070 29.546200
0.986318 32.652900
0.986567 4.228870
0.986816 13.418600
0.987065 23.100300
0.987313 15.913700
0.987562 11.088300
0.987811 53.085400
0.988060 3.172840
0.988308 9.541520
0.988557 17.567700
0.988806 34.436700
0.989055 25.832500
0.989303 15.074400
0.989552 19.956100
0.989801 37.308200
0.990050 38.039700
0.990299 9.568140
0.990547 9.812480
0.990796 18.417600
0.991045 24.062700
0.991294 14.281700
0.991542 31.851100
0.991791 43.395500
0.992040 9.515180
0.992289 30.981100
0.992537 7.869560
0.992786 4.622700
0.993035 8.805110
0.993284 22.508000
0.993532 48.608200
0.993781 32.704600
0.994030 78.951600
0.994279 13.897600
0.994527 14.486800
0.994776 9.046030
0.995025 17.374300
0.995274 9.638780
0.995522 27.386500
0.995771 8.220180
0.996020 27.770800
0.996269 20.743000
0.996517 18.556500
0.996766 48.713500
0.997015 54.014200
0.997264 29.296300
0.997512 62.376300
0.997761 10.791600
0.998010 9.927560
0.998259 22.785400
0.998507 21.023600
0.998756 38.503500
0.999005 9.341810
0.999254 8.816120
0.999502 50.569500
0.999751 3.279950
1.000000 9.513770
