0.000533 14.277900
0.001066 27.825700
0.001598 20.127700
0.002131 44.525500
0.002664 55.610900
0.003197 7.509670
0.003729 24.114700
0.004262 17.441300
0.004795 88.668300
0.022909 8.389800
0.023442 73.507100
0.023974 6.657980
0.024507 32.612500
0.025040 17.443200
0.025573 17.824300
0.026105 45.306300
0.026638 60.403000
0.029835 58.116000
0.030368 22.084400
0.030900 62.012600
0.031433 6.487590
0.031966 5.943110
0.032499 5.117910
0.033031 34.478200
0.033564 15.936500
0.034097 10.260300
0.034630 22.817700
0.035162 7.918360
0.035695 21.167200
0.036228 35.710600
0.036761 5.428600
0.037294 28.994600
0.037826 25.806800
0.038359 18.691700
0.038892 33.440900
0.039425 30.511500
0.039957 80.053900
0.040490 48.735700
0.041023 25.833800
0.041556 11.439700
0.042088 25.607400
0.042621 39.669400
0.043154 3.221670
0.043687 53.130400
0.044219 1.788630
0.044752 10.403300
0.045285 19.369000
0.045818 29.503400
0.046351 13.504500
0.046883 8.871150
0.048482 8.324900
0.049014 3.633460
0.049547 19.946800
0.050080 96.534300
0.050613 4.322980
0.051145 32.345900
0.051678 59.197300
0.052211 38.354400
0.052744 17.725100
0.053277 47.499700
0.053809 8.036860
0.054342 67.417800
0.054875 14.771500
0.055408 9.692720
0.055940 38.662600
0.056473 49.381100
0.057006 40.616300
0.057539 28.408600
0.058071 17.609100
0.058604 27.043700
0.059137 8.475800
0.059670 42.266800
0.060202 24.042700
0.060735 58.145900
0.061268 1.685310
0.061801 8.834290
0.062334 23.609700
0.062866 32.002500
0.063399 6.092600
0.063932 7.296450
0.064465 14.184700
0.064997 8.182920
0.065530 44.856500
0.066063 5.595230
0.066596 14.368300
0.067128 21.723600
0.067661 6.027040
0.068194 22.647500
0.068727 13.325900
0.069259 23.708400
0.069792 9.659490
0.070325 21.633400
0.070858 7.449570
0.071391 46.522400
0.071923 2.955500
0.072456 11.901600
0.072989 52.897600
0.073522 65.896700
0.074054 15.480800
0.074587 2.971330
0.075120 10.538900
0.075653 49.261900
0.076185 7.994340
0.076718 11.657400
0.077251 31.769400
0.077784 11.453300
0.078316 37.474100
0.078849 60.242200
0.079382 4.802880
0.079915 9.907170
0.080448 8.517170
0.080980 5.735690
0.081513 45.854000
0.082046 27.060100
0.082579 22.153400
0.083111 51.633500
0.083644 37.331700
0.084177 44.679800
0.084710 61.566000
0.085242 31.172600
0.085775 10.135900
0.086308 50.748300
0.086841 3.900210
0.087373 14.551700
0.087906 28.562600
0.088439 9.409160
0.088972 19.615100
0.089505 10.427400
0.090037 24.486600
0.090570 16.647100
0.091103 19.458800
0.091636 8.224060
0.092168 28.714800
0.092701 7.645570
0.093234 38.584000
0.093767 9.045140
0.094299 20.099600
0.094832 36.584400
0.095365 7.470940
0.095898 7.423820
0.096430 7.241250
0.096963 20.505500
0.097496 17.579800
0.098029 27.325100
0.098562 53.947900
0.099094 31.557200
0.108684 59.483000
0.109217 9.820380
0.109750 49.241800
0.110282 6.738090
0.110815 2.664300
0.111348 6.127600
0.111881 43.888100
0.112413 17.345500
0.112946 22.055200
0.113479 40.816300
0.114012 6.465620
0.114544 14.209700
0.115077 8.196570
0.115610 9.780500
0.116143 29.071700
0.116676 24.764600
0.117208 6.610500
0.117741 37.591700
0.118274 34.158700
0.118807 11.147900
0.119339 34.050400
0.119872 12.346200
0.120405 13.266600
0.120938 11.670900
0.121470 6.640350
0.122003 8.155720
0.122536 35.058500
0.123069 4.604410
0.131593 9.691900
0.132126 9.650870
0.132658 35.309000
0.133191 19.767100
0.133724 22.660000
0.134257 60.863300
0.134790 6.663990
0.135322 39.920400
0.135855 5.396750
0.136388 76.294200
0.136921 41.345500
0.137453 5.064980
0.137986 35.538400
0.138519 12.527600
0.139052 61.630200
0.139584 6.771860
0.140117 61.577200
0.140650 5.292050
0.141183 36.506600
0.141716 18.615600
0.142248 28.936600
0.142781 8.830480
0.143314 39.516100
0.143847 38.559100
0.144379 5.838570
0.144912 55.656900
0.145445 14.406400
0.145978 51.476400
0.146510 5.703050
0.147043 20.809600
0.147576 7.578870
0.148109 19.749700
0.148641 7.783790
0.149174 16.819700
0.149707 5.408600
0.150240 86.863000
0.150773 29.011300
0.151305 19.843500
0.151838 22.777100
0.152371 51.305400
0.152904 53.023500
0.153436 48.869600
0.153969 1.781360
0.154502 49.500300
0.155035 9.620800
0.155567 73.925100
0.156100 6.225570
0.156633 66.820300
0.157166 19.429200
0.157698 23.775200
0.158231 21.627400
0.158764 31.392500
0.159297 52.473600
0.159830 9.805800
0.160362 6.418950
0.160895 1.973500
0.161428 11.343000
0.161961 12.785500
0.162493 31.138800
0.163026 3.981240
0.164624 9.958660
0.165157 34.485500
0.165690 41.261900
0.166223 58.223300
0.166755 7.632180
0.167288 32.440200
0.167821 20.121400
0.168354 29.638000
0.168887 39.720000
0.169419 25.579000
0.169952 30.303500
0.170485 14.435500
0.171018 16.905500
0.171550 37.955800
0.172083 26.204800
0.172616 8.073940
0.173149 23.003800
0.173681 25.469900
0.174214 55.000800
0.174747 5.179940
0.175280 14.337200
0.175812 29.916400
0.176345 23.836700
0.176878 68.006100
0.177411 3.536600
0.177944 23.154800
0.178476 4.960130
0.179009 38.206200
0.179542 30.603900
0.180075 36.300400
0.180607 39.522200
0.181140 17.538500
0.181673 33.013700
0.182206 8.006070
0.182738 23.565000
0.183271 13.506300
0.183804 23.127500
0.184337 13.511000
0.184869 42.516700
0.185402 22.729300
0.185935 49.907100
0.186468 4.825530
0.187001 66.151600
0.187533 84.895700
0.188066 9.818910
0.188599 20.437600
0.189132 35.635400
0.189664 34.654100
0.190197 38.724700
0.190730 9.803860
0.191263 66.053000
0.191795 9.847480
0.192328 64.581200
0.192861 34.168300
0.193394 14.948200
0.193926 9.930280
0.194459 28.481600
0.194992 7.771520
0.195525 22.128900
0.196058 27.717000
0.196590 3.869940
0.197123 60.247100
0.197656 4.142550
0.198189 31.952800
0.198721 21.596700
0.199254 18.693600
0.199787 4.103620
0.200320 22.491300
0.200852 28.677200
0.201385 8.533200
0.201918 23.956300
0.202451 8.776500
0.202983 8.524050
0.203516 38.087300
0.204049 6.829010
0.204582 34.481100
0.205115 10.154100
0.205647 10.044100
0.206180 23.027000
0.206713 13.702500
0.207246 5.027310
0.207778 33.490000
0.208311 13.146300
0.208844 48.763200
0.209377 8.329210
0.209909 6.226170
0.210442 6.288800
0.210975 22.303400
0.211508 2.257260
0.212040 32.615800
0.212573 50.414600
0.213106 5.003490
0.213639 8.736750
0.214172 16.867900
0.214704 28.260900
0.215237 55.461300
0.215770 7.652380
0.216303 6.766320
0.216835 20.340700
0.217368 18.208500
0.217901 7.561190
0.218434 9.455430
0.218966 43.899600
0.219499 15.882300
0.220032 15.477500
0.220565 9.731490
0.221097 6.072720
0.221630 22.152200
0.222163 7.161920
0.222696 12.750500
0.223229 3.842100
0.223761 78.969700
0.224294 11.245000
0.224827 8.803820
0.225360 36.513100
0.225892 6.918560
0.226425 70.978300
0.226958 24.416000
0.227491 25.168300
0.228023 35.476300
0.228556 27.064800
0.229089 43.173000
0.229622 58.604600
0.230155 21.262100
0.230687 6.507670
0.231220 36.154800
0.231753 15.846100
0.232286 15.403600
0.232818 19.104200
0.233351 64.164700
0.233884 19.919000
0.234417 27.008900
0.234949 56.205200
0.235482 32.933300
0.236015 76.175500
0.236548 4.023950
0.237080 45.478000
0.237613 7.453160
0.238146 53.537200
0.238679 25.674100
0.239212 16.132400
0.239744 32.545700
0.240277 1.776810
0.240810 31.496300
0.241343 13.136500
0.241875 5.688230
0.242408 3.046020
0.242941 11.808700
0.243474 4.489640
0.244006 5.817240
0.244539 25.546100
0.245072 15.007200
0.245605 1.316680
0.246137 46.918400
0.246670 69.991300
0.247203 3.739580
0.247736 27.669900
0.248269 13.632400
0.248801 4.530440
0.249334 10.741800
0.249867 55.430200
0.250400 23.303800
0.250932 1.784970
0.251465 23.163300
0.251998 22.890900
0.252531 14.196800
0.253063 22.447900
0.253596 21.084400
0.254129 23.711300
0.254662 17.454100
0.255194 26.784800
0.255727 12.365200
0.256260 32.425300
0.256793 4.663950
0.257326 1.852790
0.257858 8.817590
0.258391 63.865700
0.258924 5.369620
0.259457 21.330200
0.259989 52.234100
0.260522 23.142600
0.261055 56.599000
0.261588 41.524100
0.262120 14.103900
0.262653 9.762780
0.263186 33.658700
0.263719 8.964130
0.264251 6.636240
0.264784 2.581070
0.265317 17.935400
0.265850 4.754010
0.266383 57.081300
0.266915 18.618200
0.267448 41.066600
0.267981 23.578300
0.268514 10.687000
0.269046 19.506600
0.269579 14.989300
0.270112 5.536680
0.270645 32.296700
0.271177 22.615000
0.271710 7.222790
0.272243 5.078760
0.272776 26.367600
0.273308 52.132400
0.273841 9.840340
0.274374 18.008500
0.274907 4.340080
0.275440 10.796900
0.275972 6.116600
0.276505 11.196500
0.277038 49.219100
0.277571 22.092500
0.278103 47.331600
0.278636 25.079100
0.279169 69.818100
0.279702 17.966500
0.280234 7.629410
0.280767 6.188530
0.281300 3.595170
0.281833 10.687900
0.282365 55.149500
0.282898 16.029000
0.283431 69.220400
0.283964 5.592030
0.284497 42.249600
0.285029 52.466600
0.285562 25.010700
0.286095 24.928500
0.286628 14.504900
0.287160 8.876250
0.287693 52.214600
0.288226 14.919100
0.288759 22.210700
0.289291 34.288300
0.289824 12.621200
0.290357 20.840200
0.290890 12.539500
0.291422 8.667150
0.291955 17.754200
0.292488 8.937850
0.293021 31.311100
0.293554 9.050640
0.294086 11.363400
0.294619 6.899450
0.295152 6.589480
0.295685 28.526800
0.296217 12.128900
0.296750 91.517500
0.297283 46.320200
0.297816 67.121200
0.298348 13.078800
0.298881 30.636300
0.299414 5.780090
0.299947 25.441100
0.300479 10.727700
0.301012 16.752800
0.301545 68.525000
0.302078 11.652800
0.302611 33.219700
0.303143 15.646300
0.303676 3.798570
0.304209 10.359000
0.304742 74.742800
0.305274 21.402100
0.306873 11.312900
0.307405 37.737300
0.307938 49.899500
0.308471 3.071650
0.309004 14.987600
0.309536 28.698400
0.310069 3.097470
0.310602 69.952700
0.311135 7.340720
0.311668 79.823900
0.312200 13.928400
0.312733 11.954900
0.313266 31.932100
0.313799 12.282300
0.314331 5.426080
0.314864 50.404300
0.315397 14.459600
0.315930 60.715800
0.316462 16.512500
0.316995 56.827800
0.317528 77.701800
0.318061 48.897300
0.318594 12.056000
0.319126 3.549700
0.319659 35.281000
0.320192 34.215200
0.320725 15.402200
0.321257 31.338900
0.321790 23.345700
0.322323 7.854890
0.322856 9.689400
0.323388 38.471900
0.323921 35.906900
0.324454 45.883800
0.324987 48.385500
0.325519 18.226800
0.326052 19.247500
0.326585 28.324800
0.327118 9.598570
0.327651 13.370600
0.328183 4.594620
0.328716 36.700100
0.329249 6.524980
0.329782 32.056500
0.330314 49.325100
0.330847 44.023200
0.331380 21.580000
0.331913 33.562600
0.332445 16.461400
0.332978 51.345800
0.333511 7.147320
0.334044 21.704900
0.334576 9.779990
0.335109 45.546700
0.335642 61.041000
0.336175 38.708900
0.336708 23.226200
0.337240 7.476160
0.337773 15.170100
0.338306 8.988980
0.338839 7.624450
0.339371 24.061700
0.339904 8.574740
0.340437 8.608740
0.340970 47.941700
0.341502 1.769060
0.342035 29.711200
0.342568 4.495040
0.343101 29.270800
0.343633 20.543200
0.344166 6.387970
0.344699 8.633470
0.345232 31.000100
0.345765 60.762500
0.346297 5.012170
0.346830 16.986900
0.347363 24.675100
0.347896 18.470000
0.348428 16.731500
0.348961 9.478700
0.349494 28.165600
0.350027 6.879890
0.350559 54.615100
0.351092 4.526890
0.351625 6.320110
0.352158 33.028600
0.352690 13.255300
0.353223 7.524490
0.353756 8.933650
0.354289 23.792900
0.354822 19.517700
0.355354 17.393100
0.355887 54.315000
0.356420 1.793850
0.356953 5.609360
0.357485 1.970800
0.358018 44.788200
0.358551 38.176700
0.359084 7.936450
0.359616 4.368460
0.360149 10.909500
0.360682 8.041930
0.361215 43.767800
0.361747 24.712600
0.362280 46.288600
0.362813 12.597500
0.363346 33.914900
0.363879 61.957100
0.364411 1.975690
0.364944 16.030000
0.365477 6.492470
0.366010 7.940340
0.366542 38.754100
0.367075 28.680500
0.367608 15.283700
0.368141 33.118400
0.368673 38.996900
0.369206 4.429150
0.369739 82.057600
0.370272 11.135200
0.370804 7.093930
0.371337 56.435600
0.371870 9.738000
0.372403 10.297300
0.372936 15.196600
0.373468 15.122900
0.374001 24.547300
0.374534 8.034100
0.375067 8.922160
0.375599 9.169420
0.376132 55.284800
0.376665 19.938700
0.377198 43.716900
0.377730 10.333800
0.378263 33.213900
0.378796 76.455900
0.379329 26.372300
0.379861 7.573550
0.380394 48.029800
0.380927 18.021400
0.381460 43.587500
0.381993 10.786300
0.382525 9.895780
0.383058 22.322700
0.383591 8.691550
0.384124 43.918500
0.384656 8.295810
0.385189 20.814700
0.385722 46.245500
0.386255 84.266900
0.386787 34.208700
0.387320 17.865300
0.387853 7.168900
0.388386 6.330580
0.388918 5.117980
0.389451 32.875000
0.389984 48.491400
0.390517 58.021400
0.391050 8.756370
0.391582 8.948030
0.392115 23.103300
0.392648 4.931780
0.393181 32.811800
0.393713 28.372200
0.394246 93.117600
0.394779 1.809890
0.395312 21.190200
0.395844 13.875700
0.396377 4.503340
0.396910 48.135300
0.397443 5.673700
0.397975 29.013400
0.398508 29.838800
0.399041 68.293200
0.399574 8.610190
0.400107 2.804290
0.401172 37.366400
0.401705 42.783700
0.402238 22.396400
0.402770 39.398000
0.403303 34.478600
0.403836 18.067500
0.404369 21.047400
0.404901 11.430900
0.405434 8.324780
0.405967 9.934120
0.406500 38.486400
0.407032 3.806810
0.407565 29.306700
0.408098 60.310700
0.408631 45.344400
0.409164 43.281700
0.409696 17.379900
0.410229 38.365500
0.410762 18.967200
0.411295 7.614210
0.411827 20.302500
0.412360 14.230600
0.412893 19.227800
0.413426 22.630300
0.413958 13.906700
0.414491 5.712070
0.415024 7.489610
0.415557 13.399800
0.416090 51.059300
0.416622 7.897960
0.417155 23.075200
0.417688 80.932200
0.418221 33.708300
0.418753 85.052800
0.419286 17.320800
0.419819 6.075860
0.420352 37.488800
0.420884 21.580300
0.421417 18.405600
0.421950 15.900900
0.422483 26.245200
0.423015 15.291800
0.423548 17.361100
0.424081 38.703800
0.424614 31.461800
0.425147 18.938000
0.425679 29.769500
0.426212 57.203600
0.426745 39.939400
0.427278 19.108200
0.427810 18.729000
0.428343 5.320190
0.428876 29.568100
0.429409 17.996500
0.429941 14.655700
0.430474 16.598900
0.431007 5.701370
0.431540 50.547500
0.432072 37.434500
0.432605 11.061500
0.433138 16.830400
0.433671 41.593500
0.434204 23.673000
0.434736 13.647800
0.435269 5.010810
0.435802 68.686100
0.436335 5.939610
0.436867 52.564800
0.437400 4.790130
0.437933 26.394400
0.438466 4.052720
0.438998 11.320200
0.439531 17.939000
0.440064 14.180200
0.440597 4.425400
0.441129 8.407580
0.441662 59.333900
0.442195 85.478100
0.442728 26.215800
0.443261 22.258500
0.443793 6.489760
0.444326 9.955420
0.444859 12.463700
0.445392 32.261500
0.445924 4.169200
0.446457 8.001140
0.446990 55.059100
0.447523 19.766800
0.448055 15.951000
0.448588 20.524500
0.449121 15.393000
0.449654 34.943500
0.450186 34.723100
0.450719 72.423700
0.451252 36.752300
0.451785 14.570500
0.452318 3.035230
0.452850 66.163700
0.453383 6.265510
0.453916 18.091800
0.454449 23.155200
0.454981 23.623900
0.455514 31.116600
0.456047 63.539400
0.456580 5.617940
0.457112 9.945950
0.457645 42.099100
0.458711 9.509200
0.459243 85.140800
0.459776 15.142200
0.460309 5.818220
0.460842 23.931300
0.461375 9.686180
0.461907 50.797800
0.462440 23.712800
0.462973 16.876700
0.463506 22.557500
0.464038 27.288200
0.464571 41.977100
0.465104 40.859900
0.465637 5.715400
0.466169 61.979000
0.466702 5.218140
0.467235 16.953500
0.467768 24.240900
0.468300 8.109600
0.468833 10.403800
0.469366 36.387900
0.469899 3.813200
0.470432 29.852000
0.470964 7.143350
0.471497 61.439700
0.472030 6.141590
0.472563 1.643520
0.473095 21.779100
0.473628 2.785870
0.474161 6.883020
0.474694 9.135380
0.475226 71.705500
0.475759 20.877700
0.476292 39.484100
0.476825 48.583300
0.477357 94.969100
0.477890 39.991100
0.478423 35.788300
0.478956 62.100300
0.479489 26.781100
0.480021 16.734900
0.480554 11.070100
0.481087 14.223000
0.481620 9.566120
0.482152 73.789800
0.482685 8.342550
0.483218 33.976600
0.483751 4.281060
0.484283 52.468200
0.484816 28.513800
0.485349 41.415100
0.485882 7.094720
0.486414 2.302000
0.486947 13.180900
0.487480 55.390900
0.488013 7.539480
0.488546 14.536600
0.489078 6.240870
0.489611 27.340400
0.490144 8.033870
0.490677 55.972300
0.491209 69.596700
0.491742 22.363900
0.492275 8.167750
0.492808 2.699010
0.493340 11.783900
0.493873 28.138700
0.494406 6.904080
0.494939 34.356800
0.495471 16.617900
0.496004 9.267330
0.496537 4.342820
0.497070 54.932200
0.497603 23.334900
0.498135 11.060000
0.498668 33.684800
0.499201 12.909400
0.499734 16.341000
0.500266 55.721000
0.500799 4.824180
0.501332 4.016000
0.501865 30.395600
0.502397 12.636600
0.502930 32.838600
0.503463 2.180870
0.503996 27.378300
0.504529 5.870230
0.505061 14.799000
0.505594 16.856000
0.506127 24.601000
0.506660 12.207300
0.507192 6.127530
0.507725 18.080600
0.508258 40.343600
0.508791 7.166930
0.509323 17.827000
0.509856 7.401200
0.510389 24.413500
0.510922 4.594060
0.511454 13.909100
0.511987 8.493760
0.512520 25.681600
0.513053 37.582600
0.513586 5.958370
0.514118 36.395800
0.514651 28.872400
0.515184 23.475000
0.515717 24.158800
0.516249 10.284100
0.516782 2.179700
0.517315 24.290300
0.517848 13.029700
0.518380 6.743830
0.518913 9.619330
0.519446 31.460300
0.519979 11.476100
0.520511 67.991100
0.521044 27.838300
0.521577 52.570300
0.522110 18.213200
0.522643 5.354420
0.523175 15.088800
0.523708 21.412000
0.524241 7.581540
0.524774 68.879400
0.525306 6.694900
0.525839 8.988170
0.526372 8.288910
0.526905 10.007400
0.527437 9.710740
0.527970 7.673550
0.528503 4.965400
0.529036 1.378170
0.529568 23.613100
0.530101 27.121600
0.530634 26.621500
0.531167 26.140800
0.531700 22.320700
0.532232 5.665020
0.532765 7.049290
0.533298 33.565700
0.533831 24.831600
0.534363 8.272600
0.534896 12.671100
0.535429 49.882100
0.535962 10.308500
0.536494 22.616200
0.537027 18.074800
0.537560 59.556600
0.538093 52.893700
0.538625 16.035900
0.539158 42.633400
0.539691 2.755230
0.540224 72.038400
0.540757 23.268700
0.541289 30.728700
0.541822 21.739400
0.542355 7.053430
0.542888 13.277600
0.543420 7.140920
0.543953 8.706940
0.544486 5.014710
0.545019 63.889000
0.545551 1.731250
0.546084 4.321880
0.546617 13.271800
0.547150 37.286700
0.547682 18.747900
0.548215 5.508360
0.548748 13.102000
0.549281 59.268600
0.549814 16.433800
0.550346 11.039700
0.550879 23.006500
0.551412 6.050980
0.551945 22.690100
0.552477 9.202180
0.553010 10.077100
0.553543 20.707000
0.554076 20.929100
0.554608 5.777830
0.555141 6.167430
0.555674 55.883000
0.556207 8.617250
0.556739 24.299200
0.557272 25.472800
0.557805 47.687000
0.558338 11.060800
0.558871 10.262200
0.559403 44.932700
0.559936 22.146200
0.560469 62.374300
0.561002 6.456490
0.561534 3.126870
0.562067 33.395800
0.562600 2.211580
0.563133 17.471200
0.563665 29.467100
0.564198 33.552300
0.564731 11.109300
0.565264 13.031700
0.565796 22.273400
0.566329 10.062400
0.566862 21.935300
0.567395 29.465100
0.567928 17.697500
0.568460 44.865300
0.568993 7.145380
0.569526 58.007000
0.570059 36.266400
0.570591 29.224100
0.571124 15.739600
0.571657 16.392700
0.572190 59.871300
0.572722 7.351750
0.573255 6.387330
0.573788 7.430050
0.574321 11.533300
0.574853 13.119500
0.575386 7.663230
0.575919 21.505700
0.576452 36.639600
0.576985 25.298000
0.577517 14.833800
0.578050 58.043700
0.578583 10.563600
0.579116 14.066900
0.579648 34.759700
0.580181 22.561300
0.580714 28.776000
0.581247 85.848200
0.581779 25.747800
0.582312 28.608800
0.582845 3.412540
0.583378 44.177300
0.583910 5.144920
0.584443 47.796700
0.584976 49.645900
0.585509 17.393500
0.586042 21.511800
0.586574 35.898700
0.587107 25.581700
0.587640 34.823900
0.588173 27.406900
0.588705 7.386310
0.589238 2.927270
0.589771 27.115500
0.590304 18.890400
0.590836 9.367290
0.591369 1.804530
0.591902 13.245500
0.592435 18.057500
0.592968 29.272300
0.593500 23.714700
0.594033 25.864100
0.594566 10.848700
0.595099 14.933200
0.595631 18.221400
0.596164 17.787300
0.596697 14.918000
0.597230 40.610700
0.597762 16.903000
0.598295 8.836140
0.598828 11.031200
0.599361 4.705010
0.599893 20.944600
0.600426 64.345600
0.600959 68.712800
0.601492 18.762600
0.602025 9.815490
0.602557 9.651080
0.603090 8.735640
0.603623 17.622000
0.604156 34.094700
0.604688 38.413600
0.605221 8.946570
0.605754 26.895900
0.606287 2.651590
0.606819 29.196700
0.607352 22.315000
0.607885 34.103400
0.608418 8.041270
0.608950 98.014000
0.609483 35.359700
0.610016 25.176000
0.610549 69.529000
0.611082 4.484950
0.611614 14.973400
0.612147 20.684500
0.612680 26.063200
0.613213 72.006200
0.613745 6.967990
0.614278 32.479200
0.614811 36.245100
0.615344 22.337500
0.615876 9.561780
0.616409 14.159500
0.616942 42.662000
0.617475 31.577100
0.618007 22.011200
0.618540 34.471200
0.619073 55.808500
0.619606 30.995400
0.620139 6.987530
0.620671 10.576100
0.621204 7.152110
0.621737 2.827760
0.622270 21.037800
0.622802 44.413300
0.623335 7.995450
0.623868 10.629300
0.624401 5.737620
0.624933 49.045100
0.625466 44.800300
0.625999 35.404600
0.626532 54.968000
0.627064 13.436500
0.627597 25.701900
0.628130 6.075400
0.628663 62.327600
0.629196 76.682700
0.629728 34.323000
0.630261 3.333460
0.630794 8.592020
0.631327 6.836850
0.631859 25.787800
0.632392 50.799600
0.632925 8.546590
0.633458 41.069600
0.633990 5.594560
0.634523 35.261600
0.635056 9.251650
0.635589 63.732000
0.636121 16.815300
0.636654 9.410010
0.637187 12.224800
0.637720 6.482680
0.638253 47.889300
0.638785 8.427550
0.639318 24.342800
0.639851 17.535400
0.640384 17.027100
0.640916 1.661640
0.641449 45.035000
0.641982 9.316810
0.642515 5.265830
0.643047 11.034900
0.643580 35.041700
0.644113 12.917100
0.644646 8.491130
0.645178 23.061400
0.645711 9.414980
0.646244 34.712700
0.646777 14.210200
0.647310 5.202670
0.647842 17.112200
0.648375 33.082900
0.648908 16.737100
0.649441 91.355600
0.649973 32.672000
0.650506 11.035300
0.651039 1.692720
0.651572 24.593900
0.652104 22.551700
0.652637 41.495400
0.653170 33.408200
0.653703 5.672640
0.654235 7.494230
0.654768 30.506700
0.655301 20.793700
0.655834 7.211970
0.656367 10.559100
0.656899 10.867600
0.657432 15.193200
0.657965 15.462500
0.658498 69.749800
0.659030 23.200500
0.659563 6.515260
0.660096 32.267400
0.660629 6.621770
0.661161 6.826900
0.661694 36.601500
0.662227 8.051770
0.662760 34.380300
0.663292 5.705640
0.663825 36.922900
0.664358 5.838350
0.664891 7.028720
0.665424 47.179400
0.665956 2.630480
0.667022 17.452900
0.667555 48.134500
0.668087 11.048500
0.668620 10.109300
0.669153 10.842000
0.669686 45.414600
0.670218 32.569900
0.670751 18.145700
0.671284 22.177300
0.671817 11.533100
0.672349 5.450600
0.672882 35.359500
0.673415 9.853080
0.673948 13.764400
0.674481 23.659200
0.675013 44.906900
0.675546 3.985210
0.676079 32.438000
0.676612 6.247780
0.677144 11.077600
0.677677 5.897140
0.678210 73.211500
0.678743 22.943100
0.679275 12.418900
0.679808 10.920600
0.680341 3.674200
0.680874 35.092300
0.681406 15.801300
0.681939 14.587100
0.682472 38.611600
0.683005 39.381200
0.683538 27.120200
0.684070 19.023300
0.684603 37.552800
0.685136 27.399300
0.685669 33.935100
0.686201 3.423950
0.686734 47.061500
0.687267 9.471950
0.687800 19.902500
0.688332 12.952000
0.688865 23.812200
0.689398 38.294100
0.689931 61.569900
0.690464 4.932330
0.690996 9.777520
0.691529 9.033030
0.692062 11.180200
0.692595 21.493600
0.693127 69.200400
0.693660 35.097200
0.694193 13.750300
0.694726 6.883560
0.695258 6.246330
0.695791 21.371000
0.696324 19.558600
0.696857 47.909200
0.697389 17.483600
0.697922 7.696640
0.698455 16.136300
0.698988 14.222300
0.699521 13.374300
0.700053 6.266520
0.700586 18.997300
0.701119 19.207200
0.701652 48.799000
0.702184 13.284300
0.702717 9.590580
0.703250 1.638330
0.703783 5.679880
0.704315 7.432670
0.704848 24.435400
0.705381 24.895500
0.705914 71.188700
0.706446 53.526700
0.706979 33.953900
0.707512 7.551710
0.708045 8.004930
0.708578 9.967980
0.709110 11.588400
0.709643 18.150000
0.710176 16.677900
0.710709 9.155050
0.711241 16.645800
0.711774 30.373900
0.712307 31.355400
0.712840 20.251900
0.713372 50.976200
0.713905 7.400140
0.714438 20.051900
0.714971 63.928400
0.715503 13.799900
0.716036 53.885200
0.716569 9.489740
0.717102 48.931200
0.717635 3.773300
0.718167 17.458200
0.718700 9.107800
0.719233 9.515850
0.719766 29.376100
0.720298 24.800400
0.720831 15.450100
0.721364 43.020400
0.721897 20.326900
0.722429 6.597640
0.722962 44.936900
0.723495 26.285500
0.724028 5.999480
0.724560 6.471410
0.725093 18.662300
0.725626 23.223200
0.726159 6.270320
0.726692 48.840400
0.727224 8.348340
0.727757 15.971100
0.728290 15.445200
0.728823 8.084360
0.729355 48.525400
0.729888 9.221510
0.730421 17.558900
0.730954 44.044600
0.731486 58.749700
0.732019 4.979980
0.732552 14.465700
0.733085 14.202800
0.733617 39.067500
0.734150 12.258400
0.734683 39.717500
0.735216 23.501800
0.735749 15.659900
0.736281 12.565800
0.736814 39.933300
0.737347 9.313890
0.737880 16.316700
0.738412 1.353570
0.738945 9.119130
0.739478 45.873000
0.740011 8.801660
0.740543 8.488650
0.741076 17.612500
0.741609 4.686450
0.742142 24.075700
0.742674 18.487100
0.743207 22.769800
0.743740 14.760100
0.744273 24.793100
0.744806 34.018500
0.745338 21.379400
0.745871 24.984700
0.746404 27.951100
0.746937 25.353800
0.747469 26.969200
0.748002 14.652200
0.748535 41.704900
0.749068 41.829300
0.749600 52.769500
0.750133 69.305300
0.750666 4.336730
0.751199 9.902200
0.751731 47.342800
0.752264 10.647600
0.752797 6.305040
0.753330 7.342230
0.753863 12.853400
0.754395 11.208200
0.754928 44.358400
0.755461 41.942200
0.755994 62.489900
0.756526 6.604980
0.757059 19.194700
0.757592 12.695800
0.758125 26.704800
0.758657 13.762200
0.759190 23.117300
0.759723 27.377500
0.760256 8.284900
0.760788 9.218100
0.761321 26.707100
0.761854 27.481300
0.762387 10.323700
0.762920 28.129800
0.763452 54.082700
0.763985 54.977500
0.764518 38.607300
0.765051 45.379300
0.765583 7.129350
0.766116 7.574520
0.766649 31.797300
0.767182 13.677900
0.767714 40.089100
0.768247 4.026550
0.768780 12.520000
0.769313 20.921900
0.769845 3.644250
0.770378 25.674300
0.770911 10.895600
0.771444 59.181500
0.771977 9.995340
0.772509 12.130300
0.773042 8.227070
0.773575 27.408800
0.774108 29.159700
0.774640 41.146100
0.775173 19.950700
0.775706 20.233900
0.776239 25.388100
0.776771 10.479700
0.777304 8.167460
0.777837 9.184160
0.778370 29.036100
0.778903 34.955200
0.779435 16.721500
0.779968 8.846920
0.780501 67.018700
0.781034 8.089730
0.781566 19.415800
0.782099 30.469900
0.782632 3.996180
0.783165 15.579500
0.783697 8.391100
0.784230 50.593100
0.784763 6.601400
0.785296 52.923900
0.785828 16.331600
0.786361 11.546700
0.786894 7.594020
0.787427 12.604500
0.787960 10.855500
0.788492 60.286300
0.789025 6.830790
0.789558 5.881830
0.790091 10.542000
0.790623 36.475200
0.791156 9.589220
0.791689 52.557500
0.792222 79.987900
0.792754 26.878500
0.793287 29.434000
0.793820 65.318700
0.794353 13.480400
0.794885 61.065800
0.795418 3.764010
0.795951 5.485090
0.796484 38.686000
0.797017 76.904300
0.797549 10.045000
0.798082 9.890340
0.798615 9.652790
0.799148 6.010670
0.799680 5.708950
0.800213 65.403600
0.800746 16.783200
0.801279 11.001300
0.801811 6.195060
0.802344 33.791900
0.802877 37.690600
0.803410 13.096000
0.803942 7.908540
0.804475 53.658800
0.805008 26.717500
0.805541 7.120040
0.806074 8.683290
0.806606 6.942640
0.807139 41.809500
0.807672 72.327800
0.808205 7.096530
0.808737 11.444200
0.809270 16.076600
0.809803 23.822700
0.810336 13.943100
0.810868 2.199540
0.811401 11.514300
0.811934 80.051100
0.812467 63.828600
0.812999 14.027100
0.813532 2.710850
0.814065 15.908400
0.814598 5.343030
0.815131 26.288200
0.815663 21.095400
0.816196 73.327600
0.816729 9.694970
0.817262 66.924000
0.817794 21.282100
0.818327 42.140500
0.818860 9.275670
0.819393 17.039600
0.819925 47.964700
0.820458 9.353070
0.820991 4.863810
0.821524 5.410580
0.822056 20.410600
0.822589 24.213000
0.823122 27.376000
0.823655 3.261860
0.824188 10.282800
0.824720 10.293200
0.825253 10.255700
0.825786 17.254600
0.826319 11.428500
0.826851 18.537500
0.827384 46.015400
0.827917 7.057260
0.828450 7.264540
0.828982 17.815700
0.829515 12.128700
0.830048 62.224500
0.830581 16.826400
0.831113 23.274800
0.831646 20.899500
0.832179 22.783400
0.832712 8.883580
0.833245 9.895190
0.833777 39.741900
0.834310 20.295300
0.834843 44.291800
0.835376 5.482340
0.835908 7.162670
0.836441 29.352300
0.836974 11.549300
0.837507 6.714960
0.838039 6.541630
0.838572 9.384070
0.839105 14.839400
0.839638 33.705600
0.840170 2.323660
0.840703 11.161800
0.841236 11.456000
0.841769 58.603100
0.842302 7.948520
0.842834 7.981210
0.843367 49.208900
0.843900 23.078600
0.844433 21.926100
0.844965 21.142200
0.845498 4.089940
0.846031 10.026800
0.846564 7.612540
0.847096 5.471910
0.847629 12.313300
0.848162 8.118420
0.848695 11.496300
0.849227 14.125000
0.849760 23.488900
0.850293 4.989940
0.850826 27.147600
0.851359 7.777470
0.851891 4.726860
0.852424 4.331300
0.852957 37.416300
0.853490 23.435200
0.854022 65.457300
0.854555 59.993300
0.855088 8.117470
0.855621 8.222590
0.856153 51.650600
0.856686 1.766820
0.857219 26.644500
0.857752 6.545740
0.858284 10.708300
0.858817 14.965900
0.859350 6.923370
0.859883 16.259400
0.860416 14.136100
0.860948 7.490020
0.861481 50.541500
0.862014 6.359110
0.862547 81.552500
0.863079 30.694100
0.863612 16.126000
0.864145 16.098700
0.864678 18.740500
0.865210 39.557500
0.865743 24.679000
0.866276 8.331880
0.866809 20.050400
0.867342 26.746000
0.867874 16.124300
0.868407 19.464500
0.868940 57.103600
0.869473 19.666900
0.870005 8.552100
0.870538 18.267100
0.871071 70.094700
0.871604 26.989300
0.872136 19.802600
0.872669 9.955460
0.873202 1.655650
0.873735 27.079800
0.874267 7.951460
0.874800 11.670200
0.875333 32.068900
0.875866 54.469800
0.876399 67.988400
0.876931 23.661900
0.877464 54.048300
0.877997 39.547400
0.878530 19.902800
0.879062 63.224100
0.879595 47.604800
0.880128 75.880300
0.880661 5.474540
0.881193 51.553100
0.881726 60.694900
0.882259 16.606100
0.882792 9.576750
0.883324 37.996100
0.883857 19.324800
0.884390 40.029300
0.884923 35.113700
0.885456 28.457000
0.885988 39.046700
0.886521 26.843600
0.887054 44.145000
0.887587 58.287200
0.888119 50.921200
0.888652 22.206600
0.889185 27.008300
0.889718 37.548500
0.890250 28.755700
0.890783 21.616200
0.891316 8.336430
0.891849 41.041300
0.892381 15.295500
0.892914 5.656610
0.893447 9.605130
0.893980 33.027500
0.894513 25.624700
0.895045 24.975300
0.895578 36.687500
0.896111 36.038100
0.896644 82.018000
0.897176 53.708600
0.897709 41.199800
0.898242 35.802600
0.898775 3.306620
0.899307 15.277000
0.899840 3.002530
0.900373 5.968200
0.900906 22.805200
0.901438 62.213600
0.901971 70.095600
0.902504 6.221440
0.903037 5.863840
0.903570 54.437500
0.904102 20.898800
0.904635 14.236400
0.905168 61.354400
0.905701 8.740830
0.906233 43.680000
0.906766 62.424000
0.907299 8.166330
0.907832 2.228810
0.908364 20.782100
0.908897 35.544500
0.909430 50.657200
0.909963 8.211670
0.910495 10.776100
0.911028 5.330570
0.911561 58.505400
0.912094 67.489000
0.912627 11.208700
0.913159 32.158700
0.913692 6.401040
0.914225 22.061400
0.914758 13.547600
0.915290 48.824300
0.915823 36.470800
0.916356 30.618300
0.916889 6.414080
0.917421 8.896430
0.917954 70.114100
0.918487 14.819000
0.919020 23.882900
0.919552 49.714500
0.920085 36.019100
0.920618 23.060600
0.921151 52.880200
0.921684 66.455700
0.922216 12.841000
0.922749 13.538300
0.923282 58.620600
0.923815 10.203600
0.924347 2.742030
0.924880 9.408580
0.925413 17.345100
0.925946 10.330900
0.926478 20.679900
0.927011 14.385900
0.927544 31.952100
0.928077 18.152800
0.928609 16.227700
0.929142 20.788400
0.929675 73.637600
0.930208 6.620100
0.930741 14.531100
0.931273 19.550900
0.931806 41.198600
0.932339 8.791660
0.932872 84.064900
0.933404 16.207200
0.933937 45.652500
0.934470 4.246860
0.935003 27.434600
0.935535 9.418270
0.936068 13.045800
0.936601 3.702280
0.937134 6.747500
0.937666 21.195700
0.938199 39.942600
0.938732 26.771300
0.939265 47.293500
0.939798 7.749210
0.940330 34.245400
0.940863 16.016600
0.941396 31.777300
0.941929 19.215900
0.942461 31.008900
0.942994 40.940800
0.943527 11.525400
0.944060 27.835800
0.944592 8.145480
0.945125 8.153420
0.945658 38.818800
0.946191 42.133900
0.946723 26.659800
0.947256 9.220630
0.947789 3.584760
0.948322 34.944200
0.948855 11.333600
0.949387 3.034420
0.949920 7.283430
0.950453 9.735670
0.950986 19.782700
0.951518 33.750100
0.952051 71.976500
0.952584 32.493100
0.953117 17.655500
0.953649 71.861900
0.954182 13.251600
0.954715 9.634260
0.955248 3.388520
0.955781 67.427100
0.956313 13.835300
0.956846 7.301700
0.957379 30.148700
0.957912 62.129100
0.958444 7.022920
0.958977 7.798060
0.959510 52.295900
0.960043 7.688460
0.960575 9.734540
0.961108 27.396300
0.961641 19.546000
0.962174 14.245900
0.962706 6.207510
0.963239 26.731800
0.963772 40.651800
0.964305 21.609900
0.964838 36.942000
0.965370 10.944800
0.965903 17.569200
0.966436 7.588230
0.966969 48.696100
0.967501 24.324100
0.968034 45.020200
0.968567 24.692800
0.969100 34.904500
0.969632 13.424400
0.970165 31.008500
0.970698 10.146800
0.971231 3.967160
0.971763 4.746600
0.972296 9.843730
0.972829 19.053200
0.973362 27.891400
0.973895 16.170400
0.974427 41.341900
0.974960 9.439120
0.975493 37.525800
0.976026 31.516100
0.976558 20.517600
0.977091 7.855050
0.977624 16.105200
0.978157 5.417560
0.978689 21.804600
0.979222 29.881000
0.979755 24.059300
0.980288 21.661400
0.980820 9.866820
0.981353 6.413810
0.981886 5.747980
0.982419 9.200830
0.982952 9.985680
0.983484 39.322100
0.984017 8.040870
0.984550 18.956100
0.985083 36.222100
0.985615 18.859500
0.986148 68.875500
0.986681 69.155600
0.987214 13.431700
0.987746 28.887600
0.988279 19.509800
0.988812 12.687900
0.989345 26.708100
0.989877 34.358600
0.990410 20.248500
0.990943 9.575580
0.991476 1.784460
0.992009 8.057600
0.992541 47.590800
0.993074 6.681130
0.993607 51.901800
0.994140 25.908600
0.994672 31.326200
0.995205 20.476900
0.995738 38.917200
0.996271 9.860750
0.996803 16.380500
0.997336 23.493300
0.997869 7.560420
0.998402 18.555900
0.998934 10.613000
0.999467 14.595600
1.000000 7.847360
