0.000241 64.344100
0.000482 42.141000
0.000724 9.081330
0.000965 14.607300
0.001206 67.020200
0.001447 24.169100
0.001688 28.510300
0.001930 34.782500
0.002171 51.309200
0.002412 21.604600
0.002653 8.589070
0.002894 14.700400
0.003136 5.082150
0.003377 22.599600
0.003618 19.293600
0.003859 65.539900
0.004100 27.972400
0.004342 3.683030
0.004583 7.720170
0.004824 56.687000
0.005065 26.779100
0.005306 42.360800
0.005548 60.089000
0.005789 28.327900
0.006030 15.024900
0.006271 40.011900
0.006512 28.005000
0.006753 25.068300
0.006995 7.927600
0.007236 6.059870
0.007477 9.824750
0.007718 37.330700
0.007959 17.407800
0.008201 9.424160
0.008442 56.486600
0.008683 9.796910
0.008924 18.339300
0.010371 67.417800
0.010613 12.180800
0.010854 14.226200
0.011095 15.883900
0.011336 44.747300
0.011577 61.985700
0.011819 21.031900
0.012060 40.440400
0.012301 22.853700
0.012542 5.521070
0.012783 3.308620
0.013025 42.532100
0.013266 32.248100
0.013507 11.688300
0.013748 20.111400
0.013989 58.183000
0.014231 13.313400
0.014472 42.091500
0.014713 4.771750
0.014954 37.954900
0.015195 21.515500
0.015437 59.142400
0.015678 59.239900
0.015919 24.749100
0.016160 15.026700
0.016401 6.632590
0.016643 9.400230
0.016884 56.838600
0.017125 15.889500
0.017366 72.901500
0.017607 13.805400
0.017849 25.781400
0.018090 9.403330
0.027979 59.483000
0.028220 41.964600
0.030391 9.805800
0.030632 27.660800
0.030873 19.217500
0.031114 4.855310
0.031356 16.873300
0.031597 36.793200
0.031838 3.413670
0.035697 58.116000
0.035938 70.167500
0.036179 40.119900
0.036421 4.622750
0.036662 19.944900
0.036903 52.396600
0.037144 25.247100
0.037385 33.760500
0.051857 9.691900
0.052098 33.091800
0.052340 10.128700
0.052581 38.066400
0.052822 48.927200
0.053063 11.422800
0.053546 24.800800
0.053787 12.466100
0.054028 17.068100
0.054269 30.531500
0.054510 2.776410
0.054752 38.256300
0.054993 7.758320
0.055234 14.030500
0.055475 7.059540
0.055716 2.526160
0.055958 15.741600
0.056199 44.015900
0.056440 14.872900
0.056681 31.096200
0.058128 8.324900
0.058370 22.908600
0.058611 7.855310
0.058852 13.368900
0.073806 8.389800
0.074047 76.620900
0.074288 20.613300
0.074530 12.564400
0.074771 16.662500
0.075012 57.765900
0.075253 33.738400
0.075494 42.436400
0.075736 49.412000
0.075977 52.313900
0.076218 9.799100
0.076459 1.835490
0.076700 15.729600
0.076942 26.434100
0.077183 12.749700
0.077424 85.591300
0.077665 17.035300
0.077906 44.893800
0.078148 9.056630
0.078389 20.399300
0.078630 13.757000
0.078871 15.669300
0.079112 34.885900
0.079354 31.976500
0.079595 37.298900
0.079836 53.844900
0.080077 5.037440
0.080318 17.866500
0.081524 67.121200
0.081766 3.893110
0.082007 50.808100
0.082248 2.993090
0.082489 53.141800
0.082730 21.523900
0.082972 15.657400
0.083213 19.307900
0.086831 9.958660
0.087072 9.418090
0.087313 2.330360
0.087554 49.234700
0.087795 12.125400
0.088037 14.306400
0.088278 38.521600
0.088519 4.859260
0.088760 13.044400
0.089001 28.988000
0.089243 9.027720
0.089484 26.776700
0.089725 14.054300
0.089966 11.288800
0.090207 21.218100
0.090449 6.034210
0.090690 7.233020
0.090931 8.790920
0.091172 6.220020
0.091413 60.569000
0.091655 27.985700
0.091896 9.336110
0.092137 12.602500
0.092378 16.713900
0.092861 21.855000
0.093102 65.265500
0.093343 9.041040
0.093584 37.683700
0.094549 69.269400
0.094790 24.505300
0.095031 9.577110
0.095273 49.068100
0.095514 8.163280
0.095755 24.748000
0.095996 42.549200
0.096237 44.982000
0.096479 15.122600
0.096720 19.933400
0.096961 8.206370
0.097202 12.752000
0.097443 7.389040
0.097685 23.188300
0.097926 4.766770
0.098167 5.662180
0.098408 79.199100
0.098649 8.265030
0.098890 56.823600
0.099132 67.100300
0.099373 45.301500
0.099614 7.332640
0.099855 23.863300
0.100096 25.335100
0.100338 8.115570
0.100579 56.873000
0.100820 6.305480
0.101061 21.387100
0.101302 49.593700
0.101544 32.542000
0.101785 16.283300
0.102026 6.226920
0.102267 9.324720
0.103232 1.772950
0.103473 23.598000
0.103714 10.864300
0.103956 8.483310
0.104197 9.809010
0.104438 15.941300
0.104679 44.857700
0.104920 9.994080
0.105162 33.483200
0.105403 28.186300
0.105644 29.345600
0.105885 8.094150
0.106126 40.155100
0.106368 8.912050
0.106609 75.462600
0.106850 76.799800
0.107091 47.950700
0.107332 54.259500
0.107574 24.468000
0.107815 7.899690
0.108056 8.732890
0.108297 35.439000
0.108538 11.527700
0.108780 43.977100
0.109021 37.163800
0.109262 59.839600
0.109503 7.791620
0.109744 38.760200
0.109986 1.859670
0.110227 70.075300
0.110468 24.904800
0.110709 34.119400
0.111433 7.409500
0.111674 27.268700
0.111915 8.547170
0.112156 35.479900
0.112397 32.594200
0.112639 12.983900
0.112880 6.563160
0.113121 14.626900
0.113362 25.134400
0.113603 18.742800
0.113845 25.623800
0.114086 5.413150
0.114327 1.811600
0.114568 26.762000
0.114809 11.466800
0.115051 21.169300
0.115292 7.368880
0.115533 19.096400
0.115774 34.588200
0.116015 30.865500
0.116257 10.056800
0.116498 5.114910
0.116739 22.034900
0.116980 36.467000
0.117221 83.586600
0.117463 22.404600
0.117704 33.332600
0.117945 29.557800
0.118186 18.181500
0.118427 33.571700
0.118669 17.196900
0.118910 16.012100
0.119151 1.774440
0.119392 40.555200
0.119633 33.061600
0.119875 78.854300
0.120116 12.364800
0.120357 11.957200
0.120598 24.619800
0.120839 31.873800
0.121081 53.653800
0.121322 4.032450
0.121563 52.211200
0.121804 5.606470
0.122045 45.701500
0.122287 13.171800
0.122528 29.816300
0.122769 3.406240
0.123010 13.393400
0.123251 10.565400
0.123493 40.516000
0.123734 13.606000
0.123975 29.588300
0.124216 44.223600
0.124457 9.535690
0.124699 35.153900
0.124940 15.410200
0.125181 14.309100
0.125422 42.031600
0.125663 40.477800
0.125904 20.772900
0.126146 1.030580
0.126387 3.708020
0.126628 14.312200
0.126869 6.211930
0.127110 23.820700
0.127352 4.781110
0.127593 14.986200
0.127834 17.830500
0.128075 6.507350
0.128316 41.203400
0.128558 8.061470
0.128799 11.243700
0.129040 16.792000
0.129281 9.165530
0.129522 11.506200
0.129764 1.659770
0.130005 11.296700
0.130246 4.822610
0.130487 76.964400
0.130728 18.223100
0.130970 23.067400
0.131211 23.675700
0.131452 81.661000
0.131693 7.971520
0.131934 5.017960
0.132176 22.430900
0.132417 30.881100
0.132658 27.911100
0.132899 36.204300
0.133140 16.985700
0.133382 34.212900
0.133623 54.391900
0.133864 23.201300
0.134105 29.667200
0.134346 16.486100
0.134588 15.097900
0.134829 59.020700
0.135070 29.412300
0.135311 45.353500
0.135552 57.126700
0.135794 59.403400
0.136035 14.733500
0.136276 46.080400
0.136517 9.505110
0.136758 13.465400
0.137000 32.175800
0.137241 9.363720
0.137482 14.007300
0.137723 20.952700
0.137964 18.278800
0.138205 24.162400
0.138447 11.163100
0.138688 8.490290
0.138929 2.180860
0.139170 31.070300
0.139411 27.736100
0.139653 39.919600
0.139894 16.005300
0.140135 41.156600
0.140376 32.687300
0.140617 44.382200
0.140859 16.086800
0.141100 3.980520
0.141341 59.818200
0.141582 19.451900
0.141823 3.483800
0.142065 9.360670
0.142306 27.785600
0.142547 13.068400
0.142788 38.259100
0.143029 18.076500
0.143271 2.552750
0.143512 29.084900
0.143753 28.108000
0.143994 74.195500
0.144235 57.579100
0.144477 23.466200
0.144718 41.131000
0.144959 13.068100
0.145200 9.181570
0.145441 6.511480
0.145683 5.169650
0.145924 10.978200
0.146165 7.239870
0.146406 28.082100
0.146647 32.534400
0.146889 20.511800
0.147130 23.523700
0.147371 28.589100
0.147612 23.636000
0.147853 43.905400
0.148095 1.600730
0.148336 27.102500
0.148577 9.352250
0.148818 13.036100
0.149059 31.680000
0.149301 18.277500
0.149542 58.887200
0.149783 17.155100
0.150024 8.025800
0.150265 8.754140
0.150507 6.601260
0.150748 42.402400
0.150989 72.262600
0.151230 17.197500
0.151471 3.961050
0.151712 37.051400
0.151954 23.816500
0.152195 29.084300
0.152436 22.112800
0.152677 52.452600
0.152918 4.997510
0.153160 6.324530
0.153401 46.422900
0.153642 29.455500
0.153883 32.096700
0.154124 27.774200
0.154366 31.218900
0.154607 54.920300
0.154848 40.735000
0.155089 22.761000
0.155330 11.148200
0.155572 37.222400
0.155813 12.001600
0.156054 17.914500
0.156536 23.789100
0.156778 52.427400
0.157019 30.427800
0.157260 3.165270
0.158948 11.312900
0.159190 44.551300
0.159431 48.739700
0.159672 27.214100
0.159913 84.362200
0.160154 11.401500
0.160396 18.399200
0.160637 41.398500
0.160878 19.641800
0.161119 11.866100
0.161360 18.324800
0.161602 21.884100
0.161843 8.055440
0.162084 16.930500
0.162325 3.008720
0.162566 20.201300
0.162808 74.634200
0.163049 36.137600
0.163290 7.750420
0.163531 52.420600
0.163772 13.856800
0.164014 2.202580
0.164255 37.121800
0.164496 55.419300
0.164737 6.806930
0.164978 19.497100
0.165219 18.771100
0.165461 4.536410
0.165702 10.021100
0.165943 43.150300
0.166184 29.917400
0.166425 19.340300
0.166667 8.725280
0.166908 2.470670
0.167149 7.516030
0.167390 14.029000
0.167631 26.761000
0.167873 29.889500
0.168114 9.893970
0.168355 19.670500
0.168596 46.349000
0.168837 8.770770
0.169079 23.120400
0.169320 10.669200
0.169561 11.794300
0.169802 34.350300
0.170043 7.653500
0.170285 37.132400
0.170526 17.710200
0.170767 20.560800
0.171008 58.872600
0.171249 30.765400
0.171491 11.236500
0.171732 4.031640
0.171973 53.588100
0.172214 46.034100
0.172455 63.166700
0.172697 12.058700
0.172938 22.679400
0.173179 14.974500
0.173420 42.179700
0.173661 33.468800
0.173903 63.997700
0.174144 19.055200
0.174385 9.960980
0.174626 35.011400
0.174867 40.322500
0.175109 14.017100
0.175350 26.008100
0.175591 8.059390
0.175832 19.769800
0.176073 26.239600
0.176315 23.550600
0.176556 8.270470
0.176797 58.017500
0.177038 43.776000
0.177279 29.590800
0.177521 14.996200
0.177762 7.187000
0.178003 15.010700
0.178244 5.982120
0.178485 14.867300
0.178726 4.957390
0.178968 27.958300
0.179209 4.995510
0.179450 35.931200
0.179691 53.845200
0.179932 23.180600
0.180174 30.662700
0.180415 29.130200
0.180656 17.201900
0.180897 30.196300
0.181138 3.309460
0.181380 20.035000
0.181621 36.531100
0.181862 5.891370
0.182103 41.785400
0.182344 62.200200
0.182586 29.878700
0.182827 70.958500
0.183068 7.070510
0.183309 44.631600
0.183550 52.465700
0.183792 61.010400
0.184033 41.736500
0.184274 54.725100
0.184515 28.611900
0.184756 31.414200
0.184998 37.035300
0.185239 37.591100
0.185480 11.040800
0.185721 19.511900
0.185962 21.553200
0.186204 30.164800
0.186445 21.931100
0.186686 15.560400
0.186927 31.808500
0.187168 14.722900
0.187410 44.676100
0.187651 3.055240
0.187892 55.557200
0.188133 15.285700
0.188374 68.172800
0.188616 23.505100
0.188857 29.337300
0.189098 21.252700
0.189339 6.234700
0.189580 46.236600
0.189822 9.894580
0.190063 4.964260
0.190304 69.151000
0.190545 17.440300
0.190786 43.079600
0.191027 26.592400
0.191269 3.760240
0.191510 8.950240
0.191751 9.045680
0.191992 6.424650
0.192233 49.033800
0.192475 2.812260
0.192716 8.054250
0.192957 8.515290
0.193198 14.491100
0.193439 6.177910
0.193681 45.142700
0.193922 29.942200
0.194163 6.686600
0.194404 18.055300
0.194645 63.030200
0.194887 28.887600
0.195128 10.430000
0.195369 19.684200
0.195610 18.838100
0.195851 46.411900
0.196093 5.108190
0.196334 30.518000
0.196575 79.141700
0.196816 80.855000
0.197057 8.492750
0.197299 6.898500
0.197540 58.230400
0.197781 5.005160
0.198022 5.304190
0.198263 70.335300
0.198505 4.757870
0.198746 15.121200
0.198987 11.138900
0.199228 21.845100
0.199469 6.125250
0.199711 3.953770
0.199952 19.687100
0.200193 22.429200
0.200434 26.369700
0.200675 47.407600
0.200917 16.626500
0.201158 19.552400
0.201881 8.776500
0.202123 86.998100
0.202364 42.703300
0.202605 21.827300
0.202846 42.604100
0.203087 14.443700
0.203329 4.627740
0.203570 7.257800
0.203811 9.036870
0.204052 14.732400
0.204293 49.924600
0.204534 12.849400
0.204776 30.636200
0.205017 3.278400
0.205258 72.789800
0.205499 4.213920
0.205740 94.736400
0.205982 6.366120
0.206223 78.365600
0.206464 8.969500
0.206705 15.885600
0.206946 19.580700
0.207188 9.267340
0.207429 47.199800
0.207670 46.084300
0.207911 3.445890
0.208152 20.262400
0.208394 70.961400
0.208635 12.189400
0.208876 21.353600
0.209117 10.323500
0.209358 13.774600
0.209600 38.999000
0.209841 20.743600
0.210082 9.724220
0.210323 7.433650
0.210564 72.202600
0.210806 19.902100
0.211047 49.467000
0.211288 18.477500
0.211529 4.667600
0.211770 30.554900
0.212012 47.363100
0.212253 46.237000
0.212494 12.200300
0.212735 3.438920
0.212976 10.474300
0.213218 29.627500
0.213459 9.119940
0.213700 11.334300
0.213941 18.940300
0.214182 46.058700
0.214424 80.017600
0.214665 58.588500
0.214906 24.650500
0.215147 23.890800
0.215388 8.277420
0.215630 18.752900
0.215871 32.731500
0.216112 49.570100
0.216353 29.452600
0.216594 7.972280
0.216836 7.752220
0.217077 52.829600
0.217318 17.004800
0.217559 8.243910
0.217800 15.344600
0.218041 13.009200
0.218283 38.082000
0.218524 25.276700
0.218765 13.667700
0.219006 15.065500
0.219247 22.602700
0.219489 23.240700
0.219730 12.401100
0.219971 77.685300
0.220212 15.986900
0.220453 35.979300
0.220695 53.756300
0.220936 30.244000
0.221177 25.173300
0.221418 6.327460
0.221659 10.429200
0.221901 57.604500
0.222142 38.277200
0.222383 13.862400
0.222624 4.474610
0.222865 75.276200
0.223107 3.225440
0.223348 54.517600
0.223589 31.781600
0.223830 11.282400
0.224071 30.780500
0.224313 25.957500
0.224554 45.155500
0.224795 33.185400
0.225036 16.388300
0.225277 6.405470
0.225519 25.645700
0.225760 7.022670
0.226001 4.991040
0.226242 28.947700
0.226483 19.795300
0.226725 30.331600
0.226966 11.855000
0.227207 9.422460
0.227448 35.794100
0.227689 40.642100
0.227931 86.724400
0.228172 5.450720
0.228413 2.033670
0.228654 7.101750
0.228895 32.595000
0.229137 29.910100
0.229378 22.794000
0.229619 19.904600
0.229860 36.826300
0.230101 69.877400
0.230342 85.125900
0.230584 17.135900
0.230825 16.818200
0.231066 29.811400
0.231307 9.276630
0.231548 29.166800
0.231790 9.491420
0.232031 11.831600
0.232272 9.799880
0.232513 37.939200
0.232754 16.581000
0.232996 32.351500
0.233237 49.654400
0.233478 7.914220
0.233719 24.598100
0.233960 8.869170
0.234202 5.807080
0.234443 34.598300
0.234684 9.055860
0.234925 21.500300
0.235166 25.994900
0.235408 37.400400
0.235649 11.103800
0.235890 11.334700
0.236131 19.811500
0.236372 42.074000
0.236614 8.561140
0.236855 28.103000
0.237096 9.223650
0.237337 8.664620
0.237578 12.025700
0.237820 44.282100
0.238061 70.211000
0.238302 20.305300
0.238543 31.440100
0.238784 14.898200
0.239026 17.607700
0.239267 54.647600
0.239508 5.512100
0.239749 39.775300
0.239990 5.936350
0.240232 19.607300
0.240473 33.004700
0.240714 10.577200
0.240955 20.909500
0.241196 21.982800
0.241438 52.740100
0.241679 23.887600
0.241920 4.324750
0.242161 7.197800
0.242402 35.022600
0.242644 4.924170
0.242885 36.389600
0.243126 33.294700
0.243367 5.890010
0.243608 6.431950
0.243849 9.549590
0.244091 42.565600
0.244332 22.851200
0.244573 14.698500
0.244814 41.046600
0.245055 26.895900
0.245297 19.888700
0.245538 21.740800
0.245779 7.140160
0.246020 43.958000
0.246261 20.258300
0.246503 52.570200
0.246744 40.694100
0.246985 24.107500
0.247226 20.771600
0.247467 35.657100
0.247709 8.988570
0.247950 7.020310
0.248191 71.289400
0.248432 81.158600
0.248673 4.258350
0.248915 18.286300
0.249156 21.841500
0.249397 39.476600
0.249638 3.392200
0.249879 36.545500
0.250121 37.347400
0.250362 7.720850
0.250603 17.154200
0.250844 43.686900
0.251085 5.475900
0.251327 2.340440
0.251568 39.840900
0.251809 41.700100
0.252050 58.195400
0.252291 20.242300
0.252533 24.357000
0.252774 55.183900
0.253015 33.965900
0.253256 56.955500
0.253497 44.110700
0.253739 41.112700
0.253980 8.850690
0.254221 14.616400
0.254462 46.379700
0.254703 4.535480
0.254945 32.580200
0.255186 38.886300
0.255427 32.284800
0.255668 7.886390
0.255909 18.981900
0.256151 4.938700
0.256392 2.341170
0.256633 21.194400
0.256874 6.349790
0.257115 27.102700
0.257356 53.752000
0.257598 41.214300
0.257839 18.556000
0.258080 22.068000
0.258321 31.479900
0.258562 10.181300
0.258804 80.183400
0.259045 20.942300
0.259286 48.981900
0.259527 13.645900
0.259768 29.657500
0.260010 7.186550
0.260251 41.946800
0.260492 4.933390
0.260733 4.260250
0.260974 34.700200
0.261216 22.016600
0.261457 42.925800
0.261698 9.250510
0.261939 24.244200
0.262180 28.218300
0.262422 56.603200
0.262663 23.316100
0.262904 14.355900
0.263145 34.798600
0.263386 31.101900
0.263628 9.977520
0.263869 71.452200
0.264110 6.191320
0.264351 15.145800
0.264592 9.933090
0.264834 60.858200
0.265075 2.520550
0.265316 13.345000
0.265557 21.586100
0.265798 33.086500
0.266040 4.308120
0.266281 48.890500
0.266522 3.074010
0.266763 8.266740
0.267004 48.283700
0.267246 55.669800
0.267487 51.165400
0.267728 8.999360
0.267969 20.081500
0.268210 22.549200
0.268452 16.942200
0.268693 44.744200
0.268934 9.325440
0.269175 18.405300
0.269416 29.015300
0.269658 15.317200
0.269899 38.492200
0.270140 38.612500
0.270381 4.422180
0.270622 64.158400
0.270863 40.350400
0.271105 44.418100
0.271346 4.454690
0.271587 18.038300
0.271828 6.436320
0.272069 24.182100
0.272311 6.797220
0.272552 19.196400
0.272793 6.215410
0.273034 9.288090
0.273275 4.743400
0.273517 33.032200
0.273758 28.785600
0.273999 47.236200
0.274240 27.248200
0.274481 21.206900
0.274723 17.249300
0.274964 29.806200
0.275205 36.845000
0.275446 7.409280
0.275687 10.442900
0.275929 51.920900
0.276170 46.444300
0.276411 27.022100
0.276652 45.527000
0.276893 7.071410
0.277135 26.211100
0.277376 15.042300
0.277617 10.780100
0.277858 56.415100
0.278099 11.492700
0.278341 13.651700
0.278582 1.984610
0.278823 16.743600
0.279064 7.218510
0.279305 25.884300
0.279547 17.653700
0.279788 9.113050
0.280029 17.101100
0.280270 14.119600
0.280511 39.416800
0.280753 25.828200
0.280994 9.879480
0.281235 22.606200
0.281476 5.976790
0.281717 51.191700
0.281959 17.550500
0.282200 35.083600
0.282441 56.320300
0.282682 16.147200
0.282923 6.323600
0.283164 17.865200
0.283406 24.592900
0.283647 72.917900
0.283888 19.447700
0.284129 10.105300
0.284370 15.686300
0.284612 10.810000
0.284853 23.484700
0.285094 14.540800
0.285335 30.532900
0.285576 3.564000
0.285818 6.292210
0.286059 53.492600
0.286300 9.436820
0.286541 72.327600
0.286782 4.020950
0.287024 3.028700
0.287265 60.776500
0.287506 14.156500
0.287747 34.942900
0.287988 41.927500
0.288230 25.312700
0.288471 22.937000
0.288712 24.903800
0.288953 18.825400
0.289194 59.751900
0.289436 24.575800
0.289677 55.304600
0.289918 9.406340
0.290159 51.039100
0.290400 38.533400
0.290642 26.626700
0.290883 5.651810
0.291124 2.368390
0.291365 15.811900
0.291606 4.627370
0.291848 31.170700
0.292089 8.073090
0.292330 55.698200
0.292571 66.261800
0.292812 8.589950
0.293054 25.924700
0.293295 9.519790
0.293536 14.743500
0.293777 60.045600
0.294018 71.319100
0.294501 19.390000
0.294742 9.931560
0.294983 9.471950
0.295224 26.690800
0.295466 6.603040
0.295707 8.750110
0.295948 1.838570
0.296189 21.617300
0.296430 18.345900
0.296671 45.012200
0.296913 5.046060
0.297154 6.785240
0.297395 14.578800
0.297636 37.037400
0.297877 70.632100
0.298119 7.972000
0.298360 10.407800
0.298601 9.131350
0.298842 19.064200
0.299083 31.707500
0.299325 24.113400
0.299566 11.876700
0.299807 17.068800
0.300048 13.752200
0.300289 8.934560
0.300531 6.977920
0.300772 4.121370
0.301013 18.417900
0.301254 9.733880
0.301495 17.868200
0.301737 46.503200
0.301978 65.095300
0.302219 36.346900
0.302460 29.097200
0.302701 6.779110
0.302943 41.190800
0.303184 53.411600
0.303425 41.508100
0.303666 17.807700
0.303907 13.397300
0.304149 13.317600
0.304390 5.733360
0.304631 66.766400
0.304872 53.202200
0.305113 26.191200
0.305355 6.419360
0.305596 5.304740
0.305837 20.403100
0.306078 50.469100
0.306561 38.991600
0.306802 17.905700
0.307043 7.292840
0.307284 21.045600
0.307525 15.871300
0.307767 9.912460
0.308008 4.862990
0.308249 44.040900
0.308490 13.642600
0.308731 6.285900
0.308973 69.808800
0.309214 51.976000
0.309455 25.325300
0.309696 24.330100
0.309937 59.496700
0.310178 73.465900
0.310420 5.773860
0.310661 43.939900
0.310902 9.191610
0.311143 2.328080
0.311384 23.463400
0.311626 4.747660
0.311867 62.612300
0.312108 62.252700
0.312349 5.613420
0.312590 1.797280
0.312832 28.344900
0.313073 62.628200
0.313314 73.728000
0.313555 25.059000
0.313796 33.460800
0.314038 37.840900
0.314279 50.987700
0.314520 13.774900
0.314761 34.435000
0.315002 26.078500
0.315244 44.568300
0.315485 10.111500
0.315726 17.340100
0.315967 9.981730
0.316208 19.341000
0.316450 27.948300
0.316691 27.906900
0.316932 5.763390
0.317173 26.990300
0.317414 6.082500
0.317656 42.988900
0.317897 9.526110
0.318138 4.606120
0.318379 52.807100
0.318620 8.183870
0.318862 72.985500
0.319103 8.110860
0.319344 9.610380
0.319585 16.648300
0.319826 5.380450
0.320068 44.049400
0.320309 20.842500
0.320550 13.507100
0.320791 15.891100
0.321032 20.807000
0.321274 21.190400
0.321515 59.213000
0.321756 6.457260
0.321997 51.916400
0.322238 10.178500
0.322479 13.996500
0.322721 50.358400
0.322962 40.225600
0.323203 20.525300
0.323444 27.523600
0.323685 72.509800
0.323927 30.265400
0.324168 37.810200
0.324409 22.645000
0.324650 8.815170
0.324891 6.987030
0.325133 9.786330
0.325374 56.515100
0.325615 46.247100
0.325856 8.365840
0.326097 12.767000
0.327062 9.509200
0.327303 61.480800
0.327545 5.198060
0.327786 5.002280
0.328027 6.581830
0.328268 12.095800
0.328509 34.762000
0.328751 55.630300
0.328992 10.171800
0.329233 26.089000
0.329474 30.844500
0.329715 40.945600
0.329957 1.673920
0.330198 4.860350
0.330439 6.886430
0.330680 8.404140
0.330921 8.041190
0.331163 13.525200
0.331404 21.307300
0.331645 37.387100
0.331886 31.214400
0.332127 21.756000
0.332369 31.694000
0.332610 6.429720
0.332851 11.232700
0.333092 45.379900
0.333333 60.299100
0.333575 3.979160
0.333816 60.158300
0.334057 11.054100
0.334298 26.388300
0.334539 17.504500
0.334781 35.324800
0.335022 54.193600
0.335263 4.619660
0.335504 10.109100
0.335745 12.285100
0.335986 18.732100
0.336228 53.856200
0.336469 11.092100
0.336710 28.421300
0.336951 45.898400
0.337192 25.702500
0.337434 56.486200
0.337675 25.927200
0.337916 23.990000
0.338157 52.583800
0.338398 14.715800
0.338640 22.187400
0.338881 11.817000
0.339122 68.527400
0.339363 6.352220
0.339604 14.058900
0.339846 55.374100
0.340087 3.201680
0.340328 38.165100
0.340569 23.679000
0.340810 61.437100
0.341052 21.110900
0.341293 9.404510
0.341534 22.232900
0.341775 53.217500
0.342016 19.383700
0.342258 55.526900
0.342499 24.708100
0.342740 27.735700
0.342981 83.303100
0.343222 10.948800
0.343464 26.586400
0.343705 32.412900
0.343946 9.792600
0.344187 10.728400
0.344428 8.412790
0.344670 14.409600
0.344911 38.462900
0.345152 90.761600
0.345393 21.869700
0.345634 17.237000
0.345876 49.433500
0.346117 30.733900
0.346358 23.686100
0.346599 11.045400
0.346840 4.972820
0.347082 23.073300
0.347323 3.515090
0.347564 29.137400
0.347805 4.457690
0.348046 67.870400
0.348288 9.184220
0.348529 10.195900
0.348770 10.103300
0.349011 41.569800
0.349252 27.922800
0.349493 61.967000
0.349735 31.057400
0.349976 5.014050
0.350217 8.424710
0.350458 11.895900
0.350699 36.699900
0.350941 14.624700
0.351182 23.060100
0.351423 14.090400
0.351664 8.291560
0.351905 23.916000
0.352147 37.080000
0.352388 11.499900
0.352629 62.927200
0.352870 5.986620
0.353111 6.793880
0.353353 52.763100
0.353594 16.279300
0.353835 49.750500
0.354076 27.712100
0.354317 48.435800
0.354559 30.004300
0.354800 53.817000
0.355041 35.808200
0.355282 46.666000
0.355523 1.804010
0.355765 53.384700
0.356006 16.758800
0.356247 4.994820
0.356488 11.245100
0.356729 6.953840
0.356971 10.002200
0.357212 18.614200
0.357453 37.698000
0.357694 22.741400
0.357935 4.827580
0.358177 56.851500
0.358418 11.293300
0.358659 41.072700
0.358900 42.310200
0.359141 40.819300
0.359383 12.517400
0.359624 18.650500
0.359865 23.526200
0.360106 9.078250
0.360347 39.609500
0.360589 31.027200
0.360830 50.226500
0.361071 72.405300
0.361312 8.638400
0.361553 9.425590
0.361795 8.670100
0.362036 29.948400
0.362277 6.781380
0.362518 7.761550
0.362759 12.664600
0.363000 6.947170
0.363242 16.813500
0.363483 25.934000
0.363724 40.469300
0.363965 9.586010
0.364206 31.032000
0.364448 35.643900
0.364689 35.344200
0.364930 19.443300
0.365171 26.859700
0.365412 12.222700
0.365654 69.668200
0.365895 51.933200
0.366136 8.198360
0.366377 1.845750
0.366618 11.971600
0.366860 1.650650
0.367101 19.700100
0.367342 18.834600
0.367583 12.488600
0.367824 37.158600
0.368066 54.762000
0.368307 43.697700
0.368548 8.775180
0.368789 91.567300
0.369030 31.417500
0.369272 21.936700
0.369513 20.056300
0.369754 46.778000
0.369995 39.051500
0.370236 28.179000
0.370478 36.979500
0.370719 6.224190
0.370960 17.182600
0.371201 30.476400
0.371442 27.804900
0.371684 19.158700
0.371925 5.466440
0.372166 16.917100
0.372407 10.092000
0.372648 63.097400
0.372890 56.836500
0.373131 36.249300
0.373372 7.050190
0.373613 11.244600
0.373854 21.346300
0.374096 47.264100
0.374337 35.187100
0.374578 8.223020
0.374819 14.764000
0.375060 2.604310
0.375301 31.095100
0.375543 10.470300
0.375784 36.128800
0.376025 20.515100
0.376266 24.850800
0.376507 21.433500
0.376749 13.417000
0.376990 41.948600
0.377231 14.406400
0.377472 29.417900
0.377713 35.058600
0.377955 64.810600
0.378196 4.016420
0.378437 37.348100
0.378678 4.115980
0.378919 65.408000
0.379161 20.000700
0.379402 61.156600
0.379643 14.918700
0.379884 16.611800
0.380125 30.643000
0.380367 66.440200
0.380608 12.650700
0.380849 46.049200
0.381090 49.876500
0.381331 43.456800
0.381573 22.431300
0.381814 34.596800
0.382055 35.602400
0.382296 34.975400
0.382537 18.773800
0.382779 33.725900
0.383020 44.954800
0.383261 11.122000
0.383502 13.743700
0.383743 21.886000
0.383985 16.721000
0.384226 38.142400
0.384467 45.153100
0.384708 9.582950
0.384949 23.010900
0.385191 26.724600
0.385432 54.966300
0.385673 30.684300
0.385914 76.275400
0.386155 2.194990
0.386397 20.519600
0.386638 12.369800
0.386879 53.243400
0.387120 20.188500
0.387361 14.208500
0.387603 3.906300
0.387844 37.253000
0.388085 59.812900
0.388326 37.482500
0.388567 3.026570
0.388808 35.529900
0.389050 47.939500
0.389291 9.455810
0.389532 14.477800
0.389773 46.243200
0.390014 58.116600
0.390256 21.490400
0.390497 3.946590
0.390738 29.168900
0.390979 35.562800
0.391220 16.892500
0.391462 42.295600
0.391703 13.033500
0.391944 9.131850
0.392185 15.681700
0.392426 41.692800
0.392668 44.697300
0.392909 40.750300
0.393150 16.434500
0.393391 17.873800
0.393632 17.779200
0.393874 12.009400
0.394115 5.958690
0.394356 29.491300
0.394597 9.922420
0.394838 16.439700
0.395080 22.115900
0.395321 55.867700
0.395562 4.490200
0.395803 32.916300
0.396044 6.645490
0.396286 7.186620
0.396527 6.372400
0.396768 43.296500
0.397009 48.481600
0.397250 10.281600
0.397492 48.888500
0.397733 21.964500
0.397974 78.812400
0.398215 21.596200
0.398456 27.534700
0.398698 18.541600
0.398939 9.163410
0.399180 33.741200
0.399421 13.347500
0.399662 27.410000
0.399904 26.783200
0.400145 20.973100
0.400386 44.075000
0.400627 6.823750
0.400868 11.198700
0.401110 29.549000
0.401351 23.702000
0.401592 17.821500
0.401833 34.809000
0.402074 42.956600
0.402315 23.063700
0.402557 36.592700
0.402798 14.389300
0.403039 5.994990
0.403521 14.781000
0.403763 15.513500
0.404004 37.264000
0.404245 31.873300
0.404486 15.987300
0.404727 47.227500
0.404969 9.337900
0.405210 16.681500
0.405451 31.634200
0.405692 17.848000
0.405933 48.900800
0.406175 38.582100
0.406416 8.069260
0.406657 22.461700
0.406898 5.568630
0.407139 79.851600
0.407381 31.818200
0.407622 65.307200
0.407863 29.099700
0.408104 41.199500
0.408345 53.575500
0.408587 1.776540
0.408828 28.573500
0.409069 28.989000
0.409310 5.017370
0.409551 31.994200
0.409793 42.983700
0.410034 15.597000
0.410275 6.719480
0.410516 21.267400
0.410757 65.902300
0.410999 59.778600
0.411240 16.812400
0.411481 34.593600
0.411722 9.543740
0.411963 17.563300
0.412205 27.028000
0.412446 53.477500
0.412687 21.280700
0.412928 28.821000
0.413169 25.702200
0.413411 11.783700
0.413652 35.839500
0.413893 30.771600
0.414134 44.280800
0.414375 18.260800
0.414616 17.390200
0.414858 28.784200
0.415099 38.642100
0.415340 26.840900
0.415581 74.195300
0.415822 1.765780
0.416064 15.045300
0.416305 24.302900
0.416546 2.464300
0.416787 7.694850
0.417028 34.859000
0.417270 19.677800
0.417511 9.095620
0.417752 32.659300
0.417993 7.103130
0.418234 9.288460
0.418476 13.940800
0.418717 22.592600
0.418958 33.542900
0.419199 23.736000
0.419440 19.093400
0.419682 8.337260
0.419923 17.399700
0.420164 22.213000
0.420405 28.572800
0.420646 37.459700
0.420888 8.151000
0.421129 21.681900
0.421370 76.766500
0.421611 35.125100
0.421852 46.112100
0.422094 10.412200
0.422335 49.483100
0.422576 6.744810
0.422817 16.747100
0.423058 8.496250
0.423300 25.098300
0.423541 59.441400
0.423782 30.100000
0.424023 16.861400
0.424264 69.647500
0.424506 27.895800
0.424747 59.270700
0.424988 5.566860
0.425229 20.609900
0.425470 29.767700
0.425712 9.559240
0.425953 8.239420
0.426194 76.224000
0.426435 7.081030
0.426676 52.757900
0.426918 14.563800
0.427159 8.571870
0.427400 20.033800
0.427641 18.394200
0.427882 40.144200
0.428123 47.379000
0.428365 49.436200
0.428606 11.904600
0.428847 12.921200
0.429088 36.221100
0.429329 34.709600
0.429571 11.467700
0.429812 18.241600
0.430053 42.595800
0.430294 30.540800
0.430535 8.403820
0.430777 56.831600
0.431018 4.427090
0.431259 2.975300
0.431500 4.394340
0.431741 3.396330
0.431983 13.389600
0.432224 20.069400
0.432465 15.092900
0.432706 19.744100
0.432947 58.196600
0.433189 9.033910
0.433430 24.299500
0.433671 5.252320
0.433912 44.816600
0.434153 38.025300
0.434395 21.433300
0.434636 31.215400
0.434877 9.051930
0.435118 9.141850
0.435359 40.288900
0.435601 9.054490
0.435842 56.261700
0.436083 22.568600
0.436324 14.759200
0.436565 37.650400
0.436807 13.766800
0.437048 38.936700
0.437289 23.319300
0.437530 25.471400
0.437771 14.888000
0.438013 8.785660
0.438254 69.688400
0.438495 26.002200
0.438736 8.149660
0.438977 4.704000
0.439219 8.160530
0.439460 9.159860
0.439701 63.765100
0.439942 18.761000
0.440183 9.399400
0.440425 21.770100
0.440666 14.283300
0.440907 8.246550
0.441148 22.613600
0.441389 5.709170
0.441630 52.168400
0.441872 30.418800
0.442113 5.276310
0.442354 24.370500
0.442595 15.359400
0.442836 3.084960
0.443078 23.299700
0.443319 25.804700
0.443560 29.309800
0.443801 14.678400
0.444042 56.658400
0.444284 7.924880
0.444525 15.426000
0.444766 3.156790
0.445007 6.314070
0.445248 32.429700
0.445490 46.341800
0.445731 49.571400
0.445972 46.501800
0.446213 30.649900
0.446454 23.509000
0.446696 1.698630
0.446937 5.669760
0.447178 14.358900
0.447419 51.173200
0.447660 5.666760
0.447902 3.409830
0.448143 9.074730
0.448384 34.341000
0.448625 26.108000
0.448866 34.123900
0.449108 22.920200
0.449349 8.230470
0.449590 11.054300
0.449831 27.208200
0.450072 17.601700
0.450314 63.869400
0.450555 6.761830
0.450796 9.603280
0.451037 25.219500
0.451278 2.438680
0.451520 6.716130
0.451761 9.205750
0.452002 32.446800
0.452243 1.757560
0.452484 37.030700
0.452726 12.863800
0.452967 5.940600
0.453208 3.787240
0.453449 81.368500
0.453690 89.628100
0.453932 14.611200
0.454173 17.837500
0.454414 19.963800
0.454655 34.986000
0.454896 30.636100
0.455137 20.830800
0.455379 24.156800
0.455620 5.373670
0.455861 12.105400
0.456102 8.333670
0.456343 8.509900
0.456585 78.314200
0.456826 17.893900
0.457067 3.799070
0.457308 59.857600
0.457549 20.194800
0.457791 28.939400
0.458032 10.994400
0.458273 56.198900
0.458514 13.934600
0.458755 2.486250
0.458997 47.585900
0.459238 26.313700
0.459479 42.699300
0.459720 71.706100
0.459961 61.290900
0.460203 16.448600
0.460444 38.507700
0.460685 15.774900
0.460926 16.035300
0.461167 26.325800
0.461409 20.520000
0.461650 6.303040
0.461891 33.368600
0.462132 5.895540
0.462373 46.370000
0.462615 60.987600
0.462856 26.260500
0.463097 3.169020
0.463338 36.892400
0.463579 38.974600
0.463821 6.858200
0.464062 9.900090
0.464303 16.630700
0.464544 15.260000
0.464785 7.227500
0.465027 5.247740
0.465268 8.761390
0.465509 16.406300
0.465750 22.344600
0.465991 27.679700
0.466233 13.110600
0.466474 30.213300
0.466715 5.884930
0.466956 14.266000
0.467197 8.806000
0.467438 17.860500
0.467680 17.737700
0.467921 64.526600
0.468162 13.570100
0.468403 37.435600
0.468644 10.634800
0.468886 12.667300
0.469127 24.994500
0.469368 6.793610
0.469609 8.946190
0.469850 37.278800
0.470092 33.382800
0.470333 23.244500
0.470574 40.580000
0.470815 22.978300
0.471056 45.451400
0.471298 50.108400
0.471539 86.722000
0.471780 39.030600
0.472021 72.924600
0.472262 58.012500
0.472504 2.642940
0.472745 16.650100
0.472986 21.825200
0.473227 21.993000
0.473468 38.312800
0.473710 18.522500
0.473951 7.478580
0.474192 32.045800
0.474433 41.417100
0.474674 6.262350
0.474916 18.714200
0.475157 77.267200
0.475398 5.920790
0.475639 4.029040
0.475880 63.562500
0.476122 4.675240
0.476363 72.377300
0.476604 47.202700
0.476845 17.270300
0.477086 42.731100
0.477328 42.972600
0.477569 15.360300
0.477810 12.675300
0.478051 5.659010
0.478292 13.669700
0.478534 17.400200
0.478775 38.559300
0.479016 27.226800
0.479257 7.374110
0.479498 24.328900
0.479740 20.940000
0.479981 27.830800
0.480222 5.052150
0.480463 3.189270
0.480704 50.917900
0.480945 2.970990
0.481187 29.510500
0.481428 32.364300
0.481669 27.853200
0.481910 6.563810
0.482151 37.153300
0.482393 25.758400
0.482634 27.291900
0.482875 7.069670
0.483116 15.388600
0.483357 47.786100
0.483599 17.388900
0.483840 73.093300
0.484081 35.847000
0.484322 50.705200
0.484563 15.369300
0.484805 8.608720
0.485046 10.148300
0.485287 16.939000
0.485528 58.609800
0.485769 29.399600
0.486011 45.592900
0.486252 11.860700
0.486493 11.468100
0.486734 27.681600
0.486975 22.567100
0.487217 5.730330
0.487458 10.859600
0.487699 10.458000
0.487940 46.025500
0.488181 7.029690
0.488423 4.046200
0.488664 19.923500
0.488905 24.862200
0.489146 37.933200
0.489387 15.107600
0.489629 63.929700
0.489870 11.878700
0.490111 10.758400
0.490352 33.601600
0.490593 74.260700
0.490835 7.121310
0.491076 24.143300
0.491317 14.748400
0.491558 27.404000
0.491799 31.157500
0.492041 28.171800
0.492282 2.891830
0.492523 49.751500
0.492764 42.326100
0.493005 51.168500
0.493247 24.169500
0.493488 32.376500
0.493729 35.554400
0.493970 18.675400
0.494211 32.379600
0.494452 10.974300
0.494694 37.708800
0.494935 5.238710
0.495176 8.011180
0.495417 14.675300
0.495658 28.380800
0.495900 41.557200
0.496141 26.836600
0.496382 49.877400
0.496623 18.009000
0.496864 48.206700
0.497106 15.862200
0.497347 8.652820
0.497588 29.182500
0.497829 92.079800
0.498070 4.752280
0.498312 26.739200
0.498553 19.151300
0.498794 12.830000
0.499035 22.179200
0.499276 53.698900
0.499518 32.527400
0.499759 9.618280
0.500000 12.000500
0.500241 5.257400
0.500482 40.302300
0.500724 65.614500
0.500965 44.656600
0.501206 9.977930
0.501447 27.501800
0.501688 7.615250
0.501930 8.688800
0.502171 46.619700
0.502412 2.090060
0.502653 8.484310
0.502894 9.072220
0.503136 5.973960
0.503377 30.937500
0.503618 14.083500
0.503859 7.479240
0.504100 10.887900
0.504342 7.041740
0.504583 20.142300
0.504824 3.650100
0.505065 82.856100
0.505306 11.519500
0.505548 3.963180
0.505789 71.135400
0.506030 8.085240
0.506271 5.521200
0.506512 16.204800
0.506753 28.204400
0.506995 65.562900
0.507236 16.806200
0.507477 16.699600
0.507718 40.644100
0.507959 5.380160
0.508201 48.586800
0.508442 18.707800
0.508683 6.233110
0.508924 54.655500
0.509165 8.679190
0.509407 57.453100
0.509648 8.830200
0.509889 6.732900
0.510130 11.532300
0.510371 13.235400
0.510613 62.333700
0.510854 6.725120
0.511095 37.587600
0.511336 74.996600
0.511577 54.239900
0.511819 41.192100
0.512060 16.026800
0.512301 4.898660
0.512542 18.615200
0.512783 65.578300
0.513025 5.484700
0.513266 7.324960
0.513507 44.828700
0.513748 8.590700
0.513989 51.423000
0.514231 31.754300
0.514472 30.490900
0.514713 38.199500
0.514954 52.272400
0.515195 29.737800
0.515437 15.088000
0.515678 8.049400
0.515919 68.898200
0.516160 67.136800
0.516401 6.386220
0.516643 27.864000
0.516884 18.439600
0.517125 86.458200
0.517366 4.114520
0.517607 22.609400
0.517849 10.471500
0.518090 2.348680
0.518331 14.191000
0.518572 7.980960
0.518813 34.065300
0.519055 30.975800
0.519296 25.374000
0.519537 46.186500
0.519778 43.095100
0.520019 34.376300
0.520260 8.139340
0.520502 9.092430
0.520743 24.657000
0.520984 10.079000
0.521225 47.040800
0.521466 26.799700
0.521708 53.933600
0.521949 24.438700
0.522190 17.764600
0.522431 49.734700
0.522672 28.049400
0.522914 36.834700
0.523155 60.019700
0.523396 8.235120
0.523637 10.007700
0.523878 9.417520
0.524120 15.905900
0.524361 75.947200
0.524602 10.736300
0.524843 9.607110
0.525084 76.364100
0.525326 25.296600
0.525567 17.081500
0.525808 14.703200
0.526049 29.380400
0.526290 26.652500
0.526532 18.758100
0.526773 9.537350
0.527014 42.425000
0.527255 40.347300
0.527496 32.507800
0.527738 6.443130
0.527979 49.098300
0.528220 37.376000
0.528461 70.697400
0.528702 47.116800
0.528944 38.254300
0.529185 17.143000
0.529426 30.409500
0.529667 25.883100
0.529908 38.371500
0.530150 6.555750
0.530391 9.577720
0.530632 18.293900
0.530873 47.487700
0.531114 5.423670
0.531356 3.545300
0.531597 22.411900
0.531838 8.835360
0.532079 69.962900
0.532320 44.855500
0.532562 26.904400
0.532803 10.491000
0.533044 25.180700
0.533285 82.723600
0.533526 25.871500
0.533767 7.347160
0.534009 24.577300
0.534250 21.418100
0.534491 7.464320
0.534732 67.515600
0.534973 60.050100
0.535215 59.183800
0.535456 4.819980
0.535697 40.726900
0.535938 22.097800
0.536179 63.206800
0.536421 8.677250
0.536662 69.272600
0.536903 48.606300
0.537144 8.390700
0.537385 4.167340
0.537627 3.158120
0.537868 15.818200
0.538109 76.347500
0.538350 27.144900
0.538591 34.326400
0.538833 26.225300
0.539074 11.205700
0.539315 30.860000
0.539556 33.797300
0.539797 21.975700
0.540039 24.081600
0.540280 59.647300
0.540521 24.410400
0.540762 5.695940
0.541003 5.026430
0.541245 13.752800
0.541486 11.812000
0.541727 44.256800
0.541968 6.330050
0.542209 8.228710
0.542451 31.084000
0.542692 8.442700
0.542933 31.731100
0.543174 34.695300
0.543415 73.678200
0.543657 7.615030
0.543898 9.496770
0.544139 15.048300
0.544380 8.310540
0.544621 17.974700
0.544863 13.622500
0.545104 12.781500
0.545345 33.824500
0.545586 37.545100
0.545827 29.350100
0.546068 46.675400
0.546310 57.842200
0.546551 16.109600
0.546792 30.452600
0.547033 18.116100
0.547274 14.321200
0.547516 23.754600
0.547757 12.472900
0.547998 30.021500
0.548239 60.228600
0.548480 12.294800
0.548722 34.655800
0.548963 22.250600
0.549204 4.520370
0.549445 18.797900
0.549686 8.441830
0.549928 42.215700
0.550169 8.147350
0.550410 25.047900
0.550651 82.259000
0.550892 7.368780
0.551134 17.300700
0.551375 6.114060
0.551616 8.141900
0.551857 6.883180
0.552098 5.846710
0.552340 7.872430
0.552581 27.247700
0.552822 49.861700
0.553063 9.621300
0.553304 6.640350
0.553546 14.491000
0.553787 17.787700
0.554028 69.563100
0.554269 42.797900
0.554510 9.795250
0.554752 25.719500
0.554993 42.603600
0.555234 23.563700
0.555475 10.354000
0.555716 9.015140
0.555958 21.454200
0.556199 38.117600
0.556440 2.801240
0.556681 24.999800
0.556922 37.931600
0.557164 10.953800
0.557405 4.402090
0.557646 7.333650
0.557887 39.651800
0.558128 33.259300
0.558370 25.316400
0.558611 24.848400
0.558852 25.053600
0.559093 40.485000
0.559334 9.034810
0.559575 31.944300
0.559817 7.265370
0.560058 32.553300
0.560299 7.246150
0.560540 39.530500
0.560781 34.187500
0.561023 47.671200
0.561264 54.956100
0.561505 50.792900
0.561746 19.460000
0.561987 41.876700
0.562229 19.419500
0.562470 44.271200
0.562711 16.200700
0.562952 14.457800
0.563193 13.276900
0.563435 47.072200
0.563676 31.213100
0.563917 26.038300
0.564158 4.442470
0.564399 8.733380
0.564641 81.309600
0.564882 25.698200
0.565123 61.447600
0.565364 30.940300
0.565605 16.672400
0.565847 50.740200
0.566088 26.404100
0.566329 5.086680
0.566570 8.430540
0.566811 13.367000
0.567053 6.319150
0.567294 19.998300
0.567535 53.047600
0.567776 11.009000
0.568017 58.871500
0.568259 17.697400
0.568500 63.910600
0.568741 17.631400
0.568982 8.363340
0.569223 9.749180
0.569465 5.578690
0.569706 6.493390
0.569947 9.858190
0.570188 29.625800
0.570429 82.067700
0.570671 24.570200
0.570912 44.643200
0.571153 11.442600
0.571394 6.638860
0.571635 8.378680
0.571877 3.749040
0.572118 4.858340
0.572359 7.905820
0.572600 37.740100
0.572841 41.729200
0.573082 13.191500
0.573324 6.699700
0.573565 70.036600
0.573806 20.691000
0.574047 35.488200
0.574288 16.056800
0.574530 71.594500
0.574771 2.266220
0.575012 14.088200
0.575253 5.720390
0.575494 10.988300
0.575736 21.067700
0.575977 27.542800
0.576218 54.868900
0.576459 13.630400
0.576700 37.306300
0.576942 7.884930
0.577183 24.433800
0.577424 15.610800
0.577665 21.074400
0.577906 12.683500
0.578148 22.866600
0.578389 14.140400
0.578630 15.522000
0.578871 17.915500
0.579112 31.816200
0.579354 66.093200
0.579595 65.756600
0.579836 16.058600
0.580077 27.625000
0.580318 9.660460
0.580560 26.487600
0.580801 23.590600
0.581042 56.576200
0.581283 11.624700
0.581524 8.308670
0.581766 70.461500
0.582007 26.949700
0.582248 6.821550
0.582489 62.357500
0.582730 6.834920
0.582972 25.500400
0.583213 11.711400
0.583454 18.477100
0.583695 5.868760
0.583936 1.993260
0.584178 69.593700
0.584419 8.348670
0.584660 23.664600
0.584901 8.386120
0.585142 18.019700
0.585384 6.939880
0.585625 86.995500
0.585866 14.056700
0.586107 42.752700
0.586348 2.898540
0.586589 10.012600
0.586831 5.151330
0.587072 30.382900
0.587313 10.652900
0.587554 7.501740
0.587795 44.803600
0.588037 9.230160
0.588278 17.479100
0.588519 20.095700
0.588760 19.874100
0.589001 9.775710
0.589243 25.264100
0.589484 22.376800
0.589725 15.084700
0.589966 42.949400
0.590207 26.677700
0.590449 36.592200
0.590690 8.859310
0.590931 28.927900
0.591413 46.742700
0.591655 39.394800
0.591896 8.959310
0.592137 22.630400
0.592378 65.045500
0.592619 7.558780
0.592861 4.773480
0.593102 20.022800
0.593343 35.817500
0.593584 19.693500
0.593825 49.548600
0.594067 40.658100
0.594308 26.401800
0.594549 22.645800
0.594790 7.561960
0.595031 30.589000
0.595273 28.915000
0.595514 21.870000
0.595755 7.042610
0.595996 35.299700
0.596237 22.355000
0.596479 9.141960
0.596720 66.670900
0.596961 3.527330
0.597202 10.268500
0.597443 83.688500
0.597685 2.088620
0.597926 24.499300
0.598167 37.512300
0.598408 69.609400
0.598649 55.722700
0.598890 13.475600
0.599132 6.045590
0.599373 14.411200
0.599614 51.098600
0.599855 13.431800
0.600096 10.837100
0.600338 13.354500
0.600579 13.811600
0.600820 28.540300
0.601061 26.560000
0.601302 7.086060
0.601544 33.088100
0.601785 10.091000
0.602026 16.477000
0.602267 10.373500
0.602508 22.481300
0.602750 18.169800
0.602991 8.155450
0.603232 6.639910
0.603473 20.341000
0.603714 61.082300
0.603956 57.226200
0.604197 13.957800
0.604438 25.299800
0.604679 13.799200
0.604920 35.243000
0.605162 3.138600
0.605403 52.641100
0.605644 19.604000
0.605885 23.094100
0.606126 4.132730
0.606368 27.674400
0.606609 9.166370
0.606850 26.775400
0.607091 4.471110
0.607332 37.493200
0.607574 26.179500
0.607815 76.381200
0.608056 51.815700
0.608297 8.764510
0.608538 13.711800
0.608780 16.088600
0.609021 61.117900
0.609262 7.653620
0.609503 72.920700
0.609744 50.921200
0.609986 29.947100
0.610468 15.269600
0.610709 27.106700
0.610950 41.773300
0.611192 40.425200
0.611433 20.005700
0.611674 54.498400
0.611915 14.465400
0.612156 46.965400
0.612397 20.786700
0.612639 8.978120
0.612880 5.757500
0.613121 2.671960
0.613362 67.332700
0.613603 16.034100
0.613845 19.946500
0.614086 5.914380
0.614327 6.967430
0.614568 25.468600
0.614809 56.552100
0.615051 65.536200
0.615292 8.614910
0.615533 75.058600
0.615774 44.281000
0.616015 27.497900
0.616257 7.842460
0.616498 7.575510
0.616739 52.290700
0.616980 32.058800
0.617221 48.652800
0.617463 24.131500
0.617704 8.320130
0.617945 6.799610
0.618186 72.562100
0.618427 39.747900
0.618669 22.110500
0.618910 73.995500
0.619151 15.226300
0.619392 44.524800
0.619633 52.563600
0.619875 47.055900
0.620116 23.564100
0.620357 19.476600
0.620598 8.922220
0.620839 38.589100
0.621081 9.921660
0.621322 23.547200
0.621563 45.442300
0.621804 42.985200
0.622045 25.198200
0.622287 60.668000
0.622528 37.548700
0.622769 37.504100
0.623010 16.536700
0.623251 16.495900
0.623493 35.550000
0.623734 20.771800
0.623975 7.000200
0.624216 2.392270
0.624457 29.637900
0.624699 25.265100
0.624940 40.496000
0.625181 54.311500
0.625422 41.510400
0.625663 57.176500
0.625904 52.674700
0.626146 64.032800
0.626387 25.036500
0.626628 21.382700
0.626869 18.887300
0.627110 25.047800
0.627352 8.900360
0.627593 32.999800
0.627834 32.948000
0.628075 25.014900
0.628316 38.946200
0.628558 9.187230
0.628799 9.388050
0.629040 45.336500
0.629281 3.489640
0.629522 77.208800
0.629764 12.053800
0.630005 15.010200
0.630246 9.405070
0.630487 34.973000
0.630728 17.342500
0.630970 43.735200
0.631211 7.335920
0.631452 75.431400
0.631693 7.683440
0.631934 53.963000
0.632176 33.218700
0.632417 16.478000
0.632658 31.584100
0.632899 29.612400
0.633140 13.014400
0.633382 16.698600
0.633623 48.871900
0.633864 4.813390
0.634105 22.073900
0.634346 9.166270
0.634588 15.388200
0.634829 22.027000
0.635070 28.840000
0.635311 6.845090
0.635552 19.893300
0.635794 7.316750
0.636035 43.059500
0.636276 11.883600
0.636517 22.683500
0.636758 37.391400
0.637000 19.684900
0.637241 10.795100
0.637482 7.576090
0.637723 24.945500
0.637964 43.262800
0.638205 14.752100
0.638447 3.064660
0.638688 42.718700
0.638929 13.429700
0.639170 13.955600
0.639411 37.454200
0.639653 24.188600
0.639894 26.983800
0.640135 7.991100
0.640376 9.690250
0.640617 15.480600
0.640859 8.520850
0.641100 43.649600
0.641341 82.742700
0.641582 57.567500
0.641823 58.340500
0.642065 8.000260
0.642306 23.034000
0.642547 27.405800
0.642788 40.908700
0.643029 20.286500
0.643271 37.165200
0.643512 18.941900
0.643753 7.409420
0.643994 10.839200
0.644235 37.502000
0.644477 48.102600
0.644718 4.491500
0.644959 9.824540
0.645441 14.210900
0.645683 38.849100
0.645924 18.308600
0.646165 56.059600
0.646406 42.345700
0.646647 2.144620
0.646889 14.553900
0.647130 19.235300
0.647371 30.950200
0.647612 18.527500
0.647853 27.944700
0.648095 75.582900
0.648336 31.898400
0.648577 17.249200
0.648818 49.212300
0.649059 16.884500
0.649301 12.254800
0.649542 11.483600
0.649783 47.649000
0.650024 39.206500
0.650265 11.563100
0.650507 22.557700
0.650748 28.653700
0.650989 7.622620
0.651230 80.017700
0.651471 8.622990
0.651712 17.527800
0.651954 24.083100
0.652195 79.631700
0.652436 18.454200
0.652677 8.978350
0.652918 13.870600
0.653160 22.751300
0.653401 32.553000
0.653642 27.953300
0.653883 24.928200
0.654124 10.563000
0.654366 17.197300
0.654607 45.045600
0.654848 6.482110
0.655089 52.958900
0.655330 4.779940
0.655572 5.823250
0.655813 28.028000
0.656054 9.467860
0.656295 43.583800
0.656536 47.053500
0.656778 13.943400
0.657019 68.833000
0.657260 7.952790
0.657501 7.436560
0.657742 18.700100
0.657984 37.568000
0.658225 78.691400
0.658466 20.466700
0.658707 19.769400
0.658948 52.129400
0.659190 6.238220
0.659431 5.292030
0.659672 68.653000
0.659913 9.651450
0.660154 51.736000
0.660396 62.941200
0.660637 18.015600
0.660878 3.206770
0.661119 59.800000
0.661360 12.510400
0.661602 19.727300
0.661843 23.290700
0.662084 6.466520
0.662325 28.167200
0.662566 25.189400
0.662808 3.742550
0.663049 24.581600
0.663290 13.061200
0.663531 2.133810
0.663772 24.123100
0.664014 49.943900
0.664255 9.035950
0.664496 40.309600
0.664737 17.564300
0.664978 3.540100
0.665219 36.686800
0.665461 9.290750
0.665702 16.304400
0.665943 29.865400
0.666184 39.344100
0.666425 31.091600
0.666667 55.132300
0.666908 33.101000
0.667149 32.166100
0.667390 69.945800
0.667631 6.440130
0.667873 41.977900
0.668114 48.603800
0.668355 10.770300
0.668596 14.923600
0.668837 19.747600
0.669079 29.957800
0.669320 21.850400
0.669561 9.028120
0.669802 8.657420
0.670043 14.188900
0.670285 6.085420
0.670526 39.545700
0.670767 30.050200
0.671008 77.260300
0.671249 12.768200
0.671491 8.644350
0.671732 9.736200
0.671973 21.787100
0.672214 10.078700
0.672455 16.064100
0.672697 46.795600
0.672938 33.181100
0.673179 3.546480
0.673420 8.114040
0.673661 10.826600
0.673903 2.358400
0.674144 20.535000
0.674385 22.228100
0.674626 20.475700
0.674867 14.142400
0.675109 5.224590
0.675350 40.994200
0.675591 40.712300
0.675832 44.111200
0.676073 8.614610
0.676315 28.599100
0.676556 9.586370
0.676797 25.155200
0.677038 18.850000
0.677279 5.604720
0.677521 6.657440
0.677762 32.000800
0.678003 8.979390
0.678244 57.264800
0.678485 60.035300
0.678726 26.853700
0.678968 27.592200
0.679209 9.221650
0.679450 3.383330
0.679691 34.291800
0.679932 8.077520
0.680174 60.388200
0.680415 21.896100
0.680656 7.134700
0.680897 8.670630
0.681138 9.709190
0.681380 40.558100
0.681621 49.885400
0.681862 11.869300
0.682103 8.129650
0.682344 24.113300
0.682586 7.317830
0.682827 23.566800
0.683068 33.748300
0.683309 12.254600
0.683550 27.767500
0.683792 9.362080
0.684033 93.916300
0.684274 5.466530
0.684515 68.021500
0.684756 25.789600
0.684998 9.464790
0.685239 12.726100
0.685480 12.669800
0.685721 31.482900
0.685962 24.485600
0.686204 17.056100
0.686445 33.180100
0.686686 46.400300
0.686927 27.630300
0.687168 3.094810
0.687410 13.285100
0.687651 18.312300
0.687892 9.241870
0.688133 79.830500
0.688374 11.937400
0.688616 8.334320
0.688857 21.612700
0.689098 15.172600
0.689339 28.088900
0.689580 32.392200
0.689822 5.046850
0.690063 6.448920
0.690304 1.651340
0.690545 21.636400
0.690786 37.028100
0.691027 40.990800
0.691269 85.504900
0.691510 6.464030
0.691751 20.003200
0.691992 2.765000
0.692233 47.339800
0.692475 21.418900
0.692716 4.716980
0.692957 24.635000
0.693198 7.726020
0.693439 21.994600
0.693681 5.012020
0.693922 5.159980
0.694163 31.510100
0.694404 16.813900
0.694645 18.041800
0.694887 32.318100
0.695128 26.931300
0.695369 10.877900
0.695610 12.754400
0.695851 24.616500
0.696093 4.829400
0.696334 30.187000
0.696575 11.892400
0.696816 24.818500
0.697057 6.713650
0.697299 22.728100
0.697540 43.587700
0.697781 10.206500
0.698022 7.488690
0.698263 16.808300
0.698505 9.839210
0.698746 29.967000
0.698987 20.546000
0.699228 52.764900
0.699469 46.314100
0.699711 19.272100
0.699952 11.299900
0.700193 20.442700
0.700434 21.425100
0.700675 14.104100
0.700917 28.703300
0.701158 11.847700
0.701399 5.512960
0.701640 24.787700
0.701881 45.727200
0.702123 16.535400
0.702364 27.058300
0.702605 36.667600
0.702846 6.488140
0.703087 32.268800
0.703329 36.998000
0.703570 14.974200
0.703811 39.924900
0.704052 29.975200
0.704293 22.374700
0.704534 25.858400
0.704776 22.141300
0.705017 15.235100
0.705258 30.788600
0.705499 11.604400
0.705740 15.691200
0.705982 7.612910
0.706223 31.710300
0.706464 24.857600
0.706705 6.814770
0.706946 30.559300
0.707188 14.593300
0.707429 20.239100
0.707670 61.373200
0.707911 21.649500
0.708152 19.003800
0.708394 46.273100
0.708635 36.322000
0.708876 6.865440
0.709117 26.029400
0.709358 38.957700
0.709600 18.933900
0.709841 51.403600
0.710082 1.641220
0.710323 57.398100
0.710564 6.910350
0.710806 12.199900
0.711047 4.919570
0.711288 21.139600
0.711529 15.074500
0.711770 70.827300
0.712012 7.126700
0.712253 30.733700
0.712494 32.101400
0.712735 8.688470
0.712976 42.503900
0.713218 57.685100
0.713459 32.584700
0.713700 2.175040
0.713941 8.658900
0.714182 17.941300
0.714424 4.409470
0.714665 6.698080
0.714906 10.337800
0.715147 6.004970
0.715388 23.738600
0.715630 20.147800
0.715871 21.659000
0.716112 47.892400
0.716353 6.634920
0.716594 30.773300
0.716836 23.076700
0.717077 55.679300
0.717318 13.055000
0.717559 18.549300
0.717800 8.675030
0.718041 72.789500
0.718283 9.291310
0.718524 6.367490
0.718765 8.657500
0.719006 71.880700
0.719247 7.519330
0.719489 21.862400
0.719730 20.125600
0.719971 6.592900
0.720212 8.072320
0.720453 12.392300
0.720695 6.043310
0.720936 48.625000
0.721177 20.055400
0.721418 35.615700
0.721659 48.474400
0.721901 13.289500
0.722142 71.238500
0.722383 21.933500
0.722624 27.456500
0.722865 43.404300
0.723107 58.398200
0.723348 7.925900
0.723589 21.458300
0.723830 18.152900
0.724071 46.421900
0.724313 12.007000
0.724554 4.780700
0.724795 60.691200
0.725036 6.449080
0.725277 24.318800
0.725519 13.813000
0.725760 11.454000
0.726001 3.945790
0.726242 9.970870
0.726483 5.700210
0.726725 54.733700
0.726966 24.282100
0.727207 5.424390
0.727448 38.444500
0.727689 13.281600
0.727931 22.676200
0.728172 15.600800
0.728413 24.424600
0.728654 15.318500
0.728895 5.720890
0.729137 9.561560
0.729378 22.579600
0.729619 46.809700
0.729860 7.980180
0.730101 28.795900
0.730342 7.712720
0.730584 20.635000
0.730825 27.579500
0.731066 19.153000
0.731307 17.898000
0.731548 19.571200
0.731790 5.115710
0.732031 15.698500
0.732272 26.125500
0.732513 36.686100
0.732754 30.674200
0.732996 5.905240
0.733237 73.446900
0.733478 36.794900
0.733719 15.043700
0.733960 7.517500
0.734202 12.888600
0.734443 21.599000
0.734684 14.826900
0.734925 27.858500
0.735166 31.801600
0.735408 9.050880
0.735649 32.220800
0.735890 5.572120
0.736131 29.157400
0.736372 13.871600
0.736614 40.376600
0.736855 13.967200
0.737096 48.426100
0.737337 54.965700
0.737578 9.577310
0.737820 35.934800
0.738061 11.450200
0.738302 69.293600
0.738543 31.750700
0.738784 25.879600
0.739026 45.142200
0.739267 15.308200
0.739508 6.867540
0.739749 25.362300
0.739990 18.132700
0.740232 70.722800
0.740473 9.050250
0.740714 28.758100
0.740955 28.253100
0.741196 36.874300
0.741438 6.940200
0.741679 27.574000
0.741920 20.064800
0.742161 79.237400
0.742402 40.810900
0.742644 72.047600
0.742885 7.044270
0.743126 32.051300
0.743367 25.487700
0.743608 41.096500
0.743849 16.908300
0.744091 48.358700
0.744332 11.690800
0.744573 11.270800
0.744814 1.477600
0.745055 10.843300
0.745297 24.780500
0.745538 11.570700
0.745779 13.544900
0.746020 53.770800
0.746261 56.560100
0.746503 30.885300
0.746744 33.473100
0.746985 1.353850
0.747226 49.760400
0.747467 9.017960
0.747709 6.030790
0.747950 53.578800
0.748191 61.855600
0.748432 25.185000
0.748673 30.693100
0.748915 70.716000
0.749156 51.444500
0.749397 58.028400
0.749638 7.700010
0.749879 11.647600
0.750121 6.817610
0.750362 6.798080
0.750603 33.471100
0.750844 1.767770
0.751085 70.350100
0.751327 36.662500
0.751568 22.108800
0.751809 7.062910
0.752050 1.736780
0.752291 16.331300
0.752533 14.293600
0.752774 5.550800
0.753015 22.793500
0.753256 22.782300
0.753497 8.069460
0.753739 35.185400
0.753980 6.937910
0.754221 17.902100
0.754462 43.463300
0.754703 8.404030
0.754945 16.014500
0.755186 9.238480
0.755427 34.472900
0.755668 7.473560
0.755909 49.449000
0.756151 7.391460
0.756392 9.191690
0.756633 7.313540
0.756874 9.211050
0.757115 20.822900
0.757356 41.058900
0.757598 61.982000
0.757839 41.447000
0.758080 26.834900
0.758321 26.956500
0.758562 19.263600
0.758804 9.971150
0.759045 14.193500
0.759286 7.782540
0.759527 28.654800
0.759768 30.653600
0.760010 6.725510
0.760251 11.041600
0.760492 5.122820
0.760733 65.777700
0.760974 26.849000
0.761216 49.794700
0.761457 48.206200
0.761698 29.726600
0.761939 44.940500
0.762180 26.409400
0.762422 7.278940
0.762663 63.436100
0.762904 7.080770
0.763145 13.988600
0.763386 70.754300
0.763628 14.804300
0.763869 21.425400
0.764110 10.552900
0.764351 28.814100
0.764592 25.883800
0.764834 13.704800
0.765075 46.408700
0.765316 9.198750
0.765557 42.308300
0.765798 31.261800
0.766040 10.088300
0.766281 29.194100
0.766522 10.391700
0.766763 5.092920
0.767004 7.353450
0.767246 4.699180
0.767487 7.707920
0.767728 85.128800
0.767969 7.440270
0.768210 32.395600
0.768452 29.919000
0.768693 18.059300
0.768934 23.148700
0.769175 4.325000
0.769416 8.811260
0.769658 22.141200
0.769899 27.908900
0.770140 46.386500
0.770381 9.735970
0.770622 18.691500
0.770863 9.393170
0.771105 6.725920
0.771346 9.263470
0.771587 40.642800
0.771828 12.314000
0.772069 30.976700
0.772311 18.889200
0.772552 45.197000
0.772793 8.233900
0.773034 6.779440
0.773275 4.208640
0.773517 8.709110
0.773758 8.435230
0.773999 22.377000
0.774240 70.450500
0.774481 8.144950
0.774723 15.424200
0.774964 40.181300
0.775205 60.042500
0.775446 13.513600
0.775687 9.945850
0.775929 8.854700
0.776170 22.518400
0.776411 7.485530
0.776652 26.251600
0.776893 6.030410
0.777135 13.203700
0.777376 33.798300
0.777617 58.254600
0.777858 6.758490
0.778099 29.111900
0.778341 39.763200
0.778582 80.302200
0.778823 25.153400
0.779064 35.234400
0.779305 54.439700
0.779547 15.969600
0.779788 39.305000
0.780029 13.090700
0.780270 37.008900
0.780511 20.586600
0.780753 46.719300
0.780994 11.092200
0.781235 18.575700
0.781476 12.335100
0.781717 7.408450
0.781959 40.306100
0.782200 29.317700
0.782441 14.351700
0.782682 29.876700
0.782923 72.071600
0.783164 3.986280
0.783406 8.849460
0.783647 38.218700
0.783888 8.887920
0.784129 17.929900
0.784370 19.609800
0.784612 76.746000
0.784853 43.844800
0.785094 13.736300
0.785335 13.589000
0.785576 10.850500
0.785818 65.284500
0.786059 42.810300
0.786300 16.329900
0.786541 8.006170
0.786782 6.247100
0.787024 7.620160
0.787265 37.974700
0.787506 39.363700
0.787747 22.385500
0.787988 29.538700
0.788230 54.020600
0.788471 11.546000
0.788712 8.215390
0.788953 73.913300
0.789194 13.630700
0.789436 4.267870
0.789677 7.573830
0.789918 2.507660
0.790159 25.454500
0.790400 8.709730
0.790642 51.776800
0.790883 48.986200
0.791124 29.828100
0.791365 5.976230
0.791606 1.848480
0.791848 30.976200
0.792089 17.591100
0.792330 60.364600
0.792571 7.099140
0.792812 18.664100
0.793054 7.251050
0.793295 6.776780
0.793536 36.599500
0.793777 23.121900
0.794018 19.931500
0.794260 8.965630
0.794501 34.946700
0.794742 22.070700
0.794983 16.330200
0.795224 16.797900
0.795466 23.081200
0.795707 42.592100
0.795948 52.352900
0.796189 5.297890
0.796430 33.678900
0.796671 18.478400
0.796913 16.959800
0.797154 10.717000
0.797395 9.498120
0.797636 11.419400
0.797877 18.391000
0.798119 44.040200
0.798360 38.132700
0.798601 8.304620
0.798842 4.919100
0.799083 28.101900
0.799325 39.019500
0.799566 11.822100
0.799807 25.097500
0.800048 21.439600
0.800289 4.666480
0.800531 1.832110
0.800772 6.313400
0.801013 17.516800
0.801254 6.693340
0.801495 3.807530
0.801737 6.249270
0.801978 5.513150
0.802219 13.660700
0.802460 6.655820
0.802701 37.998900
0.802943 39.079400
0.803184 21.258900
0.803425 24.634300
0.803666 7.290600
0.803907 24.022800
0.804149 9.560240
0.804390 26.683700
0.804631 8.724480
0.804872 9.631110
0.805113 21.930000
0.805355 21.095400
0.805596 13.040800
0.805837 12.073800
0.806078 6.642870
0.806319 54.827200
0.806561 42.046000
0.806802 9.284530
0.807043 12.623800
0.807284 44.672500
0.807525 16.791400
0.807767 11.355900
0.808008 34.134300
0.808249 28.179300
0.808490 35.249000
0.808731 64.838100
0.808973 16.692700
0.809214 10.893700
0.809455 6.484130
0.809696 11.497600
0.809937 65.985400
0.810178 30.147400
0.810420 19.462000
0.810661 35.813300
0.810902 47.230200
0.811143 7.862430
0.811384 15.288900
0.811626 26.259000
0.811867 22.454900
0.812108 19.010900
0.812349 45.737600
0.812590 47.739100
0.812832 5.586640
0.813073 84.445100
0.813314 19.708100
0.813555 19.784200
0.813796 20.006700
0.814038 32.722500
0.814279 8.074160
0.814520 29.964300
0.814761 20.751500
0.815002 20.385700
0.815244 10.154400
0.815485 18.090000
0.815726 53.876400
0.815967 20.100300
0.816208 9.425330
0.816450 26.897300
0.816691 5.416410
0.816932 11.142100
0.817173 60.084900
0.817414 14.067600
0.817656 25.866200
0.817897 46.846200
0.818138 7.072080
0.818379 57.370700
0.818620 9.005050
0.818862 78.004600
0.819103 10.159200
0.819344 5.065820
0.819585 48.574400
0.819826 48.209900
0.820068 4.660480
0.820309 60.142900
0.820550 21.500500
0.820791 13.194600
0.821032 20.066400
0.821274 32.200400
0.821515 7.439440
0.821756 27.718700
0.821997 54.784300
0.822238 19.583200
0.822479 24.399200
0.822721 49.498200
0.822962 5.896580
0.823203 18.906500
0.823444 4.897890
0.823685 11.870700
0.823927 8.566170
0.824168 65.036200
0.824409 7.513010
0.824650 4.587900
0.824891 15.925000
0.825133 40.640900
0.825374 17.526200
0.825615 23.053700
0.825856 36.028000
0.826097 39.365200
0.826339 34.021600
0.826580 3.765470
0.826821 7.987970
0.827062 52.667700
0.827303 7.187380
0.827545 37.468700
0.827786 13.833000
0.828027 3.609190
0.828268 8.640960
0.828509 29.135000
0.828751 17.387000
0.828992 53.948800
0.829233 15.180700
0.829474 31.304400
0.829715 60.499600
0.829957 33.613800
0.830198 13.357100
0.830439 20.444700
0.830680 13.611100
0.830921 50.909400
0.831163 17.300000
0.831404 35.136800
0.831645 10.283600
0.831886 42.376900
0.832369 33.538700
0.832610 24.363500
0.832851 16.054700
0.833092 27.679400
0.833333 15.720500
0.833575 16.827500
0.833816 9.486800
0.834057 20.886400
0.834298 58.333000
0.834539 32.744700
0.834781 10.741200
0.835022 37.186800
0.835263 20.871800
0.835504 26.672500
0.835745 62.557800
0.835986 25.196600
0.836228 9.183850
0.836469 26.441800
0.836710 15.379600
0.836951 1.721120
0.837192 55.975400
0.837434 46.582500
0.837675 9.958510
0.837916 12.570400
0.838157 6.381000
0.838398 38.238500
0.838640 7.474700
0.838881 8.935960
0.839122 29.233600
0.839363 7.603580
0.839604 2.005100
0.839846 4.634710
0.840087 17.532200
0.840328 18.219500
0.840569 15.414200
0.840810 29.495700
0.841052 23.511400
0.841293 16.857200
0.841534 32.081100
0.841775 18.175300
0.842016 66.215000
0.842258 12.003200
0.842499 33.237500
0.842740 15.886500
0.842981 27.448700
0.843222 23.328600
0.843464 13.808100
0.843705 7.434260
0.843946 9.780410
0.844187 12.489400
0.844428 75.692100
0.844670 87.794200
0.844911 20.743100
0.845152 3.106490
0.845393 6.053090
0.845634 7.345660
0.845876 6.741940
0.846117 36.522800
0.846358 5.859640
0.846599 30.723700
0.846840 21.094100
0.847082 29.895300
0.847323 33.508400
0.847564 14.320300
0.847805 1.908390
0.848046 22.138800
0.848288 10.343000
0.848529 35.781100
0.848770 19.575800
0.849011 14.621600
0.849252 27.731900
0.849493 43.166300
0.849735 6.267790
0.849976 32.063200
0.850217 5.964310
0.850458 49.299600
0.850699 23.273500
0.850941 14.903500
0.851182 8.557860
0.851423 27.965600
0.851664 5.283200
0.851905 31.445000
0.852147 23.641600
0.852388 7.917140
0.852629 14.396500
0.852870 8.426480
0.853111 48.818800
0.853353 7.163380
0.853594 32.237800
0.853835 3.297400
0.854076 19.763400
0.854317 55.057800
0.854559 20.445300
0.854800 10.138900
0.855041 17.392200
0.855282 51.954700
0.855523 26.254300
0.855765 65.253700
0.856006 11.525400
0.856247 34.779900
0.856488 42.338200
0.856729 65.309100
0.856971 7.985750
0.857212 41.424600
0.857453 9.383250
0.857694 8.183490
0.857935 7.616160
0.858177 10.286900
0.858418 21.218400
0.858659 37.905000
0.858900 72.905000
0.859141 18.153500
0.859383 11.185700
0.859624 8.691310
0.859865 15.544700
0.860106 12.563000
0.860347 9.462580
0.860589 8.358160
0.860830 47.576800
0.861071 32.902100
0.861312 42.692200
0.861553 43.411500
0.861795 35.727400
0.862036 67.465500
0.862277 4.200220
0.862518 38.049000
0.862759 4.929170
0.863000 85.466200
0.863242 10.113300
0.863483 8.697470
0.863724 8.807990
0.863965 75.979700
0.864206 19.388100
0.864448 36.418800
0.864689 10.418300
0.864930 37.997600
0.865171 30.507800
0.865412 8.635440
0.865654 15.968200
0.865895 11.286900
0.866136 6.531280
0.866377 31.689500
0.866618 27.342700
0.866860 33.559600
0.867101 33.680300
0.867342 50.587300
0.867583 7.955260
0.867824 23.633700
0.868066 6.340240
0.868307 6.292800
0.868548 51.747900
0.868789 8.765160
0.869030 35.266100
0.869272 59.261200
0.869513 23.285300
0.869754 3.576530
0.869995 7.237420
0.870236 22.619000
0.870478 67.220000
0.870719 40.900500
0.870960 54.366100
0.871201 8.788750
0.871442 9.611680
0.871684 45.884000
0.871925 36.232900
0.872166 12.213000
0.872407 5.263680
0.872648 11.750400
0.872890 33.692100
0.873131 19.795100
0.873372 22.844600
0.873613 29.966500
0.873854 85.128000
0.874096 15.460400
0.874337 12.769400
0.874578 8.809970
0.874819 17.471300
0.875060 17.770500
0.875301 19.142400
0.875543 52.152800
0.875784 7.792590
0.876025 11.835900
0.876266 13.524500
0.876507 67.235300
0.876749 4.848930
0.876990 28.515000
0.877231 14.077000
0.877472 1.645140
0.877713 10.019800
0.877955 8.881730
0.878196 22.366600
0.878437 18.868600
0.878678 7.233520
0.878919 46.980700
0.879161 36.933900
0.879402 28.437000
0.879643 9.551550
0.879884 10.391000
0.880125 14.586000
0.880367 23.356400
0.880608 26.861500
0.880849 6.498980
0.881090 79.584800
0.881331 33.098600
0.881573 3.445770
0.881814 9.834590
0.882055 37.664100
0.882296 20.542600
0.882537 30.517300
0.882779 18.790100
0.883020 48.551500
0.883261 21.401000
0.883502 10.575600
0.883743 21.848200
0.883985 7.999640
0.884226 36.231200
0.884467 18.864600
0.884708 8.428430
0.884949 39.986600
0.885191 38.515400
0.885432 61.870600
0.885673 7.925560
0.885914 19.447000
0.886155 6.376110
0.886397 18.176900
0.886638 8.676250
0.886879 7.991790
0.887120 50.324700
0.887361 6.061330
0.887603 51.993500
0.887844 17.742800
0.888085 4.007940
0.888326 8.533390
0.888567 7.951030
0.888808 20.002400
0.889050 31.124900
0.889291 6.227870
0.889532 49.564000
0.889773 1.844370
0.890014 40.192000
0.890256 20.803000
0.890497 51.087000
0.890738 49.218800
0.890979 40.746300
0.891220 36.790400
0.891462 11.265800
0.891703 9.623050
0.891944 9.235050
0.892185 2.081380
0.892426 7.683130
0.892668 9.663210
0.892909 26.727400
0.893150 39.883100
0.893391 1.707210
0.893632 60.045000
0.893874 23.120700
0.894115 26.883700
0.894356 15.977600
0.894597 2.315410
0.894838 21.486700
0.895080 9.974950
0.895321 31.066200
0.895562 18.030600
0.895803 6.709600
0.896044 23.843300
0.896286 28.900300
0.896527 36.996500
0.896768 25.459300
0.897009 10.958800
0.897250 4.793500
0.897492 37.908900
0.897733 15.729200
0.897974 25.770700
0.898215 1.785400
0.898456 20.108500
0.898698 14.715300
0.898939 48.822900
0.899180 1.885550
0.899421 32.029900
0.899662 37.392700
0.899904 27.622900
0.900145 9.701770
0.900386 23.083800
0.900627 8.017740
0.900868 62.314500
0.901110 19.591900
0.901351 8.077080
0.901592 29.321100
0.901833 31.804100
0.902074 2.326180
0.902315 8.791990
0.902557 35.679500
0.902798 19.827200
0.903039 31.928100
0.903280 29.169400
0.903521 85.075900
0.903763 16.385900
0.904004 47.604100
0.904245 12.078900
0.904486 8.536580
0.904727 34.869200
0.904969 24.343900
0.905210 47.791000
0.905451 39.523800
0.905692 61.724400
0.905933 4.221720
0.906175 12.613900
0.906416 7.679900
0.906657 20.977900
0.906898 52.476700
0.907139 46.473200
0.907381 7.407210
0.907622 8.133420
0.907863 9.722720
0.908104 16.465000
0.908345 6.220770
0.908587 68.760100
0.908828 6.828430
0.909069 10.187000
0.909310 39.208400
0.909551 3.820530
0.909793 5.157990
0.910034 32.646100
0.910275 7.775830
0.910516 30.533100
0.910757 18.041400
0.910999 26.412300
0.911240 7.275500
0.911481 34.857900
0.911722 32.788800
0.911963 8.802110
0.912205 11.297000
0.912446 37.038200
0.912687 42.625200
0.912928 8.024710
0.913169 8.671880
0.913411 3.662030
0.913652 11.579000
0.913893 84.172000
0.914134 53.215400
0.914375 15.870800
0.914616 42.367900
0.914858 11.443100
0.915099 19.395200
0.915340 11.861400
0.915581 34.225000
0.915822 15.659000
0.916064 16.967800
0.916305 12.161900
0.916546 42.426100
0.916787 9.729650
0.917028 6.232030
0.917270 11.064600
0.917511 18.385600
0.917752 49.967300
0.917993 8.976980
0.918234 52.186200
0.918476 4.315510
0.918717 65.765400
0.918958 19.831000
0.919199 23.954000
0.919440 15.930900
0.919682 16.427000
0.919923 52.668400
0.920164 11.202100
0.920405 18.697600
0.920646 33.487300
0.920888 28.821600
0.921129 43.326900
0.921370 7.153220
0.921611 24.886800
0.921852 3.193850
0.922094 23.879400
0.922335 4.156450
0.922576 6.936130
0.922817 66.191000
0.923058 8.822850
0.923300 33.857800
0.923541 41.379400
0.923782 27.518700
0.924023 9.681650
0.924264 16.111800
0.924506 66.382200
0.924747 13.790200
0.924988 69.038900
0.925229 29.972800
0.925470 62.249600
0.925712 38.244200
0.925953 62.796300
0.926194 14.691700
0.926435 13.867400
0.926676 27.493700
0.926918 81.603200
0.927159 3.973420
0.927400 29.051100
0.927641 71.484400
0.927882 2.875160
0.928123 46.909500
0.928365 10.466300
0.928606 13.851900
0.928847 9.615720
0.929088 48.405800
0.929329 29.654100
0.929571 20.081700
0.929812 4.191410
0.930053 41.313900
0.930294 44.208100
0.930535 61.406200
0.930777 16.020300
0.931018 12.187300
0.931259 55.065100
0.931500 9.640640
0.931741 18.589400
0.931983 12.745700
0.932224 27.580000
0.932465 56.226000
0.932706 1.674460
0.932947 28.888400
0.933189 6.927850
0.933430 9.505000
0.933671 15.074400
0.933912 19.323500
0.934153 9.962620
0.934395 13.694400
0.934636 28.692800
0.934877 8.564220
0.935118 10.261000
0.935359 7.331490
0.935601 16.532900
0.935842 7.389480
0.936083 21.749300
0.936324 16.262900
0.936565 11.440400
0.936807 30.323800
0.937048 13.276800
0.937289 24.265700
0.937530 21.983000
0.937771 47.474200
0.938013 30.806400
0.938254 11.135800
0.938495 59.760700
0.938736 6.661440
0.938977 38.540700
0.939219 8.690390
0.939460 1.804120
0.939701 14.114000
0.939942 67.291400
0.940183 10.053200
0.940425 5.636750
0.940666 8.438950
0.940907 26.404400
0.941148 7.486790
0.941389 13.145500
0.941630 4.937670
0.941872 48.613900
0.942113 83.023900
0.942354 26.589600
0.942595 49.426300
0.942836 16.470700
0.943078 36.902500
0.943319 15.075200
0.943560 15.518300
0.943801 6.333060
0.944042 36.956900
0.944284 65.837000
0.944525 15.805600
0.944766 15.021100
0.945007 2.452200
0.945248 28.102200
0.945490 17.007200
0.945731 8.867750
0.945972 37.820100
0.946213 18.292200
0.946454 10.208500
0.946696 11.295400
0.946937 2.870880
0.947178 14.038200
0.947419 8.860860
0.947660 20.589800
0.947902 5.938050
0.948143 33.783100
0.948384 31.939600
0.948625 16.936900
0.948866 15.989200
0.949108 43.613500
0.949349 56.556600
0.949590 4.059800
0.949831 65.718300
0.950072 73.052200
0.950314 59.590600
0.950555 4.860490
0.950796 26.584300
0.951037 34.636000
0.951278 13.663400
0.951520 27.242000
0.951761 7.387870
0.952002 6.095010
0.952243 9.758530
0.952484 6.166990
0.952726 11.225400
0.952967 31.808600
0.953208 71.813600
0.953449 12.587800
0.953690 22.933900
0.953932 9.162640
0.954173 5.425420
0.954414 9.146060
0.954655 43.440900
0.954896 22.259900
0.955137 7.999280
0.955379 15.421200
0.955620 23.099600
0.955861 6.585560
0.956102 34.780200
0.956343 48.257100
0.956585 81.850900
0.956826 43.296300
0.957067 32.836800
0.957308 15.413200
0.957549 15.062600
0.957791 22.226000
0.958032 69.756600
0.958273 27.213200
0.958514 17.537000
0.958755 7.746700
0.958997 61.148900
0.959238 11.387900
0.959479 5.803250
0.959720 42.659700
0.959961 33.790000
0.960203 33.213700
0.960444 16.703800
0.960685 21.270100
0.960926 40.821500
0.961167 37.806900
0.961409 9.809070
0.961650 11.300600
0.961891 28.282200
0.962132 17.118300
0.962373 8.514490
0.962615 73.065400
0.962856 23.630100
0.963097 18.145900
0.963338 36.980600
0.963579 20.138800
0.963821 5.526400
0.964062 10.645100
0.964303 15.853500
0.964544 13.863500
0.964785 46.847800
0.965027 18.865900
0.965268 39.391700
0.965509 21.316500
0.965750 6.762120
0.965991 16.042900
0.966233 84.020900
0.966474 4.664000
0.966715 74.132700
0.966956 25.009200
0.967197 14.538600
0.967438 19.956700
0.967680 18.144300
0.967921 13.852600
0.968162 26.007100
0.968403 9.047180
0.968644 62.383700
0.968886 19.152600
0.969127 66.094900
0.969368 22.681600
0.969609 3.328280
0.969850 72.778900
0.970092 18.155700
0.970333 10.746200
0.970574 14.231300
0.970815 35.269500
0.971056 28.978400
0.971298 7.180510
0.971539 9.407050
0.971780 19.286500
0.972021 11.946200
0.972262 23.478100
0.972504 9.014340
0.972745 11.237500
0.972986 8.575800
0.973227 25.567400
0.973468 28.169700
0.973710 24.385200
0.973951 21.539400
0.974192 4.635550
0.974433 8.387250
0.974674 1.640790
0.974916 20.364700
0.975157 63.701600
0.975398 26.022300
0.975639 20.720500
0.975880 89.755900
0.976122 23.255700
0.976363 24.552700
0.976604 61.833800
0.976845 17.438400
0.977086 4.233110
0.977328 11.049200
0.977569 28.906300
0.977810 16.653200
0.978051 25.501100
0.978292 10.100500
0.978534 40.528400
0.978775 91.092300
0.979016 30.945500
0.979257 38.631300
0.979498 8.006260
0.979740 7.832790
0.979981 38.835300
0.980222 63.866900
0.980463 10.809800
0.980704 38.348800
0.980945 50.905600
0.981187 19.354700
0.981428 54.821000
0.981669 16.949400
0.981910 7.346680
0.982151 12.536700
0.982393 5.420800
0.982634 63.799400
0.982875 16.757800
0.983116 3.246390
0.983357 40.227200
0.983599 8.858610
0.983840 7.628210
0.984081 5.961030
0.984322 6.173570
0.984563 14.265200
0.984805 7.449650
0.985046 35.203200
0.985287 29.328800
0.985528 11.264700
0.985769 3.997690
0.986011 10.129700
0.986252 8.315630
0.986493 20.657200
0.986734 36.141600
0.986975 27.889300
0.987217 35.834800
0.987458 4.101200
0.987699 32.080800
0.987940 7.545940
0.988181 22.398000
0.988423 7.306480
0.988664 31.718800
0.988905 18.609400
0.989146 35.388500
0.989387 70.575700
0.989629 8.687450
0.989870 13.673100
0.990111 8.149700
0.990352 16.936000
0.990593 25.798100
0.990835 83.193800
0.991076 45.787200
0.991317 3.706640
0.991558 11.879400
0.991799 35.917500
0.992041 3.665500
0.992282 31.294000
0.992523 7.777260
0.992764 37.177700
0.993005 8.934930
0.993247 26.956900
0.993488 17.653100
0.993729 65.481000
0.993970 17.271600
0.994211 72.575100
0.994452 6.011160
0.994694 28.586500
0.994935 12.668600
0.995176 17.450700
0.995417 32.195800
0.995658 39.335900
0.995900 29.724700
0.996141 15.334000
0.996382 60.856700
0.996623 47.326700
0.996864 10.835400
0.997106 66.035300
0.997347 24.061200
0.997588 19.371500
0.997829 39.638300
0.998070 4.206160
0.998312 68.471400
0.998553 46.371400
0.998794 55.100900
0.999035 53.900800
0.999276 36.468200
0.999518 7.048740
0.999759 36.132600
1.000000 15.174600
