0.000799 22.342100
0.001599 7.663760
0.002398 24.956400
0.003197 4.519340
0.003997 21.032700
0.004796 42.676400
0.005596 16.848700
0.006395 11.655500
0.007194 15.469700
0.007994 9.125930
0.008793 38.995500
0.009592 58.153000
0.010392 23.281000
0.011191 21.140000
0.011990 47.697400
0.012790 16.975600
0.013589 6.224120
0.014388 20.015800
0.015188 62.396400
0.015987 11.626500
0.016787 20.814700
0.017586 24.742300
0.018385 56.609400
0.019185 31.937200
0.019984 23.153600
0.020783 14.905000
0.021583 26.672500
0.022382 7.415320
0.023181 7.031300
0.023981 85.076600
0.024780 6.325010
0.025580 14.129500
0.026379 28.211500
0.027178 54.684700
0.027978 14.010800
0.028777 4.642970
0.029576 41.026600
0.030376 35.509700
0.031175 7.851130
0.031974 30.059600
0.032774 32.237200
0.033573 5.378590
0.034373 83.180900
0.035172 68.963700
0.035971 9.840860
0.036771 6.101720
0.055955 9.691900
0.056755 6.614900
0.057554 18.518900
0.060751 9.958660
0.061551 26.015900
0.062350 58.906900
0.063149 16.369700
0.063949 12.950700
0.064748 7.660560
0.065548 18.959000
0.066347 84.045900
0.067146 25.901600
0.067946 29.047000
0.068745 18.716100
0.069544 21.592700
0.070344 8.131960
0.071143 22.472700
0.071942 5.194870
0.072742 6.015500
0.073541 27.319900
0.074341 19.976700
0.075140 11.302800
0.075939 81.580100
0.076739 90.571500
0.095124 8.389800
0.095923 71.153800
0.096723 12.286800
0.097522 26.310400
0.098321 65.993200
0.099121 8.360530
0.107914 59.483000
0.108713 35.287400
0.109512 42.788700
0.110312 9.596140
0.111111 20.126100
0.111910 13.098500
0.112710 19.088900
0.113509 25.165900
0.114309 28.896300
0.115108 38.136800
0.115907 40.401000
0.116707 24.997700
0.117506 19.456700
0.118305 47.837100
0.119105 43.487400
0.119904 31.321800
0.120703 32.671700
0.121503 44.926900
0.122302 7.233490
0.123102 22.712600
0.123901 59.938700
0.124700 5.059580
0.125500 13.692300
0.126299 16.843400
0.127098 32.191100
0.127898 9.622610
0.128697 8.606350
0.129496 39.762400
0.130296 4.012280
0.131095 31.182700
0.133493 8.324900
0.134293 44.068800
0.135092 22.323700
0.135891 57.175200
0.136691 8.981200
0.137490 4.274500
0.138289 62.527400
0.139089 19.014800
0.139888 36.343300
0.140687 38.583200
0.141487 10.172000
0.142286 54.580800
0.143086 5.415170
0.143885 63.996600
0.144684 11.080400
0.145484 7.182660
0.146283 46.487500
0.147082 9.693280
0.147882 17.381700
0.148681 15.807400
0.149480 20.150000
0.150280 34.778400
0.151079 35.038000
0.151878 56.980000
0.152678 36.963800
0.153477 21.485500
0.154277 19.104600
0.155076 10.243900
0.155875 9.802060
0.156675 38.424800
0.157474 31.799500
0.158273 5.446610
0.159073 32.034900
0.159872 23.259700
0.160671 15.602100
0.161471 19.957500
0.162270 7.665470
0.163070 7.541400
0.163869 67.105100
0.164668 9.067130
0.165468 26.998500
0.166267 10.544600
0.167066 18.839900
0.167866 3.869480
0.168665 5.752080
0.169464 32.175000
0.170264 24.238800
0.171063 12.538000
0.171863 23.761600
0.172662 30.357300
0.173461 24.038800
0.174261 81.162000
0.175060 14.349400
0.175859 7.434320
0.176659 11.240200
0.177458 9.947840
0.178257 7.991730
0.179057 18.215300
0.179856 17.999700
0.180655 35.931700
0.181455 56.094000
0.182254 6.366530
0.183054 6.948900
0.183853 17.763000
0.184652 9.802070
0.185452 8.616290
0.186251 16.547000
0.187050 29.630300
0.187850 9.525010
0.188649 6.628340
0.189448 15.232600
0.190248 4.094870
0.191047 47.491600
0.191847 6.661910
0.192646 24.406100
0.193445 16.990100
0.194245 8.139890
0.195044 39.548800
0.195843 49.468400
0.196643 15.598500
0.197442 7.161660
0.198241 20.886400
0.199041 4.704650
0.199840 45.828700
0.200639 31.320900
0.201439 32.180800
0.202238 9.986150
0.203038 8.457920
0.203837 51.376400
0.204636 29.224300
0.205436 8.798670
0.206235 60.270800
0.207034 33.391700
0.207834 18.641800
0.208633 55.211100
0.209432 32.711400
0.210232 15.768300
0.211031 3.220010
0.211831 21.958000
0.212630 31.216300
0.213429 31.921600
0.214229 12.091800
0.215028 16.918200
0.215827 22.322800
0.216627 5.836130
0.217426 23.459000
0.218225 28.223300
0.219025 58.043900
0.219824 32.106600
0.220624 37.001300
0.221423 46.213600
0.222222 22.615100
0.223022 72.960400
0.223821 4.527710
0.224620 26.494500
0.225420 44.898700
0.226219 3.831590
0.227018 20.831300
0.227818 5.183440
0.228617 3.848430
0.229416 10.304600
0.230216 5.657750
0.231015 83.821500
0.231815 16.733300
0.232614 26.109200
0.233413 11.365800
0.234213 26.872300
0.235012 7.603900
0.235811 4.568110
0.236611 3.870270
0.237410 20.411900
0.238209 37.699500
0.239009 28.146200
0.240608 67.121200
0.241407 24.080300
0.242206 66.763400
0.243006 64.311300
0.243805 42.643600
0.244604 25.059000
0.245404 3.523630
0.246203 21.139100
0.247002 18.725600
0.247802 5.865350
0.248601 5.088150
0.249400 62.725300
0.250200 10.364300
0.250999 3.462870
0.251799 24.332900
0.252598 53.830800
0.253397 7.343540
0.254197 28.012800
0.254996 32.157200
0.255795 18.765800
0.256595 19.394500
0.257394 6.087700
0.258193 11.308200
0.258993 6.141600
0.259792 16.296200
0.260592 5.679800
0.261391 19.175900
0.262190 34.892200
0.262990 9.161890
0.263789 10.770300
0.264588 20.242500
0.265388 46.229400
0.266187 7.157230
0.266986 7.699680
0.267786 6.116450
0.268585 5.041140
0.269384 4.894300
0.270184 10.607200
0.270983 16.553100
0.271783 39.583700
0.272582 7.254530
0.273381 4.639480
0.274181 54.426700
0.274980 6.586460
0.275779 6.078130
0.276579 83.966600
0.277378 18.026300
0.278177 18.632600
0.278977 57.039500
0.279776 44.979000
0.280576 8.262340
0.281375 10.554000
0.282174 18.839000
0.282974 8.170830
0.283773 9.177140
0.284572 16.056100
0.285372 5.261040
0.286171 51.506200
0.286970 34.576300
0.287770 10.011300
0.288569 55.008500
0.289369 58.109800
0.290168 14.030800
0.290967 23.161400
0.291767 8.869040
0.292566 10.519400
0.293365 20.616500
0.294165 39.528300
0.294964 17.929000
0.295763 4.715480
0.296563 31.795000
0.297362 10.548300
0.298161 2.534490
0.298961 31.169200
0.299760 55.288300
0.300560 22.678200
0.301359 19.214400
0.302158 13.618100
0.302958 10.939000
0.303757 37.372400
0.304556 7.173340
0.305356 9.689020
0.306155 3.020920
0.306954 29.664200
0.307754 11.512900
0.308553 20.899700
0.309353 13.880000
0.310152 21.926100
0.310951 21.427900
0.311751 61.217300
0.312550 26.655500
0.313349 18.046700
0.314149 7.510610
0.314948 27.363500
0.315747 28.709400
0.316547 39.223500
0.317346 46.450400
0.318145 23.527200
0.318945 35.137900
0.319744 47.366600
0.320544 8.748310
0.321343 30.513400
0.322142 38.710900
0.322942 33.120500
0.323741 8.233240
0.324540 22.924400
0.325340 28.468400
0.326139 12.390400
0.326938 79.194100
0.327738 24.647600
0.328537 48.642400
0.329337 63.066100
0.330136 62.891800
0.330935 8.720900
0.331735 16.978500
0.332534 24.127400
0.333333 27.708300
0.334133 35.545700
0.334932 8.227930
0.335731 40.351600
0.336531 2.278270
0.337330 16.703400
0.338129 10.049200
0.338929 5.943930
0.339728 13.841100
0.340528 8.081460
0.341327 91.345600
0.345324 58.116000
0.346123 6.228320
0.346922 5.218600
0.347722 42.537400
0.348521 6.561390
0.349321 59.860800
0.350120 64.484400
0.350919 23.628500
0.351719 2.866820
0.352518 4.364970
0.353317 7.150590
0.354117 16.270200
0.354916 50.285800
0.355715 9.139080
0.356515 38.455700
0.357314 12.819300
0.358114 28.813500
0.358913 37.339200
0.359712 42.868100
0.360512 20.317500
0.361311 64.347900
0.362110 22.705100
0.362910 11.292600
0.363709 6.113360
0.364508 5.555320
0.365308 20.934200
0.366107 10.558900
0.366906 68.849700
0.367706 20.090300
0.368505 34.107500
0.369305 60.976000
0.370104 21.925300
0.370903 9.079570
0.371703 68.363900
0.372502 20.965400
0.373301 18.555800
0.374101 44.473000
0.374900 9.827590
0.375699 53.187500
0.376499 31.233200
0.377298 10.654100
0.378098 4.315620
0.378897 11.981500
0.379696 41.183600
0.380496 12.228800
0.381295 32.557200
0.382094 30.946200
0.382894 34.911200
0.383693 1.773110
0.384492 20.407000
0.385292 13.380100
0.386091 13.953900
0.386890 7.988620
0.387690 10.810300
0.388489 20.365800
0.389289 37.215800
0.390088 7.915700
0.390887 23.888500
0.391687 29.696600
0.392486 46.379900
0.393285 11.819800
0.394085 59.196500
0.394884 6.076250
0.395683 9.335450
0.396483 9.710780
0.397282 17.225000
0.398082 31.259500
0.398881 3.482700
0.399680 5.981520
0.400480 7.670320
0.401279 37.809600
0.402078 10.663600
0.402878 42.532300
0.403677 14.886900
0.404476 23.392900
0.405276 17.049500
0.406075 6.723980
0.406875 47.045500
0.407674 23.136500
0.408473 5.000520
0.409273 5.310900
0.410072 7.710450
0.410871 17.944500
0.411671 6.803630
0.412470 84.036200
0.413269 14.396200
0.414069 11.749200
0.414868 7.907140
0.415667 9.295430
0.416467 10.542000
0.417266 9.849770
0.418066 41.333700
0.418865 3.132090
0.419664 66.755600
0.420464 20.032300
0.421263 19.896100
0.422062 16.611600
0.422862 7.520490
0.423661 24.498000
0.424460 4.436520
0.425260 56.447900
0.426059 17.097000
0.426859 24.971800
0.427658 47.326000
0.428457 23.211800
0.429257 13.635800
0.430056 12.005100
0.430855 26.153500
0.431655 37.899200
0.432454 9.301430
0.433253 25.499100
0.434053 19.924600
0.434852 54.378000
0.435651 8.853170
0.436451 20.544600
0.437250 21.063100
0.438050 6.336770
0.438849 3.607890
0.439648 7.458350
0.440448 26.373800
0.441247 12.200400
0.442046 44.455000
0.442846 1.796570
0.443645 39.275100
0.444444 8.275010
0.445244 11.420500
0.446043 26.800000
0.446843 14.625300
0.447642 4.648480
0.448441 23.770400
0.449241 13.437600
0.450040 15.174100
0.450839 26.644400
0.451639 16.291300
0.452438 17.917900
0.453237 17.497300
0.454037 27.158400
0.454836 22.573400
0.455635 25.077000
0.456435 62.340500
0.457234 8.668940
0.458034 17.385000
0.458833 52.364400
0.459632 12.412500
0.460432 3.026850
0.461231 8.338170
0.462030 61.105800
0.462830 18.332700
0.463629 55.365000
0.464428 21.034400
0.465228 15.149000
0.466027 41.566500
0.466827 26.533900
0.467626 33.765700
0.468425 9.560640
0.469225 46.847000
0.470024 9.049280
0.470823 11.883100
0.471623 10.195900
0.472422 33.064400
0.473221 10.197700
0.474021 5.362290
0.474820 5.883260
0.475620 39.371600
0.476419 53.634100
0.477218 19.540200
0.478018 19.405700
0.478817 23.301700
0.479616 5.916920
0.480416 62.119400
0.481215 39.862300
0.482014 28.025700
0.482814 11.130900
0.483613 55.538800
0.484412 11.001800
0.485212 8.120930
0.486011 8.340960
0.486811 16.725800
0.487610 23.785000
0.488409 13.912400
0.489209 34.395700
0.490008 54.423900
0.490807 35.451400
0.491607 52.372300
0.492406 21.631100
0.493205 31.272100
0.494005 7.412530
0.494804 17.281200
0.495604 6.315590
0.496403 17.861800
0.497202 35.655100
0.498002 7.781050
0.498801 34.328800
0.499600 5.199710
0.500400 9.805800
0.501199 40.703800
0.501998 12.825900
0.502798 20.107500
0.503597 7.669530
0.504396 9.311770
0.505196 43.191700
0.505995 33.093100
0.506795 6.135160
0.507594 4.812560
0.508393 1.650750
0.509193 20.690400
0.509992 6.225530
0.510791 29.080000
0.511591 22.423000
0.512390 57.671800
0.513189 54.910400
0.513989 7.671130
0.514788 42.776800
0.515588 7.392730
0.516387 9.708800
0.517186 66.464300
0.517986 16.361600
0.518785 37.177200
0.519584 18.615400
0.520384 20.912500
0.521183 23.235900
0.521982 6.593090
0.522782 3.101290
0.523581 9.391330
0.524380 14.393300
0.525180 7.239150
0.525979 66.095900
0.526779 23.161100
0.527578 19.817100
0.528377 8.927870
0.529177 2.189190
0.529976 20.628200
0.530775 36.968200
0.531575 20.119200
0.532374 28.361400
0.533173 2.258640
0.533973 29.874800
0.534772 54.606000
0.535572 39.703700
0.536371 22.419300
0.537170 18.458200
0.537970 18.943500
0.538769 23.610900
0.539568 55.748900
0.540368 9.576650
0.541167 15.336100
0.541966 23.266200
0.543565 11.312900
0.544365 10.066300
0.545164 37.322100
0.545963 15.602800
0.546763 17.725100
0.547562 6.104000
0.548361 13.047100
0.549161 6.836880
0.549960 17.227700
0.550759 17.553700
0.551559 28.847200
0.552358 1.017600
0.553157 39.358000
0.553957 45.089800
0.554756 42.869500
0.555556 3.560610
0.556355 43.674100
0.557154 27.673700
0.557954 15.735500
0.558753 44.672400
0.559552 61.423800
0.560352 49.314700
0.561151 7.477000
0.561950 7.183370
0.562750 14.045600
0.563549 11.598400
0.564349 5.514880
0.565148 21.225000
0.565947 43.459100
0.566747 5.127220
0.567546 52.100400
0.568345 13.065600
0.569145 2.891650
0.569944 8.776500
0.570743 55.253400
0.571543 33.929100
0.572342 43.420900
0.573141 7.714710
0.573941 9.163890
0.574740 22.686600
0.575540 9.396030
0.576339 57.521800
0.577138 9.674930
0.577938 10.009400
0.578737 43.234300
0.579536 23.997500
0.580336 4.036280
0.581135 8.888940
0.581934 3.690360
0.582734 11.057200
0.583533 39.877100
0.584333 63.782900
0.585132 43.092500
0.585931 2.141700
0.586731 10.990700
0.587530 4.685380
0.588329 8.568920
0.589129 32.197800
0.589928 58.524700
0.590727 7.951450
0.591527 7.494480
0.592326 77.808400
0.593125 6.908230
0.593925 18.232400
0.594724 10.122600
0.595524 9.576520
0.596323 12.265800
0.597122 9.829360
0.597922 36.090000
0.598721 7.503310
0.599520 4.502460
0.600320 13.482400
0.601119 44.949900
0.601918 29.940000
0.602718 2.121650
0.603517 12.832300
0.604317 19.054300
0.605116 15.515100
0.605915 30.986100
0.606715 12.244800
0.607514 11.310500
0.608313 6.533380
0.609113 10.387900
0.609912 40.393600
0.610711 7.561550
0.611511 51.691700
0.612310 4.765790
0.613110 14.786700
0.613909 25.772400
0.614708 19.391300
0.615508 67.417800
0.616307 50.413100
0.617106 40.623400
0.617906 8.860370
0.618705 15.761200
0.619504 19.224200
0.620304 32.501600
0.621103 20.400800
0.621902 23.135200
0.622702 18.575100
0.623501 4.265040
0.624301 16.781600
0.625100 7.752070
0.625899 24.982800
0.626699 78.633600
0.627498 27.524200
0.628297 20.256700
0.629097 35.834900
0.629896 45.415200
0.630695 36.689100
0.631495 35.390900
0.632294 12.768900
0.633094 5.850310
0.633893 9.251330
0.634692 7.108200
0.635492 7.505970
0.636291 35.948700
0.637090 7.122960
0.637890 91.206300
0.638689 32.886600
0.639488 26.372300
0.640288 27.824400
0.641087 33.252800
0.641886 30.742200
0.642686 89.801300
0.643485 7.699560
0.644285 2.829040
0.645084 17.877900
0.645883 40.871100
0.646683 27.782300
0.647482 27.095600
0.648281 10.032400
0.649081 38.241700
0.649880 28.093900
0.650679 13.521600
0.651479 31.653600
0.652278 12.991100
0.653078 87.297700
0.653877 49.495700
0.654676 4.569700
0.655476 19.070000
0.656275 32.886200
0.657074 27.367600
0.657874 9.305520
0.658673 11.464900
0.659472 82.778100
0.660272 72.380800
0.661071 27.131900
0.661871 52.672600
0.662670 38.958700
0.663469 34.063900
0.664269 6.095100
0.665068 10.213800
0.665867 53.455800
0.666667 54.642600
0.667466 7.279460
0.668265 8.226480
0.669065 46.564700
0.669864 7.187690
0.670663 26.957000
0.671463 9.630250
0.672262 35.159700
0.673062 8.659700
0.673861 9.631870
0.674660 17.149700
0.675460 49.973600
0.676259 6.230770
0.677058 38.741700
0.677858 42.328300
0.678657 13.923800
0.679456 9.682830
0.680256 7.618220
0.681055 23.966500
0.681855 7.709390
0.682654 26.132700
0.683453 7.392160
0.684253 38.960400
0.685052 18.045300
0.685851 17.428400
0.686651 16.206800
0.687450 8.189300
0.688249 42.074800
0.689049 5.875730
0.689848 16.615300
0.690647 9.882850
0.691447 30.633000
0.692246 17.869400
0.693046 23.443200
0.693845 37.363000
0.694644 3.970680
0.695444 32.997800
0.696243 19.913400
0.697042 7.016320
0.697842 22.950800
0.698641 3.179630
0.699440 13.030000
0.700240 21.906000
0.701039 41.245000
0.701839 28.896400
0.702638 5.828550
0.703437 8.371040
0.704237 7.884490
0.705036 8.576670
0.705835 8.541710
0.706635 20.196200
0.707434 8.954970
0.708233 23.157900
0.709033 9.441190
0.709832 14.026200
0.710631 8.454560
0.711431 41.417000
0.712230 7.255120
0.713030 17.727300
0.713829 1.807300
0.714628 24.936900
0.715428 43.880700
0.716227 30.324000
0.717026 14.055800
0.717826 10.960200
0.718625 9.524790
0.719424 5.393530
0.720224 5.511250
0.721023 21.603800
0.721823 28.551000
0.722622 16.716600
0.723421 9.928860
0.724221 16.501200
0.725020 4.782530
0.725819 21.955200
0.726619 13.173500
0.727418 41.826300
0.728217 19.254800
0.729017 32.350300
0.729816 23.175100
0.730616 10.289500
0.731415 80.663100
0.732214 2.358490
0.733014 12.998900
0.733813 44.069900
0.734612 62.042800
0.735412 40.144700
0.736211 94.651900
0.737010 66.557600
0.737810 8.327280
0.738609 63.041800
0.739408 3.117050
0.740208 33.314300
0.741007 42.249800
0.741807 6.940640
0.742606 6.841940
0.743405 40.112200
0.744205 22.897600
0.745004 24.617500
0.745803 58.331300
0.746603 4.150630
0.747402 2.898560
0.748201 22.936600
0.749001 24.035800
0.749800 13.549300
0.750600 7.659630
0.751399 19.491500
0.752198 5.143860
0.752998 13.125300
0.753797 77.687700
0.754596 23.361900
0.755396 25.780300
0.756195 20.871700
0.756994 11.693500
0.757794 22.205800
0.758593 24.895100
0.759392 63.903000
0.760192 23.241500
0.760991 76.008100
0.761791 6.492730
0.762590 72.649600
0.763389 46.947900
0.764189 28.225000
0.764988 14.828200
0.765787 9.727330
0.766587 60.713700
0.767386 27.234700
0.768185 10.033900
0.768985 50.816800
0.769784 68.301200
0.770584 9.556770
0.771383 2.616220
0.772182 6.197190
0.772982 15.721600
0.773781 27.087900
0.774580 3.435060
0.775380 12.596400
0.776179 69.618300
0.776978 13.136000
0.777778 23.217400
0.778577 34.563100
0.779376 32.260300
0.780176 15.033000
0.780975 4.928640
0.781775 15.061900
0.782574 21.003900
0.783373 4.952380
0.784173 18.608500
0.784972 13.442300
0.785771 41.126000
0.786571 16.596100
0.787370 55.285000
0.788169 30.772500
0.788969 5.457320
0.789768 35.396300
0.790568 6.265980
0.791367 19.649200
0.792166 30.892200
0.792966 26.700300
0.793765 3.206450
0.794564 19.559900
0.795364 19.081100
0.796163 2.048790
0.796962 29.183000
0.797762 27.424000
0.798561 16.871100
0.799361 30.562000
0.800160 15.640800
0.800959 17.590800
0.801759 7.558570
0.802558 8.604360
0.803357 5.166410
0.804157 8.817220
0.804956 8.866670
0.805755 4.175000
0.806555 8.526610
0.807354 23.659000
0.808153 9.932250
0.808953 21.572000
0.809752 83.125900
0.810552 17.136900
0.811351 15.919400
0.812150 18.212900
0.812950 39.240400
0.813749 6.084310
0.814548 20.781800
0.815348 24.891500
0.816147 9.812980
0.816946 28.943600
0.817746 36.291700
0.818545 21.956000
0.819345 69.987000
0.820144 20.325400
0.820943 41.362900
0.821743 13.421600
0.822542 27.564400
0.823341 17.145100
0.824141 46.524200
0.824940 5.920060
0.825739 13.269100
0.826539 25.774600
0.827338 22.156200
0.828137 92.144900
0.828937 25.492400
0.829736 13.059500
0.830536 18.597300
0.831335 23.104200
0.832134 4.643080
0.832934 21.678200
0.833733 88.588000
0.834532 5.885770
0.835332 7.280940
0.836131 21.190200
0.836930 15.116600
0.837730 16.858100
0.838529 9.621300
0.839329 29.368300
0.840128 23.299200
0.840927 26.466300
0.841727 47.879800
0.842526 4.206890
0.843325 51.372000
0.844125 55.627700
0.844924 13.896300
0.845723 18.004000
0.846523 10.883800
0.847322 3.905700
0.848122 26.548800
0.848921 9.779160
0.849720 5.760510
0.850520 40.704800
0.851319 31.640100
0.852118 31.909600
0.852918 37.091300
0.853717 41.540400
0.854516 59.818200
0.855316 3.305600
0.856115 19.043500
0.856914 25.357700
0.857714 19.323200
0.858513 5.332130
0.859313 48.639300
0.860112 28.266300
0.860911 7.359260
0.861711 6.131400
0.862510 41.839900
0.863309 71.834300
0.864109 88.867600
0.864908 9.429110
0.865707 19.322600
0.866507 5.328410
0.867306 7.646430
0.868106 28.501600
0.868905 37.070100
0.869704 11.720000
0.870504 84.250100
0.871303 15.977400
0.872102 4.257670
0.872902 37.342300
0.873701 48.726100
0.874500 3.767700
0.875300 40.993900
0.876099 27.414700
0.876898 21.410400
0.877698 6.405220
0.878497 7.770990
0.879297 35.055500
0.880096 9.945950
0.880895 72.007800
0.881695 6.792230
0.882494 11.540500
0.883293 37.831300
0.884093 54.862600
0.884892 18.382000
0.885691 8.399710
0.886491 15.206900
0.887290 8.952760
0.888090 40.642600
0.888889 4.665230
0.889688 8.738860
0.890488 9.255480
0.891287 11.485100
0.892086 42.451400
0.892886 15.198100
0.893685 62.146400
0.894484 37.665200
0.895284 35.755700
0.896083 9.905870
0.896882 20.025500
0.897682 3.347350
0.898481 10.011100
0.899281 11.770600
0.900080 19.537900
0.900879 66.925600
0.901679 43.646000
0.902478 7.486990
0.903277 26.463400
0.904077 37.241200
0.904876 9.055650
0.905675 30.787500
0.906475 7.326700
0.907274 7.948190
0.908074 52.701600
0.908873 53.922600
0.909672 9.805930
0.910472 34.506800
0.911271 36.469000
0.912070 25.491800
0.912870 42.545600
0.913669 31.309600
0.914468 46.578900
0.915268 41.481800
0.916067 19.443500
0.916867 5.944660
0.917666 91.227500
0.918465 19.577600
0.919265 26.536000
0.920064 17.051300
0.920863 3.785920
0.921663 11.122200
0.922462 2.860590
0.923261 48.109100
0.924061 30.727400
0.924860 64.750300
0.925659 48.394500
0.926459 13.121500
0.927258 18.612000
0.928058 17.170200
0.928857 32.572400
0.929656 30.765700
0.930456 9.091200
0.931255 17.215500
0.932054 55.238100
0.932854 15.336800
0.933653 5.875550
0.934452 37.294200
0.935252 42.539000
0.936051 5.553860
0.936851 26.193500
0.937650 33.970600
0.938449 4.719020
0.939249 36.605900
0.940048 5.990290
0.940847 32.424500
0.941647 58.081700
0.942446 23.075400
0.943245 1.873100
0.944045 56.083900
0.944844 22.239200
0.945643 5.685010
0.946443 6.869640
0.947242 58.187100
0.948042 7.362230
0.948841 45.825800
0.949640 40.091900
0.950440 41.229400
0.951239 14.134200
0.952038 9.012400
0.952838 63.782500
0.953637 13.748900
0.954436 75.051000
0.955236 42.099100
0.956035 7.445150
0.956835 9.146830
0.957634 18.033300
0.958433 4.666210
0.959233 2.005180
0.960032 25.197100
0.960831 34.538700
0.961631 13.454300
0.962430 43.864400
0.963229 28.296500
0.964029 6.536390
0.964828 29.051600
0.965627 22.208900
0.966427 10.015100
0.967226 21.803000
0.968026 11.419600
0.968825 32.284800
0.969624 6.526970
0.970424 18.066400
0.971223 13.024600
0.972022 11.098600
0.972822 15.559200
0.973621 1.799310
0.974420 11.609000
0.975220 30.458000
0.976019 24.736800
0.976819 14.557700
0.977618 2.307220
0.978417 14.734900
0.979217 35.036800
0.980016 14.274600
0.980815 5.044060
0.981615 15.810000
0.982414 49.745000
0.983213 16.178500
0.984013 71.709600
0.984812 30.196300
0.985612 18.419300
0.986411 29.961200
0.987210 54.461700
0.988010 61.752300
0.988809 52.753100
0.989608 35.757600
0.990408 11.231500
0.991207 5.142290
0.992006 19.487800
0.992806 29.943100
0.993605 17.246400
0.994404 19.934700
0.995204 40.613000
0.996003 1.731330
0.996803 21.380200
0.997602 22.233500
0.998401 41.302200
0.999201 22.373100
1.000000 15.459900
