0.000234 6.672750
0.000468 52.300300
0.000702 36.077300
0.000936 10.691900
0.001170 31.558900
0.001404 15.330300
0.001637 36.997400
0.001871 14.174700
0.002105 10.576400
0.002339 10.282500
0.002573 20.481700
0.002807 8.840190
0.012632 59.483000
0.012865 8.694930
0.013099 68.075900
0.013333 4.653070
0.013567 7.454730
0.013801 23.129400
0.014035 6.011820
0.014269 44.238000
0.014503 18.698000
0.014737 8.588750
0.014971 28.759000
0.015205 13.332900
0.015439 9.468650
0.030409 9.691900
0.030643 4.003960
0.030877 12.950300
0.031111 13.694300
0.031345 20.578900
0.031579 1.687030
0.031813 26.416900
0.032047 70.496600
0.032281 2.311670
0.032515 12.679300
0.032749 23.668200
0.032982 20.567700
0.033216 6.870400
0.037895 9.958660
0.038129 1.762800
0.038363 11.035700
0.038596 57.780600
0.038830 13.454600
0.039064 2.134690
0.039298 5.490480
0.039532 33.163400
0.039766 6.615480
0.040000 12.142300
0.040234 15.661000
0.040468 7.497220
0.040702 6.557460
0.040936 17.315800
0.041170 1.922570
0.041404 13.769800
0.041637 10.430900
0.041871 18.733800
0.042105 55.284500
0.042339 33.248200
0.042573 22.163300
0.042807 55.965500
0.043041 8.716110
0.043275 21.507400
0.043509 35.843400
0.043743 7.042270
0.043977 16.605500
0.044211 7.518810
0.044444 41.907800
0.044678 14.999500
0.044912 7.619620
0.045146 10.160500
0.045380 29.127300
0.045614 13.845300
0.045848 4.965210
0.063626 8.389800
0.063860 24.100400
0.064094 24.903600
0.064327 50.198000
0.064561 38.467200
0.064795 2.207700
0.065029 2.972190
0.065263 21.944800
0.065497 49.700300
0.065731 47.041600
0.065965 10.586300
0.066199 15.104600
0.066433 16.245900
0.066667 5.105760
0.066901 14.769700
0.067135 29.962500
0.067368 9.547730
0.067602 38.533200
0.067836 53.334400
0.068070 7.813610
0.068304 23.431800
0.068538 20.436200
0.068772 42.003800
0.071813 67.417800
0.072047 26.044100
0.072281 52.272800
0.072515 13.979300
0.072749 71.279400
0.072982 16.978100
0.073216 36.730300
0.073450 14.831400
0.073684 30.323400
0.073918 17.717300
0.074152 16.028900
0.074386 44.816100
0.074620 8.923480
0.074854 14.295900
0.075088 25.835300
0.075322 6.763220
0.075556 8.589230
0.075789 26.796800
0.076023 44.598200
0.076257 24.981000
0.076491 38.230100
0.076725 11.275600
0.076959 17.634600
0.077193 51.412900
0.077427 23.185900
0.077661 19.197700
0.077895 13.399400
0.078129 20.943700
0.078363 40.035200
0.078596 1.798780
0.078830 8.836200
0.079064 20.873100
0.079298 11.346700
0.079532 14.646000
0.079766 23.216600
0.080000 16.599500
0.080234 10.122400
0.080468 11.408800
0.080702 53.989500
0.080936 14.929500
0.081170 9.274730
0.081404 25.045000
0.081637 6.398910
0.081871 43.568300
0.082105 15.085400
0.082339 39.134700
0.082573 22.039300
0.082807 5.382870
0.083041 3.765560
0.083275 46.244900
0.083509 18.276500
0.083743 3.335390
0.083977 25.142900
0.084211 35.155100
0.084444 10.827900
0.084678 11.718000
0.084912 25.794800
0.085146 40.834800
0.085380 11.116100
0.085614 54.334500
0.085848 15.088100
0.086082 63.473200
0.086316 22.960100
0.086550 60.511500
0.086784 20.251000
0.087018 24.922700
0.087251 70.825100
0.087485 13.809300
0.087719 21.430700
0.087953 15.019700
0.088187 41.460400
0.088421 20.397000
0.088655 8.899780
0.088889 5.480060
0.089123 5.428220
0.089357 32.448900
0.089591 24.922500
0.089825 73.834500
0.090058 59.395000
0.090292 66.656200
0.090526 15.602100
0.090760 62.281700
0.090994 38.396500
0.091228 34.234100
0.091462 13.128700
0.091696 54.161000
0.091930 59.654400
0.092164 20.134500
0.092398 9.378710
0.092632 36.629900
0.092865 5.301050
0.093099 61.301100
0.093333 16.906000
0.093567 7.544910
0.093801 12.401700
0.094035 20.007100
0.094269 8.989910
0.094503 9.579860
0.094737 1.781920
0.094971 15.482900
0.095205 6.415930
0.095439 40.213500
0.095673 31.688100
0.095906 2.372020
0.096140 50.787100
0.096374 14.390700
0.098947 8.324900
0.099181 29.787300
0.099415 10.889700
0.099649 8.243950
0.099883 13.331300
0.100585 11.312900
0.100819 11.233700
0.101053 61.136500
0.101287 59.155100
0.101520 7.742330
0.101754 15.205900
0.101988 52.463900
0.102222 60.273700
0.102456 63.464700
0.102690 84.976100
0.102924 8.380220
0.103158 14.869800
0.103392 31.884500
0.103626 12.123100
0.103860 6.655890
0.104094 20.227100
0.104327 9.474450
0.104561 29.910700
0.104795 48.637500
0.105029 52.915100
0.105263 47.725300
0.105497 30.800700
0.105731 11.081500
0.105965 14.153000
0.106199 49.237400
0.106433 47.734200
0.106667 22.763400
0.106901 58.386100
0.107135 33.976500
0.107368 10.663300
0.107602 7.881660
0.107836 9.376210
0.108070 12.757900
0.108304 72.770300
0.108538 72.837400
0.108772 25.104600
0.109006 29.148600
0.109240 59.458900
0.109474 10.552900
0.109708 12.695000
0.109942 17.079000
0.110175 34.397300
0.110409 1.646130
0.110643 9.872040
0.110877 14.750200
0.111111 55.707000
0.111345 9.650190
0.111579 11.612100
0.111813 7.565100
0.112047 29.650300
0.112281 12.801000
0.112515 51.986900
0.112749 9.155980
0.112982 6.538500
0.113216 11.131600
0.113450 19.486000
0.113684 11.326100
0.113918 31.427400
0.114152 11.657400
0.114386 3.059330
0.114620 10.057900
0.114854 18.858900
0.115088 9.588560
0.115322 8.189690
0.115556 29.957400
0.115789 23.588100
0.116023 30.194300
0.116257 4.003290
0.116491 15.082300
0.116725 26.243300
0.116959 25.046000
0.117193 67.549800
0.117427 56.211500
0.117661 48.753300
0.117895 72.885400
0.118129 62.454400
0.118363 18.563200
0.118596 12.308100
0.118830 50.943800
0.119064 17.845400
0.119298 36.529700
0.119532 37.827600
0.119766 7.410020
0.120000 11.916500
0.123977 58.116000
0.124211 11.469500
0.124444 42.582400
0.124678 16.624200
0.124912 37.872200
0.125146 15.266800
0.125380 11.336100
0.125614 10.697000
0.125848 9.845100
0.126082 66.984300
0.126316 8.787110
0.126550 8.285840
0.126784 16.315100
0.127018 4.842600
0.127251 7.647220
0.127485 50.599900
0.127719 11.284600
0.127953 68.223000
0.128187 15.100400
0.128421 10.197600
0.128655 21.657600
0.128889 9.200350
0.129123 23.602200
0.129357 44.371600
0.129591 10.977800
0.129825 23.443300
0.130058 24.275200
0.130292 25.718200
0.130526 44.549700
0.130760 17.482300
0.130994 71.005400
0.131228 16.600400
0.131462 8.433480
0.131696 1.646700
0.131930 42.961800
0.132164 22.438100
0.132398 5.932050
0.132632 30.352100
0.132865 1.497020
0.133099 10.286400
0.133333 21.467600
0.133567 71.027800
0.133801 38.279600
0.134035 8.300330
0.134269 6.131990
0.134503 25.774300
0.134737 11.944900
0.134971 6.767330
0.135205 18.330000
0.135439 29.353500
0.135673 20.536700
0.135906 14.347500
0.136140 48.695200
0.136374 18.463000
0.136608 8.720090
0.136842 30.838800
0.137076 17.433600
0.137310 20.033300
0.137544 45.947900
0.137778 10.910300
0.138012 51.591200
0.138246 9.140710
0.138480 15.471700
0.138713 17.134800
0.138947 30.070400
0.139181 7.884370
0.139415 10.387900
0.139649 80.082500
0.139883 20.881200
0.140117 15.417000
0.140351 45.800600
0.140585 8.121030
0.140819 47.904900
0.141053 18.059700
0.141287 20.306400
0.141520 19.904400
0.141754 24.504100
0.143158 67.121200
0.143392 8.959670
0.143626 40.137700
0.143860 18.064600
0.144094 45.988900
0.144327 21.822900
0.144561 21.603900
0.144795 18.530900
0.145029 3.905130
0.145263 38.223200
0.145497 7.088530
0.145731 41.901400
0.145965 6.783520
0.146199 11.968000
0.146433 9.291800
0.146667 5.002640
0.146901 11.153100
0.147135 23.126100
0.147368 13.117300
0.147602 28.475800
0.147836 49.141500
0.148070 56.890300
0.148304 32.746200
0.148538 8.423960
0.148772 14.745200
0.149006 21.663900
0.149240 13.094600
0.149474 9.941310
0.149708 8.918550
0.149942 10.192000
0.150175 19.825200
0.150409 5.568820
0.150643 8.849430
0.150877 31.647400
0.151111 23.583000
0.151345 63.967300
0.151579 23.782500
0.151813 31.245600
0.152047 15.301200
0.152281 13.612100
0.152515 11.993000
0.152749 61.177700
0.152982 7.070390
0.153216 6.278530
0.153450 8.891380
0.153684 44.709500
0.153918 20.288600
0.154152 13.325700
0.154386 8.374350
0.154620 16.196200
0.154854 31.644100
0.155088 9.072490
0.155322 4.237730
0.155556 12.275800
0.155789 47.690900
0.156023 16.000600
0.156257 17.881800
0.156491 13.056200
0.156725 19.108300
0.156959 2.233620
0.157193 4.297840
0.157427 28.958300
0.157661 9.314730
0.157895 40.295900
0.158363 16.436000
0.158596 41.363800
0.158830 4.079280
0.159064 13.839700
0.159298 21.974900
0.159532 3.225690
0.159766 25.639500
0.160000 14.033100
0.160234 19.778200
0.160468 8.446370
0.160702 61.854000
0.160936 25.325200
0.161170 13.827100
0.161404 3.740720
0.161637 19.942900
0.161871 7.568350
0.162105 17.335500
0.162339 18.045500
0.162573 12.712400
0.162807 4.349910
0.163041 25.437400
0.163275 49.257900
0.163509 14.114400
0.163743 21.186700
0.163977 8.679630
0.164211 47.665800
0.164444 24.158000
0.164678 47.758000
0.164912 4.913690
0.165146 2.759740
0.165380 13.429800
0.165614 10.337700
0.165848 3.749630
0.166082 63.099300
0.166316 5.843700
0.166550 15.401800
0.166784 92.337800
0.167018 13.213300
0.167251 50.901000
0.167485 5.617110
0.167719 5.095500
0.167953 38.758600
0.168187 17.470200
0.168421 61.002800
0.168655 9.646480
0.168889 36.015000
0.169123 9.882830
0.169357 79.649800
0.169591 7.059680
0.169825 65.033300
0.170058 39.403800
0.170292 8.040190
0.170526 75.205000
0.170760 28.131000
0.170994 7.668920
0.171228 29.877000
0.171462 38.715300
0.171696 25.284600
0.171930 5.138930
0.172164 23.692200
0.172398 8.154800
0.172632 54.625500
0.172865 37.810300
0.173099 6.936630
0.173333 46.597500
0.173567 13.328200
0.173801 38.474300
0.174035 9.569930
0.174269 44.152000
0.174503 14.523600
0.174737 12.529900
0.174971 6.923500
0.175205 24.750800
0.175439 20.698600
0.175673 90.450800
0.175906 12.334700
0.176140 26.380900
0.176374 24.631300
0.176608 20.276400
0.176842 66.500100
0.177076 29.713200
0.177310 22.938800
0.177544 32.555800
0.177778 8.990630
0.178012 25.624900
0.178246 59.033000
0.178480 26.774700
0.178713 36.120800
0.178947 17.605900
0.179181 5.403590
0.179415 19.904300
0.179649 30.650600
0.179883 46.817900
0.180117 53.258300
0.180351 30.369600
0.180585 3.538180
0.180819 55.958000
0.181053 21.242500
0.181287 4.860000
0.181520 44.830800
0.181754 68.593800
0.181988 35.448000
0.182222 17.449800
0.182456 63.620400
0.182690 27.823800
0.182924 5.574130
0.183158 76.578100
0.183392 12.833600
0.183626 1.226170
0.183860 31.944700
0.184094 2.193730
0.184327 39.918400
0.184561 41.757000
0.184795 13.764700
0.185029 3.194860
0.185263 5.110700
0.185497 24.733800
0.185731 6.188060
0.185965 20.578400
0.186199 28.366700
0.186433 8.150840
0.186667 19.888600
0.186901 1.756570
0.187135 12.294600
0.187368 5.275640
0.187602 5.223140
0.187836 11.647700
0.188070 22.618600
0.188304 20.818200
0.188538 20.158500
0.188772 43.331800
0.189006 5.343620
0.189240 6.731090
0.189474 24.057300
0.189708 8.186410
0.189942 46.040700
0.190175 57.328500
0.190409 8.711920
0.190643 12.134400
0.190877 2.342870
0.191111 10.355500
0.191345 5.858400
0.191579 57.777100
0.191813 19.189600
0.192047 42.977800
0.192281 39.508200
0.192515 70.232900
0.192749 54.246000
0.192982 59.120500
0.193216 29.431100
0.193450 6.195820
0.193684 4.056340
0.193918 31.249100
0.194152 14.251200
0.194386 13.016000
0.194620 26.267600
0.194854 44.658400
0.195088 10.308700
0.195556 23.272200
0.195789 3.483880
0.196023 68.231100
0.196257 20.026300
0.196491 25.988400
0.196725 7.341880
0.196959 30.723900
0.197193 9.056770
0.197427 23.250600
0.197661 10.961800
0.197895 43.961300
0.198129 36.299400
0.198363 16.711600
0.198596 9.930850
0.198830 29.515400
0.199064 80.583000
0.199298 11.148100
0.199532 10.450900
0.199766 9.068220
0.200000 15.398600
0.200234 16.927600
0.200468 14.854300
0.200702 4.597530
0.200936 7.401740
0.201170 33.637500
0.201404 11.819200
0.201637 7.645920
0.201871 7.720340
0.202105 9.971050
0.202339 12.065000
0.202573 9.365410
0.202807 12.319200
0.203041 7.413910
0.203275 24.102300
0.203509 10.908600
0.203743 25.917600
0.203977 31.984900
0.204211 8.639230
0.204444 15.366400
0.204678 5.501860
0.204912 11.236000
0.205146 21.332300
0.205380 38.945600
0.205614 57.776300
0.205848 7.457180
0.206082 28.482500
0.206316 19.977000
0.206550 4.769160
0.206784 6.931550
0.207018 8.492240
0.207251 75.661000
0.207485 12.978800
0.207719 11.776000
0.207953 24.087600
0.208187 28.747200
0.208421 6.435100
0.208655 13.813100
0.208889 53.211800
0.209123 23.872200
0.209357 4.465410
0.209591 18.445600
0.209825 22.469800
0.210058 7.477220
0.210292 10.952500
0.210526 21.155600
0.210760 61.730900
0.210994 7.212790
0.211228 20.678600
0.211462 48.530800
0.211696 67.617300
0.211930 12.803300
0.212164 76.748900
0.212398 21.904900
0.212632 7.950860
0.212865 14.341600
0.213099 14.592400
0.213333 26.757900
0.213567 6.519800
0.213801 44.767500
0.214035 11.749200
0.214269 19.562500
0.214503 21.761900
0.214737 30.638300
0.214971 6.031240
0.215205 9.232470
0.215439 14.453300
0.215673 4.594440
0.215906 17.400100
0.216140 26.978500
0.216374 4.126240
0.216608 15.054300
0.216842 8.731500
0.217076 19.901200
0.217310 20.435100
0.217544 20.630500
0.217778 18.152400
0.218012 20.234500
0.218246 22.201100
0.218480 29.141700
0.218713 23.996300
0.218947 20.741900
0.219181 4.144990
0.219415 9.449780
0.219649 5.235880
0.219883 20.804700
0.220117 57.942200
0.220351 4.649640
0.220585 9.876060
0.220819 63.757500
0.221053 1.731840
0.221287 32.002500
0.221520 93.177500
0.221754 75.437000
0.221988 13.879100
0.222222 16.767900
0.222456 40.897700
0.222690 18.998400
0.222924 6.038550
0.223158 7.135970
0.223392 7.871980
0.223626 7.347160
0.223860 23.621900
0.224094 11.458900
0.224327 16.557200
0.224561 20.062300
0.224795 2.120500
0.225029 15.682800
0.225263 31.248600
0.225497 40.005300
0.225731 24.040400
0.225965 7.204010
0.226199 35.376600
0.226433 18.470800
0.226667 8.616220
0.226901 12.169200
0.227135 38.149000
0.227368 32.813600
0.227602 28.483700
0.227836 16.512300
0.228070 13.979700
0.228304 47.421100
0.228538 17.425800
0.228772 6.816410
0.229006 16.791900
0.229240 41.294000
0.229474 22.392400
0.229708 12.620900
0.229942 29.449200
0.230175 74.096000
0.230409 26.093100
0.230643 9.734180
0.231111 11.546000
0.231345 1.788900
0.231579 24.642900
0.231813 9.668830
0.232047 32.196700
0.232281 27.125500
0.232515 8.755210
0.232749 43.964100
0.232982 12.868000
0.233216 29.401600
0.233450 12.687500
0.233684 11.088100
0.233918 25.167300
0.234152 8.541820
0.234386 21.655400
0.234620 8.838860
0.234854 10.869000
0.235088 8.053290
0.235322 10.628700
0.235556 18.941200
0.235789 45.207800
0.236023 21.550700
0.236257 31.293500
0.236491 65.875400
0.236725 10.193100
0.236959 24.669300
0.237193 12.719000
0.237427 30.878700
0.237661 13.874900
0.237895 5.324170
0.238129 11.978500
0.238363 33.493200
0.238596 12.721100
0.238830 7.206450
0.239064 26.350300
0.239298 23.442600
0.239532 17.791400
0.239766 9.866220
0.240000 45.149000
0.240234 15.296400
0.240468 18.793600
0.240702 6.011180
0.240936 86.773200
0.241170 52.415800
0.241404 6.210110
0.241637 85.160900
0.241871 34.842500
0.242105 16.370600
0.242339 36.584700
0.242573 16.467100
0.242807 16.143400
0.243041 32.215700
0.243275 26.578300
0.243509 21.064300
0.243743 43.459500
0.243977 69.529000
0.244211 39.048000
0.244444 28.837400
0.244678 6.554730
0.244912 38.906500
0.245146 41.327000
0.245380 1.712750
0.245614 54.054500
0.245848 15.308000
0.246082 45.869100
0.246316 10.638400
0.246550 20.153600
0.246784 28.068900
0.247018 17.371100
0.247251 31.785500
0.247485 6.462510
0.247719 38.018200
0.247953 19.631900
0.248187 58.610500
0.248421 61.327100
0.248655 4.669180
0.250292 9.805800
0.250526 14.831000
0.250760 15.668900
0.250994 9.431590
0.251228 26.657900
0.251462 26.302700
0.251696 12.991400
0.251930 6.498410
0.252164 5.213960
0.252398 11.490100
0.252632 13.256500
0.252865 35.369000
0.253099 10.792800
0.253333 5.999500
0.253567 9.175590
0.253801 19.121000
0.254035 6.407500
0.254269 13.240600
0.254503 22.801900
0.254737 39.805200
0.254971 6.784490
0.255205 23.143500
0.255439 7.537780
0.256140 69.269400
0.256374 26.950000
0.256608 10.843800
0.256842 53.153400
0.257076 19.922400
0.257310 31.174000
0.257544 44.471800
0.257778 27.749600
0.258012 54.270200
0.258246 20.304400
0.258480 24.550600
0.258713 25.432100
0.258947 17.547700
0.259181 26.056800
0.259415 13.063000
0.259649 29.429600
0.259883 32.614300
0.260117 26.575700
0.260351 30.055700
0.260585 17.583800
0.260819 11.655200
0.261053 46.896300
0.261287 5.129110
0.261520 14.569900
0.261754 13.222300
0.261988 6.676920
0.262222 19.781300
0.262456 12.218700
0.262690 18.770300
0.262924 50.865800
0.263158 16.336000
0.263392 49.648400
0.263626 17.197100
0.263860 46.104500
0.264094 28.816900
0.264327 21.078700
0.264561 21.090500
0.264795 1.385290
0.265029 21.156100
0.265263 17.580600
0.265497 17.148000
0.265731 13.075500
0.265965 32.425500
0.266199 10.107900
0.266433 7.172970
0.266667 3.781200
0.266901 9.999130
0.267135 25.606700
0.267368 76.574600
0.267602 51.666300
0.267836 50.796100
0.268070 18.489200
0.268304 5.075570
0.268538 11.393500
0.268772 25.857900
0.269006 48.523500
0.269240 38.073100
0.269474 29.842700
0.269708 51.990300
0.269942 70.394600
0.270175 9.606770
0.270409 8.894880
0.270643 15.003300
0.270877 97.012600
0.271111 56.050500
0.271345 12.492600
0.271579 58.143000
0.271813 30.986500
0.272047 11.460100
0.272281 28.782700
0.272515 11.439900
0.272749 5.736060
0.272982 18.139400
0.273216 7.377160
0.273450 3.240920
0.273684 44.192400
0.273918 63.556400
0.274152 11.477300
0.274386 69.857400
0.274620 6.956250
0.274854 6.583930
0.275088 49.754000
0.275322 36.508400
0.275556 23.444200
0.275789 15.505900
0.276023 5.527460
0.276257 7.930740
0.276491 47.121700
0.276725 7.798020
0.276959 19.327300
0.277193 22.860300
0.277427 20.453600
0.277661 35.920200
0.277895 27.644400
0.278129 9.177620
0.278363 29.743100
0.278830 9.945950
0.279064 22.991700
0.279298 4.330810
0.279532 5.081860
0.279766 11.308800
0.280000 70.247500
0.280234 1.659870
0.280468 35.269300
0.280702 5.632900
0.280936 7.373160
0.281170 7.791220
0.281404 62.887900
0.281637 22.867000
0.281871 36.041900
0.282105 55.571000
0.282339 11.698100
0.282573 10.072900
0.282807 4.783070
0.283041 7.048200
0.283275 17.844800
0.283509 9.707110
0.283743 8.477740
0.283977 38.742500
0.284211 15.616200
0.284444 62.220700
0.284678 8.243240
0.284912 11.569900
0.285146 16.777900
0.285380 5.566170
0.285614 63.518600
0.285848 44.023000
0.286082 8.436960
0.286316 14.765600
0.286550 5.567110
0.286784 52.231000
0.287018 6.560150
0.287251 26.704300
0.287485 15.902300
0.287719 15.344600
0.287953 13.293300
0.288187 45.004700
0.288421 10.995400
0.288655 19.100200
0.288889 69.410300
0.289123 37.454700
0.289357 4.878860
0.289591 43.811700
0.289825 21.777000
0.290058 41.591700
0.290292 12.816500
0.290526 72.503700
0.290760 31.242600
0.290994 29.343300
0.291228 54.039000
0.291462 3.860360
0.291696 6.289840
0.291930 22.536400
0.292164 9.638540
0.292398 28.026900
0.292632 24.858200
0.292865 55.904700
0.293099 10.241300
0.293333 9.560860
0.293567 4.564050
0.293801 51.243700
0.294035 8.473650
0.294269 12.397000
0.294503 11.131700
0.294737 56.917500
0.294971 75.566400
0.295205 13.268500
0.295439 32.832800
0.295673 13.504000
0.295906 9.705960
0.296140 19.712800
0.296374 42.843600
0.296608 23.299700
0.296842 54.727100
0.297076 26.497600
0.297310 5.963840
0.297544 6.644590
0.297778 37.773300
0.298012 20.023200
0.298246 23.586200
0.298480 45.955500
0.298713 65.515100
0.298947 10.141400
0.299181 18.089500
0.299415 24.077700
0.299649 35.141200
0.299883 1.808950
0.300117 35.161800
0.300351 3.018540
0.300585 27.675600
0.300819 40.171000
0.301053 23.745800
0.301287 19.658200
0.301520 20.799000
0.301754 21.158000
0.301988 27.941300
0.302222 24.374000
0.302456 2.784530
0.302690 5.039880
0.302924 19.342300
0.303158 19.927600
0.303392 3.967040
0.303626 15.970300
0.303860 60.520000
0.304094 38.889400
0.304327 33.665600
0.304561 8.784570
0.304795 49.155400
0.305029 5.330110
0.305263 7.807740
0.305497 14.563100
0.305731 3.167960
0.305965 24.450400
0.306199 7.275830
0.306433 8.899110
0.306667 9.273290
0.306901 8.165920
0.307135 20.193300
0.307368 50.438800
0.307602 11.912900
0.307836 7.239520
0.308070 20.576300
0.308304 54.280000
0.308538 64.113400
0.308772 12.913400
0.309006 5.443440
0.309240 9.404010
0.309474 16.574500
0.309708 5.805570
0.309942 8.301180
0.310175 52.395500
0.310409 17.105300
0.310643 27.452400
0.310877 10.288800
0.311111 8.594520
0.311345 39.093700
0.311579 8.134440
0.311813 8.024590
0.312047 22.986500
0.312281 2.499840
0.312515 12.537200
0.312749 12.852800
0.312982 41.190700
0.313216 8.468920
0.313450 15.762900
0.313684 34.953200
0.313918 8.672200
0.314152 10.036400
0.314386 5.310130
0.314620 5.918400
0.314854 45.518200
0.315088 8.791250
0.315322 13.737900
0.315556 7.560320
0.315789 6.964000
0.316023 21.598000
0.316257 15.136800
0.316491 26.167500
0.316725 20.484200
0.316959 27.600700
0.317193 47.457200
0.317427 65.178900
0.317661 23.088900
0.317895 18.498700
0.318129 24.838800
0.318363 28.775000
0.318596 10.428900
0.318830 33.301700
0.319064 2.912400
0.319298 3.604170
0.319532 35.539700
0.319766 81.824900
0.320000 79.096200
0.320234 12.401400
0.320468 20.164000
0.320702 6.972670
0.320936 27.270600
0.321170 47.015200
0.321404 7.801800
0.321637 32.406900
0.321871 5.843180
0.322105 28.164600
0.322339 31.752200
0.322573 1.652800
0.322807 4.607760
0.323041 52.449600
0.323275 4.835930
0.323509 57.011600
0.323743 31.442100
0.323977 12.774300
0.324211 12.908500
0.324444 5.173480
0.324678 7.897900
0.324912 19.397100
0.325146 29.152500
0.325380 26.141700
0.325614 13.809800
0.325848 4.996450
0.326082 44.919600
0.326316 50.041500
0.326550 12.459700
0.326784 7.438230
0.327018 28.158100
0.327251 6.595980
0.327485 13.798200
0.327719 49.298900
0.327953 80.109200
0.328187 19.129400
0.328421 5.584580
0.328655 25.276400
0.328889 9.252950
0.329123 9.270970
0.329357 11.077100
0.329591 46.877800
0.329825 7.806730
0.330058 2.868370
0.330292 1.786180
0.330526 38.088000
0.330760 10.811700
0.330994 31.423200
0.331228 13.515500
0.331462 15.828700
0.331696 7.621520
0.331930 53.584600
0.332164 63.002300
0.332398 58.296700
0.332632 5.844300
0.332865 7.196710
0.333099 13.280000
0.333333 27.693300
0.333567 2.803530
0.333801 37.514300
0.334035 48.246500
0.334269 62.575800
0.334503 8.144070
0.334737 43.087400
0.334971 18.228200
0.335205 15.578600
0.335439 3.832900
0.335673 2.756130
0.335906 48.428500
0.336140 3.917640
0.336374 11.012400
0.336608 50.061400
0.336842 22.152000
0.337076 52.027800
0.337310 19.290600
0.337544 31.572400
0.337778 38.981500
0.338012 74.405600
0.338246 11.748200
0.338480 44.221100
0.338713 11.445100
0.338947 5.953760
0.339181 32.769200
0.339415 10.199900
0.339649 14.792600
0.339883 24.942100
0.340117 52.340100
0.340351 10.788000
0.340585 2.301510
0.340819 8.752290
0.341053 64.080700
0.341287 15.987200
0.341520 13.479000
0.341754 54.113300
0.341988 4.658170
0.342222 10.053800
0.342456 32.220800
0.342690 21.974000
0.342924 52.514600
0.343158 25.959300
0.343392 9.919450
0.343626 36.580200
0.343860 12.391300
0.344094 58.834400
0.344327 18.110400
0.344561 4.620980
0.344795 19.603400
0.345029 17.090000
0.345263 6.022540
0.345497 43.678100
0.345731 71.383700
0.345965 11.928200
0.346199 11.839700
0.346433 9.053100
0.346667 24.381600
0.346901 7.232450
0.347135 17.060900
0.347368 43.505400
0.347602 12.346500
0.347836 17.939700
0.348070 26.256500
0.348304 32.771000
0.348538 47.885300
0.348772 37.467700
0.349006 40.385100
0.349240 3.410070
0.349474 24.538500
0.349708 28.306700
0.349942 23.134200
0.350175 18.488600
0.350409 16.386800
0.350643 20.288500
0.350877 5.623580
0.351111 10.068100
0.351345 22.397300
0.351579 56.190700
0.351813 15.061000
0.352047 11.743900
0.352281 6.205600
0.352515 41.348000
0.352749 6.677310
0.352982 27.748100
0.353216 58.839000
0.353450 39.484700
0.353684 35.957100
0.353918 43.857000
0.354152 12.540200
0.354386 7.788880
0.354620 20.248200
0.354854 18.000000
0.355088 4.347040
0.355322 20.991400
0.355556 10.183300
0.355789 3.683010
0.356023 29.886900
0.356257 6.980340
0.356491 3.832110
0.356725 15.306400
0.356959 15.244800
0.357193 11.628900
0.357427 5.447330
0.357661 48.374200
0.357895 11.836500
0.358129 37.003500
0.358363 7.417020
0.358596 38.183600
0.358830 17.428800
0.359064 6.452750
0.359298 10.567900
0.359532 9.258110
0.359766 10.265900
0.360000 13.929100
0.360234 10.293200
0.360468 8.314320
0.360702 43.038200
0.360936 9.862980
0.361170 7.557560
0.361404 16.733800
0.361637 14.372500
0.361871 19.840700
0.362105 29.931800
0.362339 4.723920
0.362573 13.491700
0.362807 7.784750
0.363041 47.344700
0.363275 60.865700
0.363509 22.183500
0.363743 45.016100
0.363977 19.752000
0.364211 20.775400
0.364444 34.637400
0.364678 18.206000
0.364912 12.297300
0.365146 27.297200
0.365380 8.638020
0.365614 26.522500
0.365848 6.420750
0.366082 39.029700
0.366316 34.732300
0.366550 18.131700
0.366784 27.982100
0.367018 56.468400
0.367251 8.007240
0.367485 59.983600
0.367719 42.729000
0.367953 44.412100
0.368187 20.680100
0.368421 5.830140
0.368655 24.420000
0.368889 26.291200
0.369123 12.093200
0.369357 82.328400
0.369591 15.145300
0.369825 49.861300
0.370058 48.526600
0.370292 76.376700
0.370526 7.366760
0.370760 19.601700
0.370994 16.559400
0.371228 8.608590
0.371462 12.900600
0.371696 21.084200
0.371930 6.022400
0.372164 5.551600
0.372398 36.844600
0.372632 3.699000
0.372865 67.820700
0.373099 10.398100
0.373333 47.381500
0.373567 8.759380
0.373801 41.443300
0.374035 17.027300
0.374269 8.095620
0.374503 42.653600
0.374737 1.799320
0.374971 7.717940
0.375205 7.474800
0.375439 11.546300
0.375673 39.438000
0.375906 36.942800
0.376140 10.271600
0.376374 3.982210
0.376608 5.105270
0.376842 30.172700
0.377076 11.347100
0.377310 9.456250
0.377544 13.797400
0.377778 31.660800
0.378012 20.900400
0.378246 36.566100
0.378480 5.601450
0.378713 16.562500
0.378947 30.126600
0.379181 31.898200
0.379415 28.468800
0.379649 19.633100
0.379883 7.613780
0.380117 61.125800
0.380351 9.051700
0.380585 61.292600
0.380819 9.789340
0.381053 27.024500
0.381287 24.713400
0.381520 2.527730
0.381754 38.454200
0.381988 51.355700
0.382222 25.394500
0.382456 28.524600
0.382690 12.790400
0.382924 39.383700
0.383158 44.477400
0.383392 16.291100
0.383626 19.859800
0.383860 5.195960
0.384094 53.108000
0.384327 27.660500
0.384561 12.560900
0.384795 6.202910
0.385029 25.983500
0.385263 10.425100
0.385497 91.769900
0.385731 8.187020
0.385965 50.031600
0.386199 55.291800
0.386433 2.464380
0.386667 7.267430
0.386901 8.029100
0.387135 28.079600
0.387368 55.288100
0.387602 53.916100
0.387836 6.149130
0.388070 63.821400
0.388304 21.242100
0.388538 22.709200
0.388772 22.230900
0.389006 23.258900
0.389240 23.889700
0.389474 21.800900
0.389708 15.232300
0.389942 13.546800
0.390175 22.945500
0.390409 13.192800
0.390643 15.364400
0.390877 7.581900
0.391111 16.838200
0.391345 5.479490
0.391579 38.398700
0.391813 33.901700
0.392047 14.229700
0.392515 22.391700
0.392749 31.472700
0.392982 43.311300
0.393216 4.514520
0.393450 14.402700
0.393684 14.232400
0.393918 4.242530
0.394152 26.496900
0.394386 8.584310
0.394620 23.492600
0.394854 42.441500
0.395088 60.484100
0.395322 6.934770
0.395556 22.150500
0.395789 20.245400
0.396023 30.399000
0.396257 34.993500
0.396491 8.050500
0.396725 11.665900
0.396959 24.994600
0.397193 32.945600
0.397427 64.119500
0.397661 14.281000
0.397895 8.394230
0.398129 12.791600
0.398363 7.129790
0.398596 19.097200
0.398830 27.253800
0.399064 17.861300
0.399298 12.624700
0.399532 51.964000
0.399766 54.297500
0.400000 8.059510
0.400234 9.268130
0.400468 86.697700
0.400702 3.050130
0.400936 64.725500
0.401170 3.028350
0.401404 30.722200
0.401637 4.860660
0.401871 13.410700
0.402105 34.721800
0.402339 8.568580
0.402573 12.384400
0.402807 15.244900
0.403041 34.294400
0.403275 11.110000
0.403509 16.006400
0.403743 48.548000
0.403977 78.055600
0.404211 20.258100
0.404444 19.921400
0.404678 34.528200
0.404912 18.908200
0.405380 7.409500
0.405614 22.858400
0.405848 17.004900
0.406082 70.373800
0.406316 15.289800
0.406550 19.341100
0.406784 6.074410
0.407018 67.045400
0.407251 23.349800
0.407485 91.360300
0.407719 5.168610
0.407953 24.362700
0.408187 10.622600
0.408421 16.870500
0.408655 33.889500
0.408889 9.564480
0.409123 38.129700
0.409357 43.109200
0.409591 82.801800
0.409825 7.795030
0.410058 27.846300
0.410292 7.203880
0.410526 39.992000
0.410760 69.613500
0.410994 37.731600
0.411228 5.078900
0.411462 5.603040
0.411696 22.341100
0.411930 25.006900
0.412164 66.460200
0.412398 75.003200
0.412632 11.720400
0.412865 9.686540
0.413099 5.181420
0.413333 77.698800
0.413567 18.479900
0.413801 19.601600
0.414035 22.803400
0.414269 7.421070
0.414503 13.389100
0.414737 18.319100
0.414971 49.955400
0.415205 10.313900
0.415673 69.200400
0.415906 10.015800
0.416140 2.271260
0.416374 9.251600
0.416608 14.438000
0.416842 18.628000
0.417076 5.608140
0.417310 35.664400
0.417544 11.410700
0.417778 29.892200
0.418012 41.026600
0.418246 17.590800
0.418480 12.707600
0.418713 15.888800
0.418947 21.671900
0.419181 40.059700
0.419415 15.269000
0.419649 69.255300
0.419883 50.855600
0.420117 20.462500
0.420351 7.777910
0.420585 6.123320
0.420819 22.687400
0.421053 5.013280
0.421287 6.383480
0.421520 55.392200
0.421754 8.537200
0.421988 24.663000
0.422222 10.129300
0.422456 9.228880
0.422690 4.513650
0.422924 9.488910
0.423158 3.134960
0.423392 20.602100
0.423626 16.725600
0.423860 28.645800
0.424094 36.898900
0.424327 44.553600
0.424561 12.806200
0.424795 11.733600
0.425029 31.230600
0.425263 9.793320
0.425497 26.801600
0.425731 7.584200
0.425965 17.260700
0.426199 55.419500
0.426433 5.322500
0.426667 11.161700
0.426901 23.412700
0.427135 10.180800
0.427368 29.694100
0.427602 7.494100
0.427836 9.676430
0.428070 3.503400
0.428538 12.229500
0.428772 6.100490
0.429006 9.548700
0.429240 8.656360
0.429474 11.346100
0.429708 11.630800
0.429942 6.689460
0.430175 3.576460
0.430409 26.481300
0.430643 17.420400
0.430877 61.765600
0.431111 8.874670
0.431345 52.638100
0.431579 13.200100
0.431813 6.334880
0.432047 29.471700
0.432281 25.246700
0.432515 45.570600
0.432749 36.223200
0.432982 17.944900
0.433216 5.081130
0.433450 23.333300
0.433684 21.570800
0.433918 13.599300
0.434152 44.270600
0.434386 30.822200
0.434620 10.065800
0.434854 21.724400
0.435088 32.285900
0.435322 39.481200
0.435556 12.184100
0.435789 25.888700
0.436023 22.011100
0.436257 73.769000
0.436491 33.050700
0.436725 25.052400
0.436959 10.462900
0.437193 4.732350
0.437427 28.485100
0.437661 2.829320
0.437895 13.868100
0.438129 64.310400
0.438363 71.370000
0.438596 62.794900
0.438830 26.846800
0.439064 29.213400
0.439298 29.272700
0.439532 38.870900
0.439766 16.559700
0.440000 54.269100
0.440234 17.050100
0.440468 9.263940
0.440702 12.146700
0.440936 20.695500
0.441170 18.605000
0.441404 2.820730
0.441637 33.286100
0.441871 3.652520
0.442105 9.252900
0.442339 48.598500
0.442573 15.496700
0.443041 9.509200
0.443275 15.191500
0.443509 18.859900
0.443743 10.846600
0.443977 58.704900
0.444211 24.149500
0.444444 30.548800
0.444678 12.535500
0.444912 48.479300
0.445146 4.687110
0.445380 25.325100
0.445614 11.720100
0.445848 24.166700
0.446082 11.440700
0.446316 18.901800
0.446550 64.927200
0.446784 8.017410
0.447018 7.704550
0.447251 24.791900
0.447485 40.679100
0.447719 21.295800
0.447953 39.545400
0.448187 8.441620
0.448421 75.945000
0.448655 89.821000
0.448889 18.354200
0.449123 16.192400
0.449357 68.196000
0.449591 66.956200
0.449825 9.097380
0.450058 30.408500
0.450292 41.188200
0.450526 3.108480
0.450760 11.822300
0.450994 2.319940
0.451228 14.940300
0.451462 31.161900
0.451696 75.609400
0.451930 22.304800
0.452164 8.386040
0.452398 11.220100
0.452632 20.631400
0.452865 15.735600
0.453099 90.756400
0.453333 20.975300
0.453567 5.893430
0.453801 12.857600
0.454035 20.996300
0.454269 6.290460
0.454503 5.942400
0.454737 26.489300
0.454971 6.888620
0.455205 7.524900
0.455439 6.478330
0.455673 12.222500
0.455906 24.065500
0.456140 5.280290
0.456374 12.149000
0.456608 21.359800
0.456842 9.542920
0.457076 14.790400
0.457310 11.730300
0.457544 10.199300
0.457778 5.439620
0.458012 32.308600
0.458246 17.342100
0.458480 20.180300
0.458713 29.310300
0.458947 24.721500
0.459181 11.084800
0.459415 6.655940
0.459649 15.841100
0.459883 13.769100
0.460117 31.923500
0.460351 10.102200
0.460585 15.725000
0.460819 13.313900
0.461053 41.813700
0.461287 39.324100
0.461520 21.298300
0.461754 64.971300
0.461988 24.859100
0.462222 4.642650
0.462456 8.523840
0.462690 25.585300
0.462924 9.105770
0.463158 39.610500
0.463392 8.966410
0.463626 6.986860
0.463860 8.822820
0.464094 29.226700
0.464327 85.480300
0.464561 20.967200
0.464795 28.582000
0.465029 5.511490
0.465263 27.271800
0.465497 6.093990
0.465731 1.748470
0.465965 11.081700
0.466199 14.016600
0.466433 18.461800
0.466667 26.734600
0.466901 3.236150
0.467135 11.545000
0.467368 85.552800
0.467602 14.638200
0.467836 61.528700
0.468070 28.125500
0.468304 7.251260
0.468538 20.719500
0.468772 9.317290
0.469006 45.624200
0.469240 47.165700
0.469474 10.717300
0.469708 13.199100
0.469942 27.613000
0.470175 8.318070
0.470409 10.253400
0.470643 46.082900
0.470877 48.999000
0.471111 25.269900
0.471345 56.078600
0.471579 24.180000
0.471813 20.306200
0.472047 34.810900
0.472281 6.438110
0.472515 37.321000
0.472749 9.190220
0.472982 76.815700
0.473216 67.872800
0.473450 6.455140
0.473684 8.252680
0.473918 6.036020
0.474152 46.752800
0.474386 14.245900
0.474620 33.331800
0.474854 44.759400
0.475088 11.628200
0.475322 21.629000
0.475556 48.053900
0.475789 15.718800
0.476023 34.034200
0.476257 72.643400
0.476491 41.428000
0.476725 23.997600
0.476959 32.226800
0.477193 5.524210
0.477427 44.110400
0.477661 34.011400
0.477895 13.051600
0.478129 26.970200
0.478363 23.143800
0.478596 44.805800
0.478830 23.883500
0.479064 23.692300
0.479298 11.697900
0.479532 59.913700
0.479766 13.923800
0.480000 11.022200
0.480234 23.215700
0.480468 14.312800
0.480702 35.018300
0.481170 12.031300
0.481404 68.211900
0.481637 7.488080
0.481871 14.103900
0.482105 22.575500
0.482339 21.510200
0.482573 32.065100
0.482807 31.224600
0.483041 14.372200
0.483275 49.301600
0.483509 64.302600
0.483743 9.864350
0.483977 13.195900
0.484211 14.560900
0.484444 7.573900
0.484678 8.661620
0.484912 17.382400
0.485146 19.432400
0.485380 50.725100
0.485614 13.682600
0.485848 6.444960
0.486082 15.366800
0.486316 8.229460
0.486550 21.735300
0.486784 11.041300
0.487018 14.631000
0.487251 16.959500
0.487485 34.600000
0.487719 22.246400
0.487953 30.505900
0.488187 23.813200
0.488421 55.294100
0.488655 18.831400
0.488889 7.950140
0.489123 14.438100
0.489357 7.131400
0.489591 21.245200
0.489825 3.823840
0.490058 25.510800
0.490292 23.794000
0.490526 36.732200
0.490760 27.401900
0.490994 42.388400
0.491228 58.448500
0.491462 24.504200
0.491696 28.560500
0.491930 10.365000
0.492164 6.404620
0.492398 57.317000
0.492632 9.203730
0.492865 2.647070
0.493099 30.600500
0.493333 39.395500
0.493567 8.280470
0.493801 8.340950
0.494035 4.137450
0.494269 22.858300
0.494503 6.863490
0.494737 4.197690
0.494971 6.450050
0.495205 51.238700
0.495439 32.107300
0.495673 49.214500
0.495906 67.482500
0.496140 46.674400
0.496374 3.567290
0.496608 12.889500
0.496842 17.933100
0.497076 6.849220
0.497310 11.619500
0.497544 6.880890
0.497778 25.672000
0.498012 14.706500
0.498246 23.132700
0.498480 24.468300
0.498713 57.060600
0.498947 52.542300
0.499181 30.810000
0.499415 57.481800
0.499649 12.768800
0.499883 13.775200
0.500117 46.001400
0.500351 40.462800
0.500585 5.093000
0.500819 8.687400
0.501053 4.013670
0.501287 10.872800
0.501520 30.407600
0.501754 6.897810
0.501988 34.983200
0.502222 34.657700
0.502456 24.081800
0.502690 6.683910
0.502924 1.115970
0.503158 23.782300
0.503392 1.955250
0.503626 17.414200
0.503860 28.469000
0.504094 26.308500
0.504327 24.421400
0.504561 26.049200
0.504795 38.326100
0.505029 9.334890
0.505263 7.504830
0.505497 10.917600
0.505731 8.213850
0.505965 1.919100
0.506199 25.709400
0.506433 22.680000
0.506667 6.633540
0.506901 11.684300
0.507135 86.693500
0.507368 29.802700
0.507602 19.244400
0.507836 27.549400
0.508070 8.194830
0.508304 40.913100
0.508538 2.245330
0.508772 2.237370
0.509006 67.357800
0.509240 43.395700
0.509474 24.300600
0.509708 8.761480
0.509942 43.140800
0.510175 2.668430
0.510409 71.666200
0.510643 29.912600
0.510877 28.803400
0.511111 15.325700
0.511345 4.630220
0.511579 68.034300
0.511813 19.619000
0.512047 22.283100
0.512281 26.031200
0.512515 12.099100
0.512749 49.873600
0.512982 13.330000
0.513216 9.886810
0.513450 22.140600
0.513684 31.992000
0.513918 58.464600
0.514152 38.344500
0.514386 17.898000
0.514620 50.955900
0.514854 64.299100
0.515088 23.096500
0.515322 73.956500
0.515556 3.419780
0.515789 4.305180
0.516023 32.972800
0.516257 33.821000
0.516491 7.691860
0.516725 13.374800
0.516959 9.473270
0.517193 84.170900
0.517427 36.303400
0.517661 29.357900
0.517895 16.126600
0.518129 17.349200
0.518363 10.504700
0.518596 67.217300
0.518830 60.899300
0.519064 22.643500
0.519298 7.775680
0.519532 24.615000
0.519766 13.921400
0.520000 11.338500
0.520234 6.135210
0.520468 16.213500
0.520702 5.906600
0.520936 36.192800
0.521170 44.565800
0.521404 48.962700
0.521637 51.373900
0.521871 27.190300
0.522105 88.610300
0.522339 19.810800
0.522573 4.337510
0.522807 16.449000
0.523041 17.352900
0.523275 14.589100
0.523509 6.384490
0.523743 27.744200
0.523977 6.164780
0.524211 14.319200
0.524444 6.540310
0.524678 8.148070
0.524912 3.532740
0.525146 39.185000
0.525380 8.206650
0.525614 7.883600
0.525848 10.683700
0.526082 18.002000
0.526316 39.656200
0.526550 4.716990
0.526784 6.944030
0.527018 11.241000
0.527251 19.506900
0.527485 5.688980
0.527719 19.422300
0.527953 91.640100
0.528187 9.483260
0.528421 29.620200
0.528655 14.161000
0.528889 11.580100
0.529123 9.767930
0.529357 37.315000
0.529591 43.205300
0.529825 2.687280
0.530058 31.887600
0.530292 5.704790
0.530526 20.786400
0.530760 9.907650
0.530994 11.993600
0.531228 9.297370
0.531462 12.792400
0.531696 22.430700
0.531930 17.494000
0.532164 7.802420
0.532398 18.612800
0.532632 7.261720
0.532865 14.610600
0.533099 65.465600
0.533333 19.585500
0.533567 3.010640
0.533801 63.425900
0.534035 9.861380
0.534269 19.172500
0.534503 9.434510
0.534737 22.103000
0.534971 70.653600
0.535205 34.967700
0.535439 4.981880
0.535673 12.702700
0.535906 49.076200
0.536140 17.505700
0.536374 18.587100
0.536608 24.744900
0.536842 11.422100
0.537076 20.292200
0.537310 13.214500
0.537544 5.906270
0.537778 23.351500
0.538012 9.874900
0.538246 52.392100
0.538480 8.309310
0.538713 35.814200
0.538947 53.188400
0.539181 47.799400
0.539415 34.821200
0.539649 25.390500
0.539883 49.996900
0.540117 44.051300
0.540351 13.907700
0.540585 69.647800
0.540819 8.476400
0.541053 9.090610
0.541287 12.008400
0.541520 20.610000
0.541754 54.856300
0.541988 8.734540
0.542222 13.272800
0.542456 16.466000
0.542690 12.553200
0.542924 23.337700
0.543158 46.931800
0.543392 67.607900
0.543626 5.352260
0.543860 40.624300
0.544094 25.775200
0.544327 7.485700
0.544561 8.933270
0.544795 49.669800
0.545029 11.083800
0.545263 47.714800
0.545497 7.930900
0.545731 65.080200
0.545965 19.262600
0.546199 10.242200
0.546433 3.987440
0.546667 17.301100
0.546901 5.063540
0.547135 17.667500
0.547368 15.017700
0.547602 6.234020
0.547836 28.733800
0.548070 23.481800
0.548304 23.152000
0.548538 11.782200
0.548772 24.594400
0.549006 22.031100
0.549240 35.596500
0.549474 87.624700
0.549708 21.113000
0.549942 8.754060
0.550175 57.590000
0.550409 22.393200
0.550643 8.509820
0.550877 20.093600
0.551111 63.621000
0.551345 18.436200
0.551579 56.369500
0.551813 56.084700
0.552047 34.198200
0.552281 8.068290
0.552515 6.202560
0.552749 31.546800
0.552982 14.177200
0.553216 27.269900
0.553450 33.201300
0.553684 8.318740
0.553918 57.093000
0.554152 16.203500
0.554386 9.564570
0.554620 14.962200
0.554854 26.891900
0.555088 8.183910
0.555322 17.987200
0.555556 10.655000
0.555789 6.915930
0.556023 30.849100
0.556257 71.627800
0.556491 78.970300
0.556725 13.068300
0.556959 18.541900
0.557193 12.411400
0.557427 12.610800
0.557661 9.673830
0.557895 67.056900
0.558129 95.238100
0.558363 16.804200
0.558596 3.622020
0.558830 45.098300
0.559064 24.103000
0.559298 94.464200
0.559532 9.231950
0.559766 7.433510
0.560000 16.764100
0.560234 17.062300
0.560468 19.986100
0.560702 38.407900
0.560936 84.748400
0.561170 8.630970
0.561404 7.763620
0.561637 24.536200
0.561871 16.195300
0.562105 14.360400
0.562339 2.955340
0.562573 48.544000
0.562807 9.052200
0.563041 53.456900
0.563275 16.157200
0.563509 16.018900
0.563743 10.279000
0.563977 24.871700
0.564211 76.015100
0.564444 44.318700
0.564678 37.937600
0.564912 29.081600
0.565146 9.258450
0.565380 43.936800
0.565614 26.556800
0.565848 34.503600
0.566082 11.310800
0.566316 7.887390
0.566550 12.046500
0.566784 68.604500
0.567018 34.062700
0.567251 7.418140
0.567485 5.377280
0.567719 6.445170
0.567953 5.809870
0.568187 17.290200
0.568421 8.674250
0.568655 49.479500
0.568889 7.379320
0.569123 2.824610
0.569357 28.101900
0.569591 8.554800
0.569825 29.644000
0.570058 20.558300
0.570292 4.946480
0.570526 5.366070
0.570760 22.972600
0.570994 7.858780
0.571228 8.252820
0.571462 15.380000
0.571696 35.079900
0.571930 14.577700
0.572164 42.646400
0.572398 31.751800
0.572632 8.809090
0.572865 33.974600
0.573099 18.349900
0.573333 30.186800
0.573567 12.496800
0.573801 28.446300
0.574035 14.770100
0.574269 51.425700
0.574503 15.234100
0.574737 9.614690
0.574971 20.093000
0.575205 59.517200
0.575439 5.350750
0.575673 39.249900
0.575906 12.499800
0.576140 48.708900
0.576374 20.824600
0.576608 4.064120
0.576842 10.905000
0.577076 7.290520
0.577310 15.103000
0.577544 13.741900
0.577778 30.169800
0.578012 24.679700
0.578246 5.998370
0.578480 40.168400
0.578713 79.648900
0.578947 8.325380
0.579181 63.747400
0.579415 32.884500
0.579649 66.080200
0.579883 18.498400
0.580117 44.350000
0.580351 44.462100
0.580585 16.061100
0.580819 26.241300
0.581053 43.130200
0.581287 8.876400
0.581520 23.392500
0.581754 7.758970
0.581988 12.298800
0.582222 21.438300
0.582456 73.137900
0.582690 21.154800
0.582924 8.970250
0.583158 27.686400
0.583392 24.886200
0.583626 23.188500
0.583860 24.727000
0.584094 21.943200
0.584327 26.434300
0.584561 4.119350
0.584795 5.776800
0.585029 3.598320
0.585263 8.151380
0.585497 16.190300
0.585731 28.942900
0.585965 25.049000
0.586199 13.922200
0.586433 88.099700
0.586667 10.177600
0.586901 37.269500
0.587135 43.124300
0.587368 22.647800
0.587602 30.507400
0.587836 42.337600
0.588070 7.038310
0.588304 9.734150
0.588538 10.592900
0.588772 32.392400
0.589006 6.281110
0.589240 24.877200
0.589474 26.558300
0.589708 42.071800
0.589942 13.617500
0.590175 7.736750
0.590409 65.529900
0.590643 2.169720
0.590877 5.492140
0.591111 24.557600
0.591345 30.931600
0.591579 67.076600
0.591813 26.050700
0.592047 5.119820
0.592281 3.076060
0.592515 9.517070
0.592749 56.399600
0.592982 10.545000
0.593216 28.991100
0.593450 9.894770
0.593684 25.687300
0.593918 5.566690
0.594152 6.816770
0.594386 41.088000
0.594620 16.369100
0.594854 51.657100
0.595088 84.877100
0.595322 20.332900
0.595556 42.925700
0.595789 21.852600
0.596023 37.478800
0.596257 26.929100
0.596491 38.597800
0.596725 5.124250
0.596959 44.491300
0.597193 12.364300
0.597427 86.079200
0.597661 47.103100
0.597895 31.836900
0.598129 10.042900
0.598363 41.820500
0.598596 31.536100
0.598830 28.131900
0.599064 8.354030
0.599298 43.988700
0.599532 17.736900
0.599766 3.426610
0.600000 41.798700
0.600234 92.838100
0.600468 6.575090
0.600702 12.396700
0.600936 14.353600
0.601170 25.919400
0.601404 18.471100
0.601637 18.849300
0.601871 14.330100
0.602105 5.133970
0.602339 15.757200
0.602573 21.794900
0.602807 21.276800
0.603041 19.469300
0.603275 67.796700
0.603509 33.067600
0.603743 5.950280
0.603977 69.158000
0.604211 7.430900
0.604444 21.052100
0.604678 6.060560
0.604912 13.130800
0.605146 67.778100
0.605380 51.466100
0.605614 25.168900
0.605848 10.015600
0.606082 58.293100
0.606316 56.047600
0.606550 7.044820
0.606784 5.256200
0.607018 44.360800
0.607251 16.582100
0.607485 21.570300
0.607719 9.130670
0.607953 6.799540
0.608187 10.470300
0.608421 60.215200
0.608655 49.702500
0.608889 11.463200
0.609123 27.053100
0.609357 5.255450
0.609591 14.128500
0.609825 15.585900
0.610058 66.033400
0.610292 6.789690
0.610526 28.151200
0.610760 14.355200
0.610994 15.372400
0.611228 11.655500
0.611462 43.798800
0.611696 20.100900
0.611930 11.528500
0.612164 40.316400
0.612398 34.999000
0.612632 30.544000
0.612865 24.720500
0.613099 2.548010
0.613333 47.313100
0.613567 62.415800
0.613801 18.416900
0.614035 48.732900
0.614269 74.014700
0.614503 30.197800
0.614737 10.313100
0.614971 30.758400
0.615205 13.057500
0.615439 8.338520
0.615673 13.837000
0.615906 11.751700
0.616140 90.392400
0.616374 22.247700
0.616608 17.192300
0.616842 12.112500
0.617076 32.969500
0.617310 40.249200
0.617544 3.815660
0.617778 44.618400
0.618012 47.366600
0.618246 3.160290
0.618480 12.803500
0.618713 14.553800
0.618947 35.680600
0.619181 7.385360
0.619415 19.633300
0.619649 1.763000
0.619883 29.704100
0.620117 7.517220
0.620351 77.738500
0.620585 10.161300
0.620819 16.662900
0.621053 7.185670
0.621287 14.296800
0.621520 56.715700
0.621754 41.357600
0.621988 24.742600
0.622222 8.171160
0.622456 6.835450
0.622690 32.907100
0.622924 7.777070
0.623158 19.592300
0.623392 17.291200
0.623626 35.352600
0.623860 31.168500
0.624094 76.183000
0.624327 27.291500
0.624561 20.560400
0.624795 13.826300
0.625029 4.694790
0.625263 21.007300
0.625497 75.060500
0.625731 30.498000
0.625965 8.102120
0.626199 26.004600
0.626433 9.844220
0.626667 21.264300
0.626901 27.004300
0.627135 12.702100
0.627368 6.708250
0.627602 70.800800
0.627836 1.658070
0.628070 21.249400
0.628304 21.530300
0.628538 44.811800
0.628772 10.004700
0.629006 61.249000
0.629240 15.219800
0.629474 44.453700
0.629708 42.836800
0.629942 6.247680
0.630175 52.373900
0.630409 47.427100
0.630643 23.929500
0.630877 15.881200
0.631111 5.223770
0.631345 10.300500
0.631579 15.827300
0.631813 9.932790
0.632047 21.693700
0.632281 4.987490
0.632515 82.143100
0.632749 9.825530
0.632982 32.093700
0.633216 39.062000
0.633450 14.116100
0.633684 24.835000
0.633918 15.024900
0.634152 7.409940
0.634386 23.093700
0.634620 21.254000
0.634854 2.460930
0.635088 14.473000
0.635322 1.950630
0.635556 19.414000
0.635789 12.999300
0.636023 36.601600
0.636257 20.650700
0.636491 40.793500
0.636725 28.516800
0.636959 4.223150
0.637193 12.496300
0.637427 13.012800
0.637661 8.152240
0.637895 27.845000
0.638129 22.142000
0.638363 5.512970
0.638596 9.805390
0.638830 32.493000
0.639064 6.436530
0.639298 16.115700
0.639532 7.530670
0.639766 37.968600
0.640000 29.927300
0.640234 8.483940
0.640468 26.937000
0.640702 32.651600
0.640936 21.860900
0.641170 34.149700
0.641404 73.360100
0.641637 19.302400
0.641871 6.948510
0.642105 4.090870
0.642339 8.547630
0.642573 28.049800
0.642807 5.534680
0.643041 12.034900
0.643275 3.638820
0.643509 18.333200
0.643743 47.935300
0.643977 55.548900
0.644211 32.501900
0.644444 49.830600
0.644678 38.987500
0.644912 11.010400
0.645146 45.594100
0.645380 28.483100
0.645614 25.779500
0.645848 79.151600
0.646082 7.791800
0.646316 9.691180
0.646550 12.544400
0.646784 23.080200
0.647018 11.527800
0.647251 16.852500
0.647485 11.708800
0.647719 19.988900
0.647953 18.750400
0.648187 5.119480
0.648421 10.939700
0.648655 45.069700
0.648889 5.756890
0.649123 6.414790
0.649357 5.203750
0.649591 52.085800
0.649825 61.490600
0.650058 11.799400
0.650292 29.719400
0.650526 3.523380
0.650760 15.884600
0.650994 7.754730
0.651228 48.717200
0.651462 17.420100
0.651696 9.305830
0.651930 30.491900
0.652164 40.778400
0.652398 6.359800
0.652632 38.994700
0.652865 26.926700
0.653099 14.602700
0.653333 32.063100
0.653567 5.629720
0.653801 64.953200
0.654035 13.710100
0.654269 12.081300
0.654503 24.701800
0.654737 27.169900
0.654971 43.800600
0.655205 31.668000
0.655439 13.958300
0.655673 3.290460
0.655906 86.267100
0.656140 1.676010
0.656374 27.122800
0.656608 19.814000
0.656842 11.276200
0.657076 18.867100
0.657310 17.585500
0.657544 29.613300
0.657778 26.594900
0.658012 32.704500
0.658246 40.168900
0.658480 7.963730
0.658713 18.834200
0.658947 91.267800
0.659181 5.613840
0.659415 31.234700
0.659649 8.149990
0.659883 9.305800
0.660117 18.019500
0.660351 5.812130
0.660585 10.477500
0.660819 20.660900
0.661053 11.063000
0.661287 8.815020
0.661520 17.071500
0.661754 9.465150
0.661988 9.081710
0.662222 26.092900
0.662456 35.739600
0.662690 3.952360
0.662924 21.558700
0.663392 46.386000
0.663626 13.232600
0.663860 30.586400
0.664094 12.789000
0.664327 67.490100
0.664561 24.844700
0.664795 34.880600
0.665029 22.351900
0.665263 15.185000
0.665497 11.717900
0.665731 19.646200
0.665965 14.919100
0.666199 24.171500
0.666433 39.136900
0.666667 7.726430
0.666901 9.968980
0.667135 22.482700
0.667368 25.042600
0.667602 31.249400
0.667836 37.738400
0.668070 12.374900
0.668304 41.558300
0.668538 9.976190
0.668772 11.812100
0.669006 52.629600
0.669240 10.355000
0.669474 19.336000
0.669708 7.215390
0.669942 9.228100
0.670175 13.200900
0.670409 4.684000
0.670643 10.887700
0.670877 13.955100
0.671111 21.418000
0.671345 3.023310
0.671579 27.592700
0.671813 48.747900
0.672047 9.838690
0.672281 18.727700
0.672515 5.612710
0.672749 8.244510
0.672982 6.941180
0.673216 28.934400
0.673450 10.429500
0.673684 11.194900
0.673918 47.259400
0.674152 26.232900
0.674386 23.116600
0.674620 1.727170
0.674854 93.299600
0.675088 10.334800
0.675322 6.316190
0.675556 7.570110
0.675789 76.150300
0.676023 43.519900
0.676257 17.725300
0.676491 11.469400
0.676725 25.970800
0.676959 57.996500
0.677193 70.339900
0.677427 19.602400
0.677661 8.064430
0.677895 17.676900
0.678129 6.567700
0.678363 5.951170
0.678596 60.001000
0.678830 18.315800
0.679064 13.898200
0.679298 5.753190
0.679532 37.220200
0.679766 12.408100
0.680000 6.949210
0.680234 4.075180
0.680468 7.814260
0.680702 17.387600
0.680936 48.436800
0.681170 17.857700
0.681404 57.706100
0.681637 30.312400
0.681871 55.782800
0.682105 20.102800
0.682339 55.907300
0.682573 19.151600
0.682807 27.340200
0.683041 12.797100
0.683275 14.973900
0.683509 9.341540
0.683743 41.941700
0.683977 57.552200
0.684211 9.222000
0.684444 16.553700
0.684678 83.600200
0.684912 44.287800
0.685146 11.213400
0.685380 9.541310
0.685614 39.304000
0.685848 22.118600
0.686082 10.862800
0.686316 24.687000
0.686550 53.989900
0.686784 29.080000
0.687018 16.056300
0.687251 22.197800
0.687485 2.990730
0.687719 13.855100
0.687953 12.725700
0.688187 6.182070
0.688421 16.888000
0.688655 21.970300
0.688889 18.652400
0.689123 15.548400
0.689357 62.028200
0.689591 58.369300
0.689825 43.181100
0.690058 2.481930
0.690292 24.321000
0.690526 40.521100
0.690760 5.523720
0.690994 8.100360
0.691228 27.769500
0.691462 12.072500
0.691696 9.977120
0.691930 19.589700
0.692164 36.912400
0.692398 20.138300
0.692632 18.732800
0.692865 11.185600
0.693099 6.275970
0.693333 80.525700
0.693567 44.165700
0.693801 33.423000
0.694035 59.788800
0.694269 27.539500
0.694503 55.938200
0.694737 25.020700
0.694971 20.733200
0.695205 15.750400
0.695439 19.054800
0.695673 44.816300
0.695906 9.497020
0.696140 10.807600
0.696374 30.477400
0.696608 20.094500
0.696842 20.583200
0.697076 41.893100
0.697310 54.791500
0.697544 18.635500
0.697778 29.197200
0.698012 50.448600
0.698246 7.463360
0.698480 8.776500
0.698713 10.687400
0.698947 16.837800
0.699181 16.371100
0.699415 16.875800
0.699649 8.439890
0.699883 36.551800
0.700117 7.036130
0.700351 10.505700
0.700585 77.115900
0.700819 4.861610
0.701053 24.185800
0.701287 37.808800
0.701520 5.600870
0.701754 73.584600
0.701988 10.993200
0.702222 29.794700
0.702456 44.016500
0.702690 19.114900
0.702924 29.903000
0.703158 20.946200
0.703392 33.583300
0.703626 21.734700
0.703860 17.665100
0.704094 9.362370
0.704327 22.817700
0.704561 7.530240
0.704795 24.232600
0.705029 6.367580
0.705263 75.340700
0.705497 22.358800
0.705731 64.666900
0.705965 8.494260
0.706199 22.742600
0.706433 3.218910
0.706667 48.244200
0.706901 6.659840
0.707135 60.961700
0.707368 24.286500
0.707602 16.166000
0.707836 48.781000
0.708070 5.648350
0.708304 8.627000
0.708538 11.284100
0.708772 25.440300
0.709006 39.231800
0.709240 30.322400
0.709474 56.270300
0.709708 17.386200
0.709942 36.998000
0.710175 4.522670
0.710409 16.004900
0.710643 7.336860
0.710877 43.209500
0.711111 8.072210
0.711345 6.143210
0.711579 8.381350
0.711813 50.808600
0.712047 30.153200
0.712281 55.382800
0.712515 20.922400
0.712749 59.322400
0.712982 4.347880
0.713216 24.441500
0.713450 56.631900
0.713684 55.572000
0.713918 8.017460
0.714152 5.977710
0.714386 7.414710
0.714620 69.723200
0.714854 7.364860
0.715088 49.566000
0.715322 3.846770
0.715556 27.027300
0.715789 25.120600
0.716023 5.132230
0.716257 25.404700
0.716491 18.320800
0.716725 45.052800
0.716959 43.311000
0.717193 8.693490
0.717427 31.132700
0.717661 35.287600
0.717895 31.682400
0.718129 10.522800
0.718363 23.056300
0.718596 32.879500
0.718830 9.958640
0.719064 42.194300
0.719298 46.792700
0.719532 30.508500
0.719766 3.886920
0.720000 28.040400
0.720234 70.060700
0.720468 9.186030
0.720702 7.261640
0.720936 39.034400
0.721170 30.965400
0.721404 12.287000
0.721637 36.890100
0.721871 10.360000
0.722105 23.976200
0.722339 31.277700
0.722573 8.147540
0.722807 14.080000
0.723041 8.664310
0.723275 4.197890
0.723509 4.528640
0.723743 30.547200
0.723977 36.854200
0.724211 48.647600
0.724444 9.629640
0.724678 16.706400
0.724912 29.653400
0.725146 26.209300
0.725380 32.383400
0.725614 52.751300
0.725848 17.061000
0.726082 23.582300
0.726316 3.984170
0.726550 30.188600
0.726784 3.916720
0.727018 22.275300
0.727251 9.829590
0.727485 8.407480
0.727719 6.620770
0.727953 5.727080
0.728187 9.128880
0.728421 32.236300
0.728655 51.198200
0.728889 34.531800
0.729123 58.176000
0.729357 8.103620
0.729591 13.437600
0.729825 58.637800
0.730058 17.045700
0.730292 10.068800
0.730526 33.106500
0.730760 29.515600
0.730994 47.595900
0.731228 59.707200
0.731462 11.853100
0.731696 17.538100
0.731930 9.739510
0.732164 48.129800
0.732398 81.563800
0.732632 3.610450
0.732865 18.180200
0.733099 7.271750
0.733333 8.587370
0.733567 44.242800
0.733801 4.900720
0.734035 4.709280
0.734269 5.187490
0.734503 18.618600
0.734737 3.892140
0.734971 38.157200
0.735205 23.137700
0.735439 38.114000
0.735673 64.836600
0.735906 8.545810
0.736140 3.931770
0.736374 8.767590
0.736608 33.800800
0.736842 20.494000
0.737076 32.900500
0.737310 15.568100
0.737544 29.111200
0.737778 66.248700
0.738012 13.274400
0.738246 13.302700
0.738480 1.753080
0.738713 30.782300
0.738947 10.121900
0.739181 12.050600
0.739415 28.224400
0.739649 13.633300
0.739883 18.808300
0.740117 37.246300
0.740351 30.606800
0.740585 42.072100
0.740819 18.495700
0.741053 37.026600
0.741287 71.168600
0.741520 39.418000
0.741754 15.048700
0.741988 17.702100
0.742222 3.738540
0.742456 4.227020
0.742690 32.291700
0.742924 42.617600
0.743158 7.639800
0.743392 25.842400
0.743626 33.929700
0.743860 77.223400
0.744094 8.745480
0.744327 15.785900
0.744561 15.910000
0.744795 6.996840
0.745029 18.394400
0.745263 13.071400
0.745497 16.609600
0.745731 9.914660
0.745965 10.187600
0.746199 68.803100
0.746433 8.454420
0.746667 11.445600
0.746901 91.948300
0.747135 15.583700
0.747368 22.406500
0.747602 6.291110
0.747836 22.698200
0.748070 6.794830
0.748304 8.992320
0.748538 26.304800
0.748772 4.793640
0.749006 44.839400
0.749240 8.342990
0.749474 9.482970
0.749708 12.435000
0.749942 14.811100
0.750175 6.242740
0.750409 25.900200
0.750643 11.543200
0.750877 37.294600
0.751111 17.117900
0.751345 10.615900
0.751579 32.377000
0.751813 73.908000
0.752047 71.348700
0.752281 13.272000
0.752515 64.560100
0.752749 10.200400
0.752982 15.429600
0.753216 67.005600
0.753450 47.547100
0.753684 6.028180
0.753918 21.039700
0.754152 68.555000
0.754386 13.818100
0.754620 75.846200
0.754854 5.685030
0.755088 55.509700
0.755322 5.628110
0.755556 23.720700
0.755789 4.881960
0.756023 10.575200
0.756257 36.595800
0.756491 14.758600
0.756725 69.096100
0.756959 34.000500
0.757193 22.227500
0.757427 18.666500
0.757661 77.750400
0.757895 11.094000
0.758129 32.146100
0.758363 52.375700
0.758596 14.201600
0.758830 25.728500
0.759064 24.239100
0.759298 9.635060
0.759532 20.043300
0.759766 51.566000
0.760000 5.958670
0.760234 64.970700
0.760468 35.116100
0.760702 11.500500
0.760936 13.503400
0.761170 9.444650
0.761404 42.791700
0.761637 91.324600
0.761871 35.818500
0.762105 18.842000
0.762339 21.722200
0.762573 9.265480
0.762807 22.828400
0.763041 82.521900
0.763275 10.312800
0.763509 3.327460
0.763743 36.492200
0.763977 23.705400
0.764211 9.252750
0.764444 27.814800
0.764678 22.194800
0.764912 7.182510
0.765146 14.229400
0.765380 38.070900
0.765614 40.559100
0.765848 21.439600
0.766082 19.544900
0.766316 71.049300
0.766550 4.425530
0.766784 40.765300
0.767018 6.054050
0.767251 6.126660
0.767485 7.170410
0.767719 7.865630
0.767953 4.748430
0.768187 11.779900
0.768421 12.406100
0.768655 25.646700
0.768889 38.756100
0.769123 6.768820
0.769357 7.552660
0.769591 11.401500
0.769825 3.050930
0.770058 10.372700
0.770292 31.626300
0.770526 8.936820
0.770760 27.788900
0.770994 39.350600
0.771228 12.718000
0.771462 7.272260
0.771696 25.921400
0.771930 86.490800
0.772164 13.864400
0.772398 5.819100
0.772632 18.207600
0.772865 32.107600
0.773099 7.525910
0.773333 8.499270
0.773567 30.855700
0.773801 8.606310
0.774035 16.834700
0.774269 53.829000
0.774503 7.558510
0.774737 22.877500
0.774971 19.057400
0.775205 7.734490
0.775439 53.827300
0.775673 10.226100
0.775906 20.004700
0.776140 31.238500
0.776374 6.514820
0.776608 55.218800
0.776842 46.231600
0.777076 29.435500
0.777310 4.479110
0.777544 5.293190
0.777778 17.840300
0.778012 4.060840
0.778246 60.742400
0.778480 3.059810
0.778713 9.062940
0.778947 8.556120
0.779181 64.261000
0.779415 26.338200
0.779649 23.573000
0.779883 48.554600
0.780117 6.406340
0.780351 3.547480
0.780585 22.057100
0.780819 6.324880
0.781053 24.325100
0.781287 31.164500
0.781520 12.163500
0.781754 3.773500
0.781988 37.720600
0.782222 81.395300
0.782456 42.008100
0.782690 21.822700
0.782924 9.866360
0.783158 7.199790
0.783392 27.294600
0.783626 5.790400
0.783860 5.598370
0.784094 30.723800
0.784327 39.612100
0.784561 54.229300
0.784795 6.839390
0.785029 33.697400
0.785263 54.306300
0.785497 7.031560
0.785731 21.340900
0.785965 10.951100
0.786199 4.343320
0.786433 20.013700
0.786667 27.783300
0.786901 19.128500
0.787135 9.595990
0.787368 24.899300
0.787602 24.671300
0.787836 33.619900
0.788070 19.728400
0.788304 12.381500
0.788538 22.531300
0.788772 46.317700
0.789006 32.371900
0.789240 22.941500
0.789474 16.185300
0.789708 9.194950
0.789942 8.807060
0.790175 79.293700
0.790409 16.664000
0.790643 31.213400
0.790877 16.282800
0.791111 21.433500
0.791345 16.861600
0.791579 40.594800
0.791813 30.880600
0.792047 14.964600
0.792281 31.053200
0.792515 9.181330
0.792749 32.515600
0.792982 15.136100
0.793216 6.475790
0.793450 4.816200
0.793684 5.464660
0.793918 16.435500
0.794152 6.171770
0.794386 35.402400
0.794620 32.026300
0.795088 15.488900
0.795322 6.844260
0.795556 62.631300
0.795789 23.945300
0.796023 22.406100
0.796257 22.697400
0.796491 14.177300
0.796725 17.946600
0.796959 8.214080
0.797193 31.263600
0.797427 5.637020
0.797661 47.653400
0.797895 20.036600
0.798129 15.590500
0.798363 20.384700
0.798596 25.522700
0.798830 15.100000
0.799064 28.607800
0.799298 10.674800
0.799532 31.425100
0.799766 9.099760
0.800000 20.049300
0.800234 52.952100
0.800468 8.046370
0.800702 1.702600
0.800936 8.153890
0.801170 46.458100
0.801404 27.338700
0.801637 27.735700
0.801871 5.262650
0.802105 44.890700
0.802339 9.745940
0.802573 53.583900
0.802807 36.692900
0.803041 25.888200
0.803275 29.811800
0.803509 9.954070
0.803743 8.388220
0.803977 16.826400
0.804211 71.432700
0.804444 13.329200
0.804678 14.061200
0.804912 42.565800
0.805146 3.616360
0.805380 7.569030
0.805614 58.496800
0.805848 10.687600
0.806082 35.095300
0.806316 38.403500
0.806550 26.674400
0.806784 47.320200
0.807018 7.286040
0.807251 7.552350
0.807485 6.520280
0.807719 12.211900
0.807953 24.552100
0.808187 3.533340
0.808421 44.095900
0.808655 21.668200
0.808889 7.015790
0.809123 3.981300
0.809357 69.735400
0.809591 58.474000
0.809825 6.014290
0.810058 10.032100
0.810292 13.732500
0.810526 9.105760
0.810760 29.553000
0.810994 64.789600
0.811228 9.230920
0.811462 1.641850
0.811696 10.507000
0.811930 16.786900
0.812164 31.837700
0.812398 33.325100
0.812632 49.507700
0.812865 12.177800
0.813099 23.151400
0.813333 8.210600
0.813567 21.631200
0.813801 35.423200
0.814035 50.441800
0.814269 17.654000
0.814503 29.710600
0.814737 19.941600
0.814971 23.270300
0.815205 27.091000
0.815439 43.155500
0.815673 1.254450
0.815906 17.157300
0.816140 3.968600
0.816374 16.485500
0.816608 77.460600
0.816842 38.197900
0.817076 10.076200
0.817310 32.487300
0.817544 31.312100
0.817778 26.980900
0.818012 27.456300
0.818246 72.232500
0.818480 28.694600
0.818713 17.520000
0.818947 4.064720
0.819181 21.128600
0.819415 5.521850
0.819649 1.436660
0.819883 28.721700
0.820117 5.917530
0.820351 10.432000
0.820585 15.518600
0.820819 21.548800
0.821053 38.396100
0.821287 31.192400
0.821520 22.778400
0.821754 32.079700
0.821988 65.291800
0.822222 14.396300
0.822456 5.356730
0.822690 19.783700
0.822924 15.361600
0.823158 7.000840
0.823392 7.874820
0.823626 24.092500
0.823860 59.745600
0.824094 13.823500
0.824327 10.420400
0.824561 15.995800
0.824795 32.045200
0.825029 8.074290
0.825263 13.498600
0.825497 76.415700
0.825731 63.670800
0.825965 9.240980
0.826199 14.487700
0.826433 6.958010
0.826667 2.637490
0.826901 12.458600
0.827135 2.323950
0.827368 11.768100
0.827602 10.958800
0.827836 6.066280
0.828070 5.820090
0.828304 15.452500
0.828538 73.787200
0.828772 58.173500
0.829006 70.829400
0.829240 27.123900
0.829474 43.337800
0.829708 46.020600
0.829942 23.100100
0.830175 80.810600
0.830409 14.294800
0.830643 6.660750
0.830877 8.228060
0.831111 15.671900
0.831345 45.720700
0.831579 27.107300
0.831813 4.110500
0.832047 26.265800
0.832281 9.730840
0.832515 45.721800
0.832749 11.006400
0.832982 30.230800
0.833216 4.413810
0.833450 42.157000
0.833684 36.480500
0.833918 5.540560
0.834152 38.437300
0.834386 8.212400
0.834620 4.781060
0.834854 21.214400
0.835088 78.871700
0.835322 34.664600
0.835556 47.009500
0.835789 46.607400
0.836023 7.599500
0.836257 4.574610
0.836491 16.385900
0.836725 56.373400
0.836959 46.442300
0.837193 38.066800
0.837427 52.960300
0.837661 30.507700
0.837895 22.450100
0.838129 28.973300
0.838363 12.542200
0.838596 50.772600
0.838830 59.944300
0.839064 5.632750
0.839298 12.002100
0.839532 12.691600
0.839766 35.194000
0.840000 48.797100
0.840234 7.071540
0.840468 9.315920
0.840702 56.915800
0.840936 42.083300
0.841170 24.289800
0.841404 65.396400
0.841637 11.122600
0.841871 36.815300
0.842105 49.232700
0.842339 26.238600
0.842573 10.156600
0.842807 20.966000
0.843041 44.494300
0.843275 14.679300
0.843509 14.616400
0.843743 27.120500
0.843977 36.910000
0.844211 33.114700
0.844444 28.111300
0.844678 8.622040
0.844912 20.738400
0.845146 18.142700
0.845380 21.139600
0.845614 17.049700
0.845848 63.477800
0.846082 37.023900
0.846316 15.329600
0.846550 16.086300
0.846784 9.973560
0.847018 7.101970
0.847251 11.159900
0.847485 5.844830
0.847719 64.902400
0.847953 1.646950
0.848187 6.435060
0.848421 43.689000
0.848655 5.561440
0.848889 1.797310
0.849123 4.135720
0.849357 31.978100
0.849591 22.507100
0.849825 17.825500
0.850058 16.566600
0.850292 64.691200
0.850526 23.578200
0.850760 32.588700
0.850994 5.200510
0.851228 7.270150
0.851462 14.020600
0.851696 37.673500
0.851930 18.074800
0.852164 15.538800
0.852398 13.152300
0.852632 7.055640
0.852865 25.220000
0.853099 42.357600
0.853333 6.855170
0.853567 18.551800
0.853801 7.543300
0.854035 6.634350
0.854269 11.486900
0.854503 29.235900
0.854737 2.495630
0.854971 14.772500
0.855205 50.791200
0.855439 11.386100
0.855673 48.844400
0.855906 74.084100
0.856140 38.168200
0.856374 17.572500
0.856608 9.643160
0.856842 17.644200
0.857076 18.533300
0.857310 26.173100
0.857544 7.011440
0.857778 11.074100
0.858012 34.786800
0.858246 17.684700
0.858480 11.317500
0.858713 18.276100
0.858947 49.524200
0.859181 7.332440
0.859415 67.560200
0.859649 90.764600
0.859883 18.542400
0.860117 6.213720
0.860351 39.797000
0.860585 30.247600
0.860819 69.995100
0.861053 43.757300
0.861287 25.277500
0.861520 4.968580
0.861754 9.726400
0.861988 91.619700
0.862222 16.521000
0.862456 3.870440
0.862690 46.941800
0.862924 48.814600
0.863158 35.256700
0.863392 10.516700
0.863626 95.955000
0.863860 15.143900
0.864094 10.014200
0.864327 32.924300
0.864561 25.870000
0.864795 11.045100
0.865029 14.668200
0.865263 10.306100
0.865497 34.015300
0.865731 7.695550
0.865965 25.310400
0.866199 36.198800
0.866433 6.005340
0.866667 14.034400
0.866901 21.276100
0.867135 14.887900
0.867602 10.158200
0.867836 28.845000
0.868070 25.976800
0.868304 16.901700
0.868538 8.262620
0.868772 10.084400
0.869006 3.934910
0.869240 19.953700
0.869474 34.038000
0.869708 26.899900
0.869942 34.072100
0.870175 5.910730
0.870409 47.373300
0.870643 7.280480
0.870877 26.340300
0.871111 44.990100
0.871345 20.205600
0.871579 45.527200
0.871813 72.823900
0.872047 18.802800
0.872281 12.830500
0.872515 12.791700
0.872749 3.234550
0.872982 44.431300
0.873216 7.281510
0.873450 39.965800
0.873684 29.470700
0.873918 40.204600
0.874152 8.165650
0.874386 8.914680
0.874620 9.621470
0.874854 7.079530
0.875088 26.351800
0.875322 3.257500
0.875556 21.680300
0.875789 39.235300
0.876023 8.379480
0.876257 22.800300
0.876491 21.994600
0.876725 7.716710
0.876959 21.156800
0.877193 13.062900
0.877427 27.449800
0.877661 5.264650
0.877895 4.611790
0.878129 26.431500
0.878363 65.395900
0.878596 9.240170
0.878830 28.855300
0.879064 61.138300
0.879298 7.976030
0.879532 14.620500
0.879766 17.881700
0.880000 4.423610
0.880234 38.258500
0.880468 15.741200
0.880702 22.507800
0.880936 9.424770
0.881170 22.006400
0.881404 5.762680
0.881637 19.441100
0.881871 7.531870
0.882105 58.064300
0.882339 3.995200
0.882573 4.912810
0.882807 27.297700
0.883041 11.760700
0.883275 36.378800
0.883509 39.511600
0.883743 9.282280
0.883977 18.992400
0.884211 13.677500
0.884444 10.396300
0.884678 27.654100
0.884912 40.752400
0.885146 73.148900
0.885380 13.342000
0.885614 9.524140
0.885848 2.060870
0.886082 16.564300
0.886316 5.422810
0.886550 21.215500
0.886784 22.076600
0.887018 24.768800
0.887251 64.045100
0.887485 23.891800
0.887719 9.148270
0.887953 6.011050
0.888187 26.518900
0.888421 36.900400
0.888655 38.087400
0.888889 25.324200
0.889123 8.346360
0.889357 25.485400
0.889591 24.223600
0.889825 23.152100
0.890058 61.158100
0.890292 39.461300
0.890526 9.679920
0.890760 14.993100
0.890994 1.772950
0.891228 18.181500
0.891462 22.738000
0.891696 20.646500
0.891930 13.948400
0.892164 18.084600
0.892398 5.596960
0.892632 4.803540
0.892865 11.504000
0.893099 24.921500
0.893333 24.915500
0.893567 22.146800
0.893801 6.007830
0.894035 18.294900
0.894269 30.032700
0.894503 34.396700
0.894737 12.573800
0.894971 4.419380
0.895205 5.878660
0.895439 4.848450
0.895673 23.085000
0.895906 17.607600
0.896140 70.557500
0.896374 27.540900
0.896608 25.820100
0.896842 12.918300
0.897076 16.364500
0.897310 60.896100
0.897544 28.913400
0.897778 27.654800
0.898012 11.198000
0.898246 19.258000
0.898480 28.883900
0.898713 6.769350
0.898947 14.547300
0.899181 10.643900
0.899415 41.253800
0.899649 3.925080
0.899883 8.211830
0.900117 38.366000
0.900351 17.959300
0.900585 25.144100
0.900819 23.213400
0.901053 78.772000
0.901287 21.554000
0.901520 11.109500
0.901754 5.981690
0.901988 18.247600
0.902222 4.736540
0.902456 5.980210
0.902690 9.750450
0.902924 18.670600
0.903158 29.759500
0.903392 9.786400
0.903626 43.348700
0.903860 19.824200
0.904094 4.879810
0.904327 8.807980
0.904561 19.981100
0.904795 8.188410
0.905029 26.341000
0.905263 4.760910
0.905497 32.288600
0.905731 7.159950
0.905965 15.967300
0.906199 53.697100
0.906433 6.638630
0.906667 20.743100
0.906901 33.111600
0.907135 14.452200
0.907368 8.590190
0.907602 24.388900
0.907836 40.241600
0.908070 21.567200
0.908304 19.480200
0.908538 9.041720
0.908772 24.919400
0.909006 5.133170
0.909240 16.196300
0.909474 33.856200
0.909708 54.307200
0.909942 15.454000
0.910175 34.487800
0.910409 8.981730
0.910643 21.195900
0.910877 27.151900
0.911111 11.345300
0.911345 5.095430
0.911579 15.496600
0.911813 49.340300
0.912047 80.335800
0.912281 31.298600
0.912515 29.348400
0.912749 6.206690
0.912982 22.088600
0.913216 58.082900
0.913450 45.995100
0.913684 45.603600
0.913918 10.425600
0.914152 14.476300
0.914386 18.144000
0.914620 11.489300
0.914854 12.108800
0.915088 31.463400
0.915322 5.032150
0.915556 15.261500
0.915789 30.063500
0.916023 23.765800
0.916257 6.295920
0.916491 49.454600
0.916725 43.006300
0.916959 5.956640
0.917193 5.901670
0.917427 40.604400
0.917661 23.164500
0.917895 11.241500
0.918129 7.318400
0.918363 16.335500
0.918596 18.890900
0.918830 22.430900
0.919064 30.192600
0.919298 4.034080
0.919532 16.145200
0.919766 35.323300
0.920000 38.413700
0.920234 35.522200
0.920468 30.220900
0.920702 21.688100
0.920936 25.195400
0.921170 12.101400
0.921404 47.242800
0.921637 5.810820
0.921871 10.442200
0.922105 31.359600
0.922339 3.042270
0.922573 20.273600
0.922807 16.836000
0.923041 21.057400
0.923275 23.541700
0.923509 19.249500
0.923743 2.912350
0.923977 11.356400
0.924211 28.309300
0.924444 12.762300
0.924678 55.648500
0.924912 10.574400
0.925146 33.735200
0.925380 22.955400
0.925614 12.355600
0.925848 51.081600
0.926082 8.974560
0.926316 51.472600
0.926550 23.413700
0.926784 75.670500
0.927018 5.859630
0.927251 6.909270
0.927485 4.626140
0.927719 30.706100
0.927953 28.356200
0.928187 45.971400
0.928421 19.998900
0.928655 11.780600
0.928889 61.417000
0.929123 27.953300
0.929357 60.198900
0.929591 6.155200
0.929825 16.312700
0.930058 17.335800
0.930292 17.957000
0.930526 27.781500
0.930760 91.488700
0.930994 62.150300
0.931228 19.155300
0.931462 18.448300
0.931696 20.620700
0.931930 5.093950
0.932164 11.693700
0.932398 11.617100
0.932632 11.542200
0.932865 35.361700
0.933099 9.412830
0.933333 4.367550
0.933567 30.090000
0.933801 49.071700
0.934035 29.413400
0.934269 17.884100
0.934503 48.503400
0.934971 37.696400
0.935205 32.599700
0.935439 8.157750
0.935673 46.779700
0.935906 25.414900
0.936140 23.398500
0.936374 36.527700
0.936608 41.134400
0.936842 4.642510
0.937076 10.394400
0.937310 29.913000
0.937544 19.375500
0.937778 18.095000
0.938012 33.827900
0.938246 38.335400
0.938480 43.855900
0.938713 14.823500
0.938947 20.070900
0.939181 6.031600
0.939415 4.775510
0.939649 19.806200
0.939883 15.013100
0.940117 23.357400
0.940351 48.428600
0.940585 33.293100
0.940819 24.182600
0.941053 72.327400
0.941287 19.093500
0.941520 91.599500
0.941754 40.264800
0.941988 11.154300
0.942222 20.922600
0.942456 23.644100
0.942690 31.778000
0.942924 17.995300
0.943158 46.137300
0.943392 6.189020
0.943626 21.897000
0.943860 20.272700
0.944094 11.857000
0.944327 8.199280
0.944561 13.185900
0.944795 24.409500
0.945029 32.324400
0.945263 14.897700
0.945497 53.688700
0.945731 32.662300
0.945965 14.061300
0.946199 23.287400
0.946433 11.460600
0.946667 12.366800
0.946901 13.906700
0.947135 14.704800
0.947368 5.111460
0.947602 14.337400
0.947836 2.955650
0.948070 32.648200
0.948304 15.146500
0.948538 1.640900
0.948772 80.046200
0.949006 57.253600
0.949240 39.723600
0.949474 4.722630
0.949708 36.474800
0.949942 10.503700
0.950175 2.385590
0.950409 16.892400
0.950643 16.287900
0.950877 5.609020
0.951111 36.845900
0.951345 32.998000
0.951579 12.582500
0.951813 9.982140
0.952047 46.666400
0.952281 59.834900
0.952515 9.953220
0.952749 21.757100
0.952982 39.399900
0.953216 23.540800
0.953450 25.303900
0.953684 4.701210
0.953918 10.266700
0.954152 5.594070
0.954386 19.017200
0.954620 11.919800
0.954854 15.212700
0.955088 26.104200
0.955322 11.544600
0.955556 7.856620
0.955789 34.724700
0.956023 31.005600
0.956257 70.680800
0.956491 7.750080
0.956725 24.793600
0.956959 36.381100
0.957193 12.551500
0.957427 28.104600
0.957661 32.364600
0.957895 38.428900
0.958129 11.047200
0.958363 16.517700
0.958596 3.986430
0.958830 11.370800
0.959064 4.519960
0.959298 7.385380
0.959532 10.493200
0.959766 8.583150
0.960000 26.224100
0.960234 16.765000
0.960468 47.785900
0.960702 5.448640
0.960936 26.749000
0.961170 6.700350
0.961404 21.073900
0.961637 6.453080
0.961871 24.865900
0.962105 17.613800
0.962339 33.031100
0.962573 15.650800
0.962807 3.566860
0.963041 13.592000
0.963275 39.972000
0.963509 23.686900
0.963743 51.066300
0.963977 15.902900
0.964211 9.374720
0.964444 56.959900
0.964678 7.474570
0.964912 17.590200
0.965146 41.479700
0.965380 26.957500
0.965614 74.822200
0.965848 5.179950
0.966082 14.096400
0.966316 23.510800
0.966550 8.056270
0.966784 33.263600
0.967018 55.626800
0.967251 6.973340
0.967485 9.226760
0.967719 24.139300
0.967953 14.483000
0.968187 31.409000
0.968421 12.642800
0.968655 20.279300
0.968889 19.148800
0.969123 30.888100
0.969357 13.733700
0.969591 7.239490
0.969825 8.154450
0.970058 9.067730
0.970292 42.025300
0.970526 14.100900
0.970760 8.802470
0.970994 56.174400
0.971228 31.477700
0.971462 34.221300
0.971696 9.458260
0.971930 54.880000
0.972164 39.663100
0.972398 30.849700
0.972632 63.385800
0.972865 63.450900
0.973099 6.945820
0.973333 7.856700
0.973567 6.092480
0.973801 43.088600
0.974035 26.207900
0.974269 42.769200
0.974503 8.709810
0.974737 17.062100
0.974971 14.249300
0.975205 11.230700
0.975439 23.979500
0.975673 21.144900
0.975906 12.415600
0.976140 23.656300
0.976374 31.124200
0.976608 23.626500
0.976842 6.721950
0.977076 55.959600
0.977310 89.496000
0.977544 1.687860
0.977778 10.738600
0.978012 63.153500
0.978246 44.844200
0.978480 9.847750
0.978713 31.284700
0.978947 15.050700
0.979181 17.966600
0.979415 2.823800
0.979649 8.923840
0.979883 7.522170
0.980117 33.264000
0.980351 16.162900
0.980585 70.499000
0.980819 5.965030
0.981053 48.304900
0.981287 12.669000
0.981520 40.827100
0.981754 29.323300
0.981988 6.320450
0.982222 8.082400
0.982456 19.934100
0.982690 23.650800
0.982924 7.755480
0.983158 8.736350
0.983392 19.611600
0.983626 6.418630
0.983860 7.340340
0.984094 2.740530
0.984327 20.900000
0.984561 6.204730
0.984795 38.637300
0.985029 21.437300
0.985263 57.944200
0.985497 45.085500
0.985731 10.347000
0.985965 2.351990
0.986199 17.016300
0.986433 25.884300
0.986667 70.015800
0.986901 6.865950
0.987135 80.009000
0.987368 3.540210
0.987602 30.570400
0.987836 32.845100
0.988070 9.419940
0.988304 39.018300
0.988538 49.642100
0.988772 31.930900
0.989006 80.837400
0.989240 36.352700
0.989474 17.454600
0.989708 19.096000
0.989942 22.810800
0.990175 52.506700
0.990409 25.387700
0.990643 34.909900
0.990877 20.009700
0.991111 8.437580
0.991345 33.400200
0.991579 90.273200
0.991813 41.811500
0.992047 27.545800
0.992281 15.147500
0.992515 6.635560
0.992749 9.006860
0.992982 24.433000
0.993216 30.336000
0.993450 45.953200
0.993684 11.080500
0.993918 9.412040
0.994152 8.065810
0.994386 21.106500
0.994620 8.482740
0.994854 14.326800
0.995088 17.055800
0.995322 68.368800
0.995556 50.642600
0.995789 61.575700
0.996023 47.331600
0.996257 25.015100
0.996491 20.054100
0.996725 24.826500
0.996959 9.705240
0.997193 21.953100
0.997427 26.128100
0.997661 40.734800
0.997895 17.166200
0.998129 72.068200
0.998363 8.176220
0.998596 3.551860
0.998830 44.776300
0.999064 59.386200
0.999298 37.867200
0.999532 13.988600
0.999766 5.949800
1.000000 41.641000
