0.000480 7.149050
0.000960 17.491900
0.001440 65.429400
0.001919 7.842930
0.002399 6.015090
0.002879 22.164000
0.003359 15.454500
0.003839 8.077190
0.004319 33.294600
0.004798 7.683280
0.005278 13.492000
0.005758 21.877600
0.006238 29.145100
0.006718 34.605700
0.007198 3.405340
0.007678 7.297010
0.008157 15.851700
0.008637 9.066050
0.009117 67.481900
0.009597 67.958600
0.010077 64.914900
0.010557 25.948200
0.011036 41.103100
0.011516 34.920300
0.011996 6.341130
0.012476 77.841000
0.012956 6.615000
0.013436 8.275970
0.013916 37.431500
0.016315 11.312900
0.016795 26.492100
0.017274 45.517400
0.017754 63.462200
0.018234 6.901660
0.018714 48.196500
0.019194 8.731450
0.019674 21.959900
0.020154 16.465200
0.020633 29.125800
0.023033 67.417800
0.023512 8.686270
0.023992 6.937520
0.042226 8.389800
0.042706 25.903400
0.043186 24.192100
0.043666 14.232000
0.044146 44.199600
0.044626 11.244200
0.045106 13.627600
0.045585 8.482760
0.046065 23.255700
0.046545 13.959200
0.047025 72.385200
0.047505 38.907500
0.047985 9.474340
0.048464 18.743600
0.048944 22.722500
0.049424 9.202150
0.049904 5.807010
0.050384 4.196800
0.050864 8.674650
0.051344 46.113100
0.051823 24.902500
0.052303 46.801600
0.052783 8.465930
0.053263 3.977340
0.053743 38.948800
0.054223 6.967760
0.054702 51.530800
0.055182 18.003000
0.055662 18.995200
0.056142 40.831600
0.056622 32.546700
0.057102 58.897800
0.057582 49.022700
0.058061 19.942100
0.058541 53.460100
0.059021 11.090300
0.059501 61.859600
0.059981 11.882500
0.060461 35.371800
0.060940 43.749000
0.061420 5.777070
0.061900 7.530790
0.062380 23.545800
0.062860 46.021900
0.063340 9.163320
0.063820 8.598800
0.064299 73.984300
0.064779 4.174120
0.065259 36.997700
0.065739 22.985000
0.066219 38.489000
0.066699 7.263740
0.067179 76.355500
0.067658 4.479750
0.068138 47.868600
0.068618 89.254300
0.069098 24.500400
0.069578 29.599100
0.070058 14.114000
0.070537 25.179500
0.071017 44.838000
0.071497 4.397590
0.071977 5.593590
0.072457 58.522900
0.072937 20.555200
0.073417 53.127100
0.073896 22.748900
0.074376 63.596900
0.074856 46.413600
0.075336 32.860500
0.075816 12.105800
0.076296 45.051900
0.076775 32.683100
0.077255 6.248940
0.077735 60.627800
0.078215 40.201800
0.078695 18.521100
0.079175 40.921100
0.079655 36.126500
0.080134 24.567700
0.080614 38.218900
0.081094 3.855060
0.081574 4.571960
0.093570 9.691900
0.094050 30.606700
0.094530 7.913900
0.095010 78.306100
0.095489 6.019670
0.095969 14.216300
0.096449 5.848650
0.096929 11.774800
0.097409 23.626900
0.097889 6.501620
0.098369 60.289200
0.098848 7.521440
0.099328 38.642900
0.099808 53.345900
0.100288 7.435860
0.100768 32.113800
0.101248 16.124800
0.101727 28.914600
0.102207 76.682400
0.102687 5.764510
0.103167 26.562100
0.103647 12.147800
0.104127 7.697850
0.111324 58.116000
0.111804 72.075500
0.112284 22.940100
0.112764 16.091600
0.113244 8.135370
0.114203 9.805800
0.114683 24.535000
0.115163 15.734400
0.115643 62.445200
0.116123 31.321900
0.116603 8.984900
0.117083 8.738990
0.117562 18.881000
0.118042 20.635700
0.118522 31.523700
0.119002 9.560300
0.119482 84.359600
0.119962 44.325400
0.120441 13.371500
0.120921 39.877700
0.121401 13.463800
0.121881 26.724800
0.122361 9.597980
0.122841 68.561600
0.123321 10.839700
0.124280 10.434500
0.124760 26.220500
0.125240 9.747280
0.125720 64.209000
0.126200 4.043860
0.126679 42.890800
0.127159 11.830000
0.127639 22.289000
0.128119 16.190700
0.128599 17.087100
0.129079 73.680300
0.129559 35.316900
0.130038 32.579900
0.130518 54.478700
0.130998 9.888150
0.133877 9.958660
0.134357 9.412340
0.134837 11.297100
0.135317 26.095200
0.135797 5.772550
0.136276 6.256030
0.136756 42.964200
0.137236 54.359000
0.137716 20.802300
0.138196 83.703200
0.138676 11.443200
0.139155 37.151600
0.139635 28.889800
0.140115 20.502700
0.140595 25.678100
0.141075 24.555600
0.141555 23.521900
0.142035 3.698620
0.142514 32.068500
0.142994 8.428260
0.143474 27.321000
0.143954 6.908640
0.144434 9.172490
0.144914 69.801100
0.145393 1.904830
0.145873 10.583500
0.146353 12.864600
0.146833 48.516300
0.147313 8.137660
0.147793 9.648320
0.148273 27.901400
0.148752 9.673520
0.149712 8.324900
0.160269 59.483000
0.160749 18.052800
0.161228 18.473000
0.161708 6.735100
0.162188 38.846700
0.162668 11.693200
0.163148 64.270200
0.163628 18.475900
0.164107 6.291210
0.164587 16.616200
0.165067 37.748200
0.165547 48.425200
0.166027 12.920200
0.166507 56.394600
0.166987 15.591400
0.167466 17.377900
0.167946 4.334590
0.168426 15.299000
0.168906 20.188700
0.169386 3.934130
0.169866 50.404100
0.170345 43.117600
0.170825 29.369500
0.171305 21.134600
0.171785 9.570220
0.172265 28.050300
0.172745 55.453600
0.173225 10.452800
0.173704 39.344200
0.174184 8.854770
0.174664 39.057400
0.175144 19.475800
0.175624 12.493400
0.176104 87.732700
0.176583 8.617460
0.177063 43.698300
0.177543 18.069400
0.178023 53.005700
0.178503 7.627280
0.178983 24.424200
0.179463 26.178100
0.179942 45.935300
0.180422 15.774500
0.180902 17.545100
0.181382 27.324900
0.181862 7.949530
0.182821 16.001600
0.183301 41.833600
0.183781 25.626200
0.184261 15.778900
0.184741 2.004930
0.185221 64.936800
0.185701 9.648160
0.186180 12.309800
0.186660 69.269400
0.187140 16.115200
0.187620 57.978700
0.188100 25.419800
0.188580 7.571060
0.189060 33.717700
0.189539 22.213000
0.190019 5.468570
0.190499 10.697800
0.190979 2.078450
0.191459 18.933500
0.191939 6.838890
0.192418 15.614000
0.192898 28.014100
0.193378 32.544200
0.193858 25.562300
0.194338 29.425700
0.194818 15.543000
0.195298 10.131500
0.195777 15.499400
0.196257 4.425520
0.196737 6.229770
0.197217 27.865400
0.197697 14.473300
0.198177 22.073900
0.198656 29.089700
0.199136 60.490200
0.199616 10.348300
0.200096 11.984000
0.200576 34.403800
0.201056 40.221000
0.201536 2.735680
0.202015 10.740300
0.202495 15.475000
0.202975 7.137300
0.203455 35.781400
0.203935 11.413700
0.204415 12.066700
0.204894 2.216150
0.205374 9.838690
0.205854 53.508700
0.206334 18.545600
0.206814 7.655420
0.207294 23.008700
0.207774 39.446600
0.208253 55.191800
0.208733 31.369200
0.209213 31.651000
0.209693 13.126600
0.210173 55.003000
0.210653 30.154300
0.211132 3.942330
0.211612 50.476900
0.212092 44.218400
0.212572 6.991270
0.213052 58.169300
0.213532 20.120900
0.214012 28.548200
0.214491 7.917840
0.214971 13.491500
0.215451 18.677100
0.215931 30.316200
0.216411 52.540500
0.216891 33.187700
0.217370 80.683600
0.217850 42.373400
0.218330 3.906600
0.218810 51.091500
0.219290 70.461200
0.219770 39.209000
0.220250 17.632300
0.220729 62.811900
0.221209 23.896700
0.221689 29.061900
0.222169 7.139250
0.222649 73.609800
0.223129 15.177900
0.223608 29.908700
0.224088 10.813700
0.224568 52.463200
0.225048 24.881800
0.225528 28.928500
0.226008 26.968700
0.226488 9.403070
0.226967 15.302900
0.227447 9.193870
0.227927 13.149200
0.228407 26.092900
0.228887 20.598800
0.229367 34.835200
0.229846 79.205900
0.230326 17.753200
0.230806 6.553960
0.231286 15.570600
0.231766 6.664580
0.232246 11.039000
0.232726 49.497200
0.233205 57.459600
0.233685 4.863950
0.234165 14.614700
0.234645 30.560000
0.235125 20.453400
0.235605 19.647300
0.236084 7.099220
0.236564 8.960760
0.237044 7.080520
0.237524 68.961900
0.238004 30.311300
0.238484 27.130700
0.238964 26.731700
0.239443 7.584170
0.239923 47.084900
0.240403 18.183800
0.240883 50.815700
0.241363 40.143300
0.241843 19.218100
0.242322 22.279600
0.242802 4.693940
0.243282 21.124100
0.243762 28.042800
0.244242 6.552240
0.244722 52.126800
0.245202 3.520630
0.245681 41.546900
0.246161 14.645700
0.246641 43.887700
0.247121 4.703560
0.247601 40.420400
0.248081 67.956400
0.248560 14.878700
0.249040 43.949100
0.249520 64.750200
0.250000 13.580000
0.250480 30.582100
0.250960 54.700200
0.251440 79.384800
0.251919 11.520200
0.252399 6.066640
0.252879 23.463600
0.253359 35.230800
0.253839 18.342600
0.254319 29.542700
0.254798 9.660180
0.255278 42.155700
0.255758 8.675680
0.256238 29.867500
0.256718 9.979450
0.257198 56.536900
0.257678 29.247800
0.258157 6.265830
0.258637 5.602410
0.259117 13.262500
0.259597 23.692000
0.260077 15.181000
0.260557 14.311000
0.261036 36.540000
0.261516 35.194800
0.261996 27.174500
0.262476 21.003300
0.262956 2.757230
0.263436 7.662150
0.263916 38.254500
0.264395 61.533200
0.264875 49.756500
0.265355 55.677700
0.265835 37.088800
0.266315 24.781200
0.266795 21.806600
0.267274 6.846250
0.267754 24.218300
0.268234 21.435100
0.268714 21.231300
0.269194 31.135400
0.269674 52.064400
0.270154 12.395900
0.270633 10.640000
0.271113 21.086000
0.271593 64.311800
0.272073 2.220470
0.272553 37.717300
0.273033 42.496100
0.273512 38.065500
0.273992 8.271870
0.274472 34.873500
0.274952 12.329600
0.275432 24.700700
0.275912 14.869200
0.276392 4.510400
0.276871 24.634500
0.277351 22.912100
0.277831 5.232980
0.278311 6.962060
0.278791 20.055400
0.279271 16.709200
0.279750 13.375200
0.280230 4.679130
0.280710 11.065900
0.281190 34.998500
0.281670 35.333000
0.282150 31.770100
0.282630 33.432600
0.283109 39.520400
0.283589 12.695300
0.284069 41.081400
0.284549 30.255200
0.285029 63.647200
0.285509 28.916600
0.285988 10.621700
0.286468 3.420640
0.286948 54.614500
0.287428 7.762010
0.287908 47.865000
0.288388 58.047600
0.288868 20.309000
0.289347 16.201400
0.289827 23.852300
0.290307 8.402850
0.290787 14.708100
0.291267 11.006400
0.291747 42.103500
0.292226 79.834500
0.292706 14.337400
0.293186 11.917000
0.293666 44.826400
0.294146 1.761170
0.294626 36.320800
0.295106 58.984700
0.295585 1.692180
0.296065 5.574690
0.296545 31.369400
0.297025 23.006900
0.297505 22.123300
0.297985 18.092600
0.298464 8.422740
0.298944 34.918700
0.299424 34.364700
0.299904 18.310900
0.300384 20.259100
0.300864 41.268200
0.301344 37.128900
0.301823 7.560510
0.302303 1.797720
0.302783 22.160300
0.303263 8.672060
0.303743 54.547200
0.304223 36.890500
0.304702 24.409000
0.305182 23.316400
0.305662 45.297000
0.306622 67.121200
0.307102 11.813700
0.307582 2.176910
0.308061 13.203400
0.308541 27.874100
0.309021 13.471100
0.309501 26.802300
0.309981 27.501900
0.310461 45.171800
0.310940 8.386070
0.311420 31.018500
0.311900 55.756900
0.312380 18.955100
0.312860 50.134800
0.313340 14.465400
0.313820 6.233280
0.314299 12.153600
0.314779 26.224600
0.315259 90.902200
0.315739 30.710400
0.316219 5.486980
0.316699 3.705900
0.317179 8.034360
0.317658 54.989200
0.318138 40.861200
0.318618 9.002280
0.319098 9.889440
0.319578 12.132900
0.320058 14.353800
0.320537 13.870500
0.321017 2.395400
0.321497 9.813830
0.321977 50.079900
0.322457 5.862360
0.322937 61.690300
0.323417 30.037400
0.323896 56.927600
0.324376 10.222700
0.324856 14.820800
0.325336 8.763500
0.325816 32.760800
0.326296 9.603860
0.326775 81.212100
0.327255 47.001400
0.327735 5.922250
0.328215 8.741280
0.328695 31.543100
0.329175 23.794800
0.329655 5.174050
0.330134 13.166600
0.330614 12.806600
0.331094 26.474800
0.331574 79.060300
0.332054 9.018830
0.332534 81.050600
0.333013 58.171900
0.333493 18.534900
0.333973 22.309500
0.334453 2.170700
0.334933 20.059400
0.335413 69.214300
0.335893 12.611900
0.336372 11.227900
0.336852 6.696740
0.337332 61.675200
0.337812 20.214300
0.338292 43.009600
0.338772 43.628100
0.339251 26.120000
0.339731 10.308600
0.340211 19.911300
0.340691 38.669500
0.341171 5.899500
0.341651 6.015650
0.342131 57.174200
0.342610 15.792900
0.343090 4.646730
0.343570 32.411200
0.344530 58.340600
0.345010 14.693900
0.345489 5.932050
0.345969 3.597200
0.346449 11.613600
0.346929 19.321400
0.347409 23.829800
0.347889 8.699810
0.348369 21.005500
0.348848 17.588100
0.349328 13.810300
0.349808 6.560570
0.350288 24.423000
0.350768 10.996600
0.351248 21.528400
0.351727 62.079200
0.352207 20.302000
0.352687 3.298260
0.353167 8.596400
0.353647 20.753000
0.354127 20.577300
0.354607 32.098100
0.355086 15.345000
0.355566 20.898000
0.356046 46.488600
0.356526 22.335700
0.357006 12.448700
0.357486 25.817000
0.357965 4.340690
0.358445 12.965100
0.358925 5.991340
0.359405 42.814100
0.359885 51.050700
0.360365 28.762400
0.360845 1.726450
0.361324 3.993210
0.361804 8.980190
0.362284 43.855600
0.362764 6.233020
0.363244 5.466420
0.363724 61.569300
0.364203 30.388600
0.364683 6.586530
0.365163 32.996500
0.365643 13.561800
0.366123 24.442800
0.366603 45.620600
0.367083 19.597900
0.367562 6.317480
0.368042 11.628200
0.368522 33.932800
0.369002 25.079300
0.369482 3.951460
0.369962 16.222400
0.370441 13.184200
0.370921 48.406800
0.371401 44.049100
0.371881 1.967880
0.372361 7.995100
0.372841 28.032100
0.373321 11.061900
0.373800 16.300000
0.374280 12.724600
0.374760 52.127700
0.375240 61.773400
0.375720 31.103200
0.376200 9.503260
0.376679 67.913100
0.377159 30.661600
0.377639 57.461100
0.378119 8.256740
0.378599 12.711600
0.379079 9.173810
0.379559 1.370020
0.380038 24.360000
0.380518 14.754900
0.380998 6.696550
0.381478 45.819100
0.381958 10.783200
0.382438 16.529700
0.382917 28.210800
0.383397 7.642240
0.383877 8.495220
0.384357 20.651800
0.384837 88.936200
0.385317 17.306600
0.385797 3.946290
0.386276 10.087800
0.386756 21.472000
0.387236 3.780260
0.387716 13.018700
0.388196 39.541800
0.388676 77.706400
0.389155 21.639400
0.389635 66.218100
0.390115 49.555200
0.390595 15.174400
0.391075 13.713400
0.391555 15.765400
0.392035 11.699900
0.392514 4.307970
0.392994 9.274760
0.393474 30.630700
0.393954 23.045300
0.394434 3.453440
0.394914 10.767800
0.395393 18.376500
0.395873 59.231700
0.396353 8.923850
0.396833 7.080120
0.397313 8.858810
0.397793 42.819300
0.398273 15.609200
0.398752 34.362400
0.399232 12.761900
0.399712 34.186500
0.400192 5.007130
0.400672 7.749370
0.401152 32.832600
0.401631 8.467270
0.402111 12.810300
0.402591 11.588400
0.403071 18.073600
0.403551 1.635850
0.404031 6.309820
0.404511 38.487000
0.404990 9.658570
0.405470 15.386000
0.405950 4.168620
0.406430 12.910300
0.406910 25.297600
0.407390 31.874100
0.407869 20.996800
0.408349 23.894200
0.408829 7.177290
0.409309 38.344800
0.409789 14.162100
0.410269 41.235400
0.410749 14.875200
0.411228 41.324700
0.411708 4.101060
0.412188 26.248600
0.412668 45.071400
0.413148 22.324500
0.413628 53.675600
0.414107 40.087200
0.414587 3.796550
0.415067 19.244300
0.415547 8.475060
0.416027 29.473900
0.416507 6.469910
0.416987 9.410630
0.417466 30.244300
0.417946 24.802700
0.418426 8.187010
0.418906 10.672600
0.419386 5.575030
0.419866 13.596100
0.420345 58.498800
0.420825 26.772100
0.421305 24.720600
0.421785 15.012300
0.422265 47.832200
0.422745 38.712200
0.423225 27.985000
0.423704 15.596600
0.424184 16.249400
0.424664 48.132400
0.425144 4.313630
0.425624 42.703400
0.426104 38.634000
0.426583 32.715000
0.427063 8.623280
0.427543 15.823700
0.428023 7.190650
0.428503 23.386300
0.428983 6.529890
0.429463 10.084600
0.429942 54.901400
0.430422 29.875200
0.430902 19.751700
0.431382 23.314600
0.431862 8.051160
0.432342 1.522840
0.432821 14.021600
0.433301 12.224900
0.433781 23.636300
0.434261 10.269300
0.434741 54.432600
0.435221 28.669000
0.435701 62.582900
0.436180 21.436400
0.436660 13.315500
0.437140 5.669160
0.437620 23.272000
0.438100 14.795600
0.438580 57.500500
0.439060 40.097300
0.439539 3.563130
0.440019 40.164600
0.440499 21.914100
0.440979 60.522600
0.441459 9.858890
0.441939 35.509600
0.442418 1.660320
0.442898 7.619200
0.443378 30.829600
0.443858 25.290600
0.444338 8.494330
0.444818 26.282500
0.445298 29.546900
0.445777 16.803500
0.446257 2.157350
0.446737 18.268300
0.447217 78.290600
0.447697 44.714400
0.448177 45.165500
0.448656 42.008800
0.449136 11.131900
0.449616 33.512900
0.450096 28.816600
0.450576 6.898440
0.451056 10.622300
0.451536 4.758440
0.452015 8.935200
0.452495 40.901100
0.452975 6.381300
0.453455 8.633900
0.453935 55.592900
0.454415 7.262880
0.454894 22.320400
0.455374 23.779500
0.455854 25.609700
0.456334 78.029300
0.456814 34.807800
0.457294 21.347600
0.457774 16.799300
0.458253 4.848210
0.458733 28.143600
0.459213 10.723500
0.459693 10.137300
0.460173 31.015900
0.460653 4.903450
0.461132 29.632800
0.461612 84.450600
0.462092 34.214500
0.462572 39.810700
0.463052 4.664820
0.463532 22.291600
0.464012 81.316100
0.464491 42.968400
0.464971 9.516750
0.465451 24.874100
0.465931 14.906300
0.466411 24.243300
0.466891 20.549600
0.467370 22.911100
0.467850 53.281600
0.468330 47.092000
0.468810 10.451200
0.469290 15.208900
0.469770 5.613330
0.470250 20.395500
0.470729 45.606400
0.471209 14.351700
0.471689 17.637400
0.472169 12.512300
0.472649 7.465510
0.473129 23.232900
0.473608 17.915200
0.474088 19.769500
0.474568 30.015100
0.475048 62.383200
0.475528 7.172360
0.476008 33.700300
0.476488 56.772800
0.476967 8.074850
0.477447 26.184400
0.477927 15.960700
0.478407 22.532000
0.478887 12.791800
0.479367 43.290800
0.479846 12.470700
0.480326 9.739780
0.480806 73.896100
0.481286 56.335400
0.481766 18.587500
0.482246 6.918730
0.482726 6.369340
0.483205 24.919100
0.483685 7.172620
0.484165 8.367940
0.484645 43.763000
0.485125 58.130100
0.485605 6.118410
0.486084 27.895300
0.486564 8.361860
0.487044 16.763100
0.487524 27.404100
0.488004 13.094000
0.488484 10.666300
0.488964 7.078100
0.489443 43.875900
0.489923 14.360100
0.490403 32.251000
0.490883 27.994300
0.491363 51.821100
0.491843 68.548100
0.492322 41.332900
0.492802 4.679690
0.493282 24.383300
0.493762 6.993900
0.494242 29.737900
0.494722 9.230530
0.495202 42.201600
0.495681 9.992950
0.496161 34.260200
0.496641 18.187500
0.497121 31.628900
0.497601 8.491990
0.498081 29.035900
0.498560 45.537300
0.499040 47.148800
0.499520 32.885300
0.500000 18.669700
0.500480 60.615600
0.500960 7.137330
0.501440 8.090810
0.501919 71.128200
0.502399 6.587780
0.502879 5.074580
0.503359 5.106970
0.503839 14.528200
0.504319 13.169900
0.504798 24.928000
0.505278 5.945280
0.505758 50.156200
0.506238 13.752700
0.506718 11.926000
0.507198 45.447600
0.507678 7.445080
0.508157 25.511000
0.508637 37.245900
0.509117 9.557630
0.509597 28.049100
0.510077 23.014300
0.510557 20.086000
0.511036 19.882600
0.511516 2.173680
0.511996 34.817200
0.512476 28.665500
0.512956 17.894200
0.513436 7.717020
0.513916 11.295000
0.514395 9.041320
0.514875 5.954510
0.515355 47.541900
0.515835 25.265900
0.516315 37.316300
0.516795 29.671000
0.517274 17.532800
0.517754 15.854700
0.518234 16.162800
0.518714 63.372700
0.519194 53.251100
0.519674 73.758900
0.520154 35.223400
0.520633 58.394100
0.521113 19.071500
0.521593 11.105800
0.522073 6.438110
0.522553 73.446800
0.523033 74.843600
0.523512 8.233990
0.523992 3.552100
0.524472 37.041400
0.524952 2.262250
0.525432 20.812800
0.525912 6.504550
0.526392 19.172800
0.526871 7.143120
0.527351 8.803280
0.527831 57.103400
0.528311 16.516300
0.528791 17.873800
0.529271 10.332200
0.529750 12.336800
0.530230 13.958100
0.530710 35.308600
0.531190 6.440250
0.531670 8.805210
0.532150 4.770920
0.532630 15.462000
0.533109 9.786970
0.533589 5.797010
0.534069 25.180500
0.534549 7.687110
0.535029 7.382820
0.535509 16.801700
0.535988 7.806320
0.536468 16.976000
0.536948 26.941900
0.537428 10.196700
0.537908 41.888600
0.538388 39.008500
0.538868 6.180800
0.539347 44.590800
0.539827 8.458930
0.540307 46.890500
0.540787 31.063200
0.541267 57.347700
0.541747 10.727700
0.542226 54.499400
0.542706 21.544400
0.543186 48.143000
0.543666 8.719400
0.544146 37.941700
0.544626 12.463600
0.545106 39.853000
0.545585 49.951800
0.546065 7.394110
0.546545 6.853420
0.547025 13.180700
0.547505 14.950000
0.547985 28.246100
0.548464 30.791700
0.548944 9.713790
0.549424 7.772820
0.549904 25.121500
0.550384 22.114100
0.550864 81.099600
0.551344 9.600790
0.551823 8.969070
0.552303 3.622020
0.552783 17.225200
0.553263 58.840700
0.553743 16.133900
0.554223 63.039000
0.554702 22.645000
0.555182 23.546700
0.555662 4.121400
0.556142 13.576200
0.556622 75.690900
0.557102 83.227600
0.557582 16.801000
0.558061 8.777410
0.558541 11.620500
0.559021 13.815600
0.559501 9.517760
0.559981 42.465100
0.560461 7.846590
0.560940 2.349290
0.561420 24.628100
0.561900 30.393100
0.562380 44.811700
0.562860 24.219700
0.563340 11.036000
0.563820 6.111810
0.564299 6.830180
0.564779 5.569980
0.565259 10.707700
0.565739 24.451000
0.566219 44.177100
0.566699 9.615840
0.567179 54.275200
0.567658 16.167500
0.568138 63.771400
0.568618 29.565400
0.569098 10.122000
0.569578 58.175300
0.570058 10.095000
0.570537 5.592710
0.571017 35.959200
0.571497 17.082200
0.571977 13.370100
0.572457 29.500100
0.572937 45.136500
0.573417 21.719200
0.573896 55.681900
0.574376 21.617200
0.574856 20.935500
0.575336 7.584770
0.575816 32.361600
0.576296 5.991730
0.576775 36.393700
0.577255 55.672000
0.577735 7.722720
0.578215 27.533600
0.578695 12.655200
0.579175 38.781700
0.579655 7.052830
0.580134 17.979900
0.580614 55.993900
0.581094 22.679700
0.581574 13.095500
0.582054 15.114300
0.582534 1.755690
0.583013 9.440360
0.583493 4.600980
0.583973 6.905080
0.584453 3.257130
0.584933 5.160910
0.585413 29.265200
0.585893 56.932300
0.586372 15.546900
0.586852 66.286800
0.587332 24.028800
0.587812 17.303000
0.588292 49.019600
0.588772 5.385780
0.589251 8.687050
0.589731 62.326600
0.590211 37.018100
0.590691 55.880600
0.591171 8.659390
0.591651 18.032600
0.592131 9.343460
0.592610 6.858630
0.593090 45.327800
0.593570 7.298050
0.594050 5.794370
0.594530 24.552800
0.595010 29.266500
0.595489 21.418000
0.595969 48.794000
0.596449 30.797200
0.596929 23.172000
0.597409 23.119800
0.597889 41.732700
0.598369 7.005370
0.598848 77.677400
0.599328 35.641000
0.599808 5.533290
0.600288 4.656570
0.600768 6.944150
0.601248 13.700900
0.601727 64.752300
0.602207 9.292480
0.602687 29.283000
0.603167 2.485490
0.603647 35.609000
0.604127 9.328280
0.604607 12.784300
0.605086 9.958380
0.605566 21.050200
0.606046 8.431660
0.606526 32.999700
0.607006 15.543800
0.607486 10.380200
0.607965 3.585940
0.608445 81.092400
0.608925 10.100200
0.609405 15.559600
0.609885 41.925600
0.610365 8.787320
0.610845 39.457300
0.611324 10.245500
0.611804 12.511900
0.612284 10.425300
0.612764 20.109900
0.613244 23.029200
0.613724 13.260500
0.614203 36.494900
0.614683 7.517240
0.615163 9.572050
0.615643 43.294700
0.616123 7.703570
0.616603 45.183900
0.617083 4.724930
0.617562 20.424000
0.618042 60.869000
0.618522 4.463450
0.619002 64.023800
0.619482 2.510140
0.619962 74.586300
0.620441 55.561100
0.620921 11.166400
0.621401 62.705800
0.621881 6.693200
0.622361 3.321170
0.622841 36.095800
0.623321 3.581540
0.623800 25.058600
0.624280 85.151800
0.624760 24.638100
0.625240 23.721000
0.625720 26.325200
0.626200 60.197100
0.626679 17.593900
0.627159 5.729610
0.627639 17.676700
0.628119 8.298690
0.628599 6.116310
0.629079 8.528880
0.629559 43.810000
0.630038 5.361760
0.630518 19.862800
0.630998 9.165820
0.631478 10.572200
0.631958 4.330250
0.632438 34.966700
0.632917 4.575660
0.633397 14.740800
0.633877 65.551400
0.634357 10.392800
0.634837 19.137600
0.635317 26.813700
0.635797 15.900900
0.636276 9.501180
0.636756 33.632700
0.637236 32.401800
0.637716 5.694380
0.638196 5.903790
0.638676 18.447600
0.639155 16.311900
0.639635 33.226500
0.640115 31.333500
0.640595 53.758300
0.641075 61.960000
0.641555 61.650900
0.642035 16.782500
0.642514 42.658500
0.642994 33.364600
0.643474 15.571000
0.643954 34.048800
0.644434 43.823000
0.644914 13.522100
0.645393 77.352600
0.645873 51.035400
0.646353 11.262000
0.646833 14.823700
0.647313 58.488900
0.647793 31.298900
0.648273 7.099770
0.648752 7.769750
0.649232 4.374300
0.649712 1.835490
0.650192 22.017200
0.650672 5.288300
0.651152 12.440300
0.651631 7.018150
0.652111 8.800200
0.652591 37.788400
0.653071 19.063500
0.653551 19.044300
0.654031 44.848600
0.654511 22.437800
0.654990 16.956200
0.655470 19.386700
0.655950 29.917200
0.656430 58.306700
0.656910 13.390800
0.657390 6.157060
0.657869 39.864800
0.658349 40.568600
0.658829 7.495550
0.659309 16.156600
0.659789 7.007070
0.660269 63.046100
0.660749 9.759870
0.661228 37.371100
0.661708 7.388170
0.662188 14.256400
0.662668 17.340800
0.663148 39.574700
0.663628 54.876700
0.664107 40.343900
0.664587 15.382900
0.665067 45.813900
0.665547 3.012310
0.666027 78.704200
0.666507 18.413000
0.666987 27.813700
0.667466 7.609610
0.667946 3.891500
0.668426 7.638680
0.668906 41.692300
0.669386 7.470740
0.669866 14.979100
0.670345 20.334200
0.670825 77.751800
0.671305 18.715600
0.671785 2.381290
0.672265 74.827500
0.672745 12.960400
0.673225 11.313900
0.673704 34.381800
0.674184 18.773300
0.674664 19.003600
0.675144 25.841900
0.675624 27.920400
0.676104 30.917900
0.676583 22.448100
0.677063 14.920500
0.677543 1.644400
0.678023 33.623300
0.678503 14.747200
0.678983 13.481900
0.679463 22.102200
0.679942 19.801600
0.680422 11.683900
0.680902 75.602600
0.681382 15.115000
0.681862 18.378500
0.682342 12.646400
0.682821 72.940500
0.683301 19.248000
0.683781 19.765500
0.684261 43.680100
0.684741 13.324100
0.685221 6.924200
0.685701 33.644400
0.686180 15.162300
0.686660 74.926800
0.687140 22.090300
0.687620 14.892800
0.688100 11.044100
0.688580 34.128900
0.689060 8.973140
0.689539 6.264050
0.690019 14.944600
0.690499 6.782280
0.690979 17.511000
0.691459 7.509410
0.691939 30.364500
0.692418 9.082710
0.692898 41.477000
0.693378 51.856000
0.693858 15.539100
0.694338 43.449600
0.694818 13.066300
0.695298 26.036900
0.695777 30.211700
0.696257 40.303500
0.696737 7.749620
0.697217 24.896000
0.697697 27.041800
0.698177 33.106200
0.698656 14.287100
0.699136 78.716400
0.699616 10.755900
0.700096 39.782300
0.700576 6.024740
0.701056 47.961600
0.701536 18.241900
0.702015 36.331400
0.702495 51.188400
0.702975 7.511140
0.703455 25.735400
0.703935 18.392300
0.704415 13.585700
0.704894 11.684900
0.705374 7.442160
0.705854 8.470700
0.706334 16.021000
0.706814 7.595710
0.707294 14.520100
0.707774 20.862300
0.708253 25.399300
0.708733 6.665030
0.709213 14.389100
0.709693 4.150030
0.710173 8.748560
0.710653 17.276900
0.711132 1.772950
0.711612 3.734750
0.712092 19.335200
0.712572 74.221600
0.713052 61.202800
0.713532 82.874600
0.714012 4.461090
0.714491 8.071970
0.714971 10.823700
0.715451 25.249300
0.715931 7.364180
0.716411 12.885900
0.716891 36.989700
0.717370 19.377500
0.717850 30.030000
0.718330 51.262800
0.718810 25.784000
0.719290 14.785100
0.719770 16.527700
0.720250 40.113400
0.720729 47.979000
0.721209 7.297950
0.721689 48.247600
0.722169 48.656500
0.722649 21.907600
0.723129 5.841120
0.723608 22.038300
0.724088 50.920100
0.724568 34.674100
0.725048 9.309580
0.725528 14.106000
0.726008 19.605900
0.726488 28.857800
0.726967 34.648600
0.727447 13.695600
0.727927 72.841000
0.728407 49.412000
0.728887 56.699100
0.729367 15.871100
0.729846 5.784160
0.730326 28.033600
0.730806 34.927900
0.731286 53.610800
0.731766 13.868900
0.732246 31.972000
0.732726 13.864800
0.733205 12.808800
0.733685 18.582000
0.734165 48.174600
0.734645 9.063510
0.735125 14.291900
0.735605 8.088960
0.736084 19.065300
0.736564 14.711200
0.737044 42.863500
0.737524 8.745680
0.738004 5.073540
0.738484 7.597600
0.738964 52.748700
0.739443 8.201560
0.739923 76.279900
0.740403 25.080900
0.740883 30.365100
0.741363 62.076600
0.741843 6.881740
0.742322 18.944800
0.742802 18.369500
0.743282 41.393900
0.743762 7.834850
0.744242 25.343300
0.744722 10.590100
0.745202 7.157200
0.745681 38.970800
0.746161 40.642400
0.746641 1.769500
0.747121 24.469800
0.747601 58.146500
0.748081 20.218400
0.748560 59.127800
0.749040 17.502100
0.749520 2.271600
0.750000 6.230350
0.750480 42.747100
0.750960 4.881900
0.751440 39.390600
0.751919 37.331400
0.752399 41.218300
0.752879 19.356200
0.753359 55.100600
0.753839 43.028200
0.754319 31.772500
0.754798 45.416300
0.755278 35.838700
0.755758 27.868000
0.756238 44.481800
0.756718 53.954100
0.757198 12.770600
0.757678 26.637000
0.758157 35.333400
0.758637 46.348700
0.759117 6.434940
0.759597 32.626700
0.760077 4.499290
0.760557 59.094300
0.761036 47.745300
0.761516 9.149570
0.761996 8.414340
0.762476 47.813800
0.762956 8.970570
0.763436 46.301600
0.763916 41.977300
0.764395 6.634590
0.764875 9.562630
0.765355 10.703400
0.765835 10.999800
0.766315 35.939000
0.766795 16.914600
0.767274 39.757600
0.767754 5.412930
0.768234 72.405000
0.768714 62.193800
0.769194 10.457600
0.769674 20.299900
0.770154 16.167900
0.770633 17.642500
0.771113 26.722000
0.771593 32.549700
0.772073 14.058200
0.772553 90.947000
0.773033 10.600400
0.773512 29.114600
0.773992 41.552500
0.774472 20.746400
0.774952 4.540870
0.775432 2.735560
0.775912 15.338800
0.776392 20.470400
0.776871 7.757800
0.777351 10.975000
0.777831 43.495800
0.778311 41.351600
0.778791 15.356300
0.779271 26.322700
0.779750 20.889000
0.780230 28.735700
0.780710 8.813140
0.781190 10.968800
0.781670 8.637110
0.782150 35.716800
0.782630 8.423080
0.783109 15.989700
0.783589 26.422000
0.784069 17.699800
0.784549 15.049200
0.785029 22.111500
0.785509 17.014200
0.785988 10.299900
0.786468 8.809180
0.786948 16.844200
0.787428 7.720440
0.787908 4.578100
0.788388 32.551700
0.788868 9.069210
0.789347 13.424700
0.789827 13.627000
0.790307 7.547730
0.790787 10.544100
0.791267 6.420660
0.791747 12.284000
0.792226 4.802950
0.792706 13.855300
0.793186 6.884780
0.793666 8.728850
0.794146 13.977000
0.794626 9.373900
0.795106 41.843300
0.795585 76.006800
0.796065 9.969740
0.796545 21.411200
0.797025 54.404000
0.797505 6.204620
0.797985 30.249000
0.798464 24.555100
0.798944 9.388130
0.799424 38.400000
0.799904 28.606100
0.800384 18.451000
0.800864 11.266200
0.801344 9.799080
0.801823 19.405900
0.802303 12.441200
0.802783 38.630400
0.803263 8.426450
0.803743 25.942900
0.804223 54.416000
0.804702 10.894700
0.805182 12.171700
0.805662 7.651040
0.806142 20.638900
0.806622 6.262300
0.807102 72.641700
0.807582 5.644700
0.808061 13.313800
0.808541 4.097960
0.809021 12.571800
0.809501 30.333600
0.809981 10.756100
0.810461 45.592900
0.810940 14.115500
0.811420 1.385060
0.811900 30.079800
0.812380 16.346000
0.812860 19.726200
0.813340 13.690800
0.813820 43.138600
0.814299 28.426700
0.814779 43.494700
0.815259 22.472900
0.815739 2.308770
0.816219 24.493500
0.816699 19.193600
0.817179 8.408620
0.817658 16.233300
0.818138 34.302300
0.818618 10.889300
0.819098 35.949300
0.819578 13.633900
0.820058 30.832400
0.820537 32.151000
0.821017 5.789120
0.821497 11.959500
0.821977 53.612100
0.822457 45.891700
0.822937 22.478500
0.823417 41.974000
0.823896 21.029900
0.824376 17.934300
0.824856 34.745400
0.825336 7.446080
0.825816 3.958510
0.826296 7.202420
0.826775 42.724300
0.827255 24.210000
0.827735 39.614000
0.828215 7.214710
0.828695 10.350400
0.829175 27.981900
0.829655 10.123200
0.830134 14.288400
0.830614 10.887700
0.831094 74.823400
0.831574 55.552200
0.832054 8.672050
0.832534 6.911380
0.833013 42.491000
0.833493 11.875600
0.833973 13.387800
0.834453 17.469400
0.834933 8.737600
0.835413 5.966980
0.835893 8.793270
0.836372 7.142890
0.836852 55.003400
0.837332 17.515000
0.837812 7.523090
0.838292 5.060960
0.838772 12.762100
0.839251 37.991000
0.839731 37.723300
0.840211 29.486700
0.840691 5.093440
0.841171 20.493000
0.841651 30.739000
0.842131 48.862400
0.842610 12.646100
0.843090 9.860220
0.843570 22.717000
0.844050 62.418500
0.844530 5.084650
0.845010 25.992700
0.845489 4.667020
0.845969 11.433100
0.846449 7.549210
0.846929 26.371200
0.847409 18.116100
0.847889 19.745500
0.848369 69.194100
0.848848 26.666500
0.849328 7.277010
0.849808 49.673700
0.850288 5.625220
0.850768 17.708000
0.851248 11.828000
0.851727 75.741900
0.852207 24.662500
0.852687 10.921600
0.853167 48.259200
0.853647 6.963310
0.854127 21.702300
0.854607 10.061800
0.855086 36.337300
0.855566 27.587100
0.856046 16.239700
0.856526 26.440800
0.857006 4.743020
0.857486 14.769500
0.857965 50.337900
0.858445 2.042770
0.858925 7.026520
0.859405 27.297600
0.859885 8.486600
0.860365 26.514800
0.860845 6.323600
0.861324 30.076100
0.861804 47.403300
0.862284 19.932500
0.862764 10.968000
0.863244 18.854600
0.863724 8.428890
0.864203 22.429200
0.864683 47.459800
0.865163 37.071500
0.865643 9.342420
0.866123 3.833200
0.866603 17.703600
0.867083 38.719000
0.867562 28.329200
0.868042 20.263900
0.868522 21.699300
0.869002 41.718200
0.869482 14.799600
0.869962 58.820900
0.870441 48.720000
0.870921 8.050910
0.871401 25.817800
0.871881 30.409600
0.872361 6.656940
0.872841 20.866500
0.873321 8.930290
0.873800 5.471620
0.874280 8.040450
0.874760 29.569800
0.875240 20.327500
0.875720 17.793400
0.876200 6.479660
0.876679 6.333130
0.877159 4.638760
0.877639 7.660630
0.878119 5.244450
0.878599 8.659910
0.879079 11.902800
0.879559 15.340300
0.880038 18.932900
0.880518 13.692100
0.880998 31.353400
0.881478 24.994400
0.881958 11.920200
0.882438 15.964400
0.882917 19.586400
0.883397 7.156110
0.883877 38.376000
0.884357 14.702900
0.884837 18.560600
0.885317 1.785680
0.885797 9.713940
0.886276 7.815760
0.886756 12.628100
0.887236 8.289290
0.887716 28.475200
0.888196 47.289000
0.888676 36.076500
0.889155 28.961100
0.889635 14.078700
0.890115 11.593800
0.890595 12.101900
0.891075 11.615700
0.891555 32.647400
0.892035 35.399000
0.892514 37.249300
0.892994 27.760900
0.893474 50.109200
0.893954 33.983100
0.894434 51.037400
0.894914 4.671230
0.895393 29.778600
0.895873 6.642340
0.896353 61.921600
0.896833 21.329300
0.897313 14.869700
0.897793 3.913090
0.898273 58.123400
0.898752 9.334930
0.899232 42.611700
0.899712 29.736100
0.900192 6.990470
0.900672 20.476700
0.901152 10.929100
0.901631 39.166100
0.902111 29.588900
0.902591 32.717400
0.903071 36.586900
0.903551 4.253380
0.904031 12.086300
0.904511 30.382400
0.904990 52.485000
0.905470 1.974090
0.905950 11.775300
0.906430 8.604780
0.906910 8.616460
0.907390 11.690400
0.907869 17.075500
0.908349 29.710800
0.908829 9.392650
0.909309 22.777000
0.909789 26.529300
0.910269 8.349000
0.910749 13.537900
0.911228 28.092500
0.911708 45.902300
0.912188 20.725100
0.912668 33.660700
0.913148 53.679000
0.913628 18.136600
0.914107 5.870110
0.914587 8.491460
0.915067 49.683500
0.915547 44.234700
0.916027 33.499100
0.916507 19.176300
0.916987 18.960500
0.917466 12.389300
0.917946 15.286400
0.918426 40.481500
0.918906 19.930000
0.919386 16.579400
0.919866 4.512660
0.920345 11.489400
0.920825 26.465100
0.921305 22.471000
0.921785 8.595950
0.922265 53.554400
0.922745 6.639910
0.923225 38.621700
0.923704 10.705500
0.924184 5.533960
0.924664 44.611100
0.925144 21.943200
0.925624 17.916300
0.926104 23.689500
0.926583 18.099900
0.927063 21.529900
0.927543 15.502200
0.928023 7.591320
0.928503 45.074100
0.928983 14.976500
0.929463 68.489900
0.929942 12.378600
0.930422 5.910160
0.930902 42.607800
0.931382 10.480900
0.931862 7.892010
0.932342 8.368910
0.932821 52.039800
0.933301 17.031000
0.933781 17.399200
0.934261 35.814900
0.934741 44.224100
0.935221 4.595630
0.935701 19.900800
0.936180 43.500400
0.936660 7.752360
0.937140 1.702880
0.937620 47.431900
0.938100 16.263700
0.938580 25.237800
0.939060 59.669800
0.939539 38.653400
0.940019 49.289000
0.940499 5.682650
0.940979 59.934700
0.941459 43.608200
0.941939 14.051500
0.942418 36.980000
0.942898 43.019700
0.943378 31.681100
0.943858 47.318800
0.944338 27.384700
0.944818 17.548300
0.945298 42.928500
0.945777 6.724950
0.946257 16.619200
0.946737 20.963600
0.947217 10.042600
0.947697 10.178600
0.948177 5.808570
0.948656 6.769050
0.949136 83.581700
0.949616 4.485400
0.950096 10.128000
0.950576 9.486460
0.951056 16.224400
0.951536 12.238500
0.952015 18.299200
0.952495 8.716540
0.952975 26.575100
0.953455 38.146100
0.953935 43.445000
0.954415 8.517840
0.954894 54.116100
0.955374 6.194800
0.955854 22.869800
0.956334 22.772700
0.956814 12.829400
0.957294 22.940800
0.957774 12.564100
0.958253 19.505300
0.958733 8.855070
0.959213 31.900300
0.959693 15.958300
0.960173 16.115400
0.960653 24.230200
0.961132 15.306100
0.961612 30.801700
0.962092 9.924830
0.962572 14.311800
0.963052 7.847080
0.963532 8.408650
0.964012 30.005200
0.964491 16.485400
0.964971 7.345550
0.965451 11.174900
0.965931 23.733300
0.966411 6.127980
0.966891 34.003300
0.967370 17.440500
0.967850 11.710500
0.968330 24.293400
0.968810 25.360500
0.969290 9.342660
0.969770 20.586200
0.970250 6.092390
0.970729 10.042800
0.971209 10.674700
0.971689 28.909300
0.972169 25.239600
0.972649 18.381100
0.973129 19.811700
0.973608 7.484690
0.974088 68.631000
0.974568 50.252400
0.975048 21.469400
0.975528 7.501340
0.976008 14.588400
0.976488 56.486200
0.976967 26.039900
0.977447 5.136960
0.977927 39.319300
0.978407 45.180600
0.978887 34.291200
0.979367 21.014300
0.979846 32.291000
0.980326 20.624300
0.980806 20.464900
0.981286 2.228360
0.981766 7.409500
0.982246 18.123300
0.982726 5.232490
0.983205 83.521000
0.983685 67.522500
0.984165 38.653300
0.984645 57.366900
0.985125 65.151600
0.985605 6.545290
0.986084 6.969740
0.986564 8.486630
0.987044 47.485100
0.987524 6.156490
0.988004 29.720100
0.988484 29.491100
0.988964 14.320300
0.989443 4.409710
0.989923 1.379770
0.990403 8.671380
0.990883 19.808100
0.991363 9.906610
0.991843 31.326300
0.992322 6.138410
0.992802 9.110930
0.993282 7.795520
0.993762 10.590700
0.994242 55.444000
0.994722 5.112820
0.995202 2.181680
0.995681 18.182700
0.996161 47.763500
0.996641 23.277000
0.997121 4.391750
0.997601 40.862800
0.998081 21.765700
0.998560 23.629700
0.999040 8.775980
0.999520 8.735900
1.000000 8.299050
