0.000795 15.514700
0.001590 29.498100
0.002385 24.139400
0.003180 21.658600
0.003975 7.774490
0.004769 15.386600
0.005564 19.728700
0.006359 37.260000
0.007154 11.709100
0.013514 58.116000
0.014308 12.810300
0.015103 5.693290
0.015898 24.767200
0.016693 10.324500
0.035771 9.691900
0.036566 16.931900
0.037361 42.974000
0.038156 54.911700
0.038951 4.756060
0.039746 42.059700
0.040541 8.112300
0.041335 63.525000
0.042130 26.612800
0.042925 48.178300
0.043720 3.976590
0.044515 20.224100
0.045310 27.351100
0.046105 81.474200
0.046900 10.066300
0.047695 27.495900
0.048490 37.059800
0.049285 54.843200
0.050079 3.498780
0.050874 13.081100
0.051669 21.473000
0.052464 33.128100
0.053259 12.303300
0.054054 26.190900
0.054849 30.715600
0.055644 26.941000
0.056439 8.989650
0.057234 6.367130
0.058029 7.711370
0.058824 29.710200
0.059618 7.774020
0.060413 11.891700
0.061208 14.993300
0.062003 27.672900
0.062798 26.293800
0.063593 4.722890
0.064388 44.402900
0.065183 8.225450
0.065978 6.461320
0.066773 12.247000
0.067568 48.843500
0.068362 30.498600
0.069952 67.417800
0.070747 16.549300
0.071542 46.918800
0.072337 3.644660
0.073132 7.616740
0.073927 48.773800
0.074722 35.276300
0.075517 24.547100
0.076312 21.539600
0.077107 2.763010
0.077901 59.865200
0.078696 4.169610
0.079491 9.422260
0.080286 60.008200
0.081081 29.398800
0.081876 37.708000
0.082671 16.041100
0.083466 23.189900
0.084261 8.760290
0.085056 14.412300
0.085851 3.921740
0.086645 11.919900
0.087440 57.582900
0.088235 26.451800
0.089030 16.766100
0.108108 8.389800
0.108903 10.808800
0.109698 11.077600
0.110493 14.633100
0.111288 4.622120
0.112083 32.568800
0.112878 27.510000
0.113672 5.498690
0.114467 4.009300
0.115262 8.074340
0.116057 35.222700
0.116852 8.925470
0.117647 9.525940
0.118442 19.667400
0.119237 58.269400
0.120032 42.188300
0.120827 17.165900
0.121622 33.524500
0.122417 7.986510
0.123211 7.513800
0.124006 35.174300
0.124801 34.874600
0.125596 60.022000
0.126391 83.147900
0.127186 17.187400
0.127981 23.373300
0.128776 32.951900
0.129571 13.122100
0.130366 43.999500
0.131161 58.136900
0.131955 29.578300
0.132750 4.258950
0.133545 14.930600
0.134340 12.582100
0.135135 13.403800
0.135930 14.252800
0.136725 11.424200
0.137520 10.714700
0.138315 23.501600
0.139110 33.849500
0.139905 38.705700
0.140700 10.447800
0.141494 60.257200
0.142289 31.033500
0.143084 4.209120
0.143879 22.378100
0.144674 30.943300
0.145469 30.110900
0.146264 74.684400
0.147059 7.703790
0.147854 36.449800
0.148649 59.369300
0.149444 44.110000
0.150238 42.593900
0.151033 9.510290
0.151828 6.427730
0.152623 2.194980
0.153418 8.363130
0.154213 16.229500
0.155008 22.737200
0.155803 10.745400
0.156598 29.274900
0.157393 19.252100
0.158188 25.607800
0.158983 14.843100
0.159777 9.292780
0.160572 22.285000
0.161367 21.276900
0.162162 21.169600
0.162957 30.183900
0.163752 17.369000
0.164547 16.429600
0.165342 9.946920
0.166137 29.490700
0.166932 38.901400
0.167727 8.268450
0.168521 77.756300
0.169316 53.567100
0.170111 13.162100
0.170906 8.232340
0.171701 18.211000
0.172496 9.299490
0.173291 13.948300
0.174086 45.383600
0.174881 21.819300
0.175676 17.950300
0.176471 9.229880
0.177266 12.317500
0.178060 31.641300
0.178855 15.634800
0.179650 39.252400
0.180445 7.548710
0.184420 9.958660
0.185215 6.820940
0.186010 14.622100
0.186804 17.898900
0.187599 27.141700
0.188394 41.531800
0.189189 33.320400
0.189984 10.726800
0.190779 10.627900
0.191574 5.171400
0.192369 28.591500
0.197933 59.483000
0.198728 13.878800
0.199523 4.797680
0.200318 20.774100
0.201113 11.176100
0.201908 59.799400
0.202703 52.510700
0.203498 62.919400
0.204293 21.621600
0.205087 51.206400
0.205882 4.620280
0.206677 18.709300
0.207472 65.641800
0.208267 32.714200
0.209062 18.159600
0.209857 17.782500
0.210652 32.396000
0.211447 40.969200
0.212242 45.400700
0.213037 37.754100
0.213831 37.637800
0.214626 11.191900
0.215421 21.857400
0.216216 8.933860
0.217011 21.508200
0.217806 7.387770
0.218601 25.649100
0.219396 5.792410
0.220191 2.585680
0.220986 16.265900
0.221781 4.446790
0.222576 34.634400
0.223370 14.904200
0.224165 42.882500
0.224960 17.811200
0.225755 10.188000
0.226550 18.848100
0.227345 8.563530
0.228140 12.915700
0.228935 16.463300
0.229730 30.614800
0.230525 5.254750
0.231320 14.863300
0.232114 16.984500
0.232909 6.724920
0.233704 29.901500
0.234499 8.122510
0.235294 13.880500
0.236089 20.887500
0.236884 3.314440
0.237679 5.275570
0.238474 8.672250
0.239269 8.719940
0.240064 14.365400
0.240859 23.468200
0.241653 22.627000
0.242448 13.623200
0.243243 12.435900
0.244038 30.566900
0.244833 41.256100
0.245628 7.015420
0.246423 9.093490
0.247218 9.668330
0.248013 27.674200
0.248808 17.279600
0.249603 17.246000
0.250397 6.625600
0.251192 45.566500
0.251987 34.650300
0.252782 1.662110
0.253577 26.904700
0.254372 29.910900
0.255167 58.099100
0.255962 37.738100
0.256757 27.520000
0.257552 4.649290
0.258347 22.301500
0.259141 30.233700
0.259936 32.330300
0.260731 9.629190
0.261526 33.452000
0.262321 25.297100
0.263116 13.134000
0.263911 17.963300
0.264706 20.359100
0.265501 34.183900
0.266296 49.932000
0.267091 12.994500
0.267886 8.765350
0.268680 9.162150
0.269475 4.087730
0.270270 27.021600
0.271065 35.857400
0.271860 5.044980
0.272655 21.624900
0.273450 12.083900
0.274245 10.313800
0.275040 44.839900
0.275835 10.635300
0.276630 10.000400
0.277424 34.413200
0.278219 9.644180
0.279014 16.956000
0.279809 6.154190
0.280604 27.937000
0.281399 17.039700
0.282194 38.781100
0.282989 20.098700
0.283784 31.240900
0.284579 9.957750
0.285374 17.217700
0.286169 58.713700
0.286963 29.524700
0.287758 3.884260
0.288553 20.543900
0.289348 9.632840
0.290143 9.934410
0.290938 5.862060
0.291733 8.324900
0.292528 8.509910
0.293323 36.349500
0.294118 52.672100
0.294913 27.553700
0.295707 22.536400
0.296502 18.513600
0.297297 28.725600
0.298092 33.459100
0.298887 35.149700
0.299682 9.839040
0.300477 9.034630
0.301272 23.709600
0.302067 21.968200
0.302862 10.123200
0.303657 15.239700
0.304452 13.099600
0.305246 14.966800
0.306041 9.590430
0.306836 36.156500
0.307631 8.451720
0.308426 15.792900
0.309221 18.955600
0.310016 19.224600
0.310811 32.865500
0.311606 7.900020
0.312401 14.976500
0.313196 39.269600
0.313990 24.569600
0.314785 56.623700
0.315580 52.259000
0.316375 40.748200
0.317170 3.797640
0.317965 6.170270
0.318760 61.168900
0.319555 9.999740
0.320350 8.572280
0.321145 4.598620
0.321940 43.005700
0.322734 19.611000
0.323529 18.155600
0.324324 55.457700
0.325119 16.658200
0.325914 48.901500
0.326709 12.843900
0.328299 13.127100
0.329094 48.769400
0.329889 19.259200
0.330684 9.519390
0.331479 7.824760
0.332273 25.535000
0.333068 23.148200
0.333863 16.798600
0.334658 47.173400
0.335453 18.063500
0.336248 15.377200
0.337043 14.122600
0.337838 11.865500
0.338633 8.696630
0.339428 29.329200
0.340223 43.548300
0.341017 10.232300
0.341812 81.124700
0.342607 37.735400
0.343402 10.448000
0.344197 31.915400
0.344992 9.464160
0.345787 27.458000
0.346582 9.362040
0.347377 18.068500
0.348172 22.140500
0.348967 24.878900
0.349762 55.859700
0.350556 6.379380
0.351351 26.848000
0.352146 31.233100
0.352941 31.757900
0.353736 6.174780
0.354531 8.526300
0.355326 8.097610
0.356121 47.525400
0.356916 84.860400
0.357711 8.091900
0.358506 14.397600
0.359300 8.313400
0.360095 43.122200
0.360890 10.903100
0.361685 12.434400
0.362480 34.732700
0.363275 24.424600
0.364070 58.681700
0.364865 6.473440
0.365660 29.603800
0.366455 48.792700
0.367250 29.059500
0.368045 7.527700
0.368839 45.167200
0.369634 4.973510
0.370429 44.166500
0.371224 60.805500
0.372019 32.209600
0.372814 19.007500
0.373609 22.365800
0.374404 16.363400
0.375199 21.010600
0.375994 8.803450
0.376789 41.441900
0.377583 23.140900
0.378378 15.724800
0.379173 30.414100
0.379968 39.233500
0.380763 55.050100
0.381558 32.708900
0.382353 32.860500
0.383148 19.153500
0.383943 3.290770
0.384738 18.564500
0.385533 20.362200
0.386328 19.473800
0.387122 30.761000
0.387917 12.532600
0.388712 27.113700
0.389507 4.198370
0.390302 8.738610
0.391097 6.649500
0.391892 11.588400
0.392687 65.821300
0.393482 24.880800
0.394277 7.056150
0.395072 27.470600
0.395866 19.624700
0.396661 56.671100
0.397456 20.629800
0.398251 8.966430
0.399046 65.488300
0.399841 19.112600
0.400636 24.324900
0.401431 33.460600
0.402226 33.920800
0.403021 38.896100
0.403816 9.049780
0.404610 26.824100
0.405405 12.958500
0.406200 21.730200
0.406995 25.538100
0.407790 1.728390
0.408585 20.236400
0.409380 5.864900
0.410175 26.836700
0.410970 79.547200
0.411765 12.611300
0.412560 13.724600
0.413355 15.585800
0.414149 22.185100
0.414944 26.832400
0.415739 67.471400
0.416534 9.132630
0.417329 20.576400
0.418124 22.378400
0.418919 34.362900
0.419714 67.032800
0.420509 33.073400
0.421304 46.007100
0.422099 26.866500
0.422893 8.235770
0.423688 4.943410
0.424483 6.739150
0.425278 9.926820
0.426073 22.428500
0.426868 6.445160
0.427663 4.355230
0.428458 13.567700
0.429253 7.688890
0.430048 6.633190
0.430843 64.817200
0.431638 11.312900
0.432432 45.000400
0.433227 16.730600
0.434022 1.708880
0.434817 4.711570
0.435612 3.618890
0.436407 10.746100
0.437202 8.146950
0.437997 7.217080
0.438792 9.231580
0.439587 20.261100
0.440382 37.848500
0.441176 4.770640
0.441971 29.477500
0.442766 41.326100
0.443561 11.070200
0.444356 20.398600
0.445151 15.784700
0.445946 27.088100
0.446741 31.236100
0.447536 13.974700
0.448331 30.880500
0.449126 26.841200
0.449921 33.501400
0.450715 14.026800
0.451510 67.121200
0.452305 17.341500
0.453100 10.504700
0.453895 26.601000
0.454690 6.016150
0.455485 23.831700
0.456280 24.639800
0.457075 37.867200
0.457870 64.571000
0.458665 31.933500
0.459459 3.659330
0.460254 63.228600
0.461049 16.423600
0.461844 15.393400
0.462639 5.663440
0.463434 26.650500
0.464229 28.398700
0.465024 12.309300
0.465819 4.287830
0.466614 35.927700
0.467409 5.781200
0.468203 61.163300
0.468998 13.770300
0.469793 27.803900
0.470588 7.676370
0.471383 16.275300
0.472178 18.926900
0.472973 35.252100
0.473768 26.326600
0.474563 32.521800
0.475358 21.600200
0.476153 8.552260
0.476948 52.431500
0.477742 8.551820
0.478537 19.130300
0.479332 38.706600
0.480127 33.891100
0.480922 51.819800
0.481717 21.046700
0.482512 4.935400
0.483307 27.071400
0.484102 20.538000
0.484897 10.617700
0.485692 28.526000
0.486486 22.876200
0.487281 24.998200
0.488076 47.157300
0.488871 8.592890
0.489666 23.218100
0.490461 6.735180
0.491256 14.495900
0.492051 8.946110
0.492846 44.346800
0.495231 9.805800
0.496025 6.487690
0.496820 7.484720
0.497615 5.227550
0.498410 42.110200
0.499205 50.000100
0.500000 87.065900
0.500795 18.421100
0.501590 59.057800
0.502385 17.362900
0.503180 19.582000
0.503975 4.862400
0.504769 3.722120
0.505564 6.868380
0.506359 24.254500
0.507154 25.130700
0.507949 31.507500
0.508744 20.337100
0.509539 17.882600
0.510334 41.540200
0.511129 75.052400
0.511924 18.136800
0.512719 5.056550
0.513514 56.569700
0.514308 6.054410
0.515103 44.577100
0.515898 23.222700
0.516693 8.307940
0.517488 15.230100
0.518283 50.054100
0.519078 5.298800
0.519873 20.400100
0.520668 20.847600
0.521463 20.497100
0.522258 23.217700
0.523052 25.771700
0.523847 58.300100
0.524642 34.663000
0.525437 2.237070
0.526232 11.233000
0.527027 8.000350
0.527822 7.925070
0.528617 9.882070
0.529412 15.790700
0.530207 29.865800
0.531002 9.919740
0.531797 6.600310
0.532591 47.711500
0.533386 8.197340
0.534181 13.836400
0.534976 13.586200
0.535771 10.876500
0.536566 58.040200
0.537361 19.067400
0.538156 10.130500
0.538951 29.634600
0.539746 13.116000
0.540541 41.128000
0.541335 11.125400
0.542130 34.358200
0.542925 57.089900
0.543720 23.519400
0.544515 6.765970
0.545310 22.189000
0.546105 32.460600
0.546900 38.978900
0.547695 29.965300
0.548490 10.987400
0.549285 24.754100
0.550079 8.706080
0.550874 7.572950
0.551669 7.404080
0.552464 11.793400
0.553259 10.017600
0.554054 49.266300
0.554849 8.555260
0.555644 18.894100
0.556439 27.434200
0.557234 5.615450
0.558029 7.438890
0.558824 55.733100
0.559618 8.887370
0.560413 16.631900
0.561208 73.306100
0.562003 19.472500
0.562798 33.105600
0.563593 74.326400
0.564388 54.264200
0.565183 6.891430
0.565978 36.492500
0.566773 3.362430
0.567568 64.991900
0.568362 8.387750
0.569157 4.629700
0.569952 11.299500
0.570747 5.098730
0.571542 7.409500
0.572337 7.716670
0.573132 12.509100
0.573927 31.476500
0.574722 37.732500
0.575517 19.261800
0.576312 86.261100
0.577107 16.549800
0.577901 22.644500
0.578696 7.663120
0.579491 14.158700
0.580286 13.905600
0.581081 18.627000
0.581876 18.768900
0.582671 16.282800
0.583466 30.994200
0.584261 3.680950
0.585056 66.215900
0.585851 5.028010
0.586645 18.780100
0.587440 12.793400
0.588235 15.089200
0.589030 25.659900
0.589825 39.734100
0.590620 9.780840
0.591415 8.827100
0.592210 6.912660
0.593005 3.948970
0.593800 5.531120
0.594595 62.089500
0.595390 10.875100
0.596184 30.601700
0.596979 24.120100
0.597774 12.187800
0.598569 56.113100
0.599364 57.666800
0.600159 10.054900
0.600954 11.837700
0.601749 16.930000
0.602544 3.082060
0.603339 7.119600
0.604134 56.285900
0.604928 69.933300
0.605723 18.746100
0.606518 8.325140
0.607313 6.820820
0.608108 16.425400
0.608903 4.280450
0.609698 32.376500
0.610493 16.431400
0.611288 40.182800
0.612083 47.352700
0.612878 11.419300
0.613672 25.524100
0.614467 5.577400
0.615262 10.861000
0.616057 12.034700
0.616852 4.818210
0.617647 40.015000
0.618442 4.374230
0.619237 46.057600
0.620032 1.529020
0.620827 8.987090
0.621622 15.223000
0.622417 30.374300
0.623211 12.501500
0.624006 11.191200
0.624801 12.381100
0.625596 10.708600
0.626391 33.713300
0.627186 2.870700
0.627981 35.357800
0.628776 18.301800
0.629571 6.334990
0.630366 12.970700
0.631161 7.501110
0.631955 4.140940
0.632750 21.050000
0.633545 22.024100
0.634340 9.391340
0.635135 2.927610
0.635930 16.803000
0.636725 17.618600
0.637520 7.340410
0.638315 44.207100
0.639110 8.033500
0.639905 4.692080
0.640700 26.655900
0.641494 18.400900
0.642289 47.801200
0.643084 16.036300
0.643879 7.428270
0.644674 13.188200
0.645469 17.880800
0.646264 6.695590
0.647059 66.712700
0.647854 54.057500
0.648649 22.998300
0.649444 7.887850
0.650238 58.102400
0.651033 41.809100
0.651828 67.813000
0.652623 9.499040
0.653418 11.520300
0.654213 71.907400
0.655008 59.763600
0.655803 7.788280
0.656598 2.930510
0.657393 28.182900
0.658188 38.796600
0.658983 21.582900
0.659777 33.505000
0.660572 34.852200
0.661367 14.197100
0.662162 14.227500
0.662957 7.073780
0.663752 19.552700
0.664547 7.679660
0.665342 12.906000
0.666137 27.536400
0.666932 17.943900
0.667727 69.496900
0.668521 14.629500
0.669316 22.142200
0.670111 15.257100
0.670906 23.590800
0.671701 16.343500
0.672496 22.837800
0.673291 23.364000
0.674086 8.899530
0.674881 72.505400
0.675676 13.901600
0.676471 27.408600
0.677266 49.869200
0.678060 31.035100
0.678855 8.790140
0.679650 18.254700
0.680445 10.158300
0.681240 26.269400
0.682035 9.442840
0.682830 24.438000
0.683625 16.773600
0.684420 24.223800
0.685215 60.593800
0.686010 39.375100
0.686804 21.895600
0.687599 9.551060
0.688394 10.907400
0.689189 19.955700
0.689984 16.375700
0.690779 24.936600
0.691574 7.241770
0.692369 5.499120
0.693164 20.441700
0.693959 8.004430
0.694754 2.930500
0.695548 14.126500
0.696343 9.045700
0.697138 14.220100
0.697933 16.696000
0.698728 27.852400
0.699523 3.620030
0.700318 29.026800
0.701113 13.351300
0.701908 11.016500
0.702703 19.487500
0.703498 7.489280
0.704293 4.543790
0.705087 7.936640
0.705882 2.240990
0.706677 6.074970
0.707472 9.393800
0.708267 9.775360
0.709062 11.162700
0.709857 40.519600
0.710652 23.016600
0.711447 11.688100
0.712242 17.614100
0.713037 40.591800
0.713831 17.082900
0.714626 34.236600
0.715421 12.874900
0.716216 27.301300
0.717011 47.040400
0.717806 28.716500
0.718601 34.745700
0.719396 19.668300
0.720191 47.058600
0.720986 26.578800
0.721781 15.244800
0.722576 10.929200
0.723370 63.962000
0.724165 25.735200
0.724960 5.892670
0.725755 79.111000
0.726550 23.186200
0.727345 89.351700
0.728140 36.176100
0.728935 2.108600
0.729730 23.506900
0.730525 11.942200
0.731320 26.772800
0.732114 22.177200
0.732909 7.991510
0.733704 46.507000
0.734499 1.726160
0.735294 25.735700
0.736089 37.747100
0.736884 59.987600
0.737679 12.916200
0.738474 43.598400
0.739269 10.868100
0.740064 24.478000
0.740859 8.643590
0.741653 19.551500
0.742448 37.056600
0.743243 35.094700
0.744038 53.238400
0.744833 8.654690
0.745628 11.302000
0.746423 72.581800
0.747218 9.105660
0.748013 85.042000
0.748808 8.706490
0.749603 9.440130
0.750397 46.874300
0.751192 57.933400
0.751987 10.968500
0.752782 25.188900
0.753577 16.876800
0.754372 14.665400
0.755167 24.307800
0.755962 9.455640
0.756757 26.725100
0.757552 7.901700
0.758347 16.033200
0.759141 56.530200
0.759936 24.636700
0.760731 45.038700
0.761526 40.806700
0.762321 51.955900
0.763116 71.503700
0.763911 39.915100
0.764706 26.568000
0.765501 6.896690
0.766296 7.442860
0.767091 1.787000
0.767886 30.338200
0.768680 7.011820
0.769475 31.063700
0.770270 13.594800
0.771065 33.596300
0.771860 24.722100
0.772655 5.007290
0.773450 27.778200
0.774245 16.720200
0.775040 25.794000
0.775835 21.711400
0.776630 11.418700
0.777424 28.684800
0.778219 32.240900
0.779014 7.305950
0.779809 11.484800
0.780604 43.813100
0.781399 4.314850
0.782194 28.617800
0.782989 16.544800
0.783784 37.372400
0.784579 63.938400
0.785374 30.396700
0.786169 24.300900
0.786963 53.496000
0.787758 5.806380
0.788553 22.011900
0.789348 12.773200
0.790143 10.663700
0.790938 5.095930
0.791733 5.850580
0.792528 8.483160
0.793323 75.291300
0.794118 53.886900
0.794913 46.355000
0.795707 73.052500
0.796502 31.541400
0.797297 53.436000
0.798092 3.219840
0.798887 52.439100
0.799682 20.485200
0.800477 50.597800
0.801272 9.197830
0.802067 44.367200
0.802862 6.820400
0.803657 14.895700
0.804452 11.432400
0.805246 28.001400
0.806041 1.716540
0.806836 30.270400
0.807631 18.540400
0.808426 53.523300
0.809221 9.326210
0.810016 58.601100
0.810811 39.243000
0.811606 14.764700
0.812401 23.551100
0.813196 43.789400
0.813990 27.252800
0.814785 30.256300
0.815580 19.053100
0.816375 26.004100
0.817170 14.982700
0.817965 16.308000
0.818760 25.464500
0.819555 3.451990
0.820350 11.083000
0.821145 61.174100
0.821940 28.008000
0.822734 17.257400
0.823529 44.498500
0.824324 4.014660
0.825119 34.415500
0.825914 11.559400
0.826709 12.411200
0.827504 43.074200
0.828299 65.449400
0.829094 11.035900
0.829889 7.900290
0.830684 9.910460
0.831479 8.706820
0.832273 26.890600
0.833068 27.778400
0.833863 25.452500
0.834658 12.258400
0.835453 15.663100
0.836248 11.444100
0.837043 10.119000
0.837838 5.168920
0.838633 43.217000
0.839428 6.831630
0.840223 42.703700
0.841017 11.116800
0.841812 12.323500
0.842607 16.168300
0.843402 15.754500
0.844197 2.077930
0.844992 16.526900
0.845787 19.090300
0.846582 3.327350
0.847377 31.820800
0.848172 17.658300
0.848967 78.525100
0.849762 2.678420
0.850556 7.674840
0.851351 32.521400
0.852146 12.146100
0.852941 40.516200
0.853736 11.364700
0.854531 7.072830
0.855326 15.168300
0.856121 26.034700
0.856916 4.630100
0.857711 9.919620
0.858506 15.711000
0.859300 9.536580
0.860095 33.067800
0.860890 14.614700
0.861685 23.631500
0.862480 19.765500
0.863275 27.944500
0.864070 38.312800
0.864865 20.872900
0.865660 76.491800
0.866455 82.501700
0.867250 32.246200
0.868045 48.879900
0.868839 14.014400
0.869634 60.098600
0.870429 18.773700
0.871224 60.655900
0.872019 9.227720
0.872814 30.502200
0.873609 28.955600
0.874404 48.732600
0.875199 7.922780
0.875994 40.369400
0.876789 90.172500
0.877583 34.479700
0.878378 10.182000
0.879173 73.320000
0.879968 38.115500
0.880763 9.290820
0.881558 50.222300
0.882353 48.187300
0.883148 10.540200
0.883943 38.659900
0.884738 22.019000
0.885533 8.825990
0.886328 13.866900
0.887122 45.684800
0.887917 34.393900
0.888712 1.826700
0.889507 13.541500
0.890302 7.982580
0.891097 28.610700
0.891892 19.842700
0.892687 11.399100
0.893482 9.673870
0.894277 47.910600
0.895072 6.554580
0.895866 4.800280
0.896661 23.813700
0.897456 8.171320
0.898251 12.091900
0.899046 5.611820
0.899841 17.563900
0.900636 19.921200
0.901431 25.008100
0.902226 23.193900
0.903021 34.388500
0.903816 12.266500
0.904610 9.003630
0.905405 7.597170
0.906200 26.500200
0.906995 20.993400
0.907790 12.011500
0.908585 34.888800
0.909380 53.081300
0.910175 5.974830
0.910970 14.336600
0.911765 88.077300
0.912560 11.460000
0.913355 50.589000
0.914149 11.617200
0.914944 46.401100
0.915739 27.933000
0.916534 40.696900
0.917329 77.610500
0.918124 18.150900
0.918919 13.382900
0.919714 14.572100
0.920509 27.473300
0.921304 12.063000
0.922099 18.429300
0.922893 29.291100
0.923688 38.116100
0.924483 17.180900
0.925278 6.021740
0.926073 4.547220
0.926868 28.639300
0.927663 31.895800
0.928458 8.340940
0.929253 17.099900
0.930048 36.306900
0.930843 5.914200
0.931638 37.345800
0.932432 38.413800
0.933227 38.134700
0.934022 26.653000
0.934817 9.920750
0.935612 28.589600
0.936407 26.805500
0.937202 23.701900
0.937997 26.923300
0.938792 10.096500
0.939587 37.917300
0.940382 32.534100
0.941176 8.854580
0.941971 6.562220
0.942766 10.120900
0.943561 71.152600
0.944356 22.828200
0.945151 3.993100
0.945946 37.070900
0.946741 9.104760
0.947536 8.647200
0.948331 62.468200
0.949126 29.770500
0.949921 13.995900
0.950715 26.974100
0.951510 10.238600
0.952305 5.821870
0.953100 22.596500
0.953895 22.300100
0.954690 7.942840
0.955485 30.014800
0.956280 8.382490
0.957075 43.172700
0.957870 3.387190
0.958665 7.433910
0.959459 56.211400
0.960254 20.929400
0.961049 12.025900
0.961844 42.332000
0.962639 10.217600
0.963434 1.693230
0.964229 7.346180
0.965024 7.533930
0.965819 13.159900
0.966614 8.406420
0.967409 18.760900
0.968203 32.926500
0.968998 52.200500
0.969793 58.373500
0.970588 12.526100
0.971383 65.947400
0.972178 8.256630
0.972973 7.238810
0.973768 8.831300
0.974563 58.444200
0.975358 84.626500
0.976153 42.394200
0.976948 5.934670
0.977742 14.743800
0.978537 18.602800
0.979332 10.301000
0.980127 17.902600
0.980922 30.722700
0.981717 40.292200
0.982512 35.743800
0.983307 22.593700
0.984102 13.151800
0.984897 17.347300
0.985692 24.030800
0.986486 6.091380
0.987281 9.040400
0.988076 30.033400
0.988871 9.924150
0.989666 3.646880
0.990461 28.719400
0.991256 6.206570
0.992051 17.275300
0.992846 6.740780
0.993641 9.875170
0.994436 8.284770
0.995231 2.075280
0.996025 88.249000
0.996820 6.344570
0.997615 67.079500
0.998410 22.099500
0.999205 20.231000
1.000000 4.984100
