0.000403 22.684400
0.000805 50.633500
0.001208 21.543300
0.001610 78.222100
0.002013 21.752400
0.002415 52.479200
0.014090 9.691900
0.014493 31.939300
0.014895 5.519170
0.015298 1.750420
0.015700 16.388200
0.016103 31.679500
0.016506 20.529300
0.016908 6.067440
0.017311 12.283800
0.017713 15.875900
0.018116 9.679330
0.039452 8.389800
0.039855 7.395890
0.040258 38.254700
0.040660 1.802270
0.041465 15.868000
0.041868 9.363020
0.042271 19.697700
0.042673 38.879500
0.043076 37.208100
0.043478 10.813500
0.043881 6.371020
0.044283 21.405300
0.044686 8.556090
0.045089 6.734160
0.045491 9.951320
0.045894 11.401600
0.046296 72.378100
0.046699 11.461000
0.047101 2.393400
0.047504 54.857100
0.047907 10.717700
0.048309 18.902900
0.048712 36.433500
0.049114 44.511400
0.049517 36.709700
0.049919 37.001400
0.050322 7.021460
0.050725 5.718110
0.051127 42.262900
0.051530 46.932400
0.051932 4.132070
0.052335 12.092400
0.053543 9.805800
0.053945 21.102900
0.054750 18.516900
0.055153 16.577700
0.055556 14.537700
0.055958 54.874100
0.056361 4.663610
0.056763 24.268500
0.057166 74.356200
0.057568 32.857800
0.059179 1.772950
0.059581 3.340360
0.059984 16.039100
0.060386 9.824980
0.060789 13.201600
0.061192 7.049700
0.061594 5.856720
0.061997 8.347840
0.062399 19.881600
0.062802 16.131100
0.063205 48.808700
0.063607 5.847750
0.064010 8.425720
0.064412 36.874900
0.064815 10.303300
0.065217 46.139600
0.065620 20.919900
0.066023 18.589000
0.066425 13.958200
0.066828 48.788700
0.067230 24.483600
0.067633 10.479000
0.068035 15.256200
0.069646 11.312900
0.070048 8.592310
0.070451 10.051100
0.070853 21.470700
0.071256 35.905800
0.071659 9.075020
0.072061 11.914300
0.072464 3.302910
0.075282 58.116000
0.075684 8.675200
0.076087 56.728900
0.076490 32.957500
0.076892 25.756000
0.077295 35.057100
0.077697 11.100900
0.078100 13.148600
0.078502 12.490100
0.078905 9.310540
0.079308 44.592400
0.079710 12.045900
0.080113 7.281270
0.080515 12.501800
0.080918 10.994200
0.081320 36.610300
0.081723 23.716500
0.082126 45.663300
0.082931 10.198600
0.083333 28.932200
0.083736 53.541000
0.084138 24.212100
0.084541 55.324600
0.084944 17.819900
0.085346 11.093300
0.085749 18.655000
0.086151 21.727300
0.086554 16.339300
0.086957 45.468100
0.087359 9.505600
0.087762 7.262580
0.088164 37.729600
0.088567 19.268200
0.088969 32.536000
0.089372 6.822950
0.089775 7.716740
0.090177 9.584950
0.090580 25.933000
0.090982 38.393100
0.091385 39.721000
0.091787 32.592900
0.092190 14.146000
0.092593 38.312900
0.092995 34.757600
0.093398 14.846400
0.093800 60.698800
0.094203 30.883700
0.094605 10.522400
0.095008 21.412700
0.095411 5.689550
0.095813 10.459500
0.096216 35.923500
0.096618 2.359480
0.097021 45.346600
0.097424 46.611700
0.097826 9.350830
0.098229 10.164000
0.098631 15.294700
0.099034 32.057400
0.099436 9.200640
0.099839 10.508600
0.100242 26.111500
0.100644 5.962020
0.101047 10.519300
0.101449 23.791200
0.101852 9.237620
0.102254 3.183210
0.102657 10.649500
0.103060 13.955700
0.103462 64.077100
0.103865 47.073300
0.104267 30.945700
0.104670 58.936700
0.105072 30.496200
0.105475 14.730300
0.105878 19.120500
0.106280 55.232400
0.106683 24.070900
0.107085 9.063350
0.107488 7.283940
0.107890 34.818300
0.108293 30.038300
0.108696 7.475060
0.109098 9.111810
0.109501 8.804700
0.109903 25.747100
0.110306 6.369410
0.110709 51.399100
0.111111 53.148000
0.111514 4.563930
0.111916 23.038400
0.112319 8.372920
0.112721 31.384700
0.113527 26.338200
0.113929 4.204600
0.114332 15.721000
0.114734 6.332940
0.115137 53.417500
0.115539 23.884700
0.115942 6.985430
0.116345 3.210330
0.116747 8.384560
0.117150 9.367230
0.117552 6.349000
0.117955 24.458000
0.118357 9.369800
0.118760 7.466450
0.119163 36.684800
0.119565 15.914400
0.119968 8.373380
0.120370 4.064980
0.120773 7.208550
0.121176 9.409450
0.121578 6.044990
0.121981 11.876300
0.122383 9.576140
0.122786 42.821200
0.123188 39.824200
0.123591 8.974080
0.123994 9.622900
0.124396 70.667600
0.124799 20.940000
0.125201 27.709000
0.125604 23.918300
0.126006 28.745500
0.126409 7.670360
0.126812 1.770300
0.127214 9.585980
0.127617 5.431230
0.128019 12.927100
0.128422 3.786840
0.128824 9.300080
0.129227 35.406900
0.129630 18.794600
0.130032 18.676200
0.130435 13.074400
0.130837 26.858700
0.131240 15.318400
0.131643 27.446200
0.132045 49.356400
0.132448 10.330800
0.132850 12.477500
0.133253 9.486250
0.133655 32.839700
0.134058 15.551200
0.134461 44.119200
0.134863 22.207000
0.135266 35.904600
0.135668 5.042890
0.136071 11.794800
0.136473 32.704500
0.136876 34.905800
0.137279 34.038000
0.137681 24.583500
0.138084 8.902130
0.138486 5.260070
0.138889 56.398100
0.139291 18.611500
0.139694 7.369470
0.140097 49.132600
0.140499 10.589100
0.140902 18.221200
0.141304 67.462600
0.141707 8.362620
0.142110 7.139780
0.142512 20.252600
0.142915 11.367800
0.143317 3.949860
0.143720 31.957100
0.144122 36.323600
0.144525 8.082110
0.144928 17.268800
0.145330 30.348900
0.145733 23.183300
0.146135 30.092800
0.146538 3.107860
0.146940 7.142280
0.147343 6.675530
0.147746 9.537590
0.148148 38.986200
0.148551 3.468420
0.148953 7.131090
0.149356 4.957220
0.149758 32.597800
0.150161 70.102000
0.150564 40.369400
0.150966 52.613800
0.151369 22.130500
0.151771 60.733800
0.152174 7.172230
0.152576 7.997540
0.152979 8.114720
0.153382 23.132900
0.153784 27.923200
0.154187 14.340000
0.154589 43.724200
0.154992 11.299800
0.155395 4.734970
0.155797 18.096200
0.156200 17.175000
0.156602 77.093700
0.157005 30.658000
0.157407 31.686900
0.157810 3.715150
0.158213 7.557810
0.158615 4.105440
0.159018 35.851800
0.159420 37.632300
0.159823 13.948100
0.160225 40.273800
0.160628 3.324200
0.161031 16.178500
0.161433 26.779600
0.161836 8.816960
0.162238 7.048030
0.162641 21.458600
0.163043 49.670600
0.163446 23.890300
0.163849 6.994660
0.164654 67.121200
0.165056 30.360300
0.165459 12.863600
0.165862 30.594500
0.166264 17.617900
0.166667 3.136850
0.167069 21.446000
0.167472 17.183900
0.167874 34.254700
0.168277 7.406760
0.168680 9.611490
0.169082 40.039100
0.169485 14.902500
0.169887 23.503200
0.170290 6.767020
0.170692 13.319100
0.171095 4.952730
0.171498 26.358600
0.171900 5.064220
0.172303 23.731600
0.172705 25.503900
0.173108 18.896500
0.173510 42.771600
0.173913 27.781100
0.174316 23.441500
0.174718 5.893720
0.175121 5.174000
0.175523 11.768100
0.175926 10.092300
0.176329 16.649900
0.176731 29.580200
0.177134 15.228200
0.177536 6.417540
0.177939 11.816200
0.178341 4.459070
0.178744 15.198600
0.179147 37.970100
0.179549 36.230300
0.179952 13.337800
0.180354 61.985700
0.180757 16.867900
0.181159 34.663800
0.181562 33.699200
0.181965 86.248000
0.183172 67.417800
0.183575 29.138800
0.183977 2.954780
0.184380 11.592200
0.184783 70.537100
0.185185 16.427900
0.185588 6.512530
0.185990 82.114500
0.186393 13.447400
0.186795 25.862700
0.187198 43.188200
0.187601 21.651300
0.188003 12.164000
0.188406 1.834720
0.188808 9.025910
0.189211 15.543200
0.189614 24.246200
0.190016 4.926790
0.190419 26.566200
0.190821 26.144400
0.191224 35.887200
0.191626 29.404000
0.192029 10.256600
0.192432 16.451100
0.192834 76.287300
0.196055 9.958660
0.196457 17.091700
0.196860 85.056100
0.197262 10.569600
0.197665 6.038670
0.198068 35.325300
0.198470 11.135700
0.198873 19.706100
0.199275 26.733600
0.199678 52.863000
0.200081 27.207200
0.200483 17.643600
0.200886 10.243600
0.201288 29.209400
0.201691 6.418790
0.202093 18.039700
0.202496 10.219900
0.202899 5.110060
0.203301 5.586570
0.203704 6.521460
0.204106 14.890300
0.204509 24.749700
0.204911 25.177500
0.205314 36.913200
0.206119 19.204100
0.206522 55.745700
0.206924 18.278100
0.207327 57.414300
0.207729 45.143800
0.208132 37.717200
0.208535 3.115020
0.208937 21.893200
0.209340 6.494000
0.209742 24.676900
0.210145 12.101400
0.210548 52.670800
0.210950 17.542200
0.211353 34.530500
0.211755 5.203860
0.212158 40.445900
0.212560 57.119700
0.212963 17.742700
0.213366 37.599400
0.213768 28.878500
0.214171 46.919800
0.214573 21.509800
0.214976 8.747620
0.215378 5.287400
0.215781 8.692160
0.216184 20.259400
0.216586 27.521900
0.216989 28.588600
0.217391 7.442780
0.217794 38.300500
0.218196 10.019400
0.218599 6.414480
0.219002 14.051000
0.219404 8.747150
0.219807 23.420800
0.220209 7.851270
0.220612 26.943800
0.221014 7.684360
0.221417 2.099390
0.221820 28.488100
0.222222 4.092100
0.222625 10.171900
0.223027 1.753610
0.223430 12.457000
0.223833 17.102700
0.224235 9.725000
0.224638 13.186600
0.225040 58.404900
0.225443 9.125050
0.225845 8.426240
0.226248 12.682900
0.226651 7.254900
0.227053 57.662800
0.227456 65.560900
0.227858 38.920500
0.228261 6.817060
0.228663 9.845580
0.229066 2.352950
0.229469 7.545240
0.229871 9.084090
0.230274 36.520300
0.230676 17.982200
0.231079 8.375490
0.231481 22.663200
0.231884 18.609800
0.232287 6.297650
0.232689 7.309060
0.233092 16.279400
0.233494 20.234400
0.233897 12.053200
0.234300 3.957620
0.234702 29.536100
0.235105 20.750500
0.235507 15.335800
0.235910 9.719110
0.236312 50.656400
0.236715 55.315100
0.237118 7.787770
0.237520 34.236000
0.237923 25.228300
0.238325 6.752440
0.238728 20.483300
0.239130 8.369800
0.239533 47.589200
0.239936 30.279800
0.240338 28.647400
0.240741 73.673400
0.241143 27.754900
0.241546 9.340380
0.241948 22.459800
0.242351 16.295200
0.242754 12.822300
0.243156 8.936950
0.243559 6.877750
0.243961 25.935200
0.244364 46.218500
0.244767 16.677600
0.245169 29.292000
0.245572 18.398100
0.245974 6.526420
0.246377 15.637700
0.246779 30.642700
0.247182 7.035880
0.247585 22.101000
0.247987 5.827720
0.248390 25.910400
0.248792 27.628900
0.249195 2.980320
0.249597 36.216100
0.250000 37.914100
0.250403 47.450700
0.250805 15.549700
0.251208 18.466700
0.251610 34.857400
0.252013 41.226100
0.252415 10.198000
0.252818 10.488500
0.253221 49.403600
0.253623 17.988700
0.254026 18.795100
0.254428 14.149500
0.254831 13.238900
0.255233 18.938800
0.255636 66.243000
0.256039 32.239400
0.256441 53.282200
0.256844 3.788300
0.257246 8.429260
0.257649 21.420300
0.258052 19.313900
0.258454 1.637430
0.258857 29.866900
0.259259 61.891900
0.259662 21.810000
0.260064 4.664110
0.260467 10.835200
0.260870 4.632210
0.261272 62.896300
0.261675 13.271000
0.262077 73.275000
0.262480 30.356000
0.262882 14.195100
0.263285 25.588700
0.263688 15.001000
0.264090 10.623900
0.273349 59.483000
0.273752 5.168280
0.274155 82.562000
0.274557 11.808400
0.274960 3.699280
0.275362 5.539270
0.275765 9.172880
0.276167 23.862400
0.276570 7.090450
0.276973 78.966800
0.277375 11.038800
0.277778 37.609700
0.278180 57.073900
0.278583 67.755500
0.278986 46.955400
0.279388 20.346100
0.279791 27.004000
0.280193 12.468300
0.280596 8.244490
0.280998 18.528700
0.281401 14.567500
0.281804 35.830400
0.282206 3.023300
0.282609 22.707500
0.283011 3.971020
0.283414 23.776900
0.283816 29.975600
0.284219 9.281010
0.284622 14.867900
0.285024 39.968200
0.285427 6.525750
0.285829 24.614900
0.286232 5.773720
0.286634 10.343000
0.287037 10.180700
0.287440 13.370100
0.287842 4.616010
0.288245 24.906400
0.288647 43.968800
0.289050 20.914700
0.289452 15.417400
0.289855 5.877950
0.290258 33.163000
0.290660 66.644800
0.291063 31.960300
0.291465 5.498270
0.291868 7.088640
0.292271 10.931300
0.292673 49.865600
0.293076 33.493700
0.293478 13.541900
0.293881 20.190600
0.294283 18.351800
0.294686 34.589500
0.295089 16.920300
0.295491 23.742400
0.295894 39.526500
0.296296 72.240900
0.296699 26.620200
0.297101 47.887100
0.297504 17.262300
0.297907 25.590400
0.298309 10.616700
0.298712 32.776900
0.299114 3.650220
0.299517 4.391320
0.299919 27.031200
0.300322 2.842320
0.300725 63.672700
0.301127 80.947600
0.301530 46.532400
0.301932 3.592320
0.302335 17.350200
0.302738 7.723630
0.303140 34.521300
0.303543 8.416470
0.303945 24.163200
0.304348 28.339700
0.304750 17.622600
0.305153 27.724500
0.305556 58.578100
0.305958 19.074700
0.306361 11.622100
0.306763 35.597600
0.307166 21.358600
0.307568 9.802120
0.307971 94.499200
0.308374 7.798740
0.308776 55.176000
0.309179 48.982300
0.309581 11.321300
0.309984 9.640630
0.310386 51.471500
0.310789 18.741400
0.311192 12.648000
0.311594 27.748700
0.311997 19.554100
0.312399 36.942600
0.312802 4.698760
0.313205 7.064280
0.313607 22.341000
0.314010 59.173100
0.314412 60.993000
0.314815 6.926380
0.315217 54.133900
0.315620 80.326000
0.316023 15.199800
0.316425 44.826900
0.316828 26.934600
0.318841 8.324900
0.319243 26.215700
0.319646 11.301900
0.320048 24.667800
0.320451 12.533800
0.320853 25.883500
0.321256 8.359630
0.321659 14.819200
0.322061 40.109200
0.322464 3.965450
0.322866 39.406100
0.323269 8.060680
0.323671 7.252710
0.324074 20.387900
0.324477 17.193200
0.324879 50.081900
0.325282 26.145100
0.325684 35.554000
0.326087 43.750600
0.326490 4.883640
0.326892 20.056400
0.327295 72.748500
0.327697 35.255400
0.328100 21.260800
0.328502 19.111800
0.328905 13.584300
0.329308 51.339500
0.329710 20.347700
0.330113 4.686280
0.330515 9.369470
0.330918 20.008400
0.331320 40.205700
0.331723 30.045200
0.332126 26.300300
0.332528 9.546550
0.332931 49.700900
0.333333 6.986200
0.333736 23.669200
0.334138 9.241130
0.334541 72.498000
0.334944 11.825300
0.335346 4.810700
0.335749 37.273700
0.336151 7.729490
0.336554 29.239300
0.336957 10.824300
0.337359 24.615800
0.337762 37.458600
0.338164 26.312300
0.338567 15.451000
0.338969 55.281700
0.339372 16.359300
0.339775 2.105610
0.340177 33.128600
0.340580 12.458000
0.340982 40.479500
0.341385 31.493400
0.341787 12.309100
0.342190 16.401300
0.342593 16.651900
0.342995 5.941350
0.343398 3.962400
0.343800 21.252100
0.344203 33.350100
0.344605 21.683700
0.345008 55.212900
0.345411 30.941100
0.345813 40.564900
0.346216 52.053100
0.346618 20.912800
0.347021 8.601950
0.347424 52.691500
0.347826 9.092060
0.348229 25.982000
0.348631 1.736460
0.349034 2.261390
0.349436 6.189280
0.349839 13.694100
0.350242 6.567880
0.350644 8.118470
0.351047 17.677200
0.351449 8.093050
0.351852 26.708000
0.352254 16.151300
0.352657 15.572700
0.353060 28.478700
0.353462 9.383380
0.353865 5.126890
0.354267 7.664290
0.354670 18.162100
0.355072 32.763600
0.355475 22.556700
0.355878 14.854600
0.356280 2.281300
0.356683 34.564200
0.357085 30.887700
0.357488 3.679750
0.357890 11.037100
0.358293 11.540400
0.358696 49.339800
0.359098 63.911200
0.359501 54.275700
0.359903 8.324640
0.360306 39.312300
0.360709 53.611600
0.361111 49.562000
0.361514 44.171900
0.361916 75.975900
0.362319 4.767980
0.362721 18.634700
0.363124 4.641100
0.363527 30.720500
0.363929 8.364610
0.364332 15.928400
0.364734 14.531400
0.365137 30.365000
0.365539 51.845100
0.365942 6.314070
0.366345 67.185200
0.366747 8.858250
0.367150 33.274400
0.367552 20.354500
0.367955 34.807500
0.368357 5.461430
0.368760 42.101000
0.369163 68.712100
0.369565 6.732930
0.369968 9.486940
0.370370 6.934780
0.370773 37.770800
0.371176 25.383900
0.371578 4.824810
0.371981 8.796770
0.372383 28.361900
0.372786 25.228600
0.373188 10.244000
0.373591 3.915920
0.373994 11.797000
0.374396 3.886120
0.374799 13.985700
0.375201 57.399900
0.375604 29.023300
0.376006 12.264900
0.376409 6.053080
0.376812 6.325480
0.377214 66.270600
0.377617 30.574400
0.378019 5.379840
0.378422 31.845800
0.378824 40.243000
0.379227 1.798810
0.379630 10.648000
0.380032 33.967400
0.380435 6.153030
0.380837 56.286800
0.381240 14.425000
0.381643 16.349200
0.382045 60.964300
0.382448 7.853940
0.382850 25.218200
0.383253 4.897560
0.383655 15.445300
0.384058 6.182580
0.384461 16.218700
0.384863 27.732600
0.385266 6.961030
0.385668 28.108200
0.386071 8.723090
0.386473 13.349400
0.386876 59.262700
0.387279 29.931800
0.387681 7.078900
0.388084 54.380800
0.388486 33.893500
0.388889 8.339600
0.389291 3.760890
0.389694 24.538500
0.390097 73.302400
0.390499 11.297700
0.390902 7.254540
0.391304 19.819700
0.391707 9.603110
0.392110 8.757450
0.392512 7.931960
0.392915 41.397200
0.393317 12.396700
0.393720 14.069400
0.394122 8.666070
0.394525 28.468300
0.394928 18.338500
0.395330 4.720890
0.395733 8.623000
0.396135 56.663600
0.396538 5.203840
0.396940 18.110400
0.397343 13.533800
0.397746 9.575410
0.398148 38.189900
0.398551 9.838000
0.398953 55.269000
0.399356 10.148100
0.399758 17.343500
0.400161 6.904930
0.400564 50.613000
0.400966 4.530960
0.401369 55.328400
0.401771 21.138500
0.402174 7.452700
0.402576 15.366900
0.402979 6.248260
0.403382 6.761620
0.403784 6.260250
0.404187 79.969800
0.404589 30.538800
0.404992 12.510900
0.405395 28.497800
0.405797 20.190800
0.406200 19.790500
0.406602 48.023400
0.407005 9.924990
0.407407 33.535300
0.407810 18.399400
0.408213 29.754700
0.408615 57.120600
0.409018 20.359700
0.409420 27.786700
0.409823 87.518300
0.410225 16.912600
0.410628 62.630200
0.411031 16.935300
0.411433 13.379500
0.411836 47.663200
0.412238 7.481180
0.412641 46.558500
0.413043 39.240700
0.413446 39.915000
0.413849 80.423300
0.414251 7.907610
0.414654 40.341700
0.415056 14.249000
0.415459 12.466300
0.415862 5.209360
0.416264 24.153800
0.416667 8.900670
0.417069 26.044800
0.417472 11.128600
0.417874 4.805220
0.418277 4.050070
0.418680 32.005000
0.419082 34.611500
0.419485 32.386500
0.419887 42.972900
0.420290 15.605800
0.420692 46.043300
0.421095 47.073000
0.421498 46.096500
0.421900 6.421830
0.422303 48.775300
0.422705 15.075000
0.423108 46.535200
0.423510 6.515160
0.423913 14.947300
0.424316 7.421910
0.424718 7.189330
0.425121 11.207700
0.425523 12.379600
0.425926 18.242300
0.426329 7.191780
0.426731 10.167000
0.427134 5.606690
0.427536 8.760860
0.427939 9.342290
0.428341 14.267000
0.428744 29.374000
0.429147 17.738800
0.429549 21.574700
0.429952 32.658600
0.430354 7.023090
0.430757 21.811600
0.431159 31.280500
0.431562 61.717500
0.431965 27.897400
0.432367 30.067800
0.432770 1.397500
0.433172 10.032000
0.433575 66.382100
0.433977 6.494290
0.434380 30.771700
0.434783 31.691800
0.435185 3.086450
0.435588 12.675200
0.435990 49.439100
0.436393 52.281200
0.436795 35.935000
0.437198 36.504900
0.437601 16.157600
0.438003 11.593800
0.438406 5.263280
0.438808 8.153830
0.439211 4.153770
0.439614 17.228800
0.440016 1.935200
0.440419 21.735600
0.440821 27.027700
0.441224 84.630800
0.441626 2.514090
0.442029 8.391200
0.442432 11.459800
0.442834 47.874000
0.443237 3.140930
0.443639 70.724500
0.444042 28.725600
0.444444 30.229500
0.444847 18.061700
0.445250 16.296300
0.445652 69.269400
0.446055 46.446600
0.446457 40.128400
0.446860 13.008700
0.447262 14.312000
0.447665 19.471400
0.448068 16.916200
0.448470 28.166800
0.448873 71.725800
0.449275 7.418580
0.449678 18.147100
0.450081 54.323600
0.450483 10.125300
0.450886 7.735130
0.451288 21.445300
0.451691 1.783680
0.452093 30.230600
0.452496 20.220200
0.452899 26.894400
0.453301 6.770890
0.453704 3.856800
0.454106 4.070110
0.454509 21.585200
0.454911 53.828100
0.455314 17.447000
0.455717 12.390700
0.456119 24.553000
0.456522 8.066490
0.456924 37.367700
0.457327 4.934050
0.457729 9.330140
0.458132 17.543200
0.458535 14.602200
0.458937 19.032400
0.459340 12.755600
0.459742 6.422680
0.460145 67.949800
0.460548 7.285740
0.460950 4.289310
0.461353 36.023000
0.461755 14.632800
0.462158 6.461720
0.462560 12.040800
0.462963 6.317470
0.463366 13.593900
0.463768 43.010400
0.464171 9.497450
0.464573 11.045300
0.464976 26.514000
0.465378 36.735200
0.465781 46.507000
0.466184 4.419880
0.466586 24.412300
0.466989 22.318500
0.467391 36.049000
0.467794 1.643290
0.468196 27.966900
0.468599 6.915770
0.469002 43.157600
0.469404 24.784600
0.469807 11.333800
0.470209 59.229900
0.470612 49.360200
0.471014 21.116300
0.471417 7.251610
0.471820 6.826170
0.472222 9.956940
0.472625 22.561800
0.473027 23.275700
0.473430 10.176600
0.473833 11.266100
0.474235 79.493000
0.474638 16.985400
0.475040 17.327200
0.475443 5.467040
0.475845 29.269100
0.476248 17.466600
0.476651 35.773600
0.477053 46.224900
0.477456 13.719000
0.477858 6.375890
0.478261 62.193900
0.478663 3.826500
0.479066 9.561540
0.479469 12.953100
0.479871 72.731100
0.480274 34.441100
0.480676 22.740700
0.481079 43.461300
0.481481 19.009700
0.481884 12.163000
0.482287 30.756900
0.482689 20.971400
0.483092 30.844700
0.483494 8.563880
0.483897 7.147790
0.484300 40.794500
0.484702 28.192500
0.485105 11.615900
0.485507 26.792000
0.485910 10.134600
0.486312 43.791700
0.486715 51.275800
0.487118 53.175800
0.487520 4.050960
0.487923 12.373500
0.488325 15.799400
0.488728 27.759900
0.489130 7.367250
0.489533 38.027800
0.489936 24.840600
0.490338 28.468200
0.490741 18.061900
0.491143 63.866400
0.491546 8.185150
0.491948 18.514000
0.492351 1.823830
0.492754 57.167100
0.493156 10.020500
0.493559 16.415400
0.493961 82.917200
0.494364 15.923900
0.494767 10.190500
0.495169 5.892420
0.495572 4.023320
0.495974 37.358600
0.496377 55.424100
0.496779 38.128000
0.497182 6.088130
0.497585 6.001060
0.497987 38.440000
0.498390 8.557030
0.498792 19.223800
0.499195 3.524920
0.499597 36.385900
0.500000 9.805860
0.500403 12.479900
0.500805 36.692800
0.501208 42.528100
0.501610 12.268700
0.502013 35.105400
0.502415 7.714740
0.502818 73.019500
0.503221 15.975200
0.503623 19.966100
0.504026 57.138500
0.504428 28.095900
0.504831 5.516670
0.505233 41.148400
0.505636 16.212600
0.506039 22.013500
0.506441 40.008300
0.506844 8.604130
0.507246 8.552130
0.507649 24.193300
0.508052 9.584430
0.508454 8.770960
0.508857 51.110700
0.509259 38.209800
0.509662 17.726800
0.510064 7.066840
0.510467 14.300600
0.510870 40.240500
0.511272 5.524120
0.511675 9.324640
0.512077 59.801400
0.512480 13.719800
0.512882 37.139400
0.513285 74.408200
0.513688 25.623900
0.514090 7.409490
0.514493 13.718000
0.514895 16.967500
0.515298 81.626500
0.515700 9.873700
0.516103 26.514600
0.516506 18.824000
0.516908 49.367100
0.517311 28.066500
0.517713 21.151300
0.518116 5.139700
0.518519 26.231400
0.518921 7.996170
0.519324 6.849580
0.519726 8.216240
0.520129 41.478100
0.520531 34.813300
0.520934 39.120700
0.521337 48.254800
0.521739 18.900000
0.522142 5.807040
0.522544 3.864580
0.522947 76.691700
0.523349 8.858070
0.523752 18.201200
0.524155 17.840000
0.524557 3.729300
0.524960 37.937400
0.525362 14.140000
0.525765 13.007500
0.526167 8.816330
0.526570 22.171300
0.526973 11.894200
0.527375 13.261800
0.527778 8.567040
0.528180 11.249000
0.528583 20.552600
0.528986 7.186350
0.529388 6.016750
0.529791 22.742800
0.530193 45.736800
0.530596 45.818200
0.530998 8.454250
0.531401 17.938700
0.531804 19.151000
0.532206 6.676660
0.532609 18.098800
0.533011 8.204350
0.533414 9.762610
0.533816 56.698700
0.534219 15.022000
0.534622 59.096900
0.535024 14.567000
0.535427 31.463600
0.535829 69.236900
0.536232 16.658300
0.536634 15.877300
0.537037 54.025700
0.537440 9.588740
0.537842 38.172100
0.538245 6.213510
0.538647 23.003400
0.539050 44.728600
0.539452 28.012900
0.539855 3.954040
0.540258 12.678700
0.540660 61.753100
0.541063 25.830900
0.541465 1.961570
0.541868 48.154800
0.542271 39.083500
0.542673 18.428400
0.543076 5.387000
0.543478 14.551000
0.543881 25.336700
0.544283 47.249200
0.544686 11.704500
0.545089 11.403600
0.545491 4.548810
0.545894 5.349690
0.546296 35.132300
0.546699 8.194030
0.547101 9.303390
0.547504 41.572100
0.547907 34.690400
0.548309 14.217700
0.548712 19.576600
0.549114 10.524400
0.549517 57.163200
0.549919 6.780670
0.550322 9.952390
0.550725 39.266000
0.551127 6.242540
0.551530 15.553900
0.551932 20.510900
0.552335 4.226140
0.552738 6.817370
0.553140 34.926300
0.553543 33.256800
0.553945 23.160900
0.554348 9.913130
0.554750 24.384600
0.555153 25.468900
0.555556 29.190800
0.555958 5.922360
0.556361 4.271310
0.556763 23.723000
0.557166 26.913400
0.557568 8.694630
0.557971 10.579300
0.558374 49.736300
0.558776 8.401580
0.559179 15.428400
0.559581 57.265600
0.559984 23.660800
0.560386 18.232300
0.560789 17.265800
0.561192 10.249800
0.561594 16.421900
0.561997 9.467890
0.562399 37.172200
0.562802 11.344300
0.563205 38.209600
0.563607 16.814200
0.564010 23.306700
0.564412 7.868020
0.564815 13.486500
0.565217 13.662000
0.565620 6.376780
0.566023 6.141730
0.566425 28.470500
0.566828 43.674400
0.567230 10.413800
0.567633 7.340070
0.568035 15.854100
0.568438 43.573900
0.568841 46.565600
0.569243 5.488230
0.569646 9.819210
0.570048 25.325000
0.570451 9.741810
0.570853 55.944100
0.571256 11.368000
0.571659 8.502260
0.572061 11.842200
0.572464 46.072500
0.572866 71.260100
0.573269 44.924200
0.573671 34.714900
0.574074 34.840400
0.574477 14.178500
0.574879 9.106260
0.575282 3.970280
0.575684 71.997900
0.576087 38.210100
0.576490 7.005310
0.576892 8.658960
0.577295 20.124200
0.577697 38.140200
0.578100 61.253700
0.578502 15.747600
0.578905 8.260050
0.579308 17.275200
0.579710 47.037800
0.580113 4.369030
0.580515 11.496900
0.580918 30.835900
0.581320 30.622100
0.581723 32.674400
0.582126 9.553680
0.582528 38.743000
0.582931 7.840700
0.583333 43.901600
0.583736 57.433600
0.584138 5.670430
0.584541 20.390500
0.584944 13.574700
0.585346 27.141600
0.585749 7.089250
0.586151 57.471100
0.586554 7.289140
0.586957 48.271200
0.587359 7.603060
0.587762 20.209800
0.588164 9.852510
0.588567 16.803000
0.588969 25.390900
0.589372 1.114350
0.589775 31.228700
0.590177 7.271620
0.590580 44.178800
0.590982 3.434110
0.591385 12.061200
0.591787 11.956400
0.592190 10.787200
0.592593 12.212500
0.592995 9.987150
0.593398 11.859400
0.593800 9.983400
0.594203 53.889800
0.594605 36.647300
0.595008 9.350650
0.595411 18.155600
0.595813 61.179500
0.596216 81.514700
0.596618 4.836760
0.597021 4.341280
0.597424 25.973500
0.597826 5.815080
0.598229 22.561200
0.598631 4.085710
0.599034 12.568500
0.599436 75.201100
0.599839 19.490600
0.600242 7.409500
0.600644 7.869800
0.601047 53.532100
0.601449 5.252700
0.601852 51.374100
0.602254 18.879400
0.602657 57.405000
0.603060 63.392200
0.603462 4.182280
0.603865 49.516800
0.604267 18.356900
0.604670 34.333200
0.605072 64.928700
0.605475 15.555700
0.605878 5.194880
0.606280 11.656300
0.606683 7.547440
0.607085 36.354700
0.607488 5.500560
0.607890 18.014600
0.608293 21.631700
0.608696 34.366600
0.609098 9.180990
0.609501 10.883500
0.609903 94.167100
0.610709 9.509200
0.611111 9.451160
0.611514 35.884100
0.611916 7.767660
0.612319 47.908100
0.612721 11.854000
0.613124 15.005200
0.613527 5.529870
0.613929 8.880470
0.614332 4.345390
0.614734 8.983700
0.615137 52.633400
0.615539 9.342600
0.615942 8.493190
0.616345 82.227200
0.616747 21.237600
0.617150 10.635900
0.617552 12.837400
0.617955 7.552060
0.618357 11.659000
0.618760 49.260200
0.619163 1.660680
0.619565 21.271600
0.619968 12.535500
0.620370 29.299200
0.620773 9.837620
0.621176 42.673400
0.621578 13.116700
0.621981 18.864100
0.622383 36.223300
0.622786 47.909400
0.623188 35.693100
0.623591 5.475360
0.623994 32.812100
0.624396 9.121410
0.624799 16.546200
0.625201 23.073000
0.625604 37.687300
0.626006 29.508700
0.626409 19.005000
0.626812 14.735900
0.627214 24.800600
0.627617 10.511300
0.628019 29.535600
0.628422 10.190700
0.628824 24.890600
0.629227 6.559520
0.629630 40.159200
0.630032 48.959500
0.630435 71.547400
0.630837 51.077600
0.631240 12.559900
0.631643 5.405200
0.632045 31.856100
0.632448 44.079800
0.632850 13.858800
0.633253 18.130700
0.633655 65.105200
0.634058 33.650000
0.634461 9.179370
0.634863 2.015140
0.635266 5.540900
0.635668 83.580600
0.636071 13.179700
0.636473 22.177400
0.636876 50.993800
0.637279 45.553600
0.637681 79.958800
0.638084 41.009400
0.638486 21.303200
0.638889 37.307500
0.639291 46.163000
0.639694 7.395320
0.640097 9.409060
0.640499 29.161700
0.640902 35.255500
0.641304 15.260700
0.641707 16.504400
0.642110 9.970640
0.642512 27.044100
0.642915 6.141800
0.643317 12.838700
0.643720 65.603700
0.644122 4.084690
0.644525 42.541400
0.644928 25.528000
0.645330 9.020530
0.645733 13.276900
0.646135 20.880100
0.646538 7.850130
0.646940 40.444000
0.647343 5.451940
0.647746 54.129400
0.648148 7.372060
0.648551 17.063900
0.648953 19.017300
0.649356 16.374600
0.649758 6.854280
0.650161 8.479000
0.650564 21.211100
0.650966 20.681300
0.651369 6.605470
0.651771 7.722250
0.652174 8.401510
0.652576 12.628100
0.652979 8.832390
0.653382 41.699000
0.653784 11.226600
0.654187 27.321500
0.654589 5.128310
0.654992 36.892900
0.655395 35.944400
0.655797 11.359100
0.656200 49.313300
0.656602 27.137600
0.657005 11.916400
0.657407 16.006600
0.657810 29.249900
0.658213 9.206300
0.658615 33.264300
0.659018 42.017200
0.659420 6.296220
0.659823 11.466500
0.660225 2.500350
0.660628 12.778300
0.661031 19.187000
0.661433 9.841910
0.661836 25.865200
0.662238 9.334920
0.662641 6.922220
0.663043 8.046460
0.663446 6.937120
0.663849 12.411100
0.664251 25.795600
0.664654 10.451600
0.665056 14.629200
0.665459 25.446700
0.665862 4.701580
0.666264 8.518770
0.666667 32.536600
0.667069 7.516150
0.667472 8.739140
0.667874 27.637400
0.668277 17.412300
0.668680 11.553300
0.669082 8.698080
0.669485 50.687600
0.669887 7.082840
0.670290 30.412900
0.670692 18.970200
0.671095 24.881300
0.671498 32.100000
0.671900 39.474400
0.672303 23.959500
0.672705 61.015700
0.673108 21.597200
0.673510 25.266600
0.673913 8.570630
0.674316 39.726200
0.674718 9.732350
0.675121 8.908200
0.675523 48.699400
0.675926 20.133200
0.676329 18.499600
0.676731 50.293000
0.677134 4.755330
0.677536 38.429200
0.677939 5.964830
0.678341 29.449400
0.678744 7.705360
0.679147 16.421800
0.679549 14.697900
0.679952 9.670260
0.680354 11.100000
0.680757 5.599650
0.681159 7.742390
0.681562 68.825400
0.681965 24.432800
0.682367 62.628800
0.682770 7.944220
0.683172 27.372700
0.683575 25.509000
0.683977 22.562800
0.684380 7.488470
0.684783 65.789800
0.685185 12.400800
0.685588 18.431700
0.685990 17.696700
0.686393 8.444610
0.686795 6.375440
0.687198 8.785900
0.687601 8.411400
0.688003 13.013200
0.688406 8.882010
0.688808 29.573700
0.689211 21.528200
0.689614 13.496700
0.690016 24.004100
0.690419 1.685080
0.690821 59.946100
0.691224 8.456270
0.691626 10.002900
0.692029 41.297800
0.692432 17.336900
0.692834 32.387600
0.693237 6.375210
0.693639 4.609910
0.694042 11.183600
0.694444 29.184400
0.694847 3.955790
0.695250 20.340800
0.695652 52.407400
0.696055 9.992040
0.696457 18.227700
0.696860 6.455590
0.697262 44.249200
0.697665 38.465500
0.698068 7.184160
0.698470 4.421120
0.698873 31.497200
0.699275 38.158700
0.699678 18.220900
0.700081 55.350800
0.700483 13.333400
0.700886 9.894480
0.701288 13.169100
0.701691 6.763950
0.702093 38.879800
0.702496 73.333000
0.702899 29.579100
0.703301 49.591300
0.703704 6.248060
0.704106 6.034760
0.704509 30.981000
0.704911 54.225000
0.705314 12.572500
0.705717 11.493800
0.706119 39.824800
0.706522 17.496100
0.706924 6.034520
0.707327 29.476000
0.707729 21.757600
0.708132 17.398700
0.708535 30.628500
0.708937 15.086200
0.709340 86.702700
0.709742 2.142480
0.710145 22.515700
0.710548 8.081480
0.710950 2.185400
0.711353 19.874700
0.711755 19.104800
0.712158 10.102000
0.712560 6.724600
0.712963 18.891800
0.713366 19.277200
0.713768 51.203900
0.714171 52.995500
0.714573 8.566350
0.714976 56.394200
0.715378 6.634370
0.715781 38.504000
0.716184 6.783230
0.716586 7.652200
0.716989 7.251150
0.717391 40.562700
0.717794 29.746800
0.718196 6.170410
0.718599 22.948100
0.719002 33.624000
0.719404 8.726130
0.719807 11.829100
0.720209 12.437000
0.720612 29.373800
0.721014 13.319700
0.721417 15.240000
0.721820 62.829600
0.722222 28.887900
0.722625 2.349970
0.723027 15.430000
0.723430 14.763000
0.723833 46.138200
0.724235 8.735280
0.724638 5.192160
0.725040 34.688600
0.725443 9.297980
0.725845 25.760900
0.726248 27.981600
0.726651 48.412400
0.727053 15.926300
0.727456 14.107300
0.727858 37.939600
0.728261 16.339400
0.728663 67.541500
0.729066 8.368070
0.729469 22.198800
0.729871 4.832240
0.730274 42.546300
0.730676 24.371100
0.731079 44.883600
0.731481 15.855800
0.731884 28.136900
0.732287 41.119200
0.732689 32.723700
0.733092 16.377600
0.733494 4.531820
0.733897 8.501250
0.734300 31.757400
0.734702 20.148100
0.735105 10.134700
0.735507 28.942200
0.735910 36.605500
0.736312 49.391500
0.736715 73.638500
0.737118 70.734600
0.737520 12.414600
0.737923 3.817240
0.738325 25.864000
0.738728 52.187500
0.739130 44.634300
0.739533 21.225100
0.739936 46.586600
0.740338 53.199300
0.740741 14.105300
0.741143 12.714300
0.741546 48.115600
0.741948 31.500600
0.742351 17.451500
0.742754 1.638460
0.743156 19.906200
0.743559 37.871500
0.743961 40.288400
0.744364 37.609400
0.744767 9.093720
0.745169 7.118890
0.745572 38.402500
0.745974 30.144400
0.746377 13.181600
0.746779 49.927700
0.747182 25.285900
0.747585 35.309200
0.747987 8.902610
0.748390 7.756320
0.748792 9.092470
0.749195 60.112800
0.749597 29.356100
0.750000 12.861200
0.750403 59.307900
0.750805 27.319100
0.751208 19.312800
0.751610 64.616400
0.752013 47.012200
0.752415 68.472400
0.752818 25.353700
0.753221 4.335770
0.753623 47.493500
0.754026 5.323070
0.754428 8.988020
0.754831 11.734500
0.755233 40.046800
0.755636 5.538750
0.756039 28.762300
0.756441 30.525000
0.756844 19.436200
0.757246 4.274720
0.757649 25.030700
0.758052 55.910800
0.758454 3.643460
0.758857 16.801800
0.759259 43.072700
0.759662 58.088200
0.760064 40.818200
0.760467 12.187000
0.760870 68.841000
0.761272 40.863000
0.761675 18.187600
0.762077 8.038000
0.762480 64.564800
0.762882 14.929700
0.763285 13.422500
0.763688 6.183710
0.764090 12.349300
0.764493 4.029250
0.764895 11.656800
0.765298 36.164700
0.765700 17.456500
0.766103 38.353000
0.766506 22.860600
0.766908 35.749200
0.767311 7.238360
0.767713 48.297100
0.768116 31.181900
0.768519 30.515900
0.768921 17.858400
0.769324 7.213250
0.769726 9.299210
0.770129 64.888800
0.770531 31.683000
0.770934 15.603900
0.771337 9.798260
0.771739 39.866200
0.772142 7.478360
0.772544 14.143600
0.772947 76.906300
0.773349 30.559900
0.773752 41.404700
0.774155 34.948100
0.774557 33.953600
0.774960 18.419600
0.775362 7.226860
0.775765 4.039010
0.776167 13.688500
0.776570 77.738500
0.776973 40.117700
0.777375 9.985640
0.777778 25.367600
0.778180 30.092400
0.778583 40.510100
0.778986 10.867200
0.779388 50.622700
0.779791 39.277500
0.780193 18.245100
0.780596 16.996500
0.780998 10.983100
0.781401 23.904800
0.781804 3.692480
0.782206 59.525200
0.782609 49.118100
0.783011 7.064380
0.783414 60.873700
0.783816 45.909100
0.784219 14.010300
0.784622 5.720610
0.785024 6.015340
0.785427 11.244100
0.785829 65.497100
0.786232 3.188200
0.786634 7.181400
0.787037 7.444810
0.787440 34.230300
0.787842 6.805370
0.788245 52.386200
0.788647 21.944100
0.789050 21.631500
0.789452 26.868100
0.789855 17.404000
0.790258 7.877790
0.790660 13.681200
0.791063 17.190200
0.791465 4.906060
0.791868 46.182900
0.792271 4.322270
0.792673 4.022270
0.793076 21.751700
0.793478 63.211200
0.793881 58.105100
0.794283 33.438800
0.794686 52.265000
0.795089 58.663700
0.795491 43.688900
0.795894 40.950400
0.796296 48.674100
0.796699 23.493700
0.797101 7.804940
0.797504 23.473600
0.797907 12.509100
0.798309 45.345300
0.798712 11.206900
0.799114 13.551700
0.799517 3.303750
0.799919 62.016800
0.800322 7.940270
0.800725 6.082280
0.801127 18.294400
0.801530 28.926800
0.801932 5.802430
0.802335 6.088530
0.802738 41.284600
0.803140 7.819620
0.803543 10.612600
0.803945 8.710460
0.804348 9.450480
0.804750 12.478100
0.805153 5.413380
0.805556 56.255700
0.805958 79.000900
0.806361 16.866400
0.806763 6.154380
0.807166 9.445000
0.807568 9.646020
0.807971 53.022800
0.808374 58.861000
0.808776 2.289020
0.809179 16.587500
0.809581 39.476600
0.809984 22.833200
0.810386 12.522300
0.810789 4.460400
0.811192 28.419500
0.811594 20.861400
0.811997 25.918200
0.812399 31.309500
0.812802 13.815300
0.813205 5.111990
0.813607 23.748500
0.814010 33.371300
0.814412 41.126400
0.814815 4.068300
0.815217 22.056200
0.815620 27.609100
0.816023 8.903820
0.816425 5.087740
0.816828 37.680100
0.817230 27.193700
0.817633 52.271700
0.818035 5.579580
0.818438 33.299400
0.818841 68.331800
0.819243 31.775600
0.819646 16.255400
0.820048 12.708800
0.820451 27.676900
0.820853 5.051640
0.821256 39.181900
0.821659 18.529300
0.822061 24.298500
0.822464 72.709000
0.822866 27.586500
0.823269 33.764200
0.823671 20.747000
0.824074 38.652300
0.824477 17.128300
0.824879 80.467200
0.825282 8.011540
0.825684 18.405400
0.826087 9.891710
0.826490 15.815400
0.826892 13.524700
0.827295 18.846800
0.827697 29.537000
0.828100 69.183900
0.828502 6.445840
0.828905 17.022000
0.829308 8.748700
0.829710 29.100300
0.830113 15.095700
0.830515 60.221100
0.830918 29.600700
0.831320 18.097600
0.831723 4.129010
0.832126 21.043600
0.832528 9.700450
0.832931 5.808810
0.833333 8.915630
0.833736 24.139600
0.834138 80.769600
0.834541 5.932030
0.834944 14.260800
0.835346 6.502450
0.835749 45.887900
0.836151 69.398100
0.836554 38.965800
0.836957 5.281330
0.837359 46.996600
0.837762 9.262090
0.838164 78.704300
0.838567 6.695440
0.838969 31.108200
0.839372 9.335200
0.839775 4.159390
0.840177 12.165500
0.840580 13.434900
0.840982 4.501130
0.841385 31.361500
0.841787 26.046800
0.842190 11.952900
0.842593 4.165420
0.842995 55.849300
0.843398 13.185900
0.843800 30.186900
0.844203 73.863300
0.844605 19.180600
0.845008 12.747000
0.845411 44.354400
0.845813 23.679100
0.846216 24.001800
0.846618 3.741750
0.847021 8.306030
0.847424 12.678500
0.847826 55.991500
0.848229 5.673890
0.848631 16.776300
0.849034 11.784500
0.849436 31.597400
0.849839 51.618600
0.850242 67.967100
0.850644 9.327210
0.851047 16.612100
0.851449 29.223100
0.851852 37.650800
0.852254 23.331100
0.852657 19.993700
0.853060 16.793800
0.853462 30.649000
0.853865 53.387300
0.854267 22.216400
0.854670 18.950900
0.855072 52.346500
0.855475 9.082940
0.855878 60.219700
0.856280 24.316900
0.856683 7.942710
0.857085 30.783600
0.857488 24.183500
0.857890 34.839900
0.858293 41.047900
0.858696 24.604100
0.859098 52.669600
0.859501 31.599400
0.859903 9.405730
0.860306 12.656500
0.860709 35.490800
0.861111 6.359080
0.861514 19.987100
0.861916 55.182300
0.862319 27.974000
0.862721 7.445360
0.863124 19.164800
0.863527 6.161260
0.863929 7.458550
0.864332 6.332490
0.864734 12.455500
0.865137 5.664630
0.865539 24.283500
0.865942 63.189700
0.866345 7.202110
0.866747 7.186430
0.867150 22.676300
0.867552 26.706900
0.867955 14.915800
0.868357 15.210800
0.868760 53.966100
0.869163 28.142300
0.869565 21.507200
0.869968 25.942800
0.870370 42.697100
0.870773 30.391800
0.871176 8.681610
0.871578 37.701000
0.871981 84.833800
0.872383 58.523300
0.872786 25.635800
0.873188 25.475400
0.873591 12.477200
0.873994 6.990140
0.874396 2.710980
0.874799 84.498200
0.875201 12.222800
0.875604 7.483110
0.876006 2.841660
0.876409 11.788300
0.876812 41.137800
0.877214 5.455560
0.877617 7.120880
0.878019 23.001600
0.878422 13.091400
0.878824 6.377640
0.879227 36.171900
0.879630 16.687300
0.880032 9.402830
0.880435 5.124430
0.880837 16.292600
0.881240 18.588700
0.881643 32.970900
0.882045 33.121000
0.882448 37.021800
0.882850 18.348800
0.883253 5.596230
0.883655 81.564700
0.884058 32.451900
0.884461 9.824120
0.884863 25.273200
0.885266 29.171300
0.885668 24.260600
0.886071 15.290500
0.886473 5.743550
0.886876 6.993740
0.887279 8.193730
0.887681 35.814900
0.888084 34.612800
0.888486 9.523890
0.888889 70.050500
0.889291 16.208800
0.889694 24.440400
0.890097 22.102400
0.890499 6.281140
0.890902 38.254200
0.891304 12.121600
0.891707 11.746900
0.892110 5.163180
0.892512 37.167800
0.892915 12.483100
0.893317 9.125140
0.893720 10.761100
0.894122 36.140900
0.894525 48.135100
0.894928 21.555200
0.895330 16.934600
0.895733 12.938500
0.896135 63.240800
0.896538 8.845780
0.896940 7.459450
0.897343 8.390130
0.897746 8.616840
0.898148 58.151400
0.898551 19.180700
0.898953 7.381300
0.899356 29.619700
0.899758 39.380500
0.900161 27.661700
0.900564 87.762900
0.900966 38.772000
0.901369 37.600300
0.901771 17.735100
0.902174 26.231200
0.902576 46.302300
0.902979 23.361800
0.903382 8.159340
0.903784 16.197900
0.904187 5.872950
0.904589 56.096900
0.904992 26.271700
0.905395 7.458420
0.905797 61.004000
0.906200 19.234600
0.906602 7.037300
0.907005 39.747200
0.907407 16.206300
0.907810 46.330300
0.908213 6.878990
0.908615 18.596100
0.909018 18.040300
0.909420 63.448000
0.909823 90.068300
0.910225 31.794800
0.910628 29.196300
0.911031 65.601700
0.911433 13.181900
0.911836 17.301900
0.912238 29.410000
0.912641 54.835800
0.913043 65.546600
0.913446 13.954700
0.913849 44.576300
0.914251 20.863900
0.914654 29.064000
0.915056 33.209200
0.915459 17.466700
0.915862 8.116860
0.916264 14.594000
0.916667 25.336800
0.917069 9.966710
0.917472 34.478600
0.917874 17.862000
0.918277 9.165080
0.918680 9.854200
0.919082 8.337490
0.919485 27.867900
0.919887 21.003100
0.920290 47.906400
0.920692 4.042570
0.921095 2.306740
0.921498 19.056600
0.921900 21.084900
0.922303 8.534540
0.922705 11.677900
0.923108 3.336640
0.923510 19.015000
0.923913 9.278450
0.924316 41.998400
0.924718 53.308300
0.925121 14.931200
0.925523 10.056700
0.925926 67.872800
0.926329 11.869200
0.926731 38.147300
0.927134 9.967100
0.927536 22.887100
0.927939 23.205400
0.928341 43.556700
0.928744 75.285800
0.929147 4.388450
0.929549 16.270300
0.929952 10.334100
0.930354 35.830200
0.930757 8.956590
0.931159 20.698200
0.931562 16.343600
0.931965 33.031500
0.932367 19.844300
0.932770 46.111800
0.933172 7.950980
0.933575 28.421700
0.933977 30.633800
0.934380 14.866800
0.934783 5.907020
0.935185 9.057590
0.935588 6.267940
0.935990 4.008830
0.936393 59.322400
0.936795 18.554400
0.937198 8.169790
0.937601 12.774200
0.938003 21.901700
0.938406 17.130400
0.938808 43.242500
0.939211 13.841700
0.939614 13.447200
0.940016 31.336000
0.940419 58.426400
0.940821 8.544100
0.941224 40.586500
0.941626 38.272400
0.942029 35.079400
0.942432 33.625000
0.942834 40.471900
0.943237 25.250900
0.943639 8.621880
0.944042 20.634200
0.944444 40.874600
0.944847 62.813700
0.945250 8.477140
0.945652 15.501200
0.946055 35.921000
0.946457 51.090100
0.946860 21.060100
0.947262 40.827900
0.947665 67.035900
0.948068 28.008100
0.948470 12.711800
0.948873 23.832400
0.949275 50.063900
0.949678 9.438500
0.950081 18.181200
0.950483 15.316400
0.950886 9.514000
0.951288 8.764660
0.951691 10.754400
0.952093 67.012800
0.952496 50.600800
0.952899 81.106800
0.953301 66.887500
0.953704 11.296500
0.954106 4.716330
0.954509 55.928100
0.954911 20.075000
0.955314 24.291800
0.955717 6.482510
0.956119 24.843800
0.956522 65.892400
0.956924 31.351500
0.957327 9.751660
0.957729 7.835240
0.958132 8.791550
0.958535 20.020300
0.958937 37.610300
0.959340 25.779000
0.959742 17.504400
0.960145 8.365740
0.960548 45.465100
0.960950 50.341500
0.961353 24.412600
0.961755 48.578600
0.962158 20.795000
0.962560 10.355700
0.962963 12.180500
0.963366 8.302630
0.963768 25.109100
0.964171 27.364400
0.964573 7.939490
0.964976 2.307890
0.965378 4.590820
0.965781 16.468600
0.966184 3.376230
0.966586 63.703000
0.966989 7.381640
0.967391 48.989400
0.967794 28.613100
0.968196 8.920700
0.968599 7.666380
0.969002 21.446300
0.969404 48.359200
0.969807 9.996280
0.970209 35.648800
0.970612 40.166500
0.971014 28.665700
0.971417 67.153700
0.971820 14.966800
0.972222 39.607300
0.972625 5.442700
0.973027 31.238100
0.973430 4.984860
0.973833 24.308600
0.974235 64.210200
0.974638 7.209970
0.975040 11.841900
0.975443 6.496660
0.975845 56.146100
0.976248 4.521950
0.976651 24.912200
0.977053 9.859360
0.977456 9.250890
0.977858 10.288300
0.978261 26.105000
0.978663 5.884300
0.979066 6.903360
0.979469 2.233360
0.979871 6.622190
0.980274 48.501200
0.980676 30.591200
0.981079 26.207400
0.981481 15.977400
0.981884 6.582240
0.982287 50.457500
0.982689 36.217700
0.983092 21.959000
0.983494 3.052100
0.983897 43.363400
0.984300 27.184600
0.984702 20.337700
0.985105 10.760200
0.985507 12.150100
0.985910 19.762700
0.986312 9.508760
0.986715 9.885150
0.987118 49.831700
0.987520 1.797200
0.987923 10.303700
0.988325 30.730500
0.988728 12.002600
0.989130 18.299000
0.989533 78.352400
0.989936 44.301200
0.990338 17.292300
0.990741 17.721800
0.991143 7.501300
0.991546 21.693100
0.991948 9.065880
0.992351 11.022300
0.992754 44.655500
0.993156 14.341900
0.993559 59.843700
0.993961 44.051800
0.994364 10.477200
0.994767 31.365800
0.995169 10.257100
0.995572 13.608600
0.995974 19.688400
0.996377 47.348100
0.996779 24.600200
0.997182 73.708700
0.997585 23.591000
0.997987 31.653700
0.998390 57.202200
0.998792 21.270000
0.999195 4.974530
0.999597 34.841100
1.000000 26.241500
