0.000450 7.891840
0.000900 27.947600
0.001350 33.869300
0.001799 44.658400
0.002249 30.425800
0.002699 22.627900
0.003149 37.645600
0.003599 17.015100
0.004049 57.076700
0.004498 13.628000
0.004948 50.209400
0.005398 27.552900
0.005848 4.112490
0.006298 34.970500
0.006748 6.835280
0.007197 72.534000
0.022042 9.691900
0.022492 6.386380
0.022942 22.341100
0.023392 42.401400
0.023842 8.882000
0.024291 53.079100
0.024741 14.475500
0.025191 19.734500
0.025641 38.216900
0.026091 33.222000
0.026541 11.840100
0.026991 5.150930
0.027440 8.976560
0.027890 21.538500
0.028340 8.753820
0.028790 36.587900
0.029240 19.175600
0.029690 16.250400
0.030139 63.219900
0.030589 46.228100
0.031039 11.156500
0.031489 18.025200
0.031939 7.868140
0.032389 5.781870
0.032839 24.910300
0.033288 15.040900
0.033738 48.695100
0.034188 10.300400
0.034638 8.749050
0.035088 13.811600
0.035538 9.352550
0.035987 10.497200
0.036437 5.584250
0.036887 24.000500
0.037337 73.696500
0.037787 44.755600
0.038237 1.793110
0.038686 62.063800
0.039136 32.807600
0.039586 47.555500
0.040036 10.791300
0.040486 4.824410
0.040936 8.854560
0.041386 9.420590
0.041835 5.837010
0.042285 33.302800
0.042735 43.272600
0.043185 15.428200
0.043635 19.379000
0.044085 5.241720
0.044534 61.142000
0.053531 59.483000
0.053981 10.448400
0.054431 46.458200
0.054881 47.990400
0.055331 46.087000
0.055780 4.533260
0.056230 12.833300
0.056680 42.291200
0.057130 10.946300
0.057580 19.171900
0.058030 8.830240
0.058480 15.825400
0.058929 22.307700
0.059379 9.496770
0.059829 8.757260
0.060279 8.780470
0.060729 51.816000
0.061179 70.617800
0.061628 9.938110
0.062078 7.688790
0.062528 2.145950
0.062978 1.802640
0.063428 5.759550
0.063878 33.657600
0.064327 5.628240
0.064777 25.342300
0.065227 16.118000
0.065677 20.797900
0.066127 6.053690
0.066577 16.899300
0.067027 62.324700
0.067476 11.160700
0.067926 6.998110
0.068376 5.091950
0.068826 11.277200
0.069276 23.088500
0.069726 10.697600
0.070175 83.051500
0.070625 89.335300
0.071075 36.126200
0.071525 19.439300
0.071975 6.816940
0.072425 18.143100
0.072874 9.316950
0.073324 41.206200
0.073774 51.289700
0.074224 9.260090
0.074674 8.651920
0.075124 23.095000
0.076923 8.324900
0.077373 47.237700
0.077823 8.241760
0.078273 8.444410
0.078722 6.328300
0.079172 20.599000
0.079622 6.146130
0.080072 25.833900
0.080522 24.278400
0.080972 7.909680
0.081422 21.537700
0.081871 18.888500
0.082321 22.024400
0.082771 8.439010
0.083221 8.479010
0.083671 6.754440
0.084121 10.063700
0.084570 6.393620
0.085020 21.490900
0.103014 8.389800
0.103464 31.888700
0.103914 15.530500
0.104363 20.510800
0.104813 55.653000
0.105263 59.952100
0.105713 24.221900
0.106163 87.172300
0.106613 4.288120
0.107063 38.993800
0.107512 21.541600
0.107962 29.852600
0.108412 7.039930
0.108862 6.533540
0.109312 76.880800
0.109762 7.153860
0.110211 6.418340
0.110661 77.485100
0.111111 12.780000
0.111561 25.849900
0.112011 11.925500
0.112461 38.201900
0.112910 7.257470
0.113360 5.730670
0.113810 56.994700
0.114260 26.104500
0.114710 4.838500
0.115160 48.598100
0.115610 49.540300
0.116059 3.350340
0.116509 6.777800
0.116959 7.340180
0.117409 17.358100
0.117859 66.225900
0.118309 17.181800
0.118758 6.261920
0.119208 61.685300
0.119658 8.910730
0.120108 5.953290
0.120558 66.992300
0.121008 2.780510
0.121457 7.490050
0.121907 11.279800
0.122357 18.737900
0.122807 39.069800
0.123257 66.645800
0.123707 11.874700
0.124157 23.527700
0.124606 30.471800
0.125056 8.412320
0.125506 3.240700
0.125956 13.640700
0.126406 14.588700
0.126856 41.043500
0.127305 53.351100
0.127755 2.759420
0.128205 5.776100
0.128655 4.800730
0.129105 40.281800
0.129555 72.684100
0.130004 13.971600
0.130454 27.038400
0.130904 9.973580
0.131354 16.620900
0.131804 11.745600
0.132254 31.412300
0.132704 46.129500
0.133153 31.912600
0.133603 56.116500
0.134053 20.004700
0.134503 25.904600
0.134953 9.012330
0.135403 6.803770
0.135852 77.687600
0.136302 21.379600
0.136752 7.497640
0.137202 38.355300
0.137652 40.566900
0.138102 5.808280
0.138552 42.388600
0.139001 12.679600
0.139451 5.435640
0.139901 5.303240
0.140351 9.669210
0.140801 6.060120
0.141251 38.954100
0.141700 34.179700
0.142150 10.521300
0.142600 37.695400
0.143050 7.286610
0.143500 69.853700
0.143950 26.260400
0.144399 8.552480
0.144849 25.498100
0.145299 23.878000
0.145749 24.615400
0.146199 66.270700
0.146649 9.312510
0.147099 26.066700
0.147548 7.594340
0.147998 30.638900
0.148448 30.205300
0.148898 10.129600
0.149348 49.321700
0.149798 9.793150
0.150247 9.221690
0.150697 27.774500
0.151147 34.423600
0.151597 26.165500
0.152047 12.288500
0.152497 9.739120
0.152946 38.474400
0.153396 32.100300
0.153846 33.548100
0.154296 6.513490
0.154746 21.396800
0.155196 16.910800
0.155646 8.364520
0.156095 46.371200
0.156545 28.829800
0.156995 31.772700
0.157445 46.375200
0.157895 65.672200
0.158345 9.848350
0.158794 40.035900
0.159244 59.500700
0.159694 15.528400
0.160144 13.728500
0.160594 31.419600
0.161044 9.670680
0.161493 24.435100
0.161943 43.199900
0.162393 16.824000
0.162843 64.370600
0.163293 12.376000
0.163743 24.917100
0.164193 59.785800
0.164642 31.295000
0.165092 31.308600
0.165542 40.623100
0.165992 18.904800
0.166442 21.221800
0.166892 9.055790
0.167341 7.688630
0.167791 13.568300
0.168241 15.489600
0.168691 26.111700
0.169141 6.225180
0.169591 53.685600
0.170040 28.378100
0.170490 5.792450
0.175439 9.958660
0.175888 28.315800
0.176338 48.120700
0.176788 21.036100
0.177238 30.431900
0.177688 23.606500
0.178138 15.052800
0.178587 40.297600
0.185785 58.116000
0.186235 14.026600
0.186685 43.464800
0.187135 52.614300
0.187584 15.816500
0.188034 56.867200
0.188484 9.055780
0.188934 40.889100
0.189384 14.851800
0.189834 35.899600
0.190283 17.842300
0.190733 12.668700
0.191183 8.663810
0.191633 17.847500
0.192083 10.282800
0.192533 21.715900
0.192982 9.425180
0.193432 15.274800
0.193882 10.888000
0.194332 69.310100
0.194782 7.005650
0.195232 15.086400
0.195682 6.563430
0.196131 42.002200
0.196581 35.177700
0.197031 11.212100
0.197481 51.288200
0.197931 20.765900
0.198381 20.745800
0.199730 67.121200
0.200180 55.133700
0.200630 28.085600
0.201080 29.253700
0.201529 4.016730
0.201979 45.780300
0.202429 9.952240
0.202879 46.554600
0.203329 33.622200
0.203779 25.437700
0.204229 10.059300
0.204678 9.311550
0.205128 12.679500
0.205578 28.662800
0.206028 27.101400
0.206478 12.691300
0.206928 24.431800
0.207377 27.124800
0.207827 8.587300
0.208277 9.576070
0.208727 10.720300
0.209177 16.628100
0.209627 9.183760
0.210076 50.682700
0.210526 17.425000
0.210976 46.187300
0.211426 44.629700
0.211876 6.001100
0.212326 19.329400
0.212776 5.129550
0.213225 28.863200
0.213675 16.792000
0.214125 19.149000
0.214575 25.858600
0.215025 55.126400
0.215475 69.940800
0.215924 22.766100
0.216374 7.442510
0.216824 57.632500
0.217274 23.476900
0.217724 18.683200
0.218174 15.134100
0.218623 24.092400
0.219073 33.908100
0.219523 32.766900
0.219973 15.525500
0.220423 10.886000
0.220873 11.640200
0.221323 44.488100
0.221772 25.282900
0.222222 34.799900
0.222672 46.360200
0.223122 34.371500
0.223572 27.955700
0.224022 8.895860
0.224471 27.906500
0.224921 27.598600
0.225371 43.088700
0.225821 64.860300
0.226271 12.962900
0.226721 20.186200
0.227170 3.869390
0.228070 26.418900
0.228520 31.672000
0.228970 46.429700
0.229420 35.861700
0.229870 27.170700
0.230319 27.601100
0.230769 55.393900
0.231219 16.892300
0.231669 7.614660
0.232119 10.703000
0.232569 5.674130
0.233018 49.639000
0.233468 1.339950
0.233918 16.536200
0.234368 36.256800
0.234818 18.131700
0.235268 15.982200
0.235717 30.730400
0.236167 22.413600
0.236617 4.360400
0.237067 9.477590
0.237517 13.400000
0.237967 16.730000
0.238417 30.451200
0.238866 52.123700
0.239316 15.457500
0.239766 17.936600
0.240216 39.186100
0.240666 9.716140
0.241116 11.457400
0.241565 18.904300
0.242015 69.626200
0.242465 15.839300
0.242915 16.139500
0.243365 47.701500
0.243815 66.329100
0.244265 27.491700
0.244714 9.163270
0.245164 50.105900
0.245614 5.738740
0.246064 9.892630
0.246514 12.748300
0.246964 4.005460
0.247413 77.479100
0.247863 40.436600
0.248313 4.101910
0.248763 49.640400
0.249213 6.272750
0.249663 9.673760
0.250112 4.641550
0.250562 24.964300
0.251012 35.294700
0.251462 26.122800
0.251912 59.517300
0.252362 20.969900
0.252812 69.864000
0.253261 61.968700
0.253711 18.180100
0.254161 19.570300
0.254611 17.875700
0.255061 19.586800
0.255511 12.048100
0.255960 8.728670
0.257310 67.417800
0.257760 56.369100
0.258210 1.582410
0.258659 14.537200
0.259109 17.155100
0.259559 16.471200
0.260009 11.517800
0.260459 7.357080
0.260909 60.198700
0.261359 29.718200
0.261808 6.196070
0.262258 56.896000
0.262708 7.567330
0.263158 19.814500
0.263608 46.467900
0.264058 77.890700
0.264507 4.980590
0.264957 14.471100
0.265407 6.409240
0.265857 60.174300
0.266307 51.238500
0.266757 16.305100
0.267206 59.279500
0.267656 5.785860
0.268106 7.809580
0.268556 35.851100
0.269006 22.387800
0.269456 40.361400
0.269906 5.550700
0.270355 49.803400
0.270805 7.553110
0.271255 6.100060
0.271705 13.738100
0.272155 23.259000
0.272605 16.676200
0.273054 25.324400
0.273504 15.386300
0.273954 17.245300
0.274404 58.487600
0.274854 14.870100
0.275304 80.407400
0.275753 33.662400
0.276203 15.942200
0.276653 9.161720
0.277103 24.669500
0.277553 13.332600
0.278003 8.018450
0.278453 19.446000
0.278902 6.332460
0.279352 28.167900
0.279802 65.274000
0.280252 17.554600
0.280702 22.313500
0.281152 17.225800
0.281601 6.175720
0.282051 13.862400
0.282501 38.914000
0.284300 11.312900
0.284750 76.805300
0.285200 33.826700
0.285650 39.481100
0.286100 28.431200
0.286550 12.595900
0.287000 5.701060
0.287449 28.985500
0.287899 42.920700
0.288349 13.257700
0.288799 39.285400
0.289249 33.499900
0.289699 21.491700
0.290148 54.702400
0.290598 10.009700
0.291048 42.924700
0.291498 8.086870
0.291948 9.097140
0.292398 22.482000
0.292848 15.962500
0.293297 48.025100
0.293747 71.729200
0.294197 23.932500
0.294647 13.797700
0.295097 3.833180
0.295547 78.906900
0.295996 34.794200
0.296446 14.791200
0.296896 29.841300
0.297346 21.870500
0.297796 9.632270
0.298246 9.024830
0.298695 9.018440
0.299145 48.479600
0.299595 17.753500
0.300045 50.196500
0.300495 10.809600
0.300945 32.352900
0.301395 31.897300
0.301844 71.851700
0.302294 33.287300
0.302744 10.579200
0.303194 8.880980
0.303644 22.490600
0.304094 4.445460
0.304543 7.861670
0.304993 56.061200
0.305443 32.551700
0.305893 25.413900
0.306343 24.816500
0.306793 9.498410
0.307242 4.667070
0.307692 10.801100
0.308142 17.521100
0.308592 21.686200
0.309042 14.898500
0.309492 5.518280
0.309942 40.737500
0.310391 25.868000
0.310841 53.632100
0.311291 5.821390
0.311741 13.106400
0.312191 21.296500
0.312641 34.631000
0.313090 8.388940
0.313540 39.158600
0.313990 14.887700
0.314440 26.630100
0.314890 38.417700
0.315789 69.269400
0.316239 21.680700
0.316689 2.481370
0.317139 28.728800
0.317589 17.664400
0.318039 9.330410
0.318489 7.987530
0.318938 58.405900
0.319388 12.618700
0.319838 22.264700
0.320288 45.890000
0.320738 11.397300
0.321188 52.154200
0.321637 20.269000
0.322087 52.227000
0.322537 44.367500
0.322987 7.131250
0.323437 59.521900
0.323887 9.393520
0.324336 11.114700
0.324786 25.881700
0.325236 16.338400
0.325686 21.902300
0.326136 36.638900
0.326586 22.286100
0.327036 15.209300
0.327935 7.409500
0.328385 50.636300
0.328835 17.092600
0.329285 9.868650
0.329735 52.309100
0.330184 39.407700
0.330634 15.316000
0.331084 10.279900
0.331534 24.861600
0.331984 25.578300
0.332434 45.910000
0.332883 11.914600
0.333333 30.073500
0.333783 19.633500
0.334233 80.395500
0.334683 23.521000
0.335133 17.347800
0.335583 29.584200
0.336032 9.241640
0.336482 53.582700
0.336932 37.481100
0.337382 17.241400
0.337832 35.583500
0.338282 71.436100
0.338731 56.527500
0.339181 4.631040
0.339631 13.360200
0.340081 22.279300
0.340531 35.443800
0.340981 36.015600
0.341430 40.877900
0.341880 52.183200
0.342330 73.741400
0.342780 11.641500
0.343230 18.574800
0.343680 25.018000
0.344130 19.665000
0.344579 6.080650
0.345029 21.261000
0.345479 14.490400
0.345929 83.048700
0.346379 9.091300
0.346829 62.886900
0.347278 16.216600
0.347728 3.367840
0.348178 39.441400
0.348628 50.579400
0.349078 46.451800
0.349528 18.201600
0.349978 10.779800
0.350427 8.418630
0.350877 40.362100
0.351327 23.754000
0.351777 19.457200
0.352227 16.909500
0.352677 68.590100
0.353126 44.428500
0.353576 28.920600
0.354026 29.200600
0.354476 12.169000
0.354926 48.044300
0.355376 15.601400
0.355825 69.662100
0.356275 28.636700
0.356725 7.488460
0.357175 55.610600
0.357625 39.264800
0.358075 66.352200
0.358525 19.815900
0.358974 18.619600
0.359424 3.723050
0.359874 24.912800
0.360324 8.133610
0.360774 27.803100
0.361224 53.646300
0.361673 11.493200
0.362123 17.455600
0.362573 5.957060
0.363023 31.964300
0.363473 8.697530
0.363923 10.937300
0.364372 19.888100
0.364822 11.295200
0.365272 44.318700
0.365722 28.313300
0.366172 23.292400
0.366622 14.829000
0.367072 22.555400
0.367521 49.335800
0.367971 8.761950
0.368421 12.357100
0.368871 22.487500
0.369321 7.334730
0.369771 53.091900
0.370220 22.756000
0.370670 8.271260
0.371120 4.312570
0.371570 8.075850
0.372020 7.082030
0.372470 17.203200
0.372919 41.970500
0.373369 74.104300
0.373819 6.181810
0.374269 11.269100
0.374719 6.789840
0.375169 11.261700
0.375619 13.896900
0.376068 55.840200
0.376518 19.064200
0.376968 9.484770
0.377418 47.739800
0.377868 12.139100
0.378318 14.184100
0.378767 8.115090
0.379217 17.665000
0.379667 6.735380
0.380117 8.893660
0.380567 17.566400
0.381017 29.400600
0.381466 22.473900
0.381916 5.415120
0.382366 8.772630
0.382816 71.839500
0.383266 31.033200
0.383716 41.373100
0.385515 1.772950
0.385965 39.053200
0.386415 41.563100
0.386865 37.062600
0.387314 13.897000
0.387764 31.806900
0.388214 25.739000
0.388664 35.074200
0.389114 13.196100
0.389564 27.074500
0.390013 37.487400
0.390463 5.025850
0.390913 48.369600
0.391363 8.945670
0.391813 13.816300
0.392263 19.831700
0.392713 20.842200
0.393162 9.246310
0.393612 23.377500
0.394062 68.696500
0.394512 18.359700
0.394962 95.006100
0.395412 6.178180
0.395861 27.920500
0.396311 8.216030
0.396761 13.441300
0.397211 26.369900
0.397661 91.056300
0.398111 40.684500
0.398561 19.901900
0.399010 25.293900
0.399460 42.954300
0.399910 35.301100
0.400360 25.903900
0.400810 10.316000
0.401260 6.953980
0.401709 17.217500
0.402159 22.385500
0.402609 7.565310
0.403059 63.085800
0.403509 48.091200
0.403959 58.496100
0.404408 34.334700
0.404858 6.977540
0.405308 21.578600
0.405758 6.006290
0.406208 9.096430
0.406658 18.555000
0.407108 24.931400
0.407557 16.686000
0.408007 8.347840
0.408457 25.160500
0.408907 6.514270
0.409357 11.224800
0.409807 49.239700
0.410256 21.900300
0.410706 7.778950
0.411156 16.979300
0.411606 5.644330
0.412056 25.954600
0.412506 7.191050
0.412955 5.567030
0.413405 23.995700
0.413855 11.369000
0.414305 7.815880
0.414755 11.328000
0.415205 25.635800
0.415655 19.822900
0.416104 4.021980
0.416554 17.209600
0.417004 27.971900
0.417454 14.652400
0.417904 19.009800
0.418354 3.351190
0.418803 60.720700
0.419253 8.242190
0.419703 37.660200
0.420153 17.103400
0.420603 24.291100
0.421053 17.378100
0.421502 30.070400
0.421952 21.414200
0.422402 25.827300
0.422852 16.326000
0.423302 12.813000
0.423752 6.700230
0.424202 24.576800
0.424651 14.951500
0.425101 13.404700
0.425551 15.314000
0.426001 12.893800
0.426451 12.740600
0.426901 51.308200
0.427350 34.544200
0.427800 26.364300
0.428250 7.705240
0.428700 8.252880
0.429150 9.678240
0.429600 8.674610
0.430049 70.615500
0.430499 42.728600
0.430949 5.231340
0.431399 36.378400
0.431849 8.430110
0.432299 16.654100
0.432749 61.962600
0.433198 8.434890
0.433648 20.956200
0.434098 13.967900
0.434548 9.799790
0.434998 97.486800
0.435448 49.002800
0.435897 10.895400
0.436347 25.369500
0.436797 23.255400
0.437247 26.590600
0.437697 46.777400
0.438147 8.372100
0.438596 7.045660
0.439046 54.217100
0.439496 15.272500
0.439946 9.230800
0.440396 33.231100
0.440846 12.400800
0.441296 38.271500
0.441745 7.546670
0.442195 21.547800
0.442645 21.398100
0.443095 28.224400
0.443545 20.742000
0.443995 19.923700
0.444444 18.652400
0.444894 28.631500
0.445344 20.397900
0.445794 24.089600
0.446244 8.696780
0.446694 12.523500
0.447143 52.533700
0.447593 41.265500
0.448043 9.241620
0.448493 49.597200
0.448943 5.780730
0.449393 16.556200
0.449843 6.646080
0.450292 25.508100
0.450742 62.937700
0.451192 9.463500
0.451642 28.143600
0.452092 7.176960
0.452542 95.969800
0.452991 6.832150
0.453441 6.138330
0.453891 21.057800
0.454341 9.911950
0.454791 51.642200
0.455241 22.242400
0.455691 25.650100
0.456140 10.542500
0.456590 20.297700
0.457040 56.871000
0.457490 7.340520
0.457940 29.537100
0.458390 7.437670
0.458839 25.934500
0.459289 4.725120
0.459739 54.914200
0.460189 8.289650
0.460639 11.355700
0.461089 19.378500
0.461538 37.000000
0.461988 16.245500
0.462438 68.642900
0.462888 11.302600
0.463338 23.297100
0.463788 4.612950
0.464238 8.395660
0.464687 5.641150
0.465137 56.321300
0.465587 10.247900
0.466037 46.976100
0.466487 20.775300
0.466937 8.702430
0.467386 58.376300
0.467836 4.028660
0.468286 11.531600
0.468736 10.705100
0.469186 9.429550
0.469636 25.200900
0.470085 17.129200
0.470535 39.508800
0.470985 21.447500
0.471435 22.903300
0.471885 17.620800
0.472335 2.455060
0.472785 85.396800
0.473234 23.795900
0.473684 39.527900
0.474134 8.566350
0.474584 23.280200
0.475034 27.283000
0.475484 24.622800
0.475933 53.276700
0.476383 16.620100
0.476833 27.187600
0.477283 17.457600
0.477733 12.934100
0.478183 12.115000
0.478632 73.681200
0.479082 21.762000
0.479532 20.088800
0.479982 21.063200
0.480432 7.053690
0.480882 40.550100
0.481332 26.135200
0.481781 17.750600
0.482231 35.040500
0.482681 6.710590
0.483131 13.199900
0.483581 9.066340
0.484031 8.374820
0.484480 4.036790
0.484930 13.532900
0.485380 4.222540
0.485830 4.357890
0.486280 35.417700
0.486730 10.414900
0.487179 12.523300
0.487629 56.345400
0.488079 5.179240
0.488529 11.165100
0.488979 7.329840
0.489429 36.883600
0.489879 9.864940
0.490328 21.813200
0.490778 3.436090
0.491228 13.191000
0.491678 20.191700
0.492128 18.382100
0.492578 7.480680
0.493027 54.940700
0.493477 10.208500
0.493927 5.836750
0.494377 22.836200
0.494827 7.618440
0.495277 23.774100
0.495726 8.960590
0.496176 74.929700
0.496626 9.889190
0.497076 8.823020
0.497526 30.720400
0.497976 2.928930
0.498426 34.069800
0.498875 8.500980
0.499325 14.000400
0.499775 19.884200
0.500225 20.509900
0.500675 8.529580
0.501125 53.711600
0.501574 27.073900
0.502024 55.970600
0.502474 46.407600
0.502924 6.679700
0.503374 6.230000
0.503824 7.185040
0.504274 96.694400
0.504723 39.640800
0.505173 29.287100
0.505623 6.768060
0.506073 36.811000
0.506523 26.990200
0.506973 28.346700
0.507422 20.395800
0.507872 46.230400
0.508322 39.917500
0.508772 7.881660
0.509222 74.621800
0.509672 2.726770
0.510121 21.995100
0.510571 28.449200
0.511021 58.811600
0.511471 13.247700
0.511921 38.025700
0.512371 41.002500
0.512821 18.166700
0.513270 41.616000
0.513720 51.642800
0.514170 23.292900
0.514620 14.002700
0.515070 62.998800
0.515520 30.596100
0.515969 25.615500
0.516419 78.874200
0.516869 13.225900
0.517319 5.699520
0.517769 4.628110
0.518219 16.893200
0.518668 25.598400
0.519118 20.330500
0.519568 17.966700
0.520018 25.086600
0.520468 51.966000
0.520918 85.176700
0.521368 38.225000
0.521817 50.558000
0.522267 16.833700
0.522717 7.520790
0.523167 46.733800
0.523617 18.469700
0.524067 27.457100
0.524516 77.438500
0.524966 10.124400
0.525416 67.615700
0.525866 52.086600
0.526316 14.534500
0.526766 7.487000
0.527215 14.914900
0.527665 6.076670
0.528115 35.576500
0.528565 16.228200
0.529015 11.529200
0.529465 48.283600
0.529915 13.937300
0.530364 35.491100
0.530814 49.615000
0.531264 15.738100
0.531714 25.359300
0.532164 4.141500
0.532614 38.048000
0.533063 4.861880
0.533513 61.044000
0.533963 17.387100
0.534413 29.377500
0.534863 10.349200
0.535313 13.252600
0.535762 29.864200
0.536212 24.589300
0.536662 35.681800
0.537112 11.849700
0.537562 6.785270
0.538012 14.086800
0.538462 21.717300
0.538911 21.299700
0.539361 56.250200
0.539811 17.779700
0.540261 14.052200
0.540711 8.519360
0.541161 25.528800
0.541610 11.999700
0.542060 4.122930
0.542510 6.440720
0.542960 48.098100
0.543410 9.887620
0.543860 28.123600
0.544309 10.184800
0.544759 22.903400
0.545209 60.413200
0.545659 68.335100
0.546109 18.411900
0.546559 84.540200
0.547009 3.340010
0.547458 18.092000
0.547908 25.384100
0.548358 16.352800
0.548808 85.295800
0.549258 65.699800
0.549708 20.389800
0.550157 42.151900
0.550607 58.408400
0.551057 5.822390
0.551507 39.519700
0.551957 12.360900
0.552407 49.610600
0.552857 52.928100
0.553306 28.544000
0.553756 18.499200
0.554206 41.955900
0.554656 35.294500
0.555106 13.366000
0.555556 8.624030
0.556005 6.661940
0.556455 45.180000
0.556905 45.729700
0.557355 15.602700
0.557805 33.210400
0.558255 1.746820
0.558704 30.202300
0.559154 23.999100
0.559604 31.923000
0.560054 84.934200
0.560504 6.216900
0.560954 26.515900
0.561404 30.264000
0.561853 42.085200
0.562303 11.965700
0.562753 25.378200
0.563203 68.391900
0.563653 31.436400
0.564103 8.419390
0.564552 9.985100
0.565002 5.034500
0.565452 24.140100
0.565902 34.524500
0.566352 26.069100
0.566802 9.048790
0.567251 23.696200
0.567701 34.399200
0.568151 15.574400
0.568601 34.024200
0.569051 11.997900
0.569501 13.476400
0.569951 9.490910
0.570400 33.871500
0.570850 34.731700
0.571300 39.890500
0.571750 8.929030
0.572200 10.534400
0.572650 6.389810
0.573099 16.968400
0.573549 60.570400
0.573999 24.638400
0.574449 3.199440
0.574899 7.415240
0.575349 33.646500
0.575798 8.037420
0.576248 4.918610
0.576698 23.186300
0.577148 33.321800
0.577598 31.484800
0.578048 38.553900
0.578498 23.956600
0.578947 60.370600
0.579397 8.677640
0.579847 16.225500
0.580297 67.959900
0.580747 18.274900
0.581197 27.208900
0.581646 3.785250
0.582096 53.892300
0.582546 31.263000
0.582996 17.200400
0.583446 18.750100
0.583896 6.464220
0.584345 12.635100
0.584795 19.617100
0.585245 38.902000
0.585695 10.773800
0.586145 52.787200
0.586595 19.000300
0.587045 38.946000
0.587494 73.358600
0.587944 41.067900
0.588394 39.227800
0.588844 6.192520
0.589294 62.051900
0.589744 52.420900
0.590193 26.433400
0.590643 19.495900
0.591093 21.074500
0.591543 10.204500
0.591993 46.426100
0.592443 6.047220
0.592892 16.364400
0.593342 8.014340
0.593792 12.661400
0.594242 7.949350
0.594692 28.388600
0.595142 34.724500
0.595592 33.163100
0.596041 4.835190
0.596491 31.526000
0.596941 42.856000
0.597391 63.586500
0.597841 19.046400
0.598291 10.976600
0.598740 38.093900
0.599190 7.892310
0.599640 44.231300
0.600090 8.660830
0.600540 42.744100
0.600990 3.508480
0.601439 34.894300
0.601889 12.845800
0.602339 67.267800
0.602789 52.970300
0.603239 33.584400
0.603689 23.550400
0.604139 16.746200
0.604588 4.680180
0.605038 12.618900
0.605488 21.131600
0.605938 23.647600
0.606388 7.537960
0.606838 16.027700
0.607287 17.203000
0.607737 62.975000
0.608187 19.043200
0.608637 9.810320
0.609087 17.956000
0.609537 24.953300
0.609987 12.455000
0.610436 12.490300
0.610886 39.595800
0.611336 31.187600
0.611786 42.099800
0.612236 59.909800
0.612686 40.720900
0.613135 8.020030
0.613585 23.902800
0.614035 60.587200
0.614485 15.837900
0.614935 44.497500
0.615385 7.043270
0.615834 22.069000
0.616284 32.026700
0.616734 22.593500
0.617184 32.612300
0.617634 55.027100
0.618084 7.709630
0.618534 13.014500
0.618983 32.649900
0.619433 9.644600
0.619883 20.849300
0.620333 8.773180
0.620783 8.803060
0.621233 6.010960
0.621682 88.245000
0.622132 17.065100
0.622582 4.791620
0.623032 25.413500
0.623482 37.404700
0.623932 8.670840
0.624381 8.574870
0.624831 1.825310
0.625281 25.851100
0.625731 14.698400
0.626181 24.954300
0.626631 35.700900
0.627081 30.866600
0.627530 42.870300
0.627980 33.722700
0.628430 6.883860
0.628880 13.074800
0.629330 29.673400
0.629780 45.767100
0.630229 52.604700
0.630679 5.171370
0.631129 7.901710
0.631579 26.592400
0.632029 12.747800
0.632479 24.505100
0.632928 4.023200
0.633378 8.246820
0.633828 44.830800
0.634278 13.505100
0.634728 9.621300
0.635178 25.150500
0.635628 29.945000
0.636077 7.235530
0.636527 33.128700
0.636977 7.702740
0.637427 41.654300
0.637877 37.134200
0.638327 34.924100
0.638776 9.719040
0.639226 21.048800
0.639676 7.050740
0.640126 27.632300
0.640576 7.355020
0.641026 57.206100
0.641475 63.529600
0.641925 25.489000
0.642375 41.449700
0.642825 61.848200
0.643275 8.953060
0.643725 26.394900
0.644175 16.100200
0.644624 4.917880
0.645074 9.065960
0.645524 46.001300
0.645974 17.876500
0.646424 6.461050
0.646874 21.303000
0.647323 11.530200
0.647773 20.498200
0.648223 39.706800
0.648673 8.685600
0.649123 25.250200
0.649573 7.847750
0.650022 63.916200
0.650472 68.835000
0.650922 10.064900
0.651372 15.107200
0.651822 11.602900
0.652272 53.939800
0.652722 4.544790
0.653171 27.193300
0.653621 29.882400
0.654071 76.110200
0.654521 13.962400
0.654971 16.052400
0.655421 34.139200
0.655870 28.311000
0.656320 24.441700
0.656770 21.452000
0.657220 62.377300
0.657670 5.929170
0.658120 27.377600
0.658570 17.512600
0.659019 7.810980
0.659469 68.893600
0.659919 10.061700
0.660369 21.054600
0.660819 73.813700
0.661269 31.879000
0.661718 10.908500
0.662168 16.190700
0.662618 7.113040
0.663068 15.961800
0.663518 14.777600
0.663968 9.473740
0.664417 28.003400
0.664867 20.149000
0.665317 33.261500
0.665767 9.162130
0.666217 20.566300
0.666667 21.096700
0.667117 14.695700
0.667566 15.450900
0.668016 8.040090
0.668466 41.841800
0.668916 9.614980
0.669366 4.371740
0.669816 32.103900
0.670265 19.068900
0.670715 29.432400
0.671165 62.893200
0.671615 11.339700
0.672065 4.015930
0.672515 32.116800
0.672964 10.625400
0.673414 8.105700
0.673864 36.076300
0.674314 21.558900
0.674764 55.549900
0.675214 42.184300
0.675664 59.035000
0.676113 14.486700
0.676563 36.110100
0.677013 1.732020
0.677463 10.808300
0.677913 38.532900
0.678363 56.670900
0.678812 5.756540
0.679262 7.455700
0.679712 10.453200
0.680162 7.830660
0.680612 80.626300
0.681062 43.080600
0.681511 17.165300
0.681961 34.118500
0.682411 8.883470
0.682861 16.949000
0.683311 4.015750
0.683761 6.783300
0.684211 17.705000
0.684660 8.409340
0.685110 7.028480
0.685560 19.947700
0.686010 15.618000
0.686460 8.583940
0.686910 42.922500
0.687359 9.362320
0.687809 6.846820
0.688259 7.261310
0.688709 11.865700
0.689159 35.805500
0.689609 16.095900
0.690058 33.245300
0.690508 20.476100
0.690958 56.585400
0.691408 9.333780
0.691858 24.580700
0.692308 60.640000
0.692758 20.854100
0.693207 30.654700
0.693657 9.349310
0.694107 15.841600
0.694557 13.983000
0.695007 21.465500
0.695457 3.529150
0.695906 47.951000
0.696356 25.231200
0.696806 5.153640
0.697256 37.988500
0.697706 9.244300
0.698156 33.942100
0.698605 50.587100
0.699055 28.231900
0.699505 53.195000
0.699955 91.251700
0.700405 20.332600
0.700855 3.891800
0.701305 65.374900
0.701754 24.778900
0.702204 8.019810
0.702654 29.860900
0.703104 4.889300
0.703554 11.563900
0.704004 14.271400
0.704453 8.705200
0.704903 32.455600
0.705353 8.350950
0.705803 4.876060
0.706253 18.209600
0.706703 64.327100
0.707152 7.343580
0.707602 5.791260
0.708052 48.136700
0.708502 6.067990
0.708952 12.324200
0.709402 62.489100
0.709852 10.902400
0.710301 35.350300
0.710751 67.755100
0.711201 9.400460
0.711651 26.636800
0.712101 18.278500
0.712551 41.230800
0.713000 77.470400
0.713450 6.007010
0.713900 1.835490
0.714350 35.081600
0.714800 21.779500
0.715250 81.177400
0.715700 21.558500
0.716149 22.478600
0.716599 64.851400
0.717049 17.623800
0.717499 5.633910
0.717949 3.792540
0.718399 3.879090
0.718848 31.873100
0.719298 5.491100
0.719748 5.026960
0.720198 4.743410
0.720648 21.241600
0.721098 25.320500
0.721547 3.889870
0.721997 25.175300
0.722447 15.497100
0.722897 12.874500
0.723347 5.508950
0.723797 42.435000
0.724247 32.708000
0.724696 37.138300
0.725146 30.263500
0.725596 21.542000
0.726046 19.147000
0.726496 25.363600
0.726946 16.832500
0.727395 75.860900
0.727845 4.966590
0.728295 12.034900
0.728745 8.686900
0.729195 32.433100
0.729645 23.832300
0.730094 6.189920
0.730544 12.265300
0.730994 9.646290
0.731444 24.474000
0.731894 13.968500
0.732344 10.040200
0.732794 9.410440
0.733243 34.586900
0.733693 13.118700
0.734143 41.060700
0.734593 3.439340
0.735043 4.945000
0.735493 28.843900
0.735942 47.056000
0.736392 6.581500
0.736842 13.905100
0.737292 5.027290
0.737742 61.515300
0.738192 63.385300
0.738641 3.838020
0.739091 8.473950
0.739541 64.071900
0.739991 46.662700
0.740441 22.627600
0.740891 1.985910
0.741341 58.381100
0.741790 39.710500
0.742240 7.456000
0.742690 6.522840
0.743140 12.753500
0.743590 21.548400
0.744040 18.979100
0.744489 43.313500
0.744939 4.171410
0.745389 19.024000
0.745839 24.011800
0.746289 19.823600
0.746739 22.413900
0.747188 2.230610
0.747638 22.595000
0.748088 29.300600
0.748538 32.810500
0.748988 24.235600
0.749438 8.580650
0.749888 27.790900
0.750337 3.179890
0.750787 6.509880
0.751237 19.622700
0.751687 6.136940
0.752137 43.921800
0.752587 4.914860
0.753036 16.276800
0.753486 6.869920
0.753936 8.484210
0.754386 48.167400
0.754836 27.804500
0.755286 10.561600
0.755735 52.724600
0.756185 41.026600
0.756635 28.860000
0.757085 24.867100
0.757535 42.966800
0.757985 61.345400
0.758435 63.498900
0.758884 8.204240
0.759334 25.577700
0.759784 2.352570
0.760234 10.778200
0.761134 38.321900
0.761583 12.504500
0.762033 34.462500
0.762483 31.433800
0.762933 14.436900
0.763383 56.337200
0.763833 25.656100
0.764283 8.208430
0.764732 22.275000
0.765182 17.711000
0.765632 6.012320
0.766082 8.193420
0.766532 62.117700
0.766982 5.459450
0.767431 16.324900
0.767881 21.685800
0.768331 7.689700
0.768781 41.183600
0.769231 18.591400
0.769681 3.253580
0.770130 20.055700
0.770580 23.880600
0.771030 9.292280
0.771480 21.221000
0.771930 25.542000
0.772380 8.120150
0.772830 4.721260
0.773279 8.624760
0.773729 74.842900
0.774179 15.491300
0.774629 6.872580
0.775079 14.884300
0.775529 64.647400
0.775978 11.663900
0.776428 14.886000
0.776878 42.176000
0.777328 18.280700
0.777778 9.928320
0.778228 22.283800
0.778677 11.943100
0.779127 26.043000
0.779577 29.440500
0.780027 15.825000
0.780477 7.409850
0.780927 5.859080
0.781377 30.433300
0.781826 12.270500
0.782276 4.550470
0.782726 5.150560
0.783176 80.907600
0.783626 43.123000
0.784076 52.699100
0.784525 32.154400
0.784975 34.724100
0.785425 53.879400
0.785875 42.983700
0.786325 38.218500
0.786775 7.501740
0.787224 75.671100
0.787674 50.747700
0.788124 11.022700
0.788574 59.307200
0.789024 21.389600
0.789474 65.334000
0.789924 24.380000
0.790373 7.382520
0.790823 6.800070
0.791273 12.042800
0.791723 6.251940
0.792173 77.911000
0.792623 7.312120
0.793072 9.533640
0.793522 62.507000
0.793972 10.230700
0.794422 30.353000
0.794872 10.389200
0.795322 4.068230
0.795771 9.509200
0.796221 41.724000
0.796671 24.212300
0.797121 46.799200
0.797571 86.857700
0.798021 10.072600
0.798471 10.326200
0.798920 7.404510
0.799370 23.737000
0.799820 16.774600
0.800270 18.045200
0.800720 10.013300
0.801170 41.710700
0.801619 16.096400
0.802069 52.409700
0.802519 9.237350
0.802969 29.496300
0.803419 19.148400
0.803869 9.152220
0.804318 25.134500
0.804768 28.397000
0.805218 30.048200
0.805668 8.947430
0.806118 28.552400
0.806568 25.530800
0.807018 15.035700
0.807467 48.587400
0.807917 18.419700
0.808367 23.751300
0.808817 16.366300
0.809267 16.974800
0.809717 5.985670
0.810166 25.116000
0.810616 15.594700
0.811066 52.176700
0.811516 44.072500
0.811966 9.477090
0.812416 11.608500
0.812865 23.182500
0.813315 70.634300
0.813765 68.484300
0.814215 17.655800
0.814665 18.224400
0.815115 25.499700
0.815565 18.161200
0.816014 16.681100
0.816464 22.004600
0.816914 68.699900
0.817364 9.281700
0.817814 17.068000
0.818264 7.559150
0.818713 6.953690
0.819163 22.834300
0.819613 26.728300
0.820063 35.101500
0.820513 18.364100
0.820963 78.818300
0.821413 8.977150
0.821862 69.177600
0.822312 25.955100
0.822762 56.351000
0.823212 4.785220
0.823662 31.130400
0.824112 7.996340
0.824561 20.342500
0.825011 50.121600
0.825461 14.780100
0.825911 25.119100
0.826361 25.594500
0.826811 35.615900
0.827260 30.934600
0.827710 17.384000
0.828160 10.330400
0.828610 8.979680
0.829060 43.345600
0.829510 12.685700
0.829960 16.464000
0.830409 15.628100
0.830859 57.035800
0.831309 41.250600
0.831759 22.817300
0.832209 7.631710
0.832659 56.275300
0.833108 38.671500
0.833558 12.355200
0.834008 21.699300
0.834458 28.663900
0.834908 46.718300
0.835358 4.749190
0.835807 11.104200
0.836257 24.154500
0.836707 10.408200
0.837157 15.292900
0.837607 18.073800
0.838057 4.329850
0.838507 20.401900
0.838956 3.926580
0.839406 10.867600
0.839856 64.648300
0.840306 18.383900
0.840756 4.350730
0.841206 34.125100
0.841655 14.072100
0.842105 20.084200
0.842555 21.265100
0.843005 20.122100
0.843455 14.559600
0.843905 13.176500
0.844354 15.185900
0.844804 12.890700
0.845254 14.742400
0.845704 5.858890
0.846154 5.542920
0.846604 42.982300
0.847054 65.362100
0.847503 66.486300
0.847953 25.241800
0.848403 24.041500
0.848853 29.121900
0.849303 32.845800
0.849753 38.929900
0.850202 8.226960
0.850652 62.516000
0.851102 9.506600
0.851552 26.511500
0.852002 18.970700
0.852452 15.276300
0.852901 7.617940
0.853351 16.956000
0.853801 42.170200
0.854251 5.964730
0.854701 27.418400
0.855151 17.877300
0.855601 24.111100
0.856050 1.139830
0.856500 47.940200
0.856950 18.579800
0.857400 8.939750
0.857850 17.996200
0.858300 7.086330
0.858749 22.846000
0.859199 33.285000
0.859649 11.130300
0.860099 7.714670
0.860549 32.724500
0.860999 12.100600
0.861448 43.496700
0.861898 40.081700
0.862348 8.460600
0.862798 26.740500
0.863248 8.056750
0.863698 23.657100
0.864148 16.168200
0.864597 45.071900
0.865047 16.151400
0.865497 46.328300
0.865947 17.295100
0.866397 17.967200
0.866847 46.931000
0.867296 20.333200
0.867746 6.625100
0.868196 12.510500
0.868646 15.503000
0.869096 29.891000
0.869546 17.558100
0.869996 42.105500
0.870445 17.151700
0.870895 19.733200
0.871345 38.455600
0.871795 55.547100
0.872245 14.021200
0.872695 39.020600
0.873144 5.144480
0.873594 7.438050
0.874044 22.675800
0.874494 7.205550
0.874944 15.659100
0.875394 9.120140
0.875843 22.644700
0.876293 51.857800
0.876743 20.892900
0.877193 56.455300
0.877643 11.424400
0.878093 60.915500
0.878543 11.765200
0.878992 10.702700
0.879442 14.305600
0.879892 14.073600
0.880342 28.877900
0.880792 56.838700
0.881242 12.343300
0.881691 33.581000
0.882141 7.083400
0.882591 9.975110
0.883041 9.144780
0.883491 5.819570
0.883941 69.259700
0.884390 10.940200
0.884840 23.797200
0.885290 41.261000
0.885740 41.365900
0.886190 43.689700
0.886640 81.788000
0.887090 14.052900
0.887539 11.358400
0.887989 43.657400
0.888439 33.502600
0.888889 34.620200
0.889339 8.398600
0.889789 82.004600
0.890238 7.380860
0.890688 8.418370
0.891138 22.479100
0.891588 31.335500
0.892038 29.324000
0.892488 39.543500
0.892937 23.768900
0.893387 12.026300
0.893837 6.748840
0.894287 11.250400
0.894737 6.063240
0.895187 19.714400
0.895637 32.647000
0.896086 17.732600
0.896536 12.915600
0.896986 18.862700
0.897436 8.266990
0.897886 39.589900
0.898336 1.757380
0.898785 43.902300
0.899235 28.680400
0.899685 21.152100
0.900135 10.584900
0.900585 13.968400
0.901035 19.189200
0.901484 32.713500
0.901934 8.311950
0.902384 24.340600
0.902834 10.380000
0.903284 35.070600
0.903734 4.336060
0.904184 9.508580
0.904633 41.263200
0.905083 8.712030
0.905533 8.813970
0.905983 9.767980
0.906433 9.307740
0.906883 58.826600
0.907332 49.931400
0.907782 38.640800
0.908232 10.116300
0.908682 6.926480
0.909132 60.417500
0.909582 14.758400
0.910031 7.518490
0.910481 8.109380
0.910931 38.458400
0.911381 31.630600
0.911831 46.885500
0.912281 1.767340
0.912731 6.528840
0.913180 25.933100
0.913630 6.770580
0.914080 44.818700
0.914530 32.464900
0.914980 39.947200
0.915430 16.346500
0.915879 10.120900
0.916329 6.963460
0.916779 18.309200
0.917229 5.447440
0.917679 13.982400
0.918129 9.277600
0.918578 24.743500
0.919028 9.829320
0.919478 7.958520
0.919928 15.390500
0.920378 13.095300
0.920828 20.217200
0.921278 53.828000
0.921727 52.548600
0.922177 9.241950
0.922627 12.487400
0.923077 2.719080
0.923527 14.044000
0.923977 13.547400
0.924426 42.115000
0.924876 28.686200
0.925326 64.230800
0.925776 7.844110
0.926226 18.337300
0.926676 39.643100
0.927126 3.838790
0.927575 56.964600
0.928025 50.525400
0.928475 8.277210
0.928925 12.415500
0.929375 21.441000
0.929825 32.373100
0.930274 6.680840
0.930724 7.721770
0.931174 44.725900
0.931624 39.363100
0.932074 2.256730
0.932524 24.830100
0.932973 78.378800
0.933423 30.186300
0.933873 20.607400
0.934323 63.969500
0.934773 36.167800
0.935223 30.994700
0.935673 26.793700
0.936122 29.487400
0.936572 16.273900
0.937022 4.592400
0.937472 16.773800
0.937922 31.503400
0.938372 14.620900
0.938821 5.482430
0.939271 72.268500
0.939721 12.132000
0.940171 7.721040
0.940621 6.909850
0.941071 25.734600
0.941520 21.342300
0.941970 39.045200
0.942420 9.095580
0.942870 21.030800
0.943320 3.798490
0.943770 9.051520
0.944220 38.651100
0.944669 1.785240
0.945119 14.705400
0.945569 24.990200
0.946019 15.541400
0.946469 49.887000
0.946919 7.252720
0.947368 12.172200
0.947818 50.189100
0.948268 31.089800
0.948718 25.295300
0.949168 13.466300
0.949618 9.850910
0.950067 5.800140
0.950517 4.030460
0.950967 25.546200
0.951417 31.417700
0.951867 19.228000
0.952317 48.158500
0.952767 73.701800
0.953216 8.634550
0.953666 33.953100
0.954116 25.085600
0.954566 45.559900
0.955016 21.273000
0.955466 10.480600
0.955915 77.928900
0.956365 23.908400
0.956815 42.841400
0.957265 65.553300
0.957715 11.681000
0.958165 42.445300
0.958614 14.180400
0.959064 20.273500
0.959514 16.247400
0.959964 4.694920
0.960414 3.899050
0.960864 60.172600
0.961314 60.987100
0.961763 9.196210
0.962213 25.873000
0.962663 53.066300
0.963113 19.246600
0.963563 16.870500
0.964013 31.732400
0.964462 4.009780
0.964912 25.245600
0.965362 24.752300
0.965812 11.169600
0.966262 27.034900
0.966712 54.543700
0.967161 21.903300
0.967611 11.892300
0.968061 5.231110
0.968511 10.988300
0.968961 3.811270
0.969411 10.185600
0.969861 20.689800
0.970310 27.472700
0.970760 22.635300
0.971210 9.977480
0.971660 34.309500
0.972110 24.661000
0.972560 19.939000
0.973009 27.993000
0.973459 6.008930
0.973909 25.540300
0.974359 10.456600
0.974809 10.275900
0.975259 27.127600
0.975709 10.590400
0.976158 6.136320
0.976608 8.190990
0.977058 2.666910
0.977508 4.822410
0.977958 21.638000
0.978408 14.167900
0.978857 17.220300
0.979307 45.176800
0.979757 45.846200
0.980207 8.804280
0.980657 3.883450
0.981107 14.092000
0.981556 5.396330
0.982006 16.817800
0.982456 23.475200
0.982906 39.801700
0.983356 20.092100
0.983806 4.922070
0.984256 34.756200
0.984705 33.539800
0.985155 69.200400
0.985605 13.602200
0.986055 19.212900
0.986505 10.769500
0.986955 31.958500
0.987404 5.673210
0.987854 6.229380
0.988304 39.132400
0.988754 47.670200
0.989204 31.395900
0.989654 3.261700
0.990103 15.552600
0.990553 19.378000
0.991003 41.840000
0.991453 2.493000
0.991903 13.353300
0.992353 17.993300
0.992803 6.113810
0.993252 15.101500
0.993702 10.175600
0.994152 7.895540
0.994602 23.102700
0.995052 16.335900
0.995502 55.910500
0.995951 23.320300
0.996401 44.116300
0.996851 18.529700
0.997301 8.213240
0.997751 10.032900
0.998201 22.023800
0.998650 16.668900
0.999100 19.670400
0.999550 23.611500
1.000000 8.772890
