0.000506 12.020700
0.001013 30.109400
0.001519 36.838900
0.002025 11.362000
0.002532 5.377040
0.003038 9.313500
0.003544 35.104900
0.004051 26.475400
0.004557 16.213200
0.005063 29.190500
0.005570 15.904000
0.006076 8.415980
0.006582 38.091800
0.007089 14.795400
0.007595 2.166610
0.008101 72.877500
0.008608 40.205200
0.009114 9.330630
0.009620 10.917500
0.010127 10.047300
0.010633 22.956200
0.011139 31.495100
0.011646 24.351700
0.012152 8.655200
0.012658 33.713100
0.016709 9.958660
0.017215 23.051300
0.017722 4.277410
0.018228 53.728500
0.018734 24.510800
0.019241 17.902000
0.019747 19.575600
0.020253 1.158280
0.020759 39.870700
0.021266 47.179900
0.021772 9.499570
0.022278 9.657150
0.022785 27.786700
0.023291 9.763750
0.023797 6.065060
0.024304 4.450600
0.031899 59.483000
0.032405 10.387800
0.032911 16.585100
0.033418 26.334400
0.033924 24.613300
0.034430 57.401800
0.053671 8.389800
0.054177 59.854900
0.054684 5.854260
0.055190 11.188200
0.055696 7.147630
0.056203 7.670910
0.056709 13.465600
0.057215 58.015900
0.057722 28.141600
0.063291 58.116000
0.063797 23.530600
0.064304 8.233080
0.064810 14.132700
0.065316 8.988960
0.065823 24.468300
0.066329 8.042390
0.066835 12.678700
0.067342 10.473200
0.067848 41.113500
0.068354 36.442100
0.068861 8.462030
0.069367 1.881480
0.069873 75.847200
0.070380 33.774000
0.070886 61.953100
0.071392 23.807800
0.071899 26.958400
0.072405 41.127500
0.072911 5.090280
0.073418 8.711270
0.073924 7.922900
0.074430 23.443000
0.074937 63.938900
0.075443 24.510300
0.075949 92.056400
0.076456 36.501700
0.088608 9.691900
0.089114 7.652160
0.089620 8.919000
0.090127 5.166010
0.090633 5.091480
0.091139 27.509100
0.091646 11.230400
0.092152 1.772950
0.092658 30.242500
0.093165 3.184820
0.093671 71.575900
0.094177 9.391150
0.094684 8.050840
0.095190 35.005700
0.095696 21.332300
0.096709 42.055000
0.097215 17.266900
0.097722 53.101600
0.098228 11.916200
0.098734 5.928420
0.099241 22.461400
0.099747 20.638600
0.100253 16.198900
0.100759 34.033500
0.101266 57.888800
0.101772 2.561280
0.102278 6.708180
0.102785 6.297770
0.103291 16.905500
0.104810 9.805800
0.105316 4.387560
0.105823 32.056200
0.106329 7.871010
0.106835 9.630750
0.107342 1.961870
0.107848 24.531300
0.108354 75.481900
0.108861 10.449200
0.109367 23.811100
0.109873 7.932010
0.110380 32.951900
0.110886 12.263600
0.111392 9.794400
0.111899 3.139570
0.112405 6.729790
0.112911 18.694300
0.113418 58.282000
0.113924 12.149900
0.114430 1.684800
0.114937 12.084800
0.115443 4.534700
0.115949 25.075700
0.116456 4.468370
0.116962 5.093090
0.117468 30.613100
0.117975 12.536100
0.118481 4.588070
0.118987 29.298200
0.119494 21.948300
0.120000 7.364230
0.120506 6.482540
0.121013 13.680900
0.121519 49.424300
0.122025 24.234000
0.122532 10.739100
0.123038 14.797900
0.123544 65.549900
0.124051 11.183300
0.124557 24.024000
0.125063 24.471000
0.125570 30.928000
0.126076 1.965410
0.126582 23.590900
0.127089 30.302800
0.127595 11.101200
0.128101 6.177910
0.128608 9.361110
0.129114 40.130800
0.129620 9.748280
0.130127 37.973600
0.130633 9.383310
0.131139 22.012900
0.131646 17.226600
0.132152 9.193350
0.132658 13.976000
0.133165 44.937700
0.133671 27.595900
0.134177 20.927900
0.134684 13.953600
0.135190 9.321760
0.135696 22.282500
0.136203 38.381000
0.136709 9.469070
0.137215 38.279800
0.137722 9.749220
0.138228 27.712800
0.138734 3.046060
0.139241 7.841650
0.139747 8.874840
0.140253 12.378900
0.140759 7.544530
0.141266 6.578590
0.141772 25.331000
0.142278 9.440460
0.142785 54.918300
0.143291 16.121600
0.143797 23.914300
0.144304 50.948300
0.144810 8.324900
0.145316 16.043500
0.145823 49.880100
0.146329 31.016100
0.146835 14.390800
0.147342 32.068100
0.147848 21.396300
0.148354 23.661500
0.148861 6.002880
0.149367 45.036700
0.149873 5.330000
0.150380 38.475300
0.150886 8.633220
0.151392 33.039800
0.151899 4.354940
0.152405 30.325700
0.152911 7.498270
0.153418 7.370280
0.153924 33.183200
0.154430 11.971800
0.154937 8.131910
0.155443 7.106140
0.155949 13.021500
0.156456 34.536800
0.156962 37.955400
0.157468 6.435800
0.157975 3.651490
0.158481 12.770000
0.158987 8.520510
0.161013 67.417800
0.161519 11.713900
0.162025 44.070100
0.162532 15.845400
0.163038 18.525100
0.163544 32.460100
0.164051 5.475890
0.164557 6.318020
0.165063 16.798500
0.165570 60.020600
0.166076 62.034400
0.166582 6.682640
0.167089 6.712550
0.167595 5.292770
0.168101 25.433300
0.168608 43.743300
0.169114 14.730700
0.169620 8.496310
0.170127 13.358600
0.170633 18.352300
0.171139 9.850430
0.171646 5.290790
0.172152 33.563700
0.172658 44.406400
0.173165 27.288900
0.173671 32.654200
0.174177 55.339000
0.174684 7.279930
0.175190 8.056990
0.175696 16.096900
0.176203 28.728600
0.176709 16.555600
0.177215 28.018900
0.177722 18.821600
0.178228 3.210840
0.178734 23.975600
0.179241 27.348400
0.179747 9.030180
0.180253 18.513700
0.180759 8.146830
0.181266 38.988500
0.181772 33.488100
0.182278 9.106480
0.182785 9.936010
0.183291 31.390700
0.183797 8.093530
0.184304 5.181740
0.184810 13.584200
0.185316 2.928170
0.185823 45.414900
0.186329 9.292350
0.186835 8.260230
0.187342 14.510700
0.187848 19.354600
0.188354 10.470700
0.188861 8.457660
0.189367 9.044600
0.189873 46.484600
0.190380 10.107800
0.190886 48.019100
0.191392 50.042500
0.191899 26.099900
0.192405 20.588000
0.192911 13.990200
0.193418 44.834600
0.193924 10.905700
0.194430 9.558240
0.194937 28.282000
0.195443 18.622500
0.195949 37.172100
0.196456 17.411100
0.196962 14.275500
0.197468 38.093200
0.197975 19.327000
0.198481 16.351900
0.198987 21.976700
0.199494 0.990234
0.200000 26.246500
0.200506 11.624700
0.201013 36.575500
0.201519 8.004260
0.202025 10.184700
0.202532 4.873800
0.203038 7.410310
0.203544 14.972300
0.204051 14.531300
0.204557 1.270230
0.205063 30.342500
0.205570 13.901500
0.206076 53.825000
0.206582 4.640500
0.207089 10.940000
0.207595 9.040080
0.208101 14.146700
0.208608 17.108400
0.209114 23.357100
0.209620 42.419800
0.210127 11.224200
0.210633 30.829700
0.211139 10.072900
0.211646 12.140500
0.212152 28.239100
0.212658 29.391100
0.213165 49.170000
0.213671 20.571300
0.214177 5.328660
0.214684 8.471300
0.215190 8.068630
0.215696 18.866600
0.216203 4.053990
0.216709 7.005170
0.217215 43.991800
0.217722 35.015400
0.218228 56.915500
0.218734 8.436550
0.219241 33.811900
0.219747 26.404800
0.220253 7.565180
0.220759 19.542700
0.221266 16.368200
0.221772 32.125700
0.222278 22.448800
0.222785 18.708600
0.223291 58.658800
0.223797 46.207900
0.224304 51.493700
0.224810 24.605100
0.225316 29.691200
0.225823 8.931340
0.226329 17.286100
0.226835 15.449000
0.227342 12.365400
0.227848 48.311900
0.228354 26.276800
0.228861 9.557720
0.229367 67.741700
0.229873 11.558200
0.230380 39.364200
0.230886 4.618640
0.231392 67.186100
0.231899 4.408770
0.232405 3.331010
0.232911 16.412200
0.233418 5.801800
0.233924 6.838690
0.234430 18.554300
0.234937 5.448780
0.235443 48.984000
0.235949 16.941200
0.236456 16.964000
0.236962 29.627700
0.237468 31.735600
0.237975 28.947500
0.238481 30.978500
0.238987 28.731000
0.239494 34.146300
0.240000 39.735500
0.240506 59.515800
0.241013 61.681000
0.241519 31.978000
0.242025 36.328000
0.242532 43.716100
0.243038 37.736400
0.243544 48.705600
0.244051 22.575000
0.244557 50.502400
0.245063 5.538620
0.245570 26.526400
0.246076 41.705100
0.246582 12.688400
0.247089 8.644500
0.247595 12.041900
0.249620 11.312900
0.250127 37.292300
0.250633 13.455500
0.251139 11.022900
0.251646 12.896000
0.252152 6.436150
0.252658 44.687100
0.253165 27.047000
0.253671 19.590300
0.254177 38.879800
0.254684 13.784200
0.255190 1.857210
0.255696 44.374200
0.256203 45.277500
0.256709 13.965200
0.257215 9.528670
0.257722 52.991600
0.258228 22.370800
0.258734 21.064900
0.259241 20.874500
0.259747 6.994640
0.260253 9.941630
0.260759 65.670300
0.261266 19.509800
0.261772 67.854500
0.262278 28.840100
0.262785 8.202950
0.263291 65.599400
0.263797 24.400700
0.264304 15.556700
0.264810 11.393400
0.265316 25.294600
0.265823 12.529100
0.266329 11.001200
0.266835 33.091000
0.267342 39.774500
0.267848 12.792500
0.268354 30.674600
0.268861 14.934400
0.269367 46.354900
0.269873 12.355700
0.270380 45.522400
0.270886 15.456900
0.271392 11.765000
0.271899 3.402200
0.272405 27.799900
0.272911 44.809000
0.273418 9.062790
0.273924 5.612400
0.274430 20.155900
0.274937 5.655210
0.275443 14.073700
0.275949 29.576100
0.276456 21.674800
0.276962 10.354100
0.277468 22.991600
0.277975 6.130620
0.278481 35.830100
0.278987 11.731200
0.279494 4.177750
0.280000 27.103500
0.280506 8.519080
0.281013 9.690910
0.281519 26.138000
0.282025 61.783600
0.282532 20.854900
0.283038 12.225500
0.283544 5.163360
0.284051 8.516070
0.284557 5.137680
0.285063 30.596400
0.285570 27.744500
0.286076 64.144100
0.286582 15.472800
0.287089 29.034400
0.287595 41.924500
0.288101 43.191400
0.288608 43.805900
0.289114 54.971200
0.289620 15.135000
0.290127 7.715940
0.290633 64.418000
0.291139 7.712270
0.291646 7.671430
0.292152 14.624600
0.292658 50.150800
0.293165 29.249100
0.293671 90.441000
0.294177 52.516200
0.294684 18.421700
0.295190 24.270100
0.295696 7.451200
0.296203 27.647700
0.296709 15.539300
0.297215 28.148700
0.297722 18.206700
0.298228 57.740100
0.298734 34.145800
0.299241 37.687700
0.299747 9.622590
0.300253 6.480640
0.300759 7.149610
0.301266 8.743690
0.301772 9.281210
0.302278 7.137740
0.302785 89.166900
0.303291 34.658200
0.303797 19.698400
0.304304 40.677700
0.304810 13.569000
0.305316 11.852700
0.305823 69.362900
0.306329 15.358500
0.306835 26.148200
0.307342 26.001600
0.307848 38.704100
0.308354 11.120300
0.308861 17.696600
0.309367 24.708000
0.309873 23.376400
0.310380 54.753200
0.310886 36.748300
0.311392 43.484000
0.311899 24.569300
0.312405 1.924700
0.312911 18.908400
0.313418 15.519900
0.313924 8.062910
0.314430 61.796300
0.314937 19.492500
0.315443 12.163000
0.315949 27.647900
0.316456 25.980200
0.316962 11.309100
0.317468 66.332600
0.317975 22.429600
0.318481 38.309400
0.318987 32.665000
0.319494 35.427100
0.320000 92.219400
0.320506 7.951130
0.321013 4.803320
0.321519 69.423900
0.322025 6.771340
0.322532 18.232200
0.323038 74.606900
0.323544 14.119500
0.324051 12.003100
0.324557 23.081700
0.325063 34.394900
0.325570 51.261700
0.326076 62.515500
0.326582 8.800220
0.327089 14.567400
0.327595 9.069580
0.328101 6.948820
0.328608 32.482500
0.329114 23.124400
0.329620 57.541600
0.330127 7.904790
0.330633 5.188580
0.331139 47.805200
0.331646 34.804500
0.332152 8.044800
0.332658 18.213400
0.333165 36.408700
0.333671 40.794000
0.334177 3.280610
0.336709 67.121200
0.337215 17.592300
0.337722 42.456800
0.338228 5.677900
0.338734 12.351000
0.339241 20.505900
0.339747 9.924280
0.340253 50.261200
0.340759 8.446730
0.341266 55.528800
0.341772 14.208100
0.342278 10.001900
0.342785 4.018250
0.343291 38.814500
0.343797 4.012140
0.344304 10.175900
0.344810 12.265300
0.345316 39.529500
0.345823 63.311500
0.346329 20.070200
0.346835 42.228800
0.347342 26.545900
0.347848 25.968700
0.348354 14.828800
0.348861 1.107010
0.349367 34.334000
0.349873 18.879000
0.350380 32.687000
0.350886 11.739800
0.351392 15.477200
0.351899 18.163800
0.352405 23.890300
0.352911 41.724700
0.353418 17.896700
0.353924 19.586700
0.354430 49.453000
0.354937 7.749450
0.355443 20.293200
0.355949 8.616820
0.356456 27.655600
0.356962 2.717750
0.358481 7.409500
0.358987 30.296200
0.359494 22.137500
0.360000 39.022400
0.360506 14.695800
0.361013 4.403400
0.361519 9.472750
0.362025 19.286200
0.362532 24.906000
0.363038 15.084900
0.363544 58.198400
0.364051 8.588250
0.364557 18.063100
0.365063 41.068500
0.365570 6.681030
0.366076 30.670300
0.366582 36.391800
0.367089 65.519500
0.367595 65.522200
0.368101 26.601500
0.368608 8.633510
0.369114 4.645220
0.369620 47.299900
0.370127 8.047070
0.370633 9.621990
0.371139 1.808640
0.371646 3.089310
0.372152 29.408200
0.372658 34.874200
0.373165 60.805800
0.373671 9.062670
0.374177 13.402200
0.374684 20.912700
0.375190 11.590100
0.375696 73.225000
0.376203 22.309500
0.376709 4.754130
0.377215 7.044480
0.377722 90.188900
0.378228 18.409200
0.378734 4.588480
0.379241 7.235900
0.379747 55.674400
0.380253 64.105100
0.380759 6.458610
0.381266 41.889100
0.381772 22.905700
0.382278 9.734940
0.382785 47.965800
0.383291 10.894600
0.383797 5.273180
0.384304 6.784870
0.384810 20.821900
0.385316 7.412300
0.385823 9.509200
0.386329 75.130200
0.386835 6.271190
0.387342 12.926900
0.387848 27.324100
0.388354 7.773470
0.388861 9.796290
0.389367 17.029200
0.389873 2.128250
0.390380 14.833100
0.390886 18.070400
0.391392 17.334300
0.391899 38.934200
0.392405 4.349820
0.392911 20.840200
0.393418 2.883010
0.393924 35.680300
0.394430 6.574420
0.394937 51.112200
0.395443 26.148500
0.395949 1.856730
0.396456 34.538300
0.396962 3.728560
0.397468 15.415800
0.397975 59.623000
0.398481 10.976900
0.398987 10.695800
0.399494 53.313400
0.400000 14.573800
0.400506 25.235400
0.401013 6.466890
0.401519 8.854660
0.402025 40.617800
0.402532 49.453200
0.403038 57.130900
0.403544 3.530010
0.404051 10.261700
0.404557 8.886720
0.405063 26.355800
0.405570 29.345600
0.406076 48.119200
0.406582 14.239700
0.407089 30.461000
0.407595 68.760900
0.408101 5.682530
0.408608 68.928600
0.409114 8.809420
0.409620 26.377000
0.410127 92.718300
0.410633 24.496100
0.411139 24.120500
0.411646 53.536800
0.412152 4.676220
0.412658 25.922000
0.413165 50.727700
0.413671 12.926200
0.414177 29.078100
0.414684 22.865000
0.415190 39.775700
0.415696 9.429790
0.416203 23.541900
0.416709 32.468100
0.417215 11.305100
0.417722 11.775600
0.418228 9.302840
0.418734 51.503500
0.419241 11.657400
0.419747 9.794390
0.420253 27.022600
0.420759 44.707500
0.421266 4.950620
0.421772 3.540290
0.422278 7.649450
0.422785 47.557700
0.423291 11.095400
0.423797 47.646400
0.424304 50.302300
0.424810 5.060350
0.425316 24.331400
0.425823 26.143300
0.426329 6.601840
0.426835 7.120100
0.427342 32.486800
0.427848 10.647400
0.428354 3.584300
0.428861 2.223840
0.429367 17.795800
0.429873 28.423800
0.430380 41.917400
0.430886 33.440400
0.431392 17.609200
0.431899 12.873900
0.432405 25.891200
0.432911 8.245770
0.433418 17.980500
0.433924 4.564560
0.434430 10.776500
0.434937 7.320460
0.435443 50.890400
0.435949 17.905100
0.436456 37.029100
0.436962 1.785510
0.437468 25.801700
0.437975 64.844000
0.438481 6.353670
0.438987 12.849300
0.439494 17.876700
0.440000 74.335100
0.440506 29.128200
0.441013 7.552320
0.441519 20.286200
0.442025 10.818700
0.442532 6.420890
0.443038 5.459060
0.443544 9.052080
0.444051 12.331100
0.444557 7.853890
0.445063 23.152900
0.445570 9.511870
0.446076 48.780800
0.446582 22.517400
0.447089 6.871790
0.447595 32.450500
0.448101 35.155100
0.448608 1.533020
0.449114 20.995900
0.449620 5.196660
0.450127 7.912680
0.450633 4.415370
0.451139 31.607300
0.451646 25.984000
0.452152 1.027730
0.452658 32.814500
0.453165 52.331600
0.453671 55.892900
0.454177 12.166200
0.454684 8.229040
0.455190 86.721500
0.455696 64.788900
0.456203 15.616900
0.456709 15.619400
0.457215 8.823620
0.457722 33.749300
0.458228 7.520630
0.458734 50.193200
0.459241 15.442400
0.459747 22.885600
0.460253 47.416100
0.460759 3.934980
0.461266 10.299900
0.461772 39.138900
0.462278 23.192100
0.462785 18.279000
0.463291 39.393300
0.463797 25.312500
0.464304 9.798830
0.464810 13.073800
0.465316 12.631400
0.465823 6.222190
0.466329 9.180680
0.466835 71.089900
0.467342 16.755000
0.467848 7.709400
0.468354 4.896130
0.468861 6.147850
0.469367 6.398530
0.469873 13.108900
0.470380 18.562700
0.470886 8.600010
0.471392 5.342050
0.471899 33.014700
0.472405 6.743630
0.472911 11.281500
0.473418 5.598330
0.473924 59.773100
0.474430 30.011400
0.474937 35.062400
0.475443 14.363700
0.475949 21.752300
0.476456 47.266900
0.476962 49.494500
0.477468 11.554800
0.477975 10.904900
0.478481 7.671810
0.478987 5.247100
0.479494 7.262980
0.480000 6.698440
0.480506 37.090900
0.481013 9.164790
0.481519 9.685680
0.482025 46.679000
0.482532 26.741300
0.483038 18.730300
0.483544 7.092760
0.484051 4.430000
0.484557 3.669490
0.485063 73.525600
0.485570 11.451300
0.486076 10.145500
0.486582 20.494300
0.487089 17.242200
0.487595 34.238200
0.488101 1.504420
0.488608 38.247800
0.489114 22.341200
0.489620 36.316500
0.490127 7.744040
0.490633 9.964430
0.491139 18.013900
0.491646 23.593600
0.492152 63.130200
0.492658 45.388200
0.493165 34.885900
0.493671 3.523220
0.494177 34.109000
0.494684 18.345000
0.495190 29.007500
0.495696 31.000000
0.496203 38.864600
0.496709 3.640520
0.497215 56.881900
0.497722 30.017100
0.498228 4.122470
0.498734 36.720200
0.499241 38.643000
0.499747 16.352200
0.500253 47.686700
0.500759 12.825700
0.501266 27.579200
0.501772 20.330000
0.502278 7.777660
0.502785 5.755300
0.503291 82.254900
0.503797 83.155400
0.504304 9.439160
0.504810 39.014000
0.505316 15.168300
0.505823 28.027800
0.506329 9.647960
0.506835 15.680200
0.507342 5.949580
0.507848 7.873830
0.508354 8.957310
0.508861 8.555940
0.509367 9.945950
0.509873 29.839900
0.510380 10.896600
0.510886 28.472100
0.511392 66.088900
0.511899 32.016600
0.512405 23.234900
0.512911 6.670490
0.513418 16.521000
0.513924 18.092500
0.514430 65.077500
0.514937 28.128700
0.515443 1.904400
0.515949 28.115700
0.516456 13.690600
0.516962 56.464900
0.517468 9.506920
0.517975 6.636510
0.518481 40.782000
0.518987 13.838700
0.519494 5.418860
0.520000 27.149500
0.520506 42.244200
0.521013 28.032800
0.521519 7.812310
0.522025 23.879100
0.522532 10.169700
0.523038 34.685000
0.523544 51.031700
0.524051 14.423300
0.524557 15.222000
0.525063 17.299000
0.525570 46.282600
0.526076 68.169300
0.526582 79.788600
0.527089 59.725200
0.527595 9.449610
0.528101 25.946400
0.528608 9.451510
0.529114 8.020540
0.529620 31.633400
0.530127 7.947480
0.530633 12.662800
0.531139 14.085600
0.531646 10.624900
0.532152 10.733500
0.532658 27.523800
0.533165 38.097500
0.533671 7.324960
0.534177 39.410000
0.534684 9.916110
0.535190 68.676800
0.535696 29.012300
0.536203 9.242080
0.536709 10.546800
0.537215 42.265200
0.537722 30.157700
0.538228 9.286230
0.538734 10.481300
0.539241 32.808900
0.539747 47.894500
0.540253 8.769940
0.540759 1.258090
0.541266 24.719400
0.541772 30.001000
0.542278 21.274800
0.542785 34.783000
0.543291 23.499000
0.543797 47.407300
0.544304 16.601100
0.544810 10.729200
0.545316 31.771900
0.545823 20.893400
0.546329 57.500100
0.546835 4.255040
0.547342 44.932600
0.547848 22.405500
0.548354 7.925590
0.548861 2.875250
0.549367 12.967100
0.549873 16.861000
0.550380 20.868100
0.550886 4.841800
0.551392 8.566840
0.551899 56.016800
0.552405 54.111600
0.552911 5.091860
0.553418 71.565000
0.553924 1.822160
0.554430 11.020500
0.554937 34.368200
0.555443 28.676600
0.555949 43.537000
0.556456 51.026800
0.556962 38.993500
0.557468 13.458200
0.557975 17.692600
0.558481 7.114660
0.558987 15.003800
0.559494 28.886700
0.560000 24.771000
0.560506 29.313000
0.561013 40.004300
0.561519 31.741200
0.562025 15.054900
0.562532 19.402100
0.563038 45.768600
0.563544 30.987800
0.564051 6.100900
0.564557 10.243100
0.565063 25.991400
0.565570 6.772600
0.566076 13.792700
0.566582 44.641500
0.567089 15.909200
0.567595 27.278400
0.568101 5.514630
0.568608 50.487700
0.569114 11.372700
0.569620 6.940880
0.570127 6.073440
0.570633 7.321210
0.571139 5.190910
0.571646 61.615200
0.572152 55.542300
0.572658 5.318650
0.573165 52.193100
0.573671 2.951690
0.574177 30.475300
0.574684 1.661410
0.575190 22.382300
0.575696 26.646700
0.576203 25.400500
0.576709 34.848500
0.577215 10.447800
0.577722 64.164900
0.578228 24.199100
0.578734 3.072780
0.579241 17.926700
0.579747 14.470500
0.580253 25.147700
0.580759 7.861540
0.581266 19.563400
0.581772 57.986500
0.582278 9.282980
0.582785 9.695490
0.583291 50.215100
0.583797 29.469300
0.584304 47.650800
0.584810 29.431700
0.585316 42.719900
0.585823 10.508900
0.586329 36.580500
0.586835 8.676030
0.587342 88.121500
0.587848 4.469500
0.588354 61.844600
0.588861 7.267740
0.589367 22.233800
0.589873 6.984140
0.590380 30.111100
0.590886 9.518250
0.591392 2.648710
0.591899 6.656270
0.592405 13.986900
0.592911 8.789600
0.593418 24.763500
0.593924 24.309700
0.594430 7.011760
0.594937 7.900260
0.595443 17.280600
0.595949 35.604500
0.596456 14.386600
0.596962 20.001500
0.597468 30.680600
0.597975 8.912400
0.598481 43.886500
0.598987 59.041000
0.599494 5.990260
0.600000 17.370100
0.600506 4.438770
0.601013 5.196290
0.601519 36.092800
0.602025 7.623660
0.602532 9.444130
0.603038 37.642400
0.603544 40.701900
0.604051 8.924500
0.604557 3.925410
0.605063 49.325400
0.605570 9.573940
0.606076 58.279600
0.606582 17.869200
0.607089 40.105900
0.607595 10.857500
0.608101 6.883890
0.608608 42.480700
0.609114 23.869100
0.609620 10.100200
0.610127 7.743310
0.610633 20.647700
0.611139 5.941340
0.611646 22.498400
0.612152 22.824700
0.612658 20.771400
0.613165 13.893900
0.613671 8.814530
0.614177 43.127900
0.614684 9.671750
0.615190 9.017670
0.615696 9.151280
0.616203 6.394440
0.616709 11.564500
0.617215 7.977120
0.617722 21.704200
0.618228 19.204800
0.618734 18.071700
0.619241 16.498200
0.619747 6.868200
0.620253 32.731100
0.620759 6.931850
0.621266 20.128000
0.621772 7.153030
0.622278 34.199500
0.622785 6.928680
0.623291 49.334900
0.623797 30.790300
0.624304 16.030500
0.624810 20.986600
0.625316 62.893700
0.625823 37.861800
0.626329 9.612680
0.626835 14.810700
0.627342 13.007800
0.627848 22.557100
0.628354 12.889600
0.628861 16.131200
0.629367 16.663900
0.629873 11.255300
0.630380 25.108700
0.630886 21.491500
0.631392 13.158200
0.631899 18.109500
0.632405 63.985500
0.632911 53.900500
0.633418 8.550670
0.633924 6.158570
0.634430 12.329900
0.634937 6.539640
0.635443 22.853500
0.635949 28.660000
0.636456 13.885700
0.636962 74.873300
0.637468 56.372400
0.637975 24.559900
0.638481 46.651900
0.638987 5.754600
0.639494 4.048390
0.640000 9.013450
0.640506 11.191400
0.641013 45.227700
0.641519 20.941700
0.642025 2.814720
0.642532 20.164700
0.643038 42.926200
0.643544 16.231300
0.644051 18.632400
0.644557 18.666800
0.645063 39.245700
0.645570 34.725300
0.646076 87.192300
0.646582 10.937800
0.647089 47.021600
0.647595 30.011800
0.648101 24.126000
0.648608 29.867300
0.649114 7.991210
0.649620 5.806290
0.650127 28.068000
0.650633 16.923700
0.651139 19.730600
0.651646 23.947800
0.652152 19.566600
0.652658 22.348400
0.653165 1.636600
0.653671 47.358100
0.654177 9.367430
0.654684 8.109210
0.655190 20.159400
0.655696 8.541780
0.656203 22.047300
0.656709 52.233500
0.657215 9.138210
0.657722 4.300970
0.658228 12.532000
0.658734 9.756990
0.659241 35.753300
0.659747 3.949560
0.660253 9.716690
0.660759 55.677900
0.661266 7.562140
0.661772 5.265970
0.662278 8.352190
0.662785 24.831700
0.663291 20.337000
0.663797 15.503200
0.664304 18.258200
0.664810 12.459700
0.665316 29.568000
0.665823 15.382800
0.666329 8.491820
0.666835 23.695100
0.667342 58.931100
0.667848 12.206400
0.668354 29.049600
0.668861 8.373250
0.669367 6.904620
0.669873 31.605900
0.670380 59.039400
0.670886 8.042040
0.671392 21.009200
0.671899 3.607170
0.672405 50.110500
0.672911 33.067800
0.673418 7.150540
0.673924 27.876900
0.674430 69.858700
0.674937 16.252200
0.675443 7.747100
0.675949 19.875300
0.676456 6.897880
0.676962 12.913700
0.677468 8.408220
0.677975 6.831140
0.678481 9.669580
0.678987 18.991600
0.679494 13.618300
0.680000 39.675500
0.680506 25.542600
0.681013 11.083600
0.681519 52.391800
0.682025 13.777100
0.682532 17.819100
0.683038 6.184180
0.683544 8.690870
0.684051 4.309470
0.684557 53.442800
0.685063 46.593400
0.685570 75.240100
0.686076 39.514100
0.686582 73.568300
0.687089 7.942280
0.687595 58.771000
0.688101 6.997280
0.688608 6.438570
0.689114 47.763600
0.689620 43.295100
0.690127 27.373600
0.690633 9.359320
0.691139 26.499900
0.691646 10.141200
0.692152 25.537200
0.692658 9.675720
0.693165 8.726990
0.693671 25.738800
0.694177 4.249260
0.694684 33.591400
0.695190 5.978650
0.695696 42.792400
0.696203 30.247500
0.696709 3.744790
0.697215 4.415740
0.697722 2.000230
0.698228 4.230650
0.698734 15.799900
0.699241 25.132500
0.699747 12.482500
0.700253 28.225700
0.700759 29.919900
0.701266 45.271500
0.701772 7.613280
0.702278 35.740300
0.702785 13.877300
0.703291 14.870600
0.703797 5.950020
0.704304 83.774000
0.704810 13.792100
0.705316 10.124900
0.705823 14.479900
0.706329 45.307700
0.706835 9.739800
0.707342 18.736300
0.707848 42.641900
0.708354 25.224700
0.708861 28.610900
0.709367 28.748200
0.709873 27.973800
0.710380 23.949500
0.710886 10.003600
0.711392 34.289100
0.711899 34.854700
0.712405 51.104900
0.712911 79.807100
0.713418 17.061800
0.713924 21.622800
0.714430 28.661000
0.714937 82.917100
0.715443 42.431800
0.715949 63.975700
0.716456 36.283500
0.716962 15.756900
0.717468 27.378300
0.717975 40.675500
0.718481 58.544400
0.718987 7.004190
0.719494 35.786500
0.720000 24.153100
0.720506 22.265000
0.721013 15.810300
0.721519 7.019630
0.722025 15.302100
0.722532 22.587300
0.723038 9.727580
0.723544 3.832640
0.724051 4.196660
0.724557 26.869700
0.725063 62.146500
0.725570 7.828900
0.726076 29.466600
0.726582 63.104400
0.727089 14.407400
0.727595 9.756530
0.728101 46.222100
0.728608 72.132400
0.729114 19.279200
0.729620 18.627400
0.730127 27.918000
0.730633 41.367300
0.731139 31.319500
0.731646 21.030600
0.732152 10.958200
0.732658 27.957400
0.733165 33.900300
0.733671 5.302400
0.734177 5.609910
0.734684 13.568600
0.735190 7.323240
0.735696 12.593300
0.736203 6.952760
0.736709 19.437000
0.737215 6.817290
0.737722 30.936700
0.738228 5.421760
0.738734 38.718200
0.739241 33.131800
0.739747 37.722600
0.740253 20.628200
0.740759 45.241500
0.741266 10.371800
0.741772 27.907500
0.742278 19.162800
0.742785 72.653000
0.743797 31.998600
0.744304 10.118500
0.744810 31.851900
0.745316 20.924300
0.745823 52.594000
0.746329 31.132900
0.746835 27.903400
0.747342 6.533590
0.747848 7.397050
0.748354 21.281200
0.748861 31.317600
0.749367 4.660670
0.749873 11.446800
0.750380 24.604600
0.750886 10.781300
0.751392 38.116900
0.751899 8.398930
0.752405 46.223800
0.752911 27.113600
0.753418 9.004100
0.753924 8.776500
0.754430 9.288950
0.754937 38.524200
0.755443 15.209200
0.755949 47.350700
0.756456 5.867220
0.756962 12.283800
0.757468 38.834000
0.757975 14.905300
0.758481 45.908800
0.758987 87.212900
0.759494 9.670090
0.760000 27.438100
0.760506 11.450900
0.761013 44.207000
0.761519 4.185050
0.762025 56.618000
0.762532 24.191100
0.763038 25.152900
0.763544 34.096800
0.764051 42.556100
0.764557 22.223500
0.765063 3.940980
0.765570 20.659300
0.766076 50.570200
0.766582 19.890700
0.767089 63.403200
0.767595 9.495380
0.768101 43.505700
0.768608 9.862930
0.769114 65.905200
0.769620 6.133320
0.770127 8.337620
0.770633 9.020810
0.771139 3.989890
0.771646 8.023800
0.772152 20.238300
0.772658 11.077400
0.773165 15.985900
0.773671 22.940900
0.774177 41.994100
0.774684 67.953700
0.775190 30.884400
0.775696 11.256000
0.776203 16.363500
0.776709 26.632300
0.777215 77.725200
0.777722 6.717740
0.778228 56.039400
0.778734 26.850300
0.779241 22.217100
0.779747 21.353500
0.780253 12.721800
0.780759 9.601560
0.781266 20.159700
0.781772 50.748300
0.782278 8.681360
0.782785 15.977900
0.783291 3.247790
0.783797 10.605000
0.784304 17.997600
0.784810 88.496700
0.785316 16.037900
0.785823 19.391300
0.786329 72.299200
0.786835 5.652880
0.787342 18.364700
0.787848 40.674100
0.788354 15.805700
0.788861 17.643300
0.789367 7.804610
0.789873 13.238700
0.790380 15.863500
0.790886 63.108100
0.791392 8.514850
0.791899 43.116000
0.792405 13.084900
0.792911 11.422600
0.793418 5.549750
0.793924 7.546700
0.794430 30.313400
0.794937 11.237200
0.795949 13.785700
0.796456 30.132300
0.796962 32.742100
0.797468 21.067500
0.797975 3.673210
0.798481 3.132810
0.798987 18.126200
0.799494 8.485710
0.800000 21.764300
0.800506 46.013500
0.801013 28.207100
0.801519 55.812500
0.802025 4.836800
0.802532 50.525700
0.803038 18.731300
0.803544 19.083100
0.804051 47.568800
0.804557 10.360200
0.805063 15.193000
0.805570 22.996400
0.806076 15.645100
0.806582 39.127500
0.807089 1.735510
0.807595 44.253300
0.808101 11.450400
0.808608 31.120000
0.809114 2.573600
0.809620 36.755500
0.810127 32.117000
0.810633 51.648500
0.811139 10.759200
0.811646 56.206800
0.812152 23.985900
0.812658 44.585800
0.813165 38.353700
0.813671 68.757900
0.814177 26.209500
0.814684 38.726800
0.815190 25.825500
0.815696 53.130500
0.816203 13.701300
0.816709 28.727500
0.817215 4.563430
0.817722 9.346440
0.818228 36.509500
0.818734 40.120700
0.819241 13.638500
0.819747 59.041600
0.820253 40.051800
0.820759 7.993860
0.821266 15.123300
0.821772 27.830100
0.822278 40.041100
0.822785 2.363510
0.823291 9.091580
0.823797 18.913600
0.824304 84.554500
0.824810 5.361330
0.825316 52.928600
0.825823 24.652200
0.826329 46.006500
0.826835 44.690700
0.827342 22.366100
0.827848 7.460880
0.828354 15.158700
0.828861 8.941810
0.829367 43.424000
0.829873 18.650800
0.830380 21.368100
0.830886 6.502840
0.831392 13.568100
0.831899 13.698900
0.832405 38.249200
0.832911 33.782400
0.833418 31.043500
0.833924 17.312900
0.834430 11.132900
0.834937 19.084900
0.835443 7.272390
0.835949 51.284000
0.836456 76.337500
0.836962 15.593100
0.837468 47.403300
0.837975 40.405000
0.838481 40.290800
0.838987 23.850300
0.839494 8.633830
0.840000 29.134700
0.840506 9.754650
0.841013 6.180480
0.841519 60.194300
0.842025 17.812900
0.842532 18.465900
0.843038 16.467700
0.843544 18.677900
0.844051 53.171900
0.844557 6.643580
0.845063 10.230200
0.845570 1.879610
0.846076 38.042500
0.846582 14.604100
0.847089 20.507200
0.847595 8.182340
0.848101 38.223700
0.848608 50.795900
0.849114 19.249200
0.849620 7.851150
0.850127 18.724100
0.850633 25.396200
0.851139 29.420400
0.851646 11.821100
0.852152 17.594300
0.852658 14.188200
0.853165 9.088220
0.853671 7.131180
0.854177 3.501000
0.854684 23.203300
0.855190 18.954800
0.855696 18.459700
0.856203 72.676300
0.856709 7.670950
0.857215 5.108550
0.857722 7.714150
0.858228 21.655300
0.858734 32.225000
0.859241 3.506470
0.859747 13.839500
0.860253 7.602090
0.860759 9.549850
0.861266 40.922100
0.861772 29.730800
0.862278 40.562400
0.862785 22.119200
0.863291 16.999800
0.863797 29.248000
0.864304 44.478300
0.864810 34.622100
0.865316 5.468910
0.865823 20.029200
0.866329 60.367600
0.866835 12.744200
0.867342 8.807660
0.867848 9.719950
0.868354 12.465400
0.868861 42.037000
0.869367 3.736740
0.869873 51.100600
0.870380 30.428500
0.870886 12.758000
0.871392 4.596140
0.871899 21.086200
0.872405 7.357810
0.872911 6.308160
0.873418 13.250200
0.873924 20.935100
0.874430 10.458300
0.874937 10.308100
0.875443 65.147600
0.875949 43.466500
0.876456 71.528000
0.876962 9.307380
0.877468 59.042700
0.877975 61.170200
0.878481 26.269400
0.878987 6.474140
0.879494 14.757200
0.880000 21.735900
0.880506 9.852020
0.881013 29.976600
0.881519 11.626400
0.882025 26.494400
0.882532 9.453300
0.883038 37.305600
0.883544 17.479800
0.884051 8.582590
0.884557 1.803210
0.885063 30.884500
0.885570 25.808400
0.886076 25.764500
0.886582 23.166300
0.887089 20.197600
0.887595 49.140000
0.888101 27.468300
0.888608 76.691600
0.889114 22.050300
0.889620 11.215900
0.890127 14.170000
0.890633 73.556700
0.891139 18.451200
0.891646 47.088100
0.892152 20.514300
0.892658 13.244800
0.893165 5.258260
0.893671 9.341070
0.894177 11.622500
0.894684 30.093700
0.895190 22.118200
0.895696 8.059690
0.896203 6.249380
0.896709 19.630500
0.897215 23.695400
0.897722 34.531200
0.898228 11.258100
0.898734 19.694200
0.899241 5.155430
0.899747 28.032100
0.900253 45.226500
0.900759 20.100300
0.901266 15.414400
0.901772 30.130900
0.902278 30.320600
0.902785 6.675720
0.903291 69.541700
0.903797 5.013060
0.904304 6.593330
0.904810 8.819340
0.905316 32.849100
0.905823 23.828800
0.906329 57.775900
0.906835 60.021800
0.907342 10.290300
0.907848 12.708000
0.908354 44.257300
0.908861 5.628680
0.909367 72.955400
0.909873 61.904900
0.910380 18.350200
0.910886 23.553100
0.911392 8.407320
0.911899 35.965900
0.912405 16.787200
0.912911 36.048900
0.913418 14.729200
0.913924 24.675900
0.914430 46.366400
0.914937 85.449900
0.915443 9.127710
0.915949 23.564300
0.916456 14.653400
0.916962 8.194820
0.917468 22.784400
0.917975 3.939590
0.918481 39.202200
0.918987 10.094800
0.919494 2.617790
0.920000 40.533100
0.920506 42.707000
0.921013 3.989820
0.921519 58.163500
0.922025 45.337100
0.922532 59.376700
0.923038 31.153500
0.923544 10.963900
0.924051 8.891700
0.924557 18.803900
0.925063 8.079060
0.925570 8.493900
0.926076 5.633290
0.926582 7.940610
0.927089 32.697700
0.927595 12.804000
0.928101 12.974100
0.928608 43.182700
0.929114 25.947000
0.929620 6.916290
0.930127 9.124710
0.930633 76.051700
0.931139 11.604000
0.931646 25.344300
0.932152 22.947800
0.932658 31.496000
0.933165 19.229200
0.933671 3.073670
0.934177 7.381340
0.934684 13.611400
0.935190 83.367800
0.935696 53.670200
0.936203 6.676530
0.936709 6.732420
0.937215 5.029290
0.937722 23.390900
0.938228 19.536000
0.938734 37.060900
0.939241 8.070870
0.939747 21.849000
0.940253 8.794720
0.940759 5.577580
0.941266 17.122400
0.941772 4.033890
0.942278 21.759000
0.942785 26.454000
0.943291 19.299200
0.943797 90.875900
0.944304 57.057100
0.944810 6.731130
0.945316 25.560400
0.945823 1.768790
0.946329 77.117800
0.946835 25.885800
0.947342 7.503080
0.947848 31.891100
0.948354 16.884100
0.948861 61.913200
0.949367 52.300500
0.949873 14.747700
0.950380 84.068600
0.950886 63.380300
0.951392 25.369900
0.951899 43.553200
0.952405 54.036000
0.952911 23.612100
0.953418 6.577740
0.953924 29.719800
0.954430 15.951000
0.954937 15.614000
0.955443 38.063400
0.955949 37.712400
0.956456 22.313800
0.956962 13.406300
0.957468 43.813900
0.957975 29.877100
0.958481 31.347100
0.958987 13.831300
0.959494 36.412400
0.960000 16.254900
0.960506 22.248900
0.961013 11.166900
0.961519 10.089800
0.962025 36.843900
0.962532 29.137700
0.963038 23.315500
0.963544 50.825900
0.964051 16.995200
0.964557 23.978400
0.965063 12.111400
0.965570 45.641700
0.966076 16.469900
0.966582 4.574830
0.967089 5.262170
0.967595 21.170000
0.968101 24.811700
0.968608 26.483000
0.969114 30.272600
0.969620 16.106600
0.970127 4.658200
0.970633 46.684600
0.971139 33.416900
0.971646 28.248300
0.972152 16.618800
0.972658 63.870300
0.973165 23.222500
0.973671 69.270700
0.974177 24.559200
0.974684 5.335710
0.975190 6.705960
0.975696 30.197200
0.976203 85.472900
0.976709 10.473300
0.977215 11.566000
0.977722 7.118650
0.978228 20.659500
0.978734 36.334800
0.979241 21.054400
0.979747 9.638530
0.980253 16.456700
0.980759 43.340500
0.981266 24.898200
0.981772 35.085400
0.982278 4.986640
0.982785 50.334700
0.983291 5.186700
0.983797 15.952700
0.984304 5.146970
0.984810 18.748700
0.985316 11.094400
0.985823 27.835500
0.986329 17.085700
0.986835 45.137100
0.987342 12.436500
0.987848 67.770200
0.988354 41.061500
0.988861 3.591280
0.989367 2.254160
0.989873 0.992973
0.990380 31.757800
0.990886 41.675500
0.991392 27.638700
0.991899 1.720630
0.992405 15.092100
0.992911 8.052090
0.993418 9.897230
0.993924 13.425600
0.994430 35.073700
0.994937 25.065600
0.995443 12.279700
0.995949 11.877300
0.996456 8.082980
0.996962 9.360360
0.997468 6.881470
0.997975 30.792200
0.998481 33.883500
0.998987 17.566000
0.999494 55.114100
1.000000 9.770900
