0.000365 45.105700
0.000731 16.693000
0.001096 19.498400
0.001462 58.426800
0.001827 5.827960
0.002193 25.896600
0.002558 56.206100
0.002924 67.197500
0.003289 17.230800
0.003655 28.731800
0.004020 25.288600
0.004386 34.542800
0.004751 48.885800
0.005117 57.579100
0.025219 8.389800
0.025585 3.172750
0.025950 15.651400
0.026316 24.679800
0.026681 54.050600
0.027047 20.742200
0.027412 9.795910
0.027778 4.185460
0.028143 5.071560
0.028509 18.048700
0.034357 58.116000
0.034722 20.419900
0.035088 9.535090
0.035453 67.712100
0.035819 7.077010
0.036184 8.310800
0.036550 51.358200
0.036915 20.090400
0.037281 7.572790
0.037646 62.638200
0.038012 17.194200
0.038377 21.712100
0.038743 17.749500
0.039108 9.160060
0.039474 59.147400
0.039839 79.704800
0.040205 46.776100
0.040570 6.604810
0.040936 14.821500
0.041301 81.664400
0.041667 6.866660
0.042032 33.561900
0.042398 27.036500
0.042763 12.611900
0.043129 60.455200
0.055921 9.691900
0.056287 6.078910
0.056652 49.438800
0.057018 46.949200
0.057383 18.765000
0.057749 51.951600
0.058114 12.156100
0.058480 29.087100
0.058845 6.786420
0.059211 71.010100
0.059576 8.780330
0.059942 24.174600
0.060307 9.628530
0.060673 6.484640
0.061038 7.487740
0.061404 8.329060
0.061769 60.302100
0.062135 6.350140
0.062500 6.574380
0.062865 17.939500
0.063231 39.934200
0.063596 24.666500
0.063962 46.396700
0.064327 45.709600
0.064693 22.866900
0.065058 11.628400
0.065424 5.198500
0.065789 57.025100
0.066155 34.061200
0.066520 9.145510
0.066886 60.191300
0.067251 22.823500
0.067617 20.045200
0.067982 5.337500
0.068348 36.418500
0.068713 19.608200
0.069079 9.099950
0.069444 5.763380
0.069810 10.459700
0.070175 9.182100
0.070541 13.070500
0.070906 4.305510
0.071272 75.562900
0.071637 34.321400
0.072003 28.643900
0.072368 6.849910
0.072734 9.902330
0.073099 6.888850
0.073465 18.177300
0.073830 17.722400
0.074196 18.458700
0.074561 32.943300
0.074927 28.560200
0.075292 19.217100
0.075658 29.748100
0.076023 34.426200
0.076389 5.741630
0.076754 11.354400
0.077120 25.422000
0.077485 25.641900
0.077851 17.096300
0.078216 40.360500
0.078582 37.321600
0.078947 15.818900
0.079313 9.342780
0.079678 49.980500
0.080044 30.751700
0.080409 21.470100
0.080775 65.885100
0.081140 11.893000
0.081506 4.310230
0.081871 38.327200
0.082237 29.887100
0.082602 14.363600
0.082968 6.060760
0.083333 7.867550
0.083699 4.728920
0.084064 5.755010
0.084430 16.165100
0.084795 62.371300
0.085161 37.833700
0.085526 27.084000
0.085892 8.088560
0.086257 81.834400
0.086623 5.136750
0.086988 20.921500
0.087354 32.789700
0.087719 9.710760
0.088085 12.427000
0.088450 11.345100
0.088816 13.775300
0.089181 10.352800
0.089547 27.657800
0.089912 56.132100
0.090278 34.959800
0.090643 72.930800
0.091009 20.287300
0.091374 35.644300
0.091740 27.257900
0.092105 17.398500
0.092471 33.483600
0.092836 11.334400
0.093202 23.428000
0.093567 6.731490
0.093933 22.650900
0.094298 9.017040
0.094664 16.167900
0.095029 8.978650
0.095395 3.434670
0.095760 14.643200
0.096126 68.714400
0.096491 49.776400
0.096857 15.301700
0.097222 27.509000
0.097588 9.177800
0.097953 4.556790
0.098319 14.706800
0.098684 28.646500
0.099050 4.533830
0.099415 78.182200
0.099781 25.355500
0.100146 21.673300
0.100512 49.085800
0.100877 24.674600
0.101243 45.833700
0.101608 50.105000
0.101974 27.991600
0.102339 62.541800
0.102705 73.418800
0.103070 24.935800
0.103436 32.531800
0.103801 30.407400
0.104167 35.415400
0.104532 8.073400
0.104898 6.963030
0.105263 47.542400
0.105629 14.269800
0.105994 25.769900
0.106360 7.601120
0.106725 22.355100
0.107091 32.815000
0.107456 2.646910
0.107822 31.590500
0.108187 10.263100
0.108553 26.350200
0.108918 17.954300
0.109284 56.947300
0.109649 23.658400
0.110015 22.404200
0.110380 10.558600
0.110746 35.901600
0.111111 7.916830
0.111477 8.910280
0.111842 11.897700
0.112208 20.899100
0.112573 11.223600
0.112939 78.975100
0.113304 48.021700
0.113670 3.671820
0.114035 72.710100
0.114401 23.711200
0.114766 65.948700
0.115132 73.936800
0.115497 7.351500
0.115863 8.318440
0.116228 39.430700
0.116594 6.766690
0.116959 66.088500
0.117325 36.082200
0.117690 10.409300
0.118056 19.692400
0.118421 7.865240
0.118787 51.014900
0.119152 36.052400
0.126462 59.483000
0.126827 41.127500
0.127193 17.366700
0.127558 44.272900
0.127924 14.252600
0.128289 17.554100
0.128655 15.645800
0.129020 73.744800
0.129386 24.636600
0.129751 38.933800
0.130117 56.878400
0.130482 70.627000
0.130848 59.639600
0.131213 44.865600
0.131579 9.914720
0.131944 29.270400
0.132310 14.522000
0.132675 11.797400
0.133041 12.825100
0.133406 19.915100
0.133772 8.323900
0.134137 8.649660
0.134503 9.350730
0.134868 81.154500
0.135234 34.304400
0.135599 29.518100
0.135965 72.248500
0.136330 27.257100
0.136696 52.826900
0.137061 37.635200
0.137427 84.348700
0.137792 24.290000
0.138158 62.989200
0.138523 18.006100
0.138889 20.605200
0.139254 15.661400
0.139620 43.376700
0.139985 24.640900
0.140351 38.456300
0.140716 54.831600
0.141082 27.160600
0.141447 42.076300
0.141813 26.447500
0.142178 18.593100
0.142544 10.188600
0.142909 11.220100
0.143275 10.488300
0.143640 4.686470
0.144006 20.680900
0.144371 10.096400
0.144737 83.561000
0.145102 37.056400
0.146564 9.805800
0.146930 21.970200
0.147295 49.715400
0.147661 40.831600
0.148026 22.904800
0.148392 56.757900
0.148757 80.377500
0.149123 33.111800
0.149488 17.250300
0.149854 3.252360
0.150219 4.501220
0.150585 13.846700
0.150950 38.667100
0.151316 41.608400
0.151681 7.481200
0.152047 7.057600
0.152412 12.922600
0.152778 11.821500
0.153143 42.211600
0.153509 31.995700
0.153874 8.255510
0.154240 11.093900
0.154605 62.885100
0.154971 8.501410
0.155336 35.040200
0.155702 34.657300
0.156067 53.507700
0.156433 2.539410
0.156798 7.648360
0.157164 33.398000
0.157529 4.569570
0.157895 7.593240
0.158260 8.275930
0.158626 5.952260
0.158991 8.351540
0.159357 8.534160
0.159722 19.689600
0.160088 13.093800
0.160453 25.204300
0.160819 26.600800
0.161184 38.729200
0.161550 8.017890
0.161915 5.147270
0.162281 4.418080
0.162646 9.582570
0.163012 16.580600
0.163377 28.517600
0.163743 9.593760
0.164108 9.643920
0.164474 23.374100
0.164839 24.999100
0.165205 28.458900
0.165570 14.275700
0.165936 9.491330
0.166301 29.166600
0.166667 18.852700
0.167032 79.843000
0.167398 40.696500
0.167763 32.006700
0.168129 22.194100
0.168494 38.921300
0.168860 19.263300
0.169225 2.978550
0.169591 34.306600
0.169956 25.366200
0.170322 32.096700
0.170687 25.988700
0.171053 3.129140
0.171418 25.237500
0.171784 42.475500
0.172149 91.624800
0.172515 78.321400
0.172880 9.992740
0.173246 14.416200
0.173611 19.976800
0.173977 76.844700
0.174342 19.642500
0.174708 58.446300
0.175073 8.666770
0.175439 51.694500
0.175804 1.750590
0.176170 18.310200
0.176535 19.762200
0.176901 45.178500
0.177266 3.801260
0.177632 27.780300
0.177997 5.852230
0.178363 26.927400
0.178728 49.220300
0.179094 60.595400
0.179459 9.968940
0.179825 23.183400
0.180190 5.363640
0.180556 9.673110
0.180921 36.711800
0.181287 9.762940
0.181652 13.492500
0.182018 41.303900
0.182383 7.756520
0.182749 27.120200
0.183114 47.714700
0.183480 69.529000
0.183845 61.841500
0.184211 24.067800
0.184576 47.646900
0.184942 40.351500
0.185307 6.599290
0.185673 21.972000
0.186038 18.108400
0.186404 31.132500
0.186769 8.873380
0.187135 19.055000
0.187500 9.904340
0.187865 78.893000
0.188231 19.161500
0.188596 17.347300
0.188962 24.524000
0.189327 41.506300
0.189693 2.023860
0.190058 17.324200
0.190424 19.146700
0.190789 21.440000
0.191155 44.858700
0.191520 33.854500
0.191886 6.680040
0.192251 30.445000
0.192617 46.040400
0.192982 52.271400
0.193348 16.771200
0.193713 24.324700
0.194079 23.614400
0.194444 4.931550
0.194810 29.718500
0.195175 68.973200
0.195541 48.542300
0.195906 22.053000
0.196272 20.774200
0.196637 35.694600
0.197003 24.717500
0.197368 27.579300
0.198465 9.945950
0.198830 73.732700
0.199196 8.193990
0.199561 31.259200
0.199927 6.191950
0.200292 30.757100
0.200658 5.553260
0.201023 5.049150
0.201389 6.011970
0.201754 1.809780
0.202120 28.589100
0.202485 37.326700
0.202851 32.893800
0.203216 32.072800
0.203582 16.948300
0.203947 42.478800
0.204313 11.857500
0.204678 8.367700
0.205044 31.625900
0.205409 37.121000
0.205775 14.610200
0.206140 35.779400
0.206506 30.536100
0.206871 39.169200
0.207237 32.343600
0.207602 7.126120
0.207968 9.039620
0.208333 3.291620
0.208699 38.716000
0.209064 8.790420
0.209430 53.221100
0.209795 30.665000
0.210161 7.023230
0.210526 6.819520
0.210892 44.018300
0.211257 4.399220
0.211623 84.837800
0.211988 26.672200
0.212354 17.218800
0.212719 50.977600
0.213085 47.320800
0.213450 19.380700
0.213816 65.064000
0.214181 32.117000
0.214547 9.036740
0.214912 34.748900
0.215278 6.157100
0.215643 53.696900
0.216009 32.708200
0.216374 43.222700
0.216740 26.601200
0.217105 39.551800
0.217471 11.803400
0.217836 53.393700
0.218202 35.331500
0.218567 50.094500
0.218933 42.248100
0.219298 7.581210
0.219664 4.833160
0.220029 5.447820
0.220395 9.814930
0.220760 19.775300
0.221126 22.484100
0.221491 27.081500
0.221857 18.265400
0.222222 14.833300
0.222588 5.053990
0.222953 54.389600
0.223319 4.897050
0.223684 40.291900
0.224050 16.544100
0.224415 36.594600
0.224781 37.151900
0.225146 2.300950
0.225512 14.253000
0.225877 14.475500
0.226243 91.181700
0.226608 25.455900
0.226974 15.476500
0.227339 8.562690
0.227705 31.312200
0.228070 37.486700
0.228436 18.061400
0.228801 72.710800
0.229167 3.652040
0.229532 8.298440
0.229898 4.187040
0.230263 9.914440
0.230629 30.788500
0.230994 17.626500
0.231360 23.553900
0.231725 14.082300
0.232091 24.822300
0.232456 41.681500
0.232822 82.024000
0.233187 33.226700
0.233553 17.026900
0.233918 47.692400
0.234284 47.517300
0.234649 9.947300
0.235015 44.004800
0.235380 3.681100
0.235746 41.685700
0.236111 35.263700
0.236477 2.225800
0.236842 27.334800
0.237208 52.039500
0.237573 22.738200
0.237939 6.112120
0.238304 40.832700
0.238670 39.763600
0.239035 69.783900
0.239401 5.834920
0.239766 56.816100
0.240132 36.339100
0.240497 17.989300
0.240863 16.031200
0.241228 59.389700
0.241594 7.409500
0.241959 23.727900
0.242325 17.698200
0.242690 1.040490
0.243056 14.585400
0.243421 27.832400
0.243787 85.550700
0.244152 44.061900
0.244518 51.227800
0.247807 9.958660
0.248173 66.495400
0.248538 5.334300
0.248904 12.029500
0.249269 11.797500
0.249635 18.378900
0.250000 58.057800
0.250365 52.105100
0.250731 32.712300
0.251096 15.670400
0.251462 12.268900
0.251827 39.502000
0.252193 6.414010
0.252558 5.963390
0.252924 57.652200
0.253289 29.855100
0.253655 23.526100
0.254020 23.102300
0.254386 37.705900
0.254751 15.464800
0.255117 94.240500
0.255482 32.950300
0.255848 10.443900
0.256213 29.380900
0.256579 6.549990
0.256944 10.932300
0.257310 16.741300
0.257675 27.847600
0.258041 44.584000
0.258406 8.776500
0.258772 9.329900
0.259137 6.403310
0.259503 1.879860
0.259868 8.361960
0.260234 9.550540
0.262061 11.312900
0.262427 35.667700
0.262792 42.920200
0.263158 23.940400
0.263523 13.744500
0.263889 10.972000
0.264254 33.822500
0.264620 19.376600
0.264985 5.182380
0.265351 63.527000
0.265716 24.290300
0.266082 6.330850
0.266447 29.943700
0.266813 6.472530
0.267178 17.744500
0.267544 26.064200
0.267909 13.247900
0.268275 9.145860
0.268640 28.040100
0.269006 7.183290
0.269371 48.672200
0.269737 29.353600
0.270102 9.072610
0.270468 76.476300
0.270833 7.223710
0.271199 13.165600
0.271564 27.674800
0.271930 19.952700
0.272295 64.841600
0.272661 34.916200
0.273026 21.039100
0.273392 14.095900
0.273757 17.074200
0.274123 6.345500
0.274488 9.600260
0.274854 42.310600
0.275219 11.588400
0.275585 57.924700
0.275950 50.325200
0.276316 3.319350
0.276681 24.285300
0.277047 40.113000
0.277412 18.146900
0.277778 23.648500
0.278143 4.549400
0.278509 15.857100
0.278874 10.672000
0.279240 12.554600
0.279605 40.598900
0.279971 30.477800
0.280336 10.696400
0.280702 18.358900
0.281067 80.504700
0.281433 64.659400
0.281798 18.129800
0.282164 1.687760
0.282529 12.512800
0.282895 17.569500
0.283260 12.094300
0.283626 14.190700
0.283991 40.094500
0.284357 27.541800
0.284722 9.307250
0.285088 69.800400
0.285453 16.546100
0.285819 10.464400
0.286184 11.507600
0.286550 7.899570
0.286915 44.005500
0.287281 50.747200
0.287646 18.121600
0.288012 7.311830
0.288377 12.101000
0.288743 62.298900
0.289108 7.397100
0.289474 56.634400
0.289839 11.349800
0.290205 16.361500
0.290570 7.481590
0.290936 30.967500
0.291301 10.097400
0.291667 7.199210
0.292032 21.094200
0.292398 15.634200
0.292763 3.095220
0.293129 16.586200
0.293494 13.142400
0.293860 15.471500
0.294225 61.654300
0.294591 17.739800
0.294956 16.829800
0.295322 13.448400
0.295687 22.340900
0.296053 5.467800
0.296418 13.399900
0.296784 41.759700
0.297149 29.011900
0.297515 73.847200
0.297880 19.254300
0.298246 6.245180
0.298611 26.970100
0.298977 13.050500
0.299342 8.719820
0.299708 19.046100
0.300073 7.000920
0.300439 54.749300
0.300804 6.134780
0.301170 69.839600
0.301535 56.980200
0.301901 6.359410
0.302266 75.267500
0.302632 14.162400
0.302997 37.822300
0.303363 11.099700
0.303728 51.609200
0.304094 24.225300
0.304459 48.839400
0.304825 9.898950
0.305190 49.976000
0.305556 31.665400
0.305921 6.070110
0.306287 43.190800
0.306652 1.925110
0.307018 30.152600
0.307383 30.045000
0.307749 39.218700
0.308114 15.551600
0.308845 52.830100
0.309211 55.220800
0.309576 9.878230
0.309942 8.788370
0.310307 7.892440
0.310673 24.196900
0.311038 24.901300
0.311404 42.452400
0.311769 44.540600
0.312135 7.998920
0.312500 28.682300
0.312865 14.235800
0.313231 25.208100
0.313596 4.465150
0.313962 24.287700
0.314327 36.926900
0.314693 45.504700
0.315058 20.279300
0.315424 47.702100
0.315789 70.103300
0.316155 13.332200
0.316520 14.509500
0.316886 36.430900
0.317251 21.353000
0.317617 77.476500
0.317982 30.187100
0.318348 9.132600
0.318713 6.491600
0.319079 84.073100
0.319444 31.282900
0.319810 53.799400
0.320175 34.146200
0.320541 10.282900
0.320906 55.485500
0.321272 11.714200
0.321637 38.782100
0.322003 11.116000
0.322368 9.584400
0.322734 19.201600
0.323099 23.505400
0.323465 10.639900
0.323830 6.577150
0.324196 10.547700
0.324561 20.673200
0.324927 37.897900
0.325292 18.972000
0.325658 29.571200
0.326023 17.578000
0.326389 11.222100
0.326754 14.119400
0.327120 17.316700
0.327485 4.947260
0.327851 47.870200
0.328582 30.588200
0.328947 24.766000
0.329313 18.328800
0.329678 45.747200
0.330044 68.039800
0.330409 39.001800
0.330775 18.638800
0.331140 7.998520
0.331506 10.161300
0.331871 35.972900
0.332237 55.646600
0.332602 38.770900
0.332968 37.125000
0.333333 16.479200
0.333699 4.642260
0.334064 32.874500
0.334430 24.471900
0.334795 28.317100
0.335161 17.685000
0.335526 12.490800
0.335892 1.899070
0.336257 7.415620
0.336623 7.359770
0.336988 9.441400
0.337354 10.283400
0.337719 27.650100
0.338085 6.786640
0.338450 5.812850
0.338816 45.228100
0.339181 31.730900
0.339547 8.010090
0.339912 16.164800
0.340278 34.135400
0.340643 88.273000
0.341009 23.855500
0.341374 1.416070
0.341740 25.453800
0.342105 16.030900
0.342471 14.323400
0.342836 5.627850
0.343202 13.454200
0.343567 54.244000
0.343933 49.011700
0.344298 23.683400
0.344664 70.670200
0.345029 9.019490
0.345395 9.143660
0.345760 66.150400
0.346126 2.530790
0.346491 18.610000
0.346857 40.051500
0.347222 7.928410
0.347588 55.344200
0.347953 35.992800
0.348319 4.945260
0.348684 7.719290
0.349050 4.172110
0.349415 31.751000
0.349781 19.585900
0.350146 18.926100
0.350512 19.626200
0.350877 20.571200
0.351243 50.450800
0.351608 62.636900
0.351974 9.531310
0.352339 64.909300
0.352705 80.722000
0.353070 4.906270
0.353436 60.060100
0.353801 19.393700
0.354167 15.480500
0.354532 59.748300
0.354898 67.027200
0.355263 18.289000
0.355629 26.838300
0.355994 68.880900
0.356360 27.309700
0.356725 6.097470
0.357091 18.076500
0.357456 36.110100
0.357822 36.048300
0.358187 21.435500
0.358553 16.458600
0.358918 7.343420
0.359284 14.152000
0.359649 40.610300
0.360015 4.152940
0.360380 12.675800
0.360746 82.904600
0.361111 7.169730
0.361477 17.837800
0.361842 21.567700
0.362208 40.473700
0.362573 34.290100
0.362939 16.109700
0.363304 52.062100
0.363670 27.603800
0.364035 33.101600
0.364401 14.735900
0.364766 23.954700
0.365132 10.974400
0.365497 6.571940
0.365863 11.238000
0.366228 23.101200
0.366594 21.792400
0.366959 9.440150
0.367325 10.436000
0.367690 24.147000
0.368056 22.187200
0.368421 44.125700
0.368787 17.329800
0.369152 4.441070
0.369518 18.719700
0.369883 26.108100
0.370249 2.016730
0.370614 39.098300
0.370980 22.118200
0.371345 21.043200
0.371711 3.579560
0.372076 3.278810
0.372442 13.102400
0.372807 8.994860
0.373173 22.400200
0.373538 11.381600
0.373904 19.759400
0.374269 17.351400
0.374635 9.276300
0.375000 12.446100
0.375365 7.366460
0.375731 16.619400
0.376096 45.278700
0.376462 29.228700
0.376827 6.213250
0.377193 11.326600
0.377558 55.063400
0.377924 84.586500
0.378289 39.442000
0.378655 3.965680
0.379020 5.613070
0.379386 10.011200
0.379751 27.831300
0.380117 22.843000
0.380482 38.724500
0.380848 25.188400
0.381213 12.399600
0.381579 73.826700
0.381944 11.812700
0.382310 33.538900
0.382675 26.287700
0.383041 10.072800
0.383406 6.039710
0.383772 9.799380
0.384137 10.324300
0.384503 5.547700
0.384868 29.963300
0.385234 28.669200
0.385599 26.729900
0.385965 6.275780
0.386330 4.396280
0.386696 2.473500
0.387061 21.416100
0.387427 28.111900
0.387792 9.120670
0.388158 8.254710
0.388523 10.942300
0.388889 30.258200
0.389254 3.436960
0.389620 7.460230
0.389985 14.843700
0.390351 34.838100
0.390716 29.610000
0.391082 23.770400
0.391447 9.649960
0.391813 16.726800
0.392178 24.599500
0.392544 20.481600
0.392909 46.091000
0.393275 24.806200
0.393640 79.462100
0.394006 22.519000
0.394371 6.590300
0.394737 22.717800
0.395102 19.291700
0.395468 8.503170
0.395833 46.324600
0.396199 46.242400
0.396564 4.909470
0.396930 27.535400
0.397295 5.652940
0.397661 7.556520
0.398026 12.935900
0.398392 6.918130
0.398757 12.605000
0.399123 30.108500
0.399488 15.292100
0.399854 28.829800
0.400219 43.860600
0.400585 9.246860
0.400950 18.896400
0.401316 30.571300
0.401681 27.407000
0.402047 6.228370
0.402412 66.671100
0.402778 7.695960
0.403143 9.145730
0.403509 16.048000
0.403874 59.908100
0.404240 3.624370
0.404605 58.576100
0.404971 11.860200
0.405336 6.346280
0.405702 30.024900
0.406067 32.316800
0.406433 34.330100
0.406798 7.361580
0.407164 5.811530
0.407529 23.186500
0.407895 27.209400
0.408260 44.174100
0.408626 30.923300
0.408991 6.798320
0.409357 57.274000
0.409722 18.151000
0.410088 17.834500
0.410453 26.876000
0.410819 4.796250
0.411550 17.427100
0.411915 8.226450
0.412281 9.274410
0.414108 8.324900
0.414474 9.681820
0.414839 5.544990
0.415205 14.661300
0.415570 11.082500
0.415936 7.303980
0.416301 41.608900
0.416667 13.821800
0.417032 31.488100
0.417398 55.828600
0.417763 21.121700
0.418129 5.065940
0.418494 73.500600
0.418860 91.302400
0.419225 15.300100
0.419591 23.863900
0.419956 38.879700
0.420322 14.878400
0.420687 12.593800
0.421053 8.227760
0.421418 52.879200
0.421784 7.099190
0.422149 15.219500
0.422515 6.819280
0.422880 7.759600
0.423246 7.585500
0.423611 25.513800
0.423977 6.793790
0.424342 67.925600
0.424708 47.289000
0.425073 1.917350
0.425439 6.465670
0.425804 15.797700
0.426170 40.215900
0.426535 29.527600
0.426901 67.825200
0.427266 25.743200
0.427632 10.201500
0.427997 34.071800
0.428363 59.287900
0.428728 15.239000
0.429094 3.799460
0.429459 8.045660
0.429825 31.298100
0.430190 12.656100
0.430556 10.414200
0.430921 34.420600
0.431287 28.992300
0.431652 68.967400
0.432018 15.672100
0.432383 88.807800
0.432749 3.754470
0.433114 18.991000
0.433480 9.148990
0.433845 12.678300
0.434211 12.246900
0.434576 16.081700
0.434942 21.800200
0.435307 18.302900
0.435673 13.284700
0.436038 23.669700
0.436404 5.899770
0.436769 56.445500
0.437135 83.410600
0.437500 22.966300
0.437865 36.196600
0.438231 23.837900
0.438596 8.226070
0.438962 5.121650
0.439327 47.487600
0.439693 3.975970
0.440058 6.803540
0.440424 83.807200
0.440789 17.338700
0.441155 8.985990
0.441520 3.502830
0.441886 4.114570
0.442251 62.330800
0.442617 24.811500
0.442982 26.621000
0.443713 19.627700
0.444079 8.295380
0.444444 18.500400
0.444810 9.041600
0.445175 66.200300
0.445541 18.731900
0.445906 65.810100
0.446272 10.442400
0.446637 39.762300
0.447003 46.563400
0.447368 53.384300
0.447734 9.879420
0.448099 3.648250
0.448465 5.168860
0.448830 12.667900
0.449196 34.009700
0.449561 11.333000
0.449927 32.849600
0.450292 7.712120
0.450658 10.455700
0.451023 24.019600
0.451389 17.115800
0.451754 5.953380
0.452120 7.440920
0.452485 19.562000
0.452851 24.495400
0.453216 18.610400
0.453582 90.412300
0.453947 5.532000
0.454313 6.723560
0.454678 7.624280
0.455044 11.463800
0.455409 68.822700
0.455775 12.806600
0.456140 22.584700
0.456506 15.334000
0.456871 40.231600
0.457237 25.438800
0.457602 20.199300
0.457968 8.285010
0.458333 67.295500
0.458699 5.601850
0.459064 25.566100
0.459430 8.702300
0.459795 6.563970
0.460161 78.953800
0.460526 13.569400
0.460892 5.241690
0.461257 8.715840
0.461623 24.393300
0.461988 9.995830
0.462354 20.069700
0.462719 67.182500
0.463085 6.244450
0.463450 8.300280
0.463816 31.021400
0.464181 37.720700
0.464547 87.203100
0.464912 18.180400
0.465278 91.044300
0.465643 32.647300
0.466009 10.258400
0.466374 37.557900
0.466740 38.438600
0.467105 50.723500
0.467471 7.312620
0.467836 2.659520
0.468202 84.965200
0.468567 10.962300
0.468933 30.475600
0.469298 9.510620
0.469664 25.425700
0.470029 14.698800
0.470760 67.121200
0.471126 7.574050
0.471491 10.009100
0.471857 10.414300
0.472222 1.835490
0.472588 42.275100
0.472953 15.528700
0.473319 13.741100
0.473684 54.499300
0.474050 7.233970
0.474415 24.765600
0.474781 61.327100
0.475146 11.388400
0.475512 24.301800
0.475877 7.384480
0.476243 9.536410
0.476608 9.075330
0.476974 7.716030
0.477339 14.612500
0.477705 10.356400
0.478070 36.478600
0.478436 8.961470
0.478801 40.580400
0.479167 51.747600
0.479532 1.805730
0.479898 34.232200
0.480263 16.468000
0.480629 48.304400
0.480994 24.742900
0.481360 21.762700
0.481725 42.181700
0.482091 50.939100
0.482456 21.399500
0.482822 14.767100
0.483187 16.672900
0.483553 14.995900
0.483918 1.872220
0.484284 11.426900
0.484649 45.864800
0.485015 31.281700
0.485380 39.402400
0.485746 60.733000
0.486111 6.671050
0.486477 13.942600
0.486842 4.257790
0.487208 25.991400
0.487573 9.249850
0.487939 7.399420
0.488304 4.318750
0.488670 8.899290
0.489035 3.797660
0.489401 9.932460
0.489766 23.480500
0.490132 85.167000
0.490497 27.105400
0.490863 16.632000
0.491228 23.368700
0.491594 23.967800
0.491959 37.015900
0.492325 14.478800
0.492690 16.759200
0.493056 34.136300
0.493421 10.131700
0.493787 27.301900
0.494152 21.468600
0.494518 4.883580
0.494883 31.426100
0.495249 21.621000
0.495614 25.404700
0.495980 14.061300
0.496345 6.149000
0.496711 23.958300
0.497076 20.333000
0.497442 22.639600
0.497807 18.596200
0.498173 46.304100
0.498538 15.644100
0.498904 57.163000
0.499269 7.024680
0.499635 4.162020
0.500000 5.496430
0.500365 11.788200
0.500731 16.835300
0.501096 15.218000
0.501462 20.384700
0.501827 25.580900
0.502193 60.907400
0.502558 1.740460
0.502924 14.727800
0.503289 19.181600
0.503655 30.982200
0.504020 24.211600
0.504386 1.752860
0.504751 39.536900
0.505117 21.571000
0.505482 29.824200
0.505848 21.744700
0.506213 4.204590
0.506579 12.671000
0.506944 9.542510
0.507310 9.035640
0.507675 15.448800
0.508041 53.310500
0.508406 30.692600
0.508772 18.897800
0.509137 30.829100
0.509503 93.167700
0.510234 67.417800
0.510599 14.493600
0.510965 51.170200
0.511330 11.122100
0.511696 8.327920
0.512061 15.855500
0.512427 22.031700
0.512792 10.135600
0.513158 14.802100
0.513523 41.527000
0.513889 29.033200
0.514254 46.725300
0.514620 23.104100
0.514985 17.960400
0.515351 3.817580
0.515716 24.789900
0.516082 14.824900
0.516447 7.248900
0.516813 34.354700
0.517178 49.428600
0.517544 5.069370
0.517909 47.131200
0.518275 13.302700
0.518640 25.648800
0.519006 45.306100
0.519371 33.558200
0.519737 37.768000
0.520102 52.699400
0.520468 4.638050
0.520833 63.644200
0.521199 10.030800
0.521564 21.718600
0.521930 7.940110
0.522295 59.126300
0.522661 9.720890
0.523026 17.027400
0.523392 46.604500
0.523757 18.264700
0.524123 22.769300
0.524488 17.411000
0.524854 3.996020
0.525219 28.197700
0.525585 7.674510
0.525950 23.931200
0.526316 29.928100
0.526681 10.289700
0.527047 15.093900
0.527412 4.031870
0.527778 1.679120
0.528143 25.278100
0.528509 17.431800
0.528874 27.290900
0.529240 11.324500
0.529605 31.301000
0.529971 8.822430
0.530336 35.228500
0.530702 7.462290
0.531067 31.311000
0.531433 64.828800
0.531798 8.759330
0.532164 9.598560
0.532529 22.591700
0.532895 50.680900
0.533260 56.490400
0.533626 23.993800
0.533991 6.127510
0.534357 8.543180
0.534722 69.366800
0.535088 27.286100
0.535453 20.645800
0.535819 61.647200
0.536184 27.625700
0.536550 4.160770
0.536915 53.751300
0.537281 9.322490
0.537646 16.578400
0.538012 7.174200
0.538377 20.272800
0.538743 23.266800
0.539108 10.464600
0.539474 8.151420
0.539839 4.480280
0.540205 31.149700
0.540570 23.551400
0.540936 21.757900
0.541301 27.675000
0.541667 6.210890
0.542032 30.748400
0.542398 53.118000
0.542763 4.833520
0.543129 55.100100
0.543494 15.245200
0.543860 8.755740
0.544225 29.864200
0.544591 36.474500
0.544956 24.488100
0.545322 17.032000
0.545687 8.752900
0.546053 72.093200
0.546418 6.911240
0.546784 12.962700
0.547149 22.170400
0.547515 31.266600
0.547880 22.162900
0.548246 26.435000
0.548611 36.131000
0.548977 14.063400
0.549342 11.322100
0.549708 51.703600
0.550073 65.610600
0.550439 27.705600
0.550804 57.822200
0.551170 7.705140
0.551535 17.865000
0.551901 31.898300
0.552266 18.294600
0.552632 31.452700
0.552997 2.222720
0.553363 9.623980
0.553728 5.776450
0.554094 9.421430
0.554459 9.457050
0.554825 52.669900
0.555190 84.995300
0.555556 7.802970
0.555921 1.024750
0.556287 73.753400
0.556652 69.230600
0.557018 41.318700
0.557383 28.370800
0.557749 18.356000
0.558114 32.779900
0.558480 33.276000
0.558845 13.928200
0.559211 7.945580
0.559576 19.528000
0.559942 44.405200
0.560307 55.848100
0.560673 4.271450
0.561038 42.643500
0.561404 22.546900
0.561769 25.471800
0.562135 34.253300
0.562500 12.949800
0.562865 9.378840
0.563231 18.566200
0.563596 36.840800
0.563962 7.755500
0.564327 38.698200
0.564693 5.959330
0.565058 18.260200
0.565424 17.820000
0.565789 41.525100
0.566155 15.633900
0.566520 3.669170
0.566886 34.698400
0.567251 32.945100
0.567617 9.935620
0.567982 22.780900
0.568348 26.883800
0.568713 39.074400
0.569079 11.462500
0.569444 9.148400
0.569810 48.614400
0.570175 27.429800
0.570541 39.891300
0.570906 53.803800
0.571272 1.638530
0.571637 24.815400
0.572003 18.240500
0.572368 22.339900
0.572734 46.867300
0.573099 5.520150
0.573465 19.336900
0.573830 57.970900
0.574196 25.839000
0.574561 32.952000
0.574927 13.783400
0.575292 84.621100
0.575658 19.481800
0.576023 12.913300
0.576389 46.407900
0.576754 5.120520
0.577120 23.988200
0.577485 6.789930
0.577851 17.617700
0.578216 15.532900
0.578582 41.206200
0.578947 28.209300
0.579313 24.272000
0.579678 13.552200
0.580044 74.563400
0.580409 7.881080
0.580775 21.181600
0.581140 8.759420
0.581506 6.342610
0.581871 4.851350
0.582237 43.261400
0.582602 20.879200
0.582968 40.457000
0.583333 7.912100
0.583699 75.608300
0.584064 12.064400
0.584430 32.508600
0.584795 27.180800
0.585161 30.793000
0.585526 5.966640
0.585892 13.236200
0.586257 6.974470
0.586623 8.567550
0.586988 26.370800
0.587354 6.972740
0.587719 9.431090
0.588085 2.159630
0.588450 38.870100
0.588816 3.650520
0.589181 19.403800
0.589547 7.481480
0.589912 9.758430
0.590278 7.440160
0.590643 17.569100
0.591009 20.982200
0.591374 6.791340
0.591740 36.232000
0.592105 9.218820
0.592471 15.286300
0.592836 16.477300
0.593202 9.549330
0.593567 23.690300
0.593933 13.855700
0.594298 26.662700
0.594664 8.707690
0.595029 10.410400
0.595395 92.954000
0.595760 7.263650
0.596126 31.484400
0.596491 23.145200
0.596857 8.428000
0.597222 40.847700
0.597588 13.526200
0.597953 5.199490
0.598319 13.550000
0.598684 4.476610
0.599050 16.017800
0.599415 63.957900
0.599781 17.656500
0.600146 18.667300
0.600512 20.794400
0.600877 91.633100
0.601243 3.333710
0.601608 6.731190
0.601974 21.934500
0.602339 52.660700
0.602705 8.302510
0.603070 39.944200
0.603436 59.129800
0.603801 56.864700
0.604167 22.103900
0.604532 69.269400
0.604898 6.295230
0.605263 8.728450
0.605629 12.355300
0.605994 5.202300
0.606360 16.348700
0.606725 4.747690
0.607091 37.975900
0.607456 15.099900
0.607822 55.872100
0.608187 25.371500
0.608553 3.556190
0.608918 27.684200
0.609284 26.334600
0.609649 20.661900
0.610015 14.908500
0.610380 10.283300
0.610746 17.133400
0.611111 53.717600
0.611477 8.753830
0.611842 32.925800
0.612208 42.921400
0.612573 1.431570
0.612939 59.015800
0.613304 48.397400
0.613670 20.568300
0.614035 7.071930
0.614401 11.378600
0.614766 25.905100
0.615132 17.233000
0.615497 82.181000
0.615863 20.460600
0.616228 14.399400
0.616594 41.201000
0.616959 7.497890
0.617325 23.425500
0.617690 5.552530
0.618056 28.313800
0.618421 6.417810
0.618787 37.396500
0.619152 51.099200
0.619518 1.842270
0.619883 29.878900
0.620249 32.889000
0.620614 37.564700
0.620980 9.299730
0.621345 19.983500
0.621711 39.467900
0.622076 43.605900
0.622442 32.305300
0.622807 7.950740
0.623173 23.159000
0.623538 46.109000
0.623904 12.477000
0.624269 12.385900
0.624635 28.832600
0.625000 17.343800
0.625365 12.446700
0.625731 20.030400
0.626096 4.718050
0.626462 5.685800
0.626827 35.813100
0.627193 46.912800
0.627558 60.605700
0.627924 9.568300
0.628289 39.725000
0.628655 3.569260
0.629020 15.355700
0.629386 25.394400
0.629751 14.516300
0.630117 64.747000
0.630482 32.686600
0.630848 57.859000
0.631213 9.122230
0.631579 77.245300
0.631944 26.304300
0.632310 66.020600
0.632675 57.306500
0.633041 9.795740
0.633406 3.963070
0.633772 37.940900
0.634137 14.866600
0.634503 5.600580
0.634868 24.081500
0.635234 22.851600
0.635599 37.121900
0.635965 8.774970
0.636330 31.601300
0.636696 28.258300
0.637061 41.451200
0.637427 14.525800
0.637792 8.890410
0.638158 45.218800
0.638523 11.011900
0.638889 11.289700
0.639254 34.256800
0.639620 4.192480
0.639985 4.541300
0.640351 24.196800
0.640716 49.443200
0.641082 44.589200
0.641447 6.380800
0.641813 2.934880
0.642178 17.245300
0.642544 15.018000
0.642909 55.652100
0.643275 9.818390
0.643640 25.898700
0.644006 17.980900
0.644371 21.413600
0.644737 14.788500
0.645102 7.804670
0.645468 6.732000
0.645833 16.884900
0.646199 43.778200
0.646564 75.939600
0.646930 48.041000
0.647295 8.901770
0.647661 30.816700
0.648026 22.224200
0.648392 53.463300
0.648757 32.505300
0.649123 8.508320
0.649488 44.119600
0.649854 3.945620
0.650219 12.328300
0.650585 4.192200
0.650950 30.697700
0.651316 19.984900
0.651681 28.318800
0.652047 15.470800
0.652412 15.572600
0.652778 23.886500
0.653143 29.123800
0.653509 13.766500
0.653874 6.355130
0.654240 23.843500
0.654605 41.578400
0.654971 3.326460
0.655336 27.497700
0.655702 9.249920
0.656067 7.366610
0.656433 62.758200
0.656798 9.400120
0.657164 7.208900
0.657529 8.730260
0.657895 51.597500
0.658260 10.821700
0.658626 20.079700
0.658991 29.367000
0.659357 16.616400
0.659722 9.402930
0.660088 24.800000
0.660453 10.293100
0.660819 8.655590
0.661184 8.608820
0.661550 9.555690
0.661915 35.250800
0.662281 22.620400
0.662646 10.110900
0.663012 55.402400
0.663377 84.810100
0.663743 10.108600
0.664108 36.791800
0.664474 39.801000
0.664839 76.454700
0.665205 5.531540
0.665570 5.580850
0.665936 8.209440
0.666301 59.875200
0.666667 10.156000
0.667032 19.625900
0.667398 31.012400
0.667763 29.009700
0.668129 35.892800
0.668494 73.913300
0.668860 28.915200
0.669225 39.022800
0.669591 41.507600
0.669956 51.368700
0.670322 16.400000
0.670687 21.397900
0.671053 7.777990
0.671418 8.535890
0.671784 15.083100
0.672149 20.179700
0.672515 10.734800
0.672880 66.464000
0.673246 7.842630
0.673611 68.613500
0.673977 7.676550
0.674342 72.423800
0.674708 25.762400
0.675073 10.191500
0.675439 8.291630
0.675804 8.219110
0.676170 2.937920
0.676535 20.263000
0.676901 7.691950
0.677266 11.803700
0.677632 6.296160
0.677997 7.272620
0.678363 12.547700
0.678728 21.711500
0.679094 44.864800
0.679459 1.771420
0.679825 15.851000
0.680190 30.618900
0.680556 8.174970
0.680921 9.888150
0.681287 10.426600
0.681652 32.417600
0.682018 10.757700
0.682383 25.281000
0.682749 16.405300
0.683114 47.546200
0.683480 32.589700
0.683845 24.493300
0.684211 3.702790
0.684576 29.873700
0.684942 9.382060
0.685307 6.474410
0.685673 28.197000
0.686038 26.008200
0.686404 16.221600
0.686769 9.077820
0.687135 19.513200
0.687500 27.434800
0.687865 27.666500
0.688231 17.739600
0.688596 6.239900
0.688962 30.617100
0.689327 5.749630
0.689693 22.824600
0.690058 24.066300
0.690424 16.545400
0.690789 5.178320
0.691155 5.662360
0.691520 11.534900
0.691886 10.852100
0.692251 30.628000
0.692617 41.876600
0.692982 42.855100
0.693348 66.454700
0.693713 23.028900
0.694079 6.374090
0.694444 44.151600
0.694810 14.707900
0.695175 3.217320
0.695541 16.188900
0.695906 79.590900
0.696272 28.572800
0.696637 8.129180
0.697003 9.050460
0.697368 10.021300
0.697734 13.978300
0.698099 30.365400
0.698465 8.442760
0.698830 7.955370
0.699196 7.003060
0.699561 20.965500
0.699927 20.982100
0.700292 39.782700
0.700658 6.860280
0.701023 12.243700
0.701389 4.886390
0.701754 34.145500
0.702120 57.041400
0.702485 15.273200
0.702851 14.866300
0.703216 9.225450
0.703582 16.613300
0.703947 9.339620
0.704313 44.660400
0.704678 42.525100
0.705044 11.788800
0.705409 36.721800
0.705775 17.158500
0.706140 7.418720
0.706506 15.147400
0.706871 27.726600
0.707237 66.573900
0.707602 5.413290
0.707968 41.562400
0.708333 55.939900
0.708699 15.303000
0.709064 50.177300
0.709430 25.448000
0.709795 19.060400
0.710161 17.345300
0.710526 41.503500
0.710892 41.057700
0.711257 20.577400
0.711623 4.378670
0.711988 11.392800
0.712354 9.849100
0.712719 12.684800
0.713085 10.503100
0.713450 15.259300
0.713816 17.996900
0.714181 24.806400
0.714547 11.760200
0.714912 18.530400
0.715278 28.752300
0.715643 6.547680
0.716009 40.743400
0.716374 14.413300
0.716740 18.393800
0.717105 21.116800
0.717471 2.407050
0.717836 46.536900
0.718202 20.025900
0.718567 10.179700
0.718933 49.505200
0.719298 7.782950
0.719664 6.845010
0.720029 39.146500
0.720395 32.323000
0.720760 8.432300
0.721126 17.830300
0.721491 14.402900
0.721857 1.730040
0.722222 12.573700
0.722588 25.929600
0.722953 62.790700
0.723319 37.890800
0.723684 28.450700
0.724050 26.142400
0.724415 5.305100
0.724781 5.436290
0.725146 42.244900
0.725512 11.564900
0.725877 5.724530
0.726243 16.761300
0.726608 9.814350
0.726974 13.092500
0.727339 43.694600
0.727705 18.630600
0.728070 2.150710
0.728436 8.211540
0.728801 7.841390
0.729167 12.107600
0.729532 31.881800
0.729898 8.857800
0.730263 48.974900
0.730629 45.096800
0.730994 16.807600
0.731360 12.901200
0.731725 14.015200
0.732091 51.189400
0.732456 39.261600
0.732822 54.915000
0.733187 26.109300
0.733553 43.080000
0.733918 7.671310
0.734284 7.583660
0.734649 8.682430
0.735015 48.020100
0.735380 17.248000
0.735746 10.017500
0.736111 16.451500
0.736477 10.874700
0.736842 39.814300
0.737208 22.278100
0.737573 7.622750
0.737939 86.352000
0.738304 53.971400
0.738670 9.204150
0.739035 23.112600
0.739401 6.331480
0.739766 9.774180
0.740132 49.839500
0.740497 21.019100
0.740863 9.897220
0.741228 6.695230
0.741594 31.482300
0.741959 32.563500
0.742325 4.930630
0.742690 23.812600
0.743056 9.710680
0.743421 35.817800
0.743787 22.064600
0.744152 7.656170
0.744518 3.323040
0.744883 8.782890
0.745249 7.798850
0.745614 68.935000
0.745980 56.255200
0.746345 69.079500
0.746711 10.388800
0.747076 19.257100
0.747442 5.936540
0.747807 24.858100
0.748173 79.899000
0.748538 50.965000
0.748904 17.405100
0.749269 9.614130
0.749635 4.344400
0.750000 11.789400
0.750365 6.349160
0.750731 32.609200
0.751096 7.760600
0.751462 23.585100
0.751827 29.993400
0.752193 14.307500
0.752558 9.454920
0.752924 27.155400
0.753289 25.707100
0.753655 38.596600
0.754020 11.456600
0.754386 7.300810
0.754751 32.574500
0.755117 9.206120
0.755482 10.163500
0.755848 29.612300
0.756213 9.851240
0.756579 41.742800
0.756944 10.462800
0.757310 8.448400
0.757675 24.799100
0.758041 70.958100
0.758406 30.129600
0.758772 5.915250
0.759137 6.748560
0.759503 28.445400
0.759868 3.335800
0.760234 18.906500
0.760599 85.997300
0.760965 6.861560
0.761330 5.205770
0.761696 7.505700
0.762061 36.846100
0.762427 11.007200
0.762792 12.740900
0.763158 24.640200
0.763523 15.533600
0.763889 17.166800
0.764254 23.113000
0.764620 70.735300
0.764985 13.833100
0.765351 10.265300
0.765716 39.053400
0.766082 49.019300
0.766447 10.933800
0.766813 21.045500
0.767178 9.379030
0.767544 39.145600
0.767909 19.520100
0.768275 23.562600
0.768640 48.792200
0.769006 13.771600
0.769371 12.754000
0.769737 8.356120
0.770102 28.728500
0.770468 34.879100
0.770833 6.703970
0.771199 38.163500
0.771564 5.439940
0.771930 15.987900
0.772295 35.575900
0.772661 8.981790
0.773026 47.045800
0.773392 17.123100
0.773757 33.947400
0.774123 94.234400
0.774488 17.531700
0.774854 52.038300
0.775219 9.451490
0.775585 20.551300
0.775950 27.860800
0.776316 31.175800
0.776681 10.198600
0.777047 19.930100
0.777412 8.423060
0.777778 11.800800
0.778143 2.733720
0.778509 34.471100
0.778874 19.516000
0.779240 6.619370
0.779605 52.676900
0.779971 26.968600
0.780336 14.872000
0.780702 11.528200
0.781067 18.471200
0.781433 22.110700
0.781798 8.007830
0.782164 8.420420
0.782529 19.995100
0.782895 6.940710
0.783260 6.257840
0.783626 22.856600
0.783991 10.093200
0.784357 9.908570
0.784722 50.874300
0.785088 14.672200
0.785453 12.338600
0.785819 39.795000
0.786184 51.171700
0.786550 23.532900
0.786915 19.549300
0.787281 8.225010
0.787646 40.735000
0.788012 31.500900
0.788377 16.498000
0.788743 6.669240
0.789108 26.385700
0.789474 12.698300
0.789839 11.077100
0.790205 29.632400
0.790570 5.280050
0.790936 40.107000
0.791301 45.474200
0.791667 47.447700
0.792032 10.145200
0.792398 26.991800
0.792763 42.239200
0.793129 36.463500
0.793494 33.694300
0.793860 39.402800
0.794225 10.448100
0.794591 10.569400
0.794956 61.011300
0.795322 19.119500
0.795687 73.788700
0.796053 8.189510
0.796418 32.180900
0.796784 58.603900
0.797149 76.410900
0.797515 4.398400
0.797880 10.516700
0.798246 6.905810
0.798611 4.313600
0.798977 34.957600
0.799342 9.738030
0.799708 35.800600
0.800073 35.342500
0.800439 11.469500
0.800804 13.492300
0.801170 5.736830
0.801535 83.938900
0.801901 5.332830
0.802266 12.013700
0.802632 3.977770
0.802997 35.230300
0.803363 29.107600
0.803728 23.943600
0.804094 23.949300
0.804459 39.318800
0.804825 68.497800
0.805190 27.694500
0.805556 14.210200
0.805921 33.771700
0.806287 51.370300
0.806652 20.083600
0.807018 10.109800
0.807383 16.454300
0.807749 21.840900
0.808114 16.213000
0.808480 12.303800
0.808845 14.365500
0.809211 36.070900
0.809576 21.355800
0.809942 7.706630
0.810307 13.812900
0.810673 21.793400
0.811038 28.014000
0.811404 16.952500
0.811769 18.069600
0.812135 19.211700
0.812500 39.196700
0.812865 12.102900
0.813231 11.042700
0.813596 26.771900
0.813962 58.510200
0.814327 6.007020
0.814693 15.324600
0.815058 20.592400
0.815424 53.994800
0.815789 6.876960
0.816155 61.818400
0.816520 64.432300
0.816886 9.155630
0.817251 33.953300
0.817617 24.156500
0.817982 42.076200
0.818348 39.809500
0.818713 21.545500
0.819079 8.625900
0.819444 17.563600
0.819810 70.690900
0.820175 16.427100
0.820541 7.127450
0.820906 47.666700
0.821272 16.297300
0.821637 8.093550
0.822003 39.734000
0.822368 9.671130
0.822734 14.997800
0.823099 23.794400
0.823465 15.154000
0.823830 9.204600
0.824196 34.346000
0.824561 22.984700
0.824927 8.284620
0.825292 18.098400
0.825658 9.454980
0.826023 17.240200
0.826389 8.686060
0.826754 9.141680
0.827120 11.011300
0.827485 82.633200
0.827851 24.933000
0.828216 7.151820
0.828582 66.484600
0.828947 21.088000
0.829313 20.638400
0.829678 67.701100
0.830044 20.485900
0.830409 23.037800
0.830775 10.625200
0.831140 26.091200
0.831506 25.099000
0.831871 47.965200
0.832237 26.453800
0.832602 17.423500
0.832968 10.611400
0.833333 2.784030
0.833699 38.493200
0.834064 3.433980
0.834430 62.493300
0.834795 8.701900
0.835161 34.432500
0.835526 14.464200
0.835892 11.441100
0.836257 15.796200
0.836623 25.201100
0.836988 58.480600
0.837354 10.034700
0.837719 34.820300
0.838085 64.356800
0.838450 17.677200
0.838816 36.052900
0.839181 40.330200
0.839547 26.012200
0.839912 14.718500
0.840278 24.470400
0.840643 44.917700
0.841009 16.295900
0.841374 34.731400
0.841740 36.417700
0.842105 8.783530
0.842471 21.137700
0.842836 38.512600
0.843202 8.737000
0.843567 6.832710
0.843933 12.158400
0.844298 29.820600
0.844664 17.054000
0.845029 6.805340
0.845395 18.798300
0.845760 39.772100
0.846126 37.962000
0.846491 8.927660
0.846857 43.017500
0.847222 64.220600
0.847588 46.982400
0.847953 9.269530
0.848319 14.732000
0.848684 5.361930
0.849050 32.366800
0.849415 19.228900
0.849781 8.259210
0.850146 18.840300
0.850512 33.878600
0.850877 18.967400
0.851243 65.341800
0.851608 34.645600
0.851974 39.057200
0.852339 12.333200
0.852705 16.778300
0.853070 17.471900
0.853436 90.349600
0.853801 20.271400
0.854167 9.336460
0.854532 21.007900
0.854898 10.920600
0.855263 16.463200
0.855629 17.914800
0.855994 30.233200
0.856360 22.869600
0.856725 25.136800
0.857091 21.707200
0.857456 13.165500
0.857822 7.868760
0.858187 49.873000
0.858553 7.588190
0.858918 14.331400
0.859284 6.543570
0.859649 3.526310
0.860015 97.127100
0.860746 9.509200
0.861111 56.429000
0.861477 9.995660
0.861842 37.094200
0.862208 25.488500
0.862573 31.953100
0.862939 8.882510
0.863304 21.858800
0.863670 10.652800
0.864035 19.497100
0.864401 61.270100
0.864766 31.753700
0.865132 4.722580
0.865497 7.105240
0.865863 17.749900
0.866228 20.703500
0.866594 9.024950
0.866959 7.372950
0.867325 45.198400
0.867690 7.125580
0.868056 13.066000
0.868421 19.672600
0.868787 16.616800
0.869152 23.179200
0.869518 13.031500
0.869883 10.126900
0.870249 25.771400
0.870614 35.165000
0.870980 21.404300
0.871345 5.488120
0.871711 6.776540
0.872076 12.143900
0.872442 3.418230
0.872807 10.239100
0.873173 9.317390
0.873538 96.496800
0.873904 9.554860
0.874269 8.158010
0.874635 9.365960
0.875000 28.970700
0.875365 23.674200
0.875731 32.074400
0.876096 7.647180
0.876462 5.726770
0.876827 7.032100
0.877193 19.672700
0.877558 47.442700
0.877924 12.329800
0.878289 14.092800
0.878655 21.283600
0.879020 77.668000
0.879386 1.752020
0.879751 9.379500
0.880117 20.453100
0.880482 24.485400
0.880848 39.781000
0.881213 2.047050
0.881579 64.096300
0.881944 18.457400
0.882310 5.840720
0.882675 5.300920
0.883041 13.686600
0.883406 56.110900
0.883772 13.465900
0.884137 6.945240
0.884503 15.763100
0.884868 6.824600
0.885234 42.772400
0.885599 23.019200
0.885965 9.796860
0.886330 31.869900
0.886696 33.127000
0.887061 22.262000
0.887427 3.170540
0.887792 2.404240
0.888158 70.079300
0.888523 9.665770
0.888889 9.119550
0.889254 25.262800
0.889620 27.525600
0.889985 8.005770
0.890351 42.848900
0.890716 13.648200
0.891082 14.743800
0.891447 28.986600
0.891813 27.770200
0.892178 23.256500
0.892544 15.550000
0.892909 16.850800
0.893275 30.019200
0.893640 70.786800
0.894006 21.854300
0.894371 29.108200
0.894737 5.372790
0.895102 16.026800
0.895468 41.532900
0.895833 61.518400
0.896199 20.524300
0.896564 16.377700
0.896930 9.184310
0.897295 8.532160
0.897661 46.720400
0.898026 7.290460
0.898392 24.471700
0.898757 30.674400
0.899123 27.481100
0.899488 32.431200
0.899854 25.814700
0.900219 6.470310
0.900585 15.621000
0.900950 4.255110
0.901316 9.898230
0.901681 51.505700
0.902047 6.777150
0.902412 23.408700
0.902778 18.208400
0.903143 2.999630
0.903509 32.128100
0.903874 1.004290
0.904240 56.830900
0.904605 93.391900
0.904971 6.621180
0.905336 19.641900
0.905702 8.921400
0.906067 51.409600
0.906433 7.960260
0.906798 9.755200
0.907164 12.232800
0.907529 5.716070
0.907895 75.027500
0.908260 46.331900
0.908626 22.751900
0.908991 50.704700
0.909357 1.741690
0.909722 54.880000
0.910088 18.799900
0.910453 26.235600
0.910819 22.111200
0.911184 45.172100
0.911550 46.347300
0.911915 48.696500
0.912281 5.331370
0.912646 8.371980
0.913012 41.718400
0.913377 9.806340
0.913743 20.830000
0.914108 46.281400
0.914474 11.897800
0.914839 11.237000
0.915205 14.820400
0.915570 11.794900
0.915936 7.178380
0.916301 49.105700
0.916667 41.398300
0.917032 51.477000
0.917398 93.564900
0.917763 10.874800
0.918129 26.398700
0.918494 11.765800
0.918860 35.879400
0.919225 28.224100
0.919591 45.289600
0.919956 43.126700
0.920322 21.550400
0.920687 14.400000
0.921053 34.001200
0.921418 19.811400
0.921784 30.789000
0.922149 38.748700
0.922515 10.579400
0.922880 2.135870
0.923246 21.851200
0.923611 57.081900
0.923977 15.919900
0.924342 18.892500
0.924708 11.466500
0.925073 52.226300
0.925439 39.974500
0.925804 21.016600
0.926170 21.395300
0.926535 10.154200
0.926901 40.420100
0.927266 21.085600
0.927632 39.961300
0.927997 11.038800
0.928363 12.127000
0.928728 2.626040
0.929094 9.258650
0.929459 21.590200
0.929825 54.406100
0.930190 8.301320
0.930556 44.764700
0.930921 5.814650
0.931287 11.140500
0.931652 28.253800
0.932018 40.933800
0.932383 4.881410
0.932749 52.029600
0.933114 23.912600
0.933480 15.564500
0.933845 39.341700
0.934211 5.444980
0.934576 8.399780
0.934942 28.624800
0.935307 52.656200
0.935673 20.615300
0.936038 9.425600
0.936404 30.444200
0.936769 21.234200
0.937135 58.968000
0.937500 1.758340
0.937865 30.454000
0.938231 10.644400
0.938596 6.433260
0.938962 75.239100
0.939327 64.360400
0.939693 30.635900
0.940058 23.479000
0.940424 8.725470
0.940789 35.370600
0.941155 28.957100
0.941520 43.488100
0.941886 26.720700
0.942251 13.789800
0.942617 9.057640
0.942982 26.381600
0.943348 48.356500
0.943713 65.897000
0.944079 38.256400
0.944444 26.664700
0.944810 5.551930
0.945175 59.742200
0.945541 37.017400
0.945906 66.756900
0.946272 3.441720
0.946637 13.553600
0.947003 2.541970
0.947368 4.862840
0.947734 7.000760
0.948099 8.867940
0.948465 27.814400
0.948830 23.642300
0.949196 16.336700
0.949561 6.981540
0.949927 8.656250
0.950292 22.183200
0.950658 47.600200
0.951023 13.975300
0.951389 5.761450
0.951754 12.771700
0.952120 73.135700
0.952485 7.575740
0.952851 50.246400
0.953216 32.115400
0.953582 6.002930
0.953947 4.391350
0.954313 32.133700
0.954678 44.041200
0.955044 32.098100
0.955409 8.199160
0.955775 15.177500
0.956140 31.707800
0.956506 21.513200
0.956871 48.238500
0.957237 4.870080
0.957602 62.560600
0.957968 33.904200
0.958333 17.210800
0.958699 42.993900
0.959064 4.538950
0.959430 20.347700
0.959795 14.198400
0.960161 7.049900
0.960526 27.404000
0.960892 7.502510
0.961257 17.351000
0.961623 40.880000
0.961988 53.260300
0.962354 11.451000
0.962719 10.677900
0.963085 6.514430
0.963450 44.260300
0.963816 8.934890
0.964181 16.735400
0.964547 31.335700
0.964912 9.782630
0.965278 21.495400
0.965643 56.517200
0.966009 9.719820
0.966374 11.771200
0.966740 44.539600
0.967105 18.063400
0.967471 10.181000
0.967836 8.117720
0.968202 6.346700
0.968567 18.411000
0.968933 9.118640
0.969298 18.182800
0.969664 24.768400
0.970029 64.315900
0.970395 13.263900
0.970760 28.597800
0.971126 26.870000
0.971491 59.624200
0.971857 14.529400
0.972222 63.726200
0.972588 48.961100
0.972953 59.214600
0.973319 6.227680
0.973684 41.651800
0.974050 13.608500
0.974415 7.381700
0.974781 3.151190
0.975146 18.861100
0.975512 9.730590
0.975877 52.528900
0.976243 42.168200
0.976608 26.880700
0.976974 8.333840
0.977339 5.606940
0.977705 7.218890
0.978070 84.049000
0.978436 22.256600
0.978801 8.708770
0.979167 58.390800
0.979532 30.125600
0.979898 19.063400
0.980263 22.147700
0.980629 4.553870
0.980994 18.811200
0.981360 76.039400
0.981725 83.295600
0.982091 27.318000
0.982456 10.283100
0.982822 11.694500
0.983187 47.623600
0.983553 5.440840
0.983918 43.004500
0.984284 43.755300
0.984649 23.521000
0.985015 12.444400
0.985380 12.385100
0.985746 22.463100
0.986111 14.955300
0.986477 40.415500
0.986842 33.013700
0.987208 6.431330
0.987573 13.777200
0.987939 25.959300
0.988304 26.089000
0.988670 15.759700
0.989035 27.230900
0.989401 10.523900
0.989766 51.651600
0.990132 95.918200
0.990497 85.566300
0.990863 5.282310
0.991228 19.711100
0.991594 17.070300
0.991959 9.508300
0.992325 8.514130
0.992690 8.142880
0.993056 10.697500
0.993421 18.720200
0.993787 81.878900
0.994152 27.744900
0.994518 7.458310
0.994883 7.393590
0.995249 1.818400
0.995614 15.424900
0.995980 11.215800
0.996345 15.490900
0.996711 16.102500
0.997076 74.145500
0.997442 21.208000
0.997807 15.787300
0.998173 27.303200
0.998538 77.126500
0.998904 24.942400
0.999269 36.677400
0.999635 61.570600
1.000000 12.717500
