0.017901 9.691900
0.018172 11.100300
0.018443 21.022400
0.018714 85.635200
0.018986 38.265700
0.019257 2.623460
0.019528 49.930500
0.019799 14.663800
0.020071 8.870150
0.025766 58.116000
0.026037 2.194090
0.026309 5.587310
0.026580 88.788200
0.026851 28.840600
0.027122 48.928700
0.027394 18.215300
0.027665 30.504400
0.027936 9.904210
0.028207 9.137540
0.028478 34.882100
0.029021 9.945950
0.029292 25.631500
0.029563 4.759110
0.029835 51.626400
0.030106 3.016350
0.030377 39.504600
0.030648 6.390550
0.030919 11.267700
0.031191 29.156800
0.031462 4.907350
0.031733 13.558000
0.032004 13.250700
0.032276 31.330500
0.032547 33.008300
0.032818 4.542030
0.033089 4.189050
0.033360 21.246000
0.033632 40.824400
0.033903 13.672300
0.034174 29.242300
0.034445 57.769400
0.034717 20.919000
0.034988 5.898180
0.035259 17.042400
0.035530 26.781100
0.035801 21.691400
0.036073 4.430480
0.036344 64.069700
0.036615 5.697920
0.036886 13.215100
0.037158 39.549800
0.037429 36.535100
0.037700 3.487200
0.037971 40.036900
0.038242 10.697100
0.038514 11.977100
0.038785 47.828800
0.039056 33.465700
0.044481 9.958660
0.044752 9.625300
0.045023 17.113300
0.045294 10.928000
0.045566 68.009600
0.045837 6.462100
0.046108 28.518100
0.046379 84.242200
0.046650 6.662200
0.048278 8.324900
0.048549 12.938500
0.048820 10.158900
0.049091 54.646200
0.049363 59.335600
0.049634 23.884300
0.049905 89.766800
0.050176 6.157920
0.050448 29.399700
0.050719 19.214700
0.050990 25.862400
0.051261 10.135200
0.051804 13.664200
0.052075 27.429300
0.052346 8.869720
0.052617 17.146800
0.071603 8.389800
0.071874 78.694900
0.072145 22.147800
0.072417 12.722500
0.072688 9.306250
0.072959 22.610200
0.073230 8.325350
0.073501 4.532730
0.073773 46.191000
0.080011 59.483000
0.080282 10.794600
0.080553 77.369000
0.080825 43.270000
0.081096 57.488800
0.081367 9.631890
0.081638 52.799600
0.081909 29.513100
0.082181 22.272900
0.082452 26.964400
0.082723 8.652260
0.082994 16.513900
0.083266 20.704300
0.083537 1.657280
0.083808 10.012100
0.084079 28.587700
0.084350 62.551200
0.084622 40.511500
0.084893 2.442040
0.085164 17.037600
0.085435 35.020000
0.085707 35.030100
0.085978 14.002700
0.086249 8.890640
0.086520 5.778840
0.086791 11.134400
0.087063 24.736800
0.087334 10.105900
0.087876 15.708900
0.088148 1.008450
0.088419 14.979600
0.088690 33.376900
0.088961 10.517700
0.089232 18.244400
0.089504 45.339000
0.089775 8.527350
0.090046 65.641400
0.090317 18.262200
0.090860 20.149300
0.091131 23.613300
0.091402 11.266400
0.091673 37.792300
0.091945 4.919700
0.092216 7.373930
0.092487 6.726380
0.092758 17.766200
0.093030 77.507100
0.093301 1.973300
0.093572 43.290900
0.093843 17.368200
0.094114 6.110850
0.094386 74.447400
0.094657 9.200160
0.094928 51.235900
0.095199 16.635200
0.097098 11.312900
0.097369 11.824300
0.097640 9.078030
0.097912 7.515090
0.098183 6.191700
0.098454 11.252300
0.098725 41.831500
0.099268 18.299100
0.099539 35.253100
0.099810 18.303700
0.100081 6.803460
0.100353 32.004100
0.100624 5.358130
0.100895 5.606610
0.101166 21.353400
0.101437 11.276300
0.101709 35.244300
0.101980 14.742000
0.102251 15.352000
0.102522 29.838900
0.102794 65.945300
0.103065 54.323900
0.103336 23.093100
0.103607 17.572400
0.103878 17.949400
0.104421 27.354800
0.104692 11.682100
0.104963 15.094800
0.105235 15.945700
0.105506 30.770700
0.105777 4.934160
0.106048 12.360300
0.106320 14.859300
0.106591 25.003700
0.106862 13.540300
0.107133 31.962000
0.107404 16.914100
0.107676 50.237600
0.107947 8.057240
0.108218 62.996200
0.108489 82.889300
0.108761 21.452800
0.109032 43.216000
0.109303 19.927900
0.109574 27.436800
0.109845 64.714700
0.110117 74.727200
0.110388 4.480600
0.111473 67.121200
0.111744 10.161500
0.112015 13.367700
0.112286 6.676900
0.112558 18.409200
0.112829 5.913740
0.113100 9.894590
0.113371 40.941900
0.113643 12.779900
0.113914 1.863750
0.114185 7.101430
0.114456 15.613900
0.114727 20.305500
0.114999 7.601840
0.115270 8.264940
0.115541 27.241700
0.115812 23.878100
0.116084 8.735190
0.116355 75.431700
0.116626 8.599990
0.116897 29.697300
0.117168 8.203820
0.117440 48.450100
0.117711 5.108030
0.117982 9.813000
0.118253 6.829790
0.118525 10.733500
0.118796 63.648200
0.119067 31.325400
0.119338 27.669000
0.119609 43.386300
0.119881 8.661100
0.120152 21.464200
0.120423 31.395000
0.120694 19.864500
0.120966 44.287600
0.121237 18.726900
0.121508 13.663900
0.121779 16.219700
0.122050 28.664400
0.122322 6.500350
0.122593 22.695400
0.122864 13.885400
0.123135 8.907520
0.123407 23.098900
0.123678 18.272900
0.123949 58.529500
0.124220 13.936400
0.124491 14.742800
0.124763 37.379200
0.125034 26.357600
0.125305 65.437800
0.125576 11.754900
0.125848 72.533300
0.126119 42.212100
0.126390 48.761600
0.126661 77.069000
0.126932 11.287700
0.127204 43.852300
0.127475 49.774600
0.127746 40.376000
0.128017 33.601800
0.128289 7.407920
0.128560 23.287200
0.128831 5.944810
0.129102 22.399500
0.129373 44.431900
0.129645 13.687700
0.129916 43.819300
0.130187 4.108550
0.130458 10.291700
0.130730 8.652950
0.131001 13.030600
0.131272 6.236160
0.131543 7.447840
0.131814 11.457900
0.132086 18.865100
0.132357 42.058700
0.132628 38.836300
0.132899 31.807900
0.133171 9.498680
0.133442 47.827800
0.133713 6.763150
0.133984 8.627400
0.134255 6.410990
0.134527 70.838100
0.134798 18.859200
0.135069 19.503500
0.135340 10.192800
0.135612 61.122000
0.135883 1.792110
0.136154 8.671370
0.136425 55.678900
0.136697 30.695400
0.136968 10.559300
0.137239 33.153900
0.137510 81.667800
0.137781 23.114700
0.138053 6.764710
0.138324 30.251200
0.138595 12.225900
0.138866 10.627900
0.139138 3.673830
0.139409 20.269700
0.139680 45.934200
0.139951 16.576800
0.140222 6.941500
0.140494 45.742500
0.140765 27.531300
0.141036 8.186980
0.141307 13.556400
0.141579 36.158700
0.141850 38.716600
0.142121 12.026400
0.142392 94.449600
0.142663 5.873680
0.142935 8.617390
0.143206 19.997800
0.143477 9.918080
0.143748 9.386690
0.144020 18.222400
0.144291 9.097980
0.144562 34.392200
0.144833 18.538900
0.145104 14.405800
0.145376 8.260020
0.145647 23.345000
0.145918 10.000100
0.146189 29.914800
0.146732 16.125900
0.147003 15.524000
0.147274 29.125500
0.147545 40.955600
0.147817 18.866000
0.148088 36.217700
0.149173 9.805800
0.149444 5.903640
0.149715 3.756450
0.149986 10.480400
0.150258 50.565800
0.150529 5.355210
0.150800 17.676400
0.151071 27.199600
0.151343 13.406700
0.151614 6.300030
0.151885 2.222090
0.152156 7.068910
0.152427 10.959700
0.152699 82.612700
0.152970 10.367200
0.153241 11.932900
0.153512 20.831700
0.153784 48.232100
0.154055 16.599300
0.154326 41.528400
0.154597 11.367000
0.154868 45.014400
0.155140 32.631000
0.155411 8.746180
0.155682 44.377200
0.155953 8.911720
0.156225 14.175100
0.156496 10.649800
0.156767 8.779140
0.157038 15.049300
0.157309 5.105790
0.157581 12.120500
0.157852 9.942780
0.158123 11.043900
0.158394 33.984600
0.158666 11.949400
0.158937 50.961900
0.159479 19.066100
0.159750 1.405930
0.160022 13.848900
0.160293 52.315200
0.160564 4.770790
0.160835 17.103300
0.161107 15.725400
0.161378 10.185800
0.161649 28.400200
0.161920 9.416670
0.162191 5.519660
0.162463 58.098300
0.162734 24.547800
0.163005 9.049190
0.163276 8.025450
0.163548 9.643810
0.163819 19.071900
0.164090 54.658800
0.164361 51.724600
0.164632 10.016900
0.164904 7.859180
0.165175 9.506440
0.165446 2.180040
0.165717 8.457470
0.165989 8.227260
0.166260 33.661800
0.166531 36.149600
0.166802 27.303100
0.167074 25.885600
0.167345 10.045400
0.167616 31.225200
0.167887 44.279000
0.168158 8.108750
0.168430 36.925200
0.168701 10.493300
0.168972 16.532500
0.169243 27.761500
0.169515 19.900900
0.169786 24.493200
0.170057 7.273890
0.170328 18.838700
0.170599 57.214600
0.170871 51.090100
0.171142 12.613200
0.171413 7.291130
0.171684 54.161800
0.171956 15.993000
0.172227 53.591600
0.172498 8.226170
0.172769 8.214330
0.173040 16.414500
0.173312 29.157600
0.173583 45.678900
0.173854 11.074500
0.174125 14.740800
0.174397 12.143000
0.174668 4.225910
0.174939 17.235200
0.175210 9.719560
0.175481 46.893400
0.175753 30.806300
0.176024 30.288800
0.176295 62.311000
0.176566 16.631300
0.176838 4.179400
0.177380 5.570310
0.177651 44.587800
0.177922 21.463400
0.178194 16.098600
0.178465 4.190840
0.178736 21.461100
0.179007 17.738700
0.179279 32.697400
0.179550 34.475000
0.179821 9.173890
0.180092 9.876170
0.180363 41.966500
0.180635 10.710900
0.180906 21.626800
0.181177 7.379060
0.181448 8.151030
0.181720 41.112800
0.181991 8.650590
0.182262 6.468520
0.182533 8.398730
0.182804 16.196700
0.183076 54.314700
0.183347 5.566190
0.183618 20.813600
0.183889 18.689700
0.184161 11.543900
0.184432 12.104600
0.184703 7.456990
0.184974 3.819830
0.185245 9.045050
0.185517 22.827100
0.185788 10.018000
0.186059 3.923030
0.186330 56.841100
0.186602 14.472200
0.186873 7.558770
0.187144 21.041900
0.187415 21.984600
0.187686 16.728000
0.187958 7.346160
0.188229 18.986500
0.188500 8.279690
0.188771 25.842500
0.189043 18.277100
0.189314 9.470990
0.189585 7.724940
0.189856 11.443400
0.190127 10.757600
0.190399 9.138950
0.190670 7.355530
0.190941 9.365220
0.191212 28.160100
0.191484 6.150760
0.191755 13.244500
0.192026 6.192500
0.192297 10.308600
0.192568 24.615600
0.192840 42.395000
0.193111 15.469700
0.193382 46.631800
0.193653 22.747900
0.193925 10.649400
0.194196 27.137600
0.194467 36.988300
0.194738 9.680710
0.195009 6.571540
0.195281 2.359250
0.195552 24.302100
0.195823 3.756520
0.197722 7.409500
0.197993 66.353800
0.198264 7.439340
0.198535 37.502800
0.198807 14.466800
0.199078 57.797500
0.199349 22.216100
0.199620 34.141500
0.199892 4.423560
0.200163 63.544100
0.200434 13.829100
0.200705 20.547700
0.200976 22.430100
0.201248 10.265400
0.201519 5.866730
0.201790 9.356350
0.202061 3.665620
0.202333 45.629100
0.202604 33.298200
0.202875 21.116400
0.203146 8.738180
0.203417 19.527100
0.203689 1.805650
0.203960 11.467400
0.204231 4.575740
0.204502 37.382800
0.204774 9.172080
0.205045 36.717200
0.205316 40.828500
0.205587 29.600600
0.205858 5.476810
0.206130 21.628300
0.206401 20.124400
0.206672 28.338600
0.206943 10.048400
0.207215 26.864000
0.207486 42.142300
0.207757 16.195200
0.208028 5.190390
0.208299 41.262300
0.208571 62.643300
0.208842 17.772800
0.209113 29.789400
0.209384 10.907600
0.209656 14.056200
0.209927 13.759400
0.210198 69.638500
0.210469 9.581590
0.210740 34.585500
0.211012 10.986700
0.211283 10.267000
0.211554 16.625200
0.211825 61.346400
0.212097 22.422100
0.212368 6.718410
0.212639 9.790550
0.212910 52.249000
0.213181 58.878100
0.213453 35.035500
0.213724 3.804380
0.213995 46.067500
0.214266 43.533200
0.214538 13.825800
0.214809 11.375700
0.215080 12.255500
0.215351 25.504300
0.215622 23.090700
0.215894 45.861000
0.216165 9.930790
0.216436 14.121700
0.216707 4.310680
0.216979 25.425900
0.217250 7.733560
0.217521 18.567900
0.217792 11.405600
0.218063 10.155200
0.218335 57.935300
0.218606 3.622800
0.218877 12.215100
0.219148 31.211900
0.219420 10.392900
0.219691 11.745100
0.219962 49.505400
0.220233 17.080000
0.220504 6.990500
0.220776 47.320100
0.221047 8.179930
0.221318 24.353900
0.221589 24.673100
0.221861 32.820700
0.222132 9.918620
0.222403 11.802000
0.222674 35.420700
0.222945 68.839400
0.223217 15.058400
0.223488 17.316900
0.223759 7.028050
0.224030 9.405790
0.224302 3.525410
0.224573 42.969300
0.224844 30.167100
0.225115 7.069640
0.225386 79.923900
0.225658 2.314120
0.225929 9.122670
0.226200 4.325560
0.226471 19.278800
0.228641 67.417800
0.228912 14.627100
0.229184 5.971790
0.229455 26.033600
0.229726 45.860400
0.229997 24.372500
0.230269 8.258720
0.230540 40.369000
0.230811 75.798500
0.231082 54.344500
0.231353 78.387000
0.231625 5.436000
0.231896 15.062400
0.232167 2.396980
0.232438 22.184300
0.232710 4.857780
0.232981 7.892770
0.233252 39.011000
0.233523 32.131000
0.233794 37.544800
0.234066 13.959700
0.234337 12.903100
0.234608 49.914400
0.234879 24.962600
0.235151 78.568400
0.235422 16.087300
0.235693 6.410890
0.235964 37.969600
0.236235 9.354250
0.236507 10.582200
0.236778 35.289200
0.237049 52.895200
0.237320 16.399300
0.237592 62.847800
0.237863 24.954500
0.238134 11.338700
0.238405 30.270000
0.238676 16.818200
0.238948 11.158300
0.239219 33.820900
0.239490 4.082100
0.239761 23.470600
0.240033 19.904900
0.240304 8.158370
0.240575 19.676900
0.240846 5.102550
0.241117 31.753900
0.241389 28.085500
0.241660 4.819870
0.241931 32.625800
0.242202 57.122700
0.242474 36.697800
0.242745 10.637700
0.243016 8.772940
0.243287 85.265600
0.243558 24.280400
0.243830 14.125200
0.244101 12.634000
0.244372 23.026500
0.244643 18.456900
0.244915 31.949400
0.245186 18.612100
0.245457 69.986400
0.245728 3.374130
0.245999 55.662700
0.246271 59.225600
0.246542 21.865200
0.246813 10.791700
0.247084 30.042400
0.247356 18.340700
0.247627 11.685600
0.247898 32.676300
0.248169 19.710500
0.248440 9.686390
0.248712 19.805100
0.248983 44.648300
0.249254 15.988400
0.249525 58.221500
0.249797 77.080700
0.250068 37.193200
0.250339 12.875100
0.250610 17.980400
0.250881 59.330200
0.251153 19.740200
0.251424 11.217200
0.251695 25.169600
0.251966 79.545300
0.252238 6.158850
0.252509 63.355200
0.252780 19.856900
0.253051 36.268700
0.253322 39.619800
0.253594 11.651800
0.253865 7.574790
0.254136 9.781180
0.254407 20.787600
0.254679 30.281900
0.254950 24.264300
0.255221 9.105480
0.255492 8.735410
0.255763 29.085500
0.256035 15.404400
0.256306 8.511930
0.256577 15.559600
0.256848 30.107800
0.257120 59.359600
0.257391 3.349660
0.257662 8.307310
0.257933 47.443900
0.258205 22.916400
0.258476 49.128600
0.258747 54.014300
0.259018 27.395600
0.259289 32.717300
0.259561 8.126290
0.259832 10.501700
0.260103 7.158620
0.260374 56.515100
0.260646 17.789800
0.260917 7.707060
0.261188 10.449900
0.261459 20.485300
0.261730 14.077500
0.262002 48.620300
0.262273 25.942500
0.262544 26.777500
0.262815 69.291900
0.263087 20.779600
0.263358 24.047400
0.263629 6.529800
0.263900 81.752500
0.264171 10.842300
0.264443 20.282500
0.264714 17.856700
0.264985 68.784400
0.265256 37.325500
0.265528 29.167400
0.265799 48.401300
0.266070 5.122550
0.266341 23.377100
0.266612 10.091700
0.266884 74.627800
0.267155 15.001000
0.267426 4.400070
0.267697 32.892500
0.267969 15.829200
0.268240 10.389200
0.268511 67.215000
0.268782 12.769100
0.269053 7.385130
0.269325 4.413900
0.269596 28.928500
0.269867 9.337960
0.270138 35.775100
0.270410 31.780200
0.270681 55.062800
0.270952 12.178600
0.271223 5.896720
0.271494 15.095400
0.271766 10.047900
0.272037 59.088500
0.272308 6.955030
0.272579 26.301800
0.272851 5.690750
0.273122 7.627870
0.273393 56.485000
0.273664 2.277610
0.273935 40.124100
0.274207 29.842400
0.274478 31.639400
0.274749 17.453900
0.275020 3.281530
0.275292 39.589600
0.275563 11.378000
0.275834 31.400900
0.276105 14.138000
0.276376 36.173000
0.276648 17.851000
0.276919 27.687100
0.277190 72.367200
0.277461 6.422930
0.277733 9.725320
0.278004 20.863100
0.278275 38.232000
0.278546 15.130000
0.278817 22.489800
0.279089 6.200500
0.279360 71.509400
0.279631 9.749700
0.279902 65.882600
0.280174 19.106000
0.280445 35.142400
0.280716 31.840700
0.280987 26.062000
0.281258 32.042100
0.281530 62.800300
0.281801 2.910320
0.282072 17.481600
0.282343 11.635900
0.282615 10.120900
0.282886 15.487300
0.283157 1.693050
0.283428 22.295600
0.283699 23.100500
0.283971 16.974300
0.284242 9.991200
0.284513 11.107800
0.284784 10.618700
0.285056 6.932410
0.285327 25.542900
0.285598 11.342600
0.285869 20.213700
0.286140 32.370500
0.286412 30.643300
0.286683 54.590900
0.286954 15.923300
0.287225 33.697100
0.287497 26.138600
0.287768 46.265000
0.288039 24.371600
0.288310 2.868130
0.288582 10.008200
0.288853 29.538600
0.289124 7.721190
0.289395 18.734900
0.289666 43.602000
0.289938 51.234400
0.290209 28.003100
0.290480 35.292500
0.290751 2.057120
0.291023 6.560300
0.291294 38.728800
0.291565 8.161800
0.291836 52.032200
0.292107 15.204400
0.292379 40.411800
0.292650 6.299010
0.292921 33.151800
0.293192 27.462600
0.293464 20.047900
0.293735 8.255630
0.294006 32.265000
0.294277 3.800680
0.294548 38.154700
0.294820 5.483030
0.295091 5.053890
0.295362 14.366800
0.295633 10.703700
0.295905 9.675880
0.296176 15.247100
0.296447 22.637900
0.296718 87.709100
0.296989 8.064680
0.297261 6.525430
0.297532 26.277000
0.297803 78.557800
0.298074 9.806450
0.298346 30.374700
0.298617 8.754490
0.298888 8.950520
0.299159 13.708700
0.299430 73.050700
0.299702 9.020950
0.299973 29.816500
0.300244 11.162700
0.300515 45.932700
0.300787 13.419800
0.301058 13.148900
0.301329 63.365500
0.301600 12.772200
0.301871 22.293800
0.302143 18.977800
0.302414 13.755900
0.302685 14.195900
0.302956 17.603500
0.303228 8.674690
0.303499 6.916860
0.303770 10.715000
0.304041 80.918000
0.304312 23.167100
0.304584 21.333300
0.304855 6.523900
0.305126 14.676000
0.305397 14.668100
0.305669 6.922390
0.305940 22.305500
0.306211 17.951700
0.306482 14.324900
0.306753 4.923250
0.307025 6.172920
0.307296 14.812000
0.307567 52.709800
0.307838 12.407100
0.308110 44.444700
0.308381 44.957400
0.308652 72.808800
0.308923 14.432400
0.309194 27.677500
0.309466 25.176300
0.309737 4.291840
0.310008 42.148800
0.310279 33.883700
0.310551 22.370000
0.310822 20.986900
0.311093 10.236300
0.311364 54.971600
0.311635 11.195800
0.311907 16.699500
0.312178 25.736900
0.312449 21.671000
0.312720 38.568500
0.312992 25.331100
0.313263 15.504800
0.313534 10.284700
0.313805 18.872400
0.314076 61.966700
0.314348 3.725530
0.314619 42.930200
0.314890 2.952440
0.315161 5.659480
0.315433 6.264860
0.315975 5.440800
0.316246 33.031700
0.316517 62.393800
0.316789 15.550300
0.317060 28.902000
0.317331 5.899580
0.317602 22.031500
0.317874 6.156750
0.318145 20.125900
0.318416 5.482470
0.318687 18.791900
0.318959 5.768660
0.319230 38.655900
0.319501 48.530300
0.319772 6.643540
0.320043 66.401000
0.320315 17.984700
0.320586 8.453790
0.320857 60.406500
0.321128 27.862800
0.321400 12.161600
0.321671 16.646300
0.321942 8.017820
0.322213 5.304480
0.322484 49.976200
0.322756 30.984800
0.323027 8.007140
0.323298 70.188700
0.323569 6.228530
0.323841 64.775700
0.324112 18.788800
0.324383 16.897300
0.324654 11.165200
0.324925 51.308100
0.325197 58.318200
0.325468 6.429250
0.325739 38.260600
0.326010 17.012900
0.326282 69.789100
0.326553 2.689350
0.326824 4.552380
0.327095 6.890880
0.327366 7.416480
0.327638 5.110410
0.327909 24.319800
0.328180 8.173600
0.328451 5.074240
0.328723 20.125800
0.328994 16.091900
0.329265 9.123480
0.329536 30.765300
0.329807 23.036300
0.330079 17.771500
0.330350 31.918400
0.330621 35.114000
0.330892 45.242100
0.331164 15.386300
0.331435 4.462580
0.331706 26.460300
0.331977 17.629700
0.332248 14.468500
0.332520 43.663000
0.332791 3.969680
0.333062 25.339700
0.333333 31.230200
0.333605 14.216100
0.333876 8.122590
0.334147 54.675900
0.334418 10.339500
0.334689 15.369200
0.334961 27.820800
0.335232 36.444400
0.335503 5.769960
0.335774 4.778560
0.336046 76.262900
0.336317 9.139220
0.336588 38.835900
0.336859 7.825170
0.337130 14.258000
0.337402 26.773800
0.337673 97.471700
0.337944 61.410600
0.338215 10.744700
0.338487 64.410900
0.338758 26.352800
0.339029 7.288510
0.339300 50.000500
0.339571 67.773800
0.339843 40.320800
0.340114 7.220330
0.340385 7.453360
0.340656 41.030500
0.340928 6.472470
0.341199 20.323400
0.341470 7.641610
0.341741 10.059400
0.342012 36.429200
0.342284 76.092100
0.342555 52.202500
0.342826 8.529170
0.343097 53.844500
0.343369 9.056730
0.343640 22.463500
0.343911 12.894300
0.344182 6.176430
0.344453 9.061550
0.344725 29.888700
0.344996 14.020400
0.345267 77.419100
0.345538 65.541300
0.345810 9.105650
0.346081 51.552800
0.346352 53.495000
0.346623 37.892800
0.346894 12.081300
0.347166 24.916200
0.347437 37.790500
0.347708 18.997100
0.347979 5.958890
0.348251 34.026500
0.348522 71.511700
0.348793 32.437800
0.349064 43.599100
0.349336 17.170700
0.349607 58.983400
0.349878 31.666400
0.350149 10.291300
0.350420 45.466200
0.350692 12.666400
0.350963 47.161600
0.351234 45.951100
0.351505 69.853400
0.351777 54.471400
0.352048 9.721440
0.352319 13.851200
0.352590 10.025900
0.352861 15.423700
0.353133 42.132400
0.353404 4.167410
0.353675 22.667500
0.353946 12.425100
0.354218 26.485800
0.354489 20.303300
0.354760 21.035100
0.355031 2.338620
0.355302 5.909570
0.355574 27.417900
0.355845 7.138770
0.356116 9.711470
0.356387 29.205000
0.356659 21.396700
0.356930 46.675400
0.357201 71.757300
0.357472 22.486400
0.357743 11.498300
0.358015 7.913080
0.358286 8.823240
0.358557 42.581700
0.358828 64.588900
0.359100 6.830650
0.359371 9.788210
0.359642 4.902070
0.359913 45.440600
0.360184 20.240500
0.360456 29.460800
0.360727 37.377600
0.360998 9.402430
0.361269 37.792500
0.361541 36.805700
0.361812 31.442900
0.362083 21.203700
0.362354 9.263570
0.362625 46.608000
0.362897 18.507700
0.363168 43.790400
0.363439 62.569700
0.363710 13.708200
0.363982 34.756800
0.364253 11.588400
0.364524 6.459140
0.364795 12.694600
0.365066 5.290340
0.365338 6.332330
0.365609 32.022200
0.365880 64.522800
0.366151 40.330800
0.366423 5.707940
0.366694 28.520400
0.366965 79.197200
0.367236 17.968100
0.367507 38.970700
0.367779 32.131300
0.368050 14.555500
0.368321 29.966100
0.368592 4.313610
0.368864 29.463700
0.369135 19.606100
0.369406 24.770300
0.369677 4.817450
0.369948 17.795200
0.370220 7.559440
0.370491 20.345600
0.370762 25.593300
0.371033 7.181520
0.371305 49.468600
0.371576 4.604160
0.371847 13.138500
0.372118 27.182400
0.372389 24.497300
0.372661 20.725800
0.372932 86.271700
0.373203 24.649100
0.373474 38.573700
0.373746 31.442000
0.374017 11.645500
0.374288 32.291100
0.374559 37.244700
0.374830 12.092600
0.375102 9.738050
0.375373 12.159400
0.375644 34.808000
0.375915 18.094300
0.376187 32.685000
0.376458 13.643900
0.376729 76.168000
0.377000 17.702000
0.377271 7.317200
0.377543 41.060100
0.377814 19.167100
0.378085 19.738200
0.378356 8.185180
0.378628 65.359900
0.378899 33.852800
0.379170 6.437260
0.379441 9.578210
0.379713 3.568370
0.379984 32.814700
0.380255 21.154800
0.380526 3.651430
0.380797 34.559300
0.381069 22.812800
0.381340 36.236000
0.381611 36.099900
0.381882 23.816900
0.382154 7.933150
0.382425 25.549800
0.382696 3.640760
0.382967 7.211070
0.383238 37.666100
0.383510 47.905800
0.383781 25.099100
0.384052 8.184730
0.384323 29.414500
0.384595 16.087200
0.384866 54.025600
0.385137 5.818380
0.385408 12.565600
0.385679 63.621900
0.385951 31.412600
0.386222 18.332500
0.386493 22.248300
0.386764 17.639300
0.387036 8.421640
0.387307 5.205140
0.387578 39.644900
0.387849 17.752800
0.388120 8.130210
0.388392 15.245700
0.388663 9.443870
0.388934 9.049260
0.389205 8.895350
0.389477 17.087600
0.389748 21.538000
0.390019 16.378500
0.390290 6.908590
0.390561 14.558600
0.390833 7.585130
0.391104 9.775260
0.391918 9.509200
0.392189 2.278950
0.392460 2.675020
0.392731 2.413990
0.393002 29.907600
0.393274 38.985900
0.393545 33.086400
0.393816 18.598200
0.394087 9.035590
0.394359 1.871610
0.394630 48.248300
0.394901 14.286700
0.395172 7.625570
0.395443 14.878000
0.395715 22.870300
0.395986 9.808630
0.396257 16.871900
0.396528 15.801100
0.396800 28.473800
0.397071 7.410680
0.397342 72.271600
0.397613 28.283400
0.397884 17.092400
0.398156 19.025400
0.398427 6.675090
0.398698 9.519770
0.398969 10.253100
0.399241 12.941400
0.399512 7.394980
0.399783 60.403300
0.400054 7.750790
0.400325 16.133800
0.400597 38.094200
0.400868 13.344200
0.401139 11.495900
0.401410 52.024900
0.401682 28.823300
0.401953 12.789300
0.402224 49.028800
0.402495 17.555400
0.402766 50.220800
0.403038 7.387450
0.403309 4.090880
0.403580 4.742660
0.403851 19.468900
0.404123 33.984700
0.404394 39.961300
0.404665 61.298100
0.404936 12.479000
0.405207 6.107300
0.405479 10.217500
0.405750 8.757760
0.406021 60.348700
0.406292 4.233390
0.406564 30.090100
0.406835 8.118790
0.407106 18.592100
0.407377 10.739500
0.407648 8.763160
0.407920 9.253910
0.408191 10.949800
0.408462 9.911700
0.408733 47.874100
0.409005 50.340700
0.409276 29.395200
0.409547 41.204900
0.409818 44.329000
0.410090 12.220000
0.410361 5.829200
0.410632 18.364500
0.410903 26.392900
0.411446 18.560300
0.411717 23.373900
0.411988 1.690150
0.412259 15.388100
0.412531 31.656400
0.412802 38.175800
0.413073 57.136100
0.413344 60.298100
0.413615 18.327900
0.413887 48.684500
0.414158 37.088700
0.414429 9.089740
0.414700 4.206180
0.414972 6.368780
0.415243 11.432800
0.415514 24.407900
0.415785 3.791280
0.416056 8.963520
0.416328 15.419600
0.416599 24.766500
0.416870 33.679800
0.417141 14.863400
0.417413 8.531780
0.417684 17.435900
0.417955 57.335700
0.418226 7.017770
0.418497 22.143100
0.418769 28.637400
0.419040 3.051720
0.419311 7.891400
0.419582 9.921450
0.419854 38.041400
0.420125 17.285400
0.420396 68.268700
0.420667 7.080230
0.420938 7.668070
0.421210 24.994700
0.421481 8.268970
0.421752 54.885400
0.422023 6.294230
0.422295 22.070100
0.422566 22.411400
0.422837 39.675700
0.423108 19.075800
0.423379 55.366400
0.423651 51.373100
0.423922 72.309300
0.424193 71.567200
0.424464 7.304630
0.424736 5.163830
0.425007 10.034800
0.425278 49.365800
0.425549 3.252820
0.425820 38.417700
0.426092 8.527740
0.426363 29.284000
0.426634 38.334100
0.426905 16.700900
0.427177 61.947800
0.427448 11.155000
0.427719 4.380620
0.427990 7.434570
0.428261 66.101300
0.428533 44.055400
0.428804 8.786270
0.429075 13.012600
0.429346 10.507500
0.429618 50.694700
0.429889 64.634600
0.430160 11.135200
0.430431 24.568100
0.430702 30.644000
0.430974 11.354400
0.431245 75.791800
0.431516 10.667600
0.431787 16.793000
0.432059 9.533200
0.432330 8.177150
0.432601 4.218270
0.432872 50.598300
0.433143 16.062500
0.433415 65.318000
0.433686 14.404500
0.433957 51.339200
0.434228 39.045500
0.434500 7.012290
0.434771 6.145310
0.435042 38.356000
0.435313 1.676410
0.435584 11.218100
0.435856 20.329000
0.436127 14.490300
0.436398 85.402200
0.436669 52.857300
0.436941 9.232920
0.437212 21.441800
0.437483 62.540800
0.437754 12.855900
0.438025 14.283000
0.438297 7.573470
0.438568 80.467900
0.438839 6.978870
0.439110 43.164000
0.439382 5.141310
0.439653 14.646900
0.439924 3.937140
0.440195 43.029600
0.440467 41.100400
0.440738 26.884500
0.441009 13.194500
0.441280 24.562800
0.441551 16.105600
0.441823 34.965200
0.442094 5.663930
0.442365 2.565120
0.442636 13.469300
0.442908 30.146600
0.443179 47.804200
0.443450 4.586100
0.443721 19.594400
0.443992 6.615930
0.444264 28.165300
0.444535 56.670700
0.444806 8.858150
0.445077 8.465980
0.445349 14.423500
0.445891 34.662300
0.446162 51.925600
0.446433 11.808800
0.446705 61.226800
0.446976 49.872300
0.447247 34.930600
0.447518 5.533350
0.447790 14.677500
0.448061 6.107550
0.448332 9.057030
0.448603 17.170400
0.448874 20.296400
0.449146 34.557000
0.449417 35.023900
0.449688 22.643000
0.449959 22.470100
0.450231 22.440000
0.450502 23.799900
0.450773 4.863060
0.451044 8.694540
0.451315 6.559330
0.451587 2.906480
0.451858 16.516300
0.452129 12.334300
0.452400 8.724370
0.452672 33.674400
0.452943 40.716100
0.453214 8.519050
0.453485 18.043600
0.453756 79.438000
0.454028 13.386700
0.454299 7.393220
0.454570 13.721800
0.454841 60.501900
0.455113 7.960320
0.455384 9.274040
0.455655 11.031400
0.455926 4.832850
0.456197 49.729100
0.456469 39.487100
0.456740 6.768820
0.457011 4.103050
0.457282 6.949270
0.457554 44.493400
0.457825 2.254800
0.458096 4.566430
0.458367 6.194900
0.458638 70.770400
0.458910 10.928700
0.459181 5.662870
0.459452 66.972000
0.459723 7.965650
0.459995 12.601900
0.460266 26.997900
0.460537 4.079400
0.460808 16.298700
0.461079 13.665700
0.461351 44.932200
0.461622 54.521100
0.461893 23.974900
0.462164 36.099500
0.462436 4.888220
0.462707 16.591600
0.462978 32.255900
0.463249 34.593400
0.463520 57.591600
0.463792 24.541400
0.464063 18.379900
0.464334 17.701900
0.464605 44.490900
0.464877 12.169800
0.465148 7.891140
0.465419 27.541800
0.465690 8.793840
0.465961 1.760760
0.466233 42.163300
0.466504 16.534800
0.466775 14.238000
0.467046 10.717500
0.467318 44.477100
0.467589 28.503900
0.467860 22.216500
0.468131 80.081500
0.468402 12.448200
0.468674 42.304900
0.468945 10.444400
0.469216 13.080000
0.469487 8.385530
0.469759 11.551900
0.470030 70.512100
0.470301 7.276710
0.470572 26.424700
0.470844 7.331840
0.471115 24.821000
0.471386 1.683660
0.471657 7.380820
0.471928 9.583100
0.472200 30.820000
0.472471 13.594200
0.473013 3.724340
0.473285 42.863500
0.473556 7.945300
0.473827 16.325000
0.474098 8.114320
0.474369 15.971100
0.474641 10.867900
0.474912 47.520800
0.475183 6.889230
0.475454 17.366400
0.475726 25.868400
0.475997 8.732460
0.476268 29.774800
0.476539 14.089600
0.476810 36.582400
0.477082 52.817600
0.477353 16.171100
0.477624 21.461800
0.477895 5.224980
0.478167 15.256100
0.478438 17.055400
0.478709 11.040700
0.478980 15.041600
0.479251 3.265750
0.479523 5.244130
0.479794 23.056600
0.480065 62.581400
0.480336 2.377640
0.480608 2.456040
0.480879 51.406800
0.481150 7.308360
0.481421 23.910400
0.481692 2.233490
0.481964 73.648700
0.482235 21.733400
0.482506 8.942160
0.482777 7.108800
0.483049 67.036900
0.483320 33.711400
0.483591 6.581110
0.483862 35.755100
0.484133 51.182600
0.484405 31.981700
0.484676 41.848900
0.484947 20.969000
0.485218 54.443800
0.485490 10.796400
0.485761 37.691600
0.486032 14.425000
0.486303 9.672720
0.486574 3.474640
0.486846 16.657900
0.487117 47.955600
0.487388 11.073700
0.487659 30.024500
0.487931 15.073500
0.488202 33.309800
0.488473 29.482200
0.488744 49.822600
0.489015 6.397370
0.489287 5.915990
0.489558 53.975800
0.489829 29.781000
0.490100 54.790300
0.490372 19.877500
0.490643 18.352600
0.490914 49.662500
0.491185 8.801610
0.491456 29.703600
0.491728 16.267100
0.491999 19.133000
0.492270 10.979700
0.492541 14.902800
0.492813 46.780400
0.493084 3.295140
0.493355 5.770560
0.493626 19.776700
0.493897 9.453690
0.494169 62.957300
0.494440 7.646320
0.494711 3.329440
0.494982 8.015730
0.495254 36.594600
0.495525 58.588100
0.495796 44.547900
0.496067 33.351300
0.496338 6.707070
0.496610 22.110500
0.496881 5.876730
0.497152 17.268100
0.497423 5.909240
0.497695 90.135700
0.497966 31.872900
0.498237 10.985500
0.498508 6.901920
0.498779 24.634500
0.499051 9.899430
0.499322 1.815740
0.499593 43.177700
0.499864 8.018720
0.500136 37.142200
0.500407 14.324800
0.500678 8.038430
0.500949 18.783600
0.501221 9.870480
0.501492 32.973800
0.501763 34.220700
0.502034 17.660400
0.502305 8.009530
0.502577 5.763430
0.502848 29.289500
0.503119 45.306800
0.503390 6.446370
0.503662 47.367000
0.503933 14.243100
0.504204 48.322000
0.504475 11.078500
0.504746 42.744200
0.505018 11.979100
0.505289 18.119100
0.505560 3.297960
0.505831 11.192100
0.506103 23.306200
0.506374 21.911700
0.506645 40.439600
0.506916 8.072440
0.507187 8.781820
0.507459 50.245200
0.507730 51.156700
0.508001 10.138200
0.508272 25.611800
0.508544 18.581800
0.508815 12.400000
0.509086 36.090500
0.509357 20.661800
0.509628 4.367260
0.509900 14.748800
0.510171 46.088100
0.510442 16.685200
0.510713 3.277780
0.510985 58.322100
0.511256 36.443900
0.511527 26.125800
0.511798 57.147200
0.512069 7.698720
0.512341 44.014100
0.512612 35.634500
0.512883 27.562700
0.513154 9.890290
0.513426 27.188600
0.513697 2.494260
0.513968 5.577640
0.514239 41.152500
0.514510 34.104800
0.514782 41.457900
0.515053 44.411000
0.515324 34.449300
0.515595 19.619400
0.515867 30.964700
0.516138 46.716100
0.516409 50.975600
0.516680 24.098000
0.516951 16.732300
0.517223 63.130300
0.517494 37.925000
0.517765 10.127300
0.518036 8.245150
0.518308 25.081700
0.518579 6.397090
0.518850 21.363700
0.519121 57.328800
0.519392 33.359500
0.519664 86.495900
0.519935 31.707800
0.520206 5.977690
0.520477 41.822900
0.520749 53.638100
0.521020 8.994880
0.521291 56.056400
0.521562 25.542600
0.521833 25.028900
0.522105 16.396700
0.522376 25.038800
0.522647 9.901070
0.522918 5.004740
0.523190 20.354500
0.523461 7.520140
0.523732 58.224200
0.524003 6.635030
0.524274 7.403800
0.524546 4.381170
0.524817 24.111900
0.525088 8.290440
0.525359 19.980000
0.525631 34.626400
0.525902 40.442200
0.526173 7.564310
0.526444 36.795200
0.526715 3.765770
0.526987 13.876800
0.527258 7.978930
0.527529 21.721200
0.527800 9.926770
0.528072 12.949500
0.528343 1.355520
0.528614 23.443400
0.528885 53.411600
0.529156 5.888710
0.529428 27.079600
0.529699 17.838500
0.529970 16.938300
0.530241 13.757100
0.530513 78.263400
0.530784 53.474400
0.531055 23.408700
0.531326 23.267700
0.531598 41.704700
0.531869 4.054350
0.532140 31.781700
0.532411 4.529550
0.532682 15.315400
0.532954 24.115000
0.533225 40.088900
0.533496 37.822800
0.533767 15.078100
0.534039 74.313300
0.534310 74.488400
0.534581 45.551600
0.534852 4.850040
0.535123 23.110700
0.535395 3.494600
0.535666 34.174000
0.535937 19.229300
0.536208 8.099480
0.536480 9.271190
0.536751 6.999220
0.537022 26.330800
0.537293 10.036800
0.537564 1.692970
0.537836 21.247700
0.538107 6.685270
0.538378 30.049200
0.538649 71.764100
0.538921 5.440720
0.539192 17.469600
0.539463 37.599200
0.539734 7.673010
0.540005 79.947800
0.540277 14.233200
0.540548 29.648200
0.540819 11.408200
0.541090 12.296300
0.541362 54.461800
0.541633 21.506000
0.541904 10.117600
0.542175 9.289720
0.542446 9.847040
0.542718 62.750500
0.542989 3.048870
0.543260 33.303100
0.543531 17.326000
0.543803 9.717840
0.544074 27.695000
0.544345 4.622910
0.544616 73.251400
0.544887 33.419600
0.545159 8.864010
0.545430 8.733280
0.545701 23.251900
0.545972 63.226700
0.546244 22.489000
0.546515 45.774500
0.546786 25.214200
0.547057 9.531980
0.547328 8.711260
0.547600 10.496700
0.547871 16.607700
0.548142 22.369600
0.548413 13.412300
0.548685 5.002070
0.548956 11.651100
0.549227 23.329500
0.549498 27.738600
0.549769 14.870200
0.550041 25.687500
0.550312 4.796370
0.550583 29.775300
0.550854 66.649200
0.551126 11.621200
0.551397 12.185500
0.551668 83.163200
0.551939 60.038000
0.552210 8.780740
0.552482 9.517850
0.552753 11.262800
0.553024 8.416190
0.553295 9.521820
0.553567 24.195900
0.553838 18.028900
0.554109 45.660500
0.554380 4.626620
0.554651 7.808840
0.554923 5.377190
0.555194 38.520600
0.555465 63.592400
0.555736 4.445620
0.556008 47.816400
0.556279 27.338800
0.556550 6.787950
0.556821 5.099940
0.557092 20.520700
0.557364 30.605400
0.557635 15.923000
0.557906 5.732600
0.558177 22.383500
0.558449 14.508000
0.558720 65.210900
0.558991 32.259100
0.559262 40.077000
0.559533 15.233100
0.559805 14.130700
0.560076 20.283200
0.560347 21.176300
0.560618 2.279040
0.560890 17.499700
0.561161 74.767000
0.561432 48.773300
0.561703 49.963900
0.561975 16.909500
0.562246 10.636200
0.562517 23.086300
0.562788 37.117300
0.563059 75.165200
0.563331 9.657140
0.563602 8.379960
0.563873 13.706700
0.564144 30.242800
0.564416 16.163300
0.564687 14.950700
0.564958 32.758900
0.565229 14.215300
0.565500 64.191100
0.565772 35.429100
0.566043 11.179400
0.566314 15.813300
0.566585 13.860200
0.566857 10.953900
0.567128 37.155300
0.567399 19.880600
0.567670 9.188190
0.567941 30.657500
0.568213 9.310700
0.568484 11.951100
0.568755 20.574200
0.569026 22.811400
0.569298 4.191970
0.569840 5.369940
0.570111 40.832300
0.570382 19.469500
0.570654 38.145500
0.570925 47.068300
0.571196 31.873800
0.571467 9.089090
0.572010 13.471100
0.572281 17.728900
0.572552 10.930200
0.572823 42.787800
0.573095 41.434800
0.573366 17.516300
0.573637 7.714660
0.573908 7.237510
0.574180 34.783100
0.574451 8.193960
0.574722 11.455600
0.574993 64.682600
0.575264 12.684800
0.575536 9.770650
0.575807 33.382800
0.576078 28.111700
0.576349 7.158940
0.576621 45.265800
0.576892 7.444170
0.577163 22.313600
0.577434 8.949870
0.577705 8.077480
0.577977 15.273200
0.578248 13.862400
0.578519 17.313400
0.578790 11.904300
0.579062 14.964400
0.579333 30.833500
0.579604 28.204900
0.579875 6.044640
0.580146 14.467400
0.580418 49.621800
0.580689 41.581300
0.580960 16.792500
0.581231 81.117600
0.581503 16.276000
0.581774 23.746700
0.582045 33.704600
0.582316 7.982540
0.582587 13.006200
0.582859 25.403200
0.583130 12.193600
0.583401 5.207920
0.583672 14.593600
0.583944 54.743000
0.584215 21.044600
0.584486 20.495900
0.584757 36.242500
0.585028 22.456700
0.585300 5.115380
0.585571 24.143400
0.585842 43.794400
0.586113 61.791100
0.586385 7.663900
0.586656 25.122500
0.586927 1.922850
0.587198 34.097000
0.587469 7.175030
0.587741 34.420300
0.588012 26.512000
0.588283 31.932100
0.588554 51.691900
0.588826 22.483500
0.589097 8.876680
0.589368 16.665600
0.589639 7.184830
0.589910 17.451900
0.590182 16.314900
0.590453 37.923200
0.590724 30.451600
0.590995 7.999290
0.591267 12.294800
0.591538 8.365150
0.591809 28.042100
0.592080 10.111700
0.592352 8.845140
0.592623 35.476700
0.592894 24.693000
0.593165 18.694400
0.593436 21.766700
0.593708 75.727500
0.593979 28.381700
0.594250 21.487600
0.594521 45.196300
0.594793 21.139000
0.595064 22.593400
0.595335 6.831550
0.595606 46.081800
0.595877 49.000400
0.596149 5.520670
0.596420 44.723100
0.596691 35.568600
0.596962 6.764000
0.597234 13.687800
0.597505 36.410900
0.597776 16.549300
0.598047 29.085100
0.598318 10.198600
0.598590 62.292100
0.598861 30.291500
0.599132 7.060020
0.599403 51.507000
0.599675 32.770600
0.599946 38.415000
0.600217 6.862620
0.600488 8.976510
0.600759 42.581100
0.601031 17.293700
0.601302 31.620800
0.601573 10.040900
0.601844 10.337300
0.602116 18.266000
0.602387 15.154800
0.602658 6.563760
0.602929 11.244500
0.603200 12.483300
0.603472 16.949700
0.603743 30.046000
0.604014 32.110100
0.604285 15.787300
0.604557 25.394200
0.604828 57.557100
0.605099 7.103700
0.605370 24.241200
0.605641 29.859400
0.605913 33.175100
0.606184 17.645500
0.606455 19.858800
0.606726 18.553000
0.606998 3.174820
0.607269 11.531600
0.607540 66.290900
0.607811 29.583100
0.608082 14.885500
0.608354 31.763100
0.608625 12.191800
0.608896 57.058600
0.609167 12.215900
0.609439 16.125500
0.609710 7.115610
0.609981 19.236900
0.610252 91.714100
0.610523 9.534070
0.610795 37.691200
0.611066 7.215530
0.611337 14.667300
0.611608 49.143800
0.611880 6.274100
0.612151 41.006800
0.612422 13.209900
0.612693 49.852900
0.612964 8.248920
0.613236 7.722740
0.613507 15.616700
0.613778 9.502890
0.614049 10.435500
0.614321 20.885900
0.614592 45.395800
0.614863 30.965000
0.615134 75.704900
0.615405 66.979600
0.615677 10.101200
0.615948 31.160000
0.616219 7.954780
0.616490 4.411670
0.616762 11.719500
0.617033 11.017400
0.617304 14.562000
0.617575 68.225900
0.617846 14.952700
0.618118 44.847100
0.618389 10.629800
0.618660 42.405200
0.618931 6.397810
0.619474 10.463000
0.619745 12.231700
0.620287 36.970200
0.620559 8.108640
0.620830 31.671100
0.621101 1.096450
0.621372 6.960290
0.621644 20.923400
0.621915 4.939630
0.622186 7.690100
0.622457 7.698480
0.622729 41.650300
0.623000 11.453400
0.623271 11.854600
0.623542 30.484500
0.623813 7.777820
0.624085 9.501690
0.624356 38.424500
0.624627 3.230650
0.624898 27.997300
0.625170 34.711500
0.625441 4.868120
0.625712 54.290300
0.625983 80.035000
0.626254 3.215630
0.626526 29.571800
0.626797 28.067800
0.627068 25.408800
0.627339 22.461000
0.627611 80.601600
0.627882 13.375300
0.628153 26.880000
0.628424 31.884100
0.628695 14.689100
0.628967 65.857000
0.629238 2.007260
0.629509 72.207700
0.629780 9.163730
0.630052 12.976400
0.630323 17.136400
0.630594 40.815700
0.630865 51.290600
0.631136 20.944800
0.631408 4.110370
0.631679 28.870500
0.631950 19.435300
0.632221 43.605700
0.632493 59.522900
0.632764 9.433940
0.633035 15.649300
0.633306 35.957300
0.633577 20.743300
0.633849 29.061200
0.634120 8.385850
0.634391 9.031340
0.634662 8.108770
0.634934 26.421100
0.635205 32.174300
0.635476 20.800900
0.635747 11.200000
0.636018 22.833900
0.636290 19.101300
0.636561 65.199900
0.636832 27.620000
0.637103 7.733590
0.637375 21.585500
0.637646 26.859900
0.637917 40.771900
0.638188 1.646760
0.638459 40.540100
0.638731 27.558600
0.639002 6.144120
0.639273 32.885900
0.639544 15.370900
0.639816 52.470300
0.640087 72.216100
0.640358 23.373000
0.640629 42.783500
0.640900 11.044000
0.641172 4.144410
0.641443 14.125100
0.641714 20.034900
0.641985 27.098400
0.642257 7.768900
0.642528 9.268530
0.642799 9.251800
0.643070 28.146200
0.643341 8.355690
0.643613 7.506810
0.643884 4.632420
0.644155 12.586800
0.644426 3.927660
0.644698 18.417600
0.644969 18.089500
0.645240 5.072260
0.645511 6.915130
0.645782 42.354200
0.646054 9.169660
0.646325 14.491000
0.646596 8.237380
0.646867 10.095300
0.647139 12.561500
0.647410 20.076500
0.647681 15.687600
0.647952 17.600300
0.648223 22.128900
0.648495 9.276790
0.648766 47.936800
0.649037 17.551400
0.649308 15.318800
0.649580 16.809700
0.649851 9.842300
0.650122 31.435600
0.650393 46.155300
0.650664 9.636620
0.650936 6.125070
0.651207 8.241850
0.651478 23.785600
0.651749 12.871100
0.652021 30.963500
0.652292 19.568100
0.652563 12.217600
0.652834 11.936600
0.653106 8.313040
0.653377 37.701700
0.653648 36.680700
0.653919 31.332500
0.654190 30.758200
0.654462 36.092800
0.654733 22.808400
0.655004 7.914130
0.655275 55.480900
0.655547 5.412870
0.655818 25.996900
0.656089 7.598060
0.656360 8.488330
0.656631 21.485000
0.656903 47.744600
0.657174 3.417480
0.657445 8.895070
0.657716 1.004160
0.657988 12.209500
0.658259 24.493000
0.658530 65.116500
0.658801 30.556300
0.659072 11.383300
0.659344 4.732630
0.659615 19.075200
0.659886 27.173100
0.660157 23.083200
0.660429 10.147700
0.660700 60.378400
0.660971 17.248500
0.661242 15.249000
0.661513 14.892000
0.661785 10.447000
0.662056 8.049750
0.662327 17.425200
0.662598 11.931000
0.662870 13.861300
0.663141 8.086940
0.663412 50.567100
0.663683 60.754300
0.663954 14.348400
0.664226 43.084000
0.664497 11.157700
0.664768 4.918160
0.665039 15.548300
0.665311 27.785200
0.665582 23.830000
0.665853 11.733000
0.666124 10.440300
0.666395 46.819200
0.666667 10.187900
0.666938 11.550100
0.667209 10.889100
0.667480 40.232500
0.667752 13.858800
0.668023 46.249400
0.668294 34.502600
0.668565 17.398300
0.668836 22.513200
0.669108 15.125000
0.669379 14.554400
0.669650 18.043100
0.669921 10.162200
0.670193 42.290900
0.670464 7.951500
0.670735 60.376300
0.671006 14.977200
0.671277 42.932800
0.671549 49.518800
0.671820 8.905740
0.672091 28.137200
0.672362 10.168200
0.672634 24.864200
0.672905 27.268600
0.673176 6.903330
0.673447 47.180200
0.673718 14.847800
0.673990 10.674400
0.674261 51.661600
0.674532 28.541400
0.674803 22.089300
0.675075 8.198670
0.675346 20.884000
0.675617 23.100000
0.675888 23.256700
0.676159 7.286450
0.676431 12.524500
0.676702 66.946900
0.676973 9.803440
0.677244 18.182700
0.677516 4.207340
0.677787 11.551300
0.678058 28.506200
0.678329 5.095860
0.678600 4.987780
0.678872 48.655200
0.679143 5.793700
0.679414 1.791990
0.679685 23.371000
0.679957 22.472900
0.680228 10.173600
0.680499 42.976500
0.680770 19.347400
0.681041 32.549500
0.681313 4.922270
0.681584 58.318300
0.681855 51.780300
0.682126 18.077100
0.682398 27.134500
0.682940 12.459800
0.683211 7.716070
0.683483 8.352900
0.683754 9.429650
0.684025 9.198060
0.684296 46.345600
0.684567 12.991400
0.684839 22.084600
0.685110 10.888800
0.685381 70.258400
0.685652 9.863990
0.685924 1.803700
0.686195 43.316700
0.686466 21.477200
0.686737 54.058100
0.687008 50.182000
0.687280 33.561600
0.687551 7.658790
0.687822 7.605940
0.688093 9.462180
0.688365 35.915500
0.688636 29.332100
0.688907 6.015170
0.689178 18.602300
0.689449 49.273000
0.689721 35.860300
0.690263 11.007200
0.690534 55.141700
0.690806 7.193000
0.691077 24.122800
0.691348 9.265040
0.691619 8.292500
0.691890 15.219800
0.692162 17.671300
0.692433 4.805560
0.692704 30.298100
0.692975 26.581800
0.693247 37.328600
0.693518 97.825700
0.693789 19.457100
0.694060 38.578800
0.694331 22.653100
0.694603 54.090200
0.694874 52.518500
0.695145 14.402600
0.695416 34.284700
0.695688 8.321010
0.695959 32.957100
0.696230 13.950200
0.696501 7.189310
0.696772 89.843800
0.697044 6.664940
0.697315 10.298900
0.697586 33.841100
0.697857 3.922160
0.698129 25.155000
0.698400 23.054500
0.698671 9.917520
0.698942 14.994200
0.699213 17.003800
0.699485 21.434900
0.699756 49.015500
0.700027 33.844000
0.700298 14.550500
0.700570 8.166020
0.700841 18.984700
0.701112 41.822100
0.701383 23.146600
0.701654 27.461800
0.701926 8.468110
0.702197 32.100300
0.702468 70.286200
0.702739 18.099800
0.703011 8.929040
0.703282 43.965700
0.703553 22.669300
0.703824 8.284620
0.704095 24.298700
0.704367 24.557200
0.704638 26.829000
0.704909 3.867260
0.705180 9.266410
0.705452 19.714200
0.705723 35.815900
0.705994 19.099000
0.706265 10.032900
0.706536 7.898500
0.706808 6.799860
0.707079 17.206000
0.707350 36.629100
0.707621 21.896900
0.707893 27.254100
0.708164 33.833300
0.708435 36.247500
0.708706 11.089500
0.708977 42.862600
0.709249 29.824400
0.709520 9.272010
0.709791 58.916300
0.710062 43.447200
0.710334 38.321900
0.710605 3.424980
0.710876 24.557600
0.711147 51.187000
0.711418 9.740610
0.711690 16.385900
0.711961 6.874680
0.712232 34.713300
0.712503 20.679800
0.712775 20.380100
0.713046 16.607500
0.713317 32.482000
0.713588 46.255600
0.713860 14.537000
0.714131 16.026700
0.714402 7.166030
0.714673 8.302740
0.714944 25.029100
0.715216 13.586200
0.715487 14.396000
0.715758 22.746300
0.716029 25.752100
0.716301 31.632100
0.716572 7.278090
0.716843 60.361000
0.717114 26.337600
0.717385 9.481180
0.717657 45.387600
0.717928 16.561700
0.718199 69.183200
0.718470 15.955900
0.718742 9.063080
0.719013 32.258000
0.719284 40.668200
0.719555 85.504000
0.719826 7.238770
0.720098 28.529800
0.720369 12.445000
0.720640 16.649600
0.720911 22.376900
0.721183 84.121900
0.721454 33.698900
0.721725 18.314500
0.721996 32.541800
0.722267 6.017330
0.722539 43.840300
0.722810 7.048670
0.723081 19.749600
0.723352 18.593300
0.723624 19.303300
0.723895 8.352240
0.724166 21.914300
0.724437 79.073600
0.724708 3.126180
0.724980 9.478590
0.725251 21.318800
0.725522 20.031200
0.725793 27.350100
0.726065 28.909800
0.726336 27.644900
0.726607 22.152400
0.726878 35.537300
0.727149 44.439900
0.727421 48.996400
0.727692 1.706500
0.727963 15.436400
0.728234 9.104220
0.728506 15.243900
0.728777 18.004400
0.729048 26.910300
0.729319 56.571900
0.729590 19.628400
0.729862 34.461700
0.730133 15.716900
0.730404 56.796000
0.730675 4.864900
0.730947 48.622100
0.731218 15.281500
0.731489 9.109910
0.731760 37.033800
0.732031 10.220700
0.732303 7.493270
0.732574 11.033600
0.732845 62.720000
0.733116 10.467600
0.733388 37.850300
0.733659 14.672800
0.733930 11.487400
0.734201 10.137900
0.734472 29.153500
0.734744 7.474870
0.735015 11.456700
0.735286 26.312000
0.735557 7.780170
0.735829 4.967060
0.736100 13.917600
0.736371 49.046000
0.736642 8.689980
0.736913 15.995900
0.737185 3.116740
0.737456 19.550800
0.737727 42.533700
0.737998 39.653000
0.738270 47.858600
0.738541 52.692700
0.738812 66.188100
0.739083 37.198800
0.739354 35.499000
0.739626 29.522400
0.739897 51.184700
0.740168 16.854400
0.740439 8.681530
0.740711 79.413100
0.740982 37.989300
0.741253 50.264600
0.741524 8.470780
0.741795 13.679400
0.742067 41.305200
0.742338 40.087500
0.742609 38.877800
0.742880 5.923420
0.743152 14.008000
0.743423 18.260900
0.743694 18.250300
0.743965 62.064200
0.744237 8.163520
0.744508 62.791900
0.744779 13.439000
0.745050 38.189500
0.745321 8.115540
0.745593 8.719560
0.745864 5.513860
0.746135 26.162500
0.746406 16.721700
0.746678 39.431900
0.746949 13.285600
0.747220 17.078900
0.747491 19.537900
0.747762 4.487430
0.748034 17.994100
0.748305 8.808230
0.748576 17.686800
0.748847 28.189400
0.749119 69.225900
0.749390 73.417400
0.749661 51.136100
0.749932 3.436880
0.750203 33.173000
0.750475 8.810660
0.750746 27.490500
0.751017 25.466300
0.751288 19.883200
0.751560 44.940400
0.751831 3.764670
0.752102 74.854800
0.752373 21.200200
0.752644 17.944500
0.752916 1.795830
0.753187 10.015200
0.753458 40.208200
0.753729 70.112600
0.754001 8.175510
0.754272 14.810700
0.754543 3.034540
0.754814 25.596700
0.755085 16.629000
0.755357 57.896000
0.755628 3.843720
0.755899 16.923800
0.756170 8.163130
0.756442 70.417900
0.756713 47.993900
0.756984 91.306600
0.757255 6.407150
0.757526 10.623000
0.757798 67.341900
0.758069 17.707100
0.758340 27.481600
0.758611 42.868500
0.758883 13.213300
0.759154 34.238600
0.759425 30.532500
0.759696 15.162300
0.759967 46.256900
0.760239 18.320500
0.760510 14.963000
0.760781 11.226400
0.761052 12.586200
0.761324 4.175160
0.761595 2.097270
0.761866 31.689100
0.762137 52.439600
0.762408 12.579600
0.762680 6.559290
0.762951 17.586700
0.763222 90.126800
0.763493 77.112300
0.763765 8.841050
0.764036 19.926800
0.764307 50.075100
0.764578 15.934000
0.764849 54.266800
0.765121 33.581800
0.765392 10.289500
0.765663 34.860600
0.765934 15.523600
0.766206 26.371600
0.766477 19.506100
0.766748 15.019400
0.767019 40.413200
0.767290 19.230200
0.767562 15.236600
0.767833 1.653330
0.768104 15.660400
0.768375 52.702000
0.768647 6.665430
0.768918 24.441900
0.769189 19.801900
0.769460 21.593000
0.769731 32.655800
0.770003 19.320100
0.770274 34.124300
0.770545 28.659700
0.770816 47.348500
0.771088 49.593200
0.771359 49.448100
0.771630 34.087000
0.771901 56.667800
0.772172 7.283700
0.772444 12.929900
0.772715 21.276200
0.772986 66.801200
0.773257 39.917900
0.773529 5.442300
0.773800 10.954400
0.774071 13.339500
0.774342 3.591570
0.774614 76.353300
0.774885 54.307500
0.775156 15.420000
0.775427 36.415400
0.775698 14.368800
0.775970 29.395000
0.776241 21.245600
0.776512 27.781500
0.776783 13.124400
0.777055 18.769000
0.777326 4.976530
0.777597 46.030700
0.777868 8.502980
0.778139 18.138300
0.778411 50.601600
0.778682 21.363100
0.778953 35.905400
0.779224 30.925100
0.779496 6.761530
0.779767 10.201100
0.780038 18.612900
0.780309 45.440300
0.780580 7.617960
0.780852 8.779750
0.781123 5.432280
0.781394 18.622700
0.781665 46.685400
0.781937 37.897700
0.782208 7.275440
0.782479 31.900900
0.782750 27.133500
0.783021 13.345300
0.783293 31.556800
0.783564 21.562100
0.783835 46.242500
0.784106 7.692180
0.784378 49.721900
0.784649 20.567800
0.784920 9.547280
0.785191 4.931090
0.785462 9.626780
0.785734 46.504900
0.786005 26.555200
0.786276 4.983060
0.786547 10.061300
0.786819 58.430200
0.787090 53.455700
0.787361 42.365100
0.787632 62.406900
0.787903 48.820800
0.788175 13.653400
0.788446 34.378100
0.788717 41.305800
0.788988 7.173840
0.789260 20.419400
0.789531 34.528200
0.789802 13.586500
0.790073 11.805600
0.790344 16.754800
0.790616 54.370100
0.790887 3.861720
0.791158 6.043020
0.791429 11.444600
0.791701 7.431900
0.791972 6.766060
0.792243 26.481500
0.792514 63.500100
0.792785 23.019400
0.793057 5.150320
0.793328 52.435600
0.793599 8.927950
0.793870 13.974500
0.794142 14.798000
0.794413 12.093800
0.794684 36.496200
0.794955 29.142600
0.795226 15.826100
0.795498 12.288400
0.795769 40.624000
0.796040 12.424000
0.796311 50.318600
0.796583 6.608810
0.796854 30.331900
0.797125 3.441890
0.797396 25.935400
0.797667 32.938600
0.797939 55.158100
0.798210 1.756070
0.798481 69.300000
0.798752 2.446020
0.799024 11.697600
0.799295 9.263330
0.799566 65.133100
0.799837 9.623450
0.800108 9.010770
0.800380 2.981980
0.800651 19.386400
0.800922 24.796800
0.801193 29.755200
0.801465 12.899700
0.801736 53.234000
0.802007 12.647100
0.802278 31.843400
0.802549 42.325700
0.802821 10.685300
0.803092 47.252600
0.803363 32.569300
0.803634 48.187300
0.803906 5.726260
0.804177 29.158000
0.804448 6.782480
0.804719 5.229480
0.804991 25.111600
0.805262 29.783200
0.805533 46.423300
0.805804 23.415200
0.806075 24.955200
0.806347 9.354070
0.806618 17.755500
0.806889 63.615000
0.807160 17.256700
0.807432 18.612500
0.807703 36.515400
0.807974 25.898700
0.808245 11.657400
0.808516 22.253700
0.808788 10.051500
0.809059 11.638000
0.809330 24.743300
0.809601 9.804000
0.809873 29.469100
0.810144 26.719700
0.810415 11.994800
0.810686 44.386100
0.810957 53.062200
0.811229 9.928550
0.811500 11.003900
0.811771 45.119200
0.812042 5.995420
0.812314 5.948210
0.812585 30.249200
0.812856 13.853000
0.813127 4.905710
0.813398 9.618110
0.813670 7.363650
0.813941 8.914160
0.814212 37.376500
0.814483 29.740900
0.814755 8.115820
0.815026 33.385600
0.815297 21.497700
0.815568 8.759060
0.815839 68.940900
0.816111 12.917700
0.816382 9.929790
0.816653 28.351000
0.816924 13.435200
0.817196 9.808520
0.817467 29.394800
0.817738 7.811040
0.818009 4.460370
0.818280 4.227440
0.818552 32.026100
0.818823 49.098300
0.819094 4.015850
0.819365 13.074100
0.819637 11.531900
0.819908 12.041800
0.820179 10.524800
0.820450 13.137800
0.820721 14.552700
0.820993 44.982600
0.821264 7.816990
0.821535 41.219600
0.821806 62.585200
0.822078 3.621880
0.822349 13.477400
0.822620 85.524700
0.822891 5.648450
0.823162 16.128200
0.823434 8.391410
0.823705 12.541500
0.823976 27.208700
0.824247 9.367560
0.824519 42.047800
0.824790 8.863980
0.825061 9.326020
0.825332 34.401800
0.825603 31.805800
0.825875 72.086900
0.826146 8.718330
0.826417 8.475400
0.826688 9.805300
0.826960 39.385000
0.827231 31.471700
0.827502 8.024870
0.827773 24.998600
0.828044 9.340470
0.828316 44.372000
0.828587 4.047890
0.828858 43.948600
0.829129 15.100300
0.829401 9.832140
0.829672 28.871500
0.829943 24.555500
0.830214 1.760170
0.830485 10.384700
0.830757 23.546400
0.831028 18.584600
0.831299 20.739600
0.831570 16.780100
0.831842 17.393500
0.832113 20.168200
0.832384 9.267610
0.832655 11.312100
0.832926 24.309400
0.833198 63.235500
0.833469 8.335760
0.833740 14.539200
0.834011 27.828200
0.834283 49.590900
0.834554 7.016760
0.834825 25.308800
0.835096 16.698900
0.835368 14.087800
0.835639 10.702400
0.835910 53.333000
0.836181 17.493000
0.836452 14.687300
0.836724 8.881550
0.836995 11.966500
0.837266 31.054500
0.837537 65.672600
0.837809 10.110900
0.838080 10.940000
0.838351 49.475300
0.838622 17.623300
0.838893 7.354300
0.839165 12.497600
0.839436 38.684300
0.839707 44.972000
0.839978 24.430800
0.840250 5.527890
0.840521 87.688800
0.840792 19.652100
0.841063 48.917600
0.841334 6.367590
0.841606 37.273700
0.841877 12.997500
0.842148 46.459000
0.842419 9.264060
0.842691 32.286400
0.842962 27.875100
0.843233 8.267770
0.843504 21.209000
0.843775 34.894400
0.844047 1.659790
0.844318 28.989900
0.844589 21.551300
0.844860 77.477300
0.845132 18.631800
0.845403 26.546100
0.845674 8.940130
0.845945 56.671800
0.846216 7.590040
0.846488 7.550840
0.846759 8.076490
0.847030 25.499600
0.847301 16.667300
0.847573 32.260400
0.847844 15.844600
0.848115 22.192100
0.848386 3.419530
0.848657 22.792200
0.848929 17.441000
0.849200 67.659700
0.849471 51.521700
0.849742 8.378540
0.850014 7.400210
0.850285 13.576700
0.850556 16.451700
0.850827 4.927680
0.851098 41.034600
0.851370 8.655390
0.851641 8.631760
0.851912 85.759200
0.852183 43.897600
0.852455 7.161030
0.852726 7.570080
0.852997 20.150700
0.853268 26.992700
0.853539 16.420300
0.853811 9.190370
0.854082 3.166420
0.854353 10.631900
0.854624 5.912300
0.854896 13.331100
0.855167 4.269210
0.855438 10.283900
0.855709 15.998200
0.855980 37.943900
0.856252 48.097300
0.856523 51.235600
0.856794 23.486400
0.857065 4.970100
0.857337 23.310000
0.857608 32.137900
0.857879 18.947700
0.858150 39.064700
0.858421 9.745980
0.858693 20.829300
0.858964 6.911380
0.859235 5.998960
0.859506 27.532500
0.859778 2.552890
0.860049 8.041330
0.860320 13.528000
0.860591 15.609100
0.860862 18.060700
0.861134 94.284100
0.861405 41.712300
0.861676 11.769500
0.861947 7.571530
0.862219 5.152650
0.862490 39.279000
0.862761 17.582100
0.863032 11.643600
0.863303 18.961900
0.863575 20.276400
0.863846 13.721500
0.864117 22.109300
0.864388 34.609700
0.864660 11.436300
0.864931 53.500800
0.865202 8.765550
0.865473 60.511700
0.865745 16.826500
0.866016 22.796700
0.866287 4.696630
0.866558 11.655600
0.866829 6.656380
0.867101 24.709500
0.867372 31.047400
0.867643 30.031700
0.867914 78.494900
0.868186 6.323630
0.868457 4.978660
0.868728 13.205800
0.868999 9.621300
0.869270 9.070440
0.869542 25.722500
0.869813 9.273420
0.870084 35.517500
0.870355 13.889800
0.870627 10.688700
0.870898 16.352000
0.871169 16.100300
0.871440 59.571200
0.871711 14.061100
0.871983 8.863950
0.872254 16.039400
0.872525 3.827290
0.872796 9.301800
0.873068 26.143800
0.873339 8.283630
0.873610 24.112500
0.873881 5.292840
0.874152 16.397800
0.874424 55.831600
0.874695 24.377900
0.874966 59.787100
0.875237 36.523300
0.875509 27.248800
0.875780 62.229600
0.876051 17.771800
0.876322 24.033300
0.876593 53.300700
0.876865 12.689200
0.877136 1.759340
0.877407 17.190400
0.877678 20.553500
0.877950 4.855150
0.878221 16.242700
0.878492 65.856400
0.878763 38.427200
0.879034 53.794300
0.879306 7.178110
0.879577 18.613900
0.879848 33.720200
0.880119 25.531800
0.880391 28.428400
0.880662 62.537900
0.880933 40.710900
0.881204 31.020500
0.881475 38.599900
0.881747 18.158500
0.882018 38.324100
0.882289 17.826300
0.882560 7.986810
0.882832 6.593260
0.883103 5.615290
0.883374 11.013400
0.883645 16.069900
0.883916 14.852000
0.884188 7.914820
0.884459 5.048390
0.884730 5.835440
0.885001 35.824900
0.885273 32.470800
0.885544 23.226600
0.885815 14.072300
0.886086 88.503500
0.886357 12.344300
0.886629 83.146700
0.886900 5.647320
0.887171 3.539460
0.887442 19.062100
0.887714 5.935860
0.887985 18.335800
0.888256 20.121300
0.888527 26.768100
0.888798 19.640300
0.889070 31.709100
0.889341 29.215100
0.889612 88.679700
0.889883 28.604700
0.890155 36.641300
0.890426 5.932220
0.890697 1.728170
0.890968 21.925800
0.891239 24.688700
0.891511 13.402600
0.891782 10.435400
0.892053 16.373600
0.892324 11.432600
0.892596 5.695600
0.892867 48.194100
0.893138 8.762000
0.893409 10.054100
0.893680 32.997100
0.893952 10.482800
0.894223 23.498200
0.894494 32.321800
0.894765 1.821920
0.895037 16.170800
0.895308 9.099260
0.895579 9.185850
0.895850 9.229650
0.896122 49.149800
0.896393 54.006000
0.896664 5.675010
0.896935 5.966740
0.897206 14.703900
0.897478 5.238570
0.897749 9.699940
0.898020 71.505900
0.898291 1.780370
0.898563 40.609000
0.898834 39.080500
0.899105 8.243060
0.899376 12.623700
0.899647 7.446660
0.899919 11.800200
0.900190 26.470400
0.900461 20.925200
0.900732 24.656400
0.901004 52.954200
0.901275 9.892730
0.901546 8.377050
0.901817 14.362100
0.902088 7.356380
0.902360 9.588550
0.902631 7.045340
0.902902 20.721100
0.903173 62.678700
0.903445 33.607900
0.903716 8.467900
0.903987 70.256700
0.904258 27.925600
0.904529 22.138500
0.904801 7.018360
0.905072 21.044500
0.905343 45.407700
0.905614 13.537800
0.905886 7.155030
0.906157 9.606360
0.906428 10.580800
0.906699 34.576800
0.906970 28.333300
0.907242 15.109300
0.907513 6.446760
0.907784 85.703000
0.908055 6.786170
0.908327 8.933870
0.908598 14.477400
0.908869 7.346440
0.909140 16.762700
0.909411 8.954240
0.909683 44.218100
0.909954 21.494100
0.910225 5.838200
0.910496 7.027220
0.910768 16.986800
0.911039 20.450700
0.911310 8.378750
0.911581 49.815600
0.911852 18.729400
0.912124 16.392600
0.912395 52.913300
0.912666 32.558700
0.912937 49.975600
0.913209 11.163600
0.913480 13.740600
0.913751 8.971780
0.914022 13.066800
0.914293 10.204700
0.914565 5.720770
0.914836 20.089900
0.915107 22.945900
0.915378 48.895200
0.915650 88.822900
0.915921 5.920720
0.916192 77.120100
0.916463 35.281300
0.916734 28.234700
0.917006 9.709540
0.917277 11.588800
0.917548 7.446090
0.917819 11.014100
0.918091 45.682500
0.918362 36.916600
0.918633 18.438800
0.918904 20.436500
0.919175 48.181200
0.919447 7.754020
0.919718 43.332100
0.919989 2.877190
0.920260 32.568100
0.920532 7.566400
0.920803 12.873200
0.921074 18.310300
0.921345 9.553170
0.921616 16.265800
0.921888 36.886700
0.922159 52.559200
0.922430 47.561100
0.922701 73.153300
0.922973 11.351800
0.923244 6.557030
0.923515 28.504900
0.923786 18.797700
0.924057 56.982500
0.924329 8.390390
0.924600 54.464300
0.924871 2.113080
0.925142 13.755200
0.925414 26.379700
0.925685 34.123900
0.925956 18.180300
0.926227 38.118800
0.926499 26.459300
0.926770 5.933430
0.927041 31.819200
0.927312 1.678330
0.927583 22.108100
0.927855 9.680310
0.928126 66.480100
0.928397 2.869580
0.928668 56.369700
0.928940 25.651500
0.929211 32.581000
0.929482 13.816400
0.929753 19.230300
0.930024 16.164000
0.930296 60.711600
0.930567 33.987600
0.930838 14.664700
0.931109 43.623800
0.931381 23.012700
0.931652 53.883000
0.931923 31.467300
0.932194 32.238200
0.932465 8.263010
0.932737 7.246040
0.933008 14.612500
0.933279 14.757900
0.933550 80.680700
0.933822 25.232400
0.934093 7.546380
0.934364 10.899200
0.934635 35.687600
0.934906 16.203200
0.935178 8.645870
0.935449 45.853200
0.935720 5.096260
0.935991 16.383500
0.936263 7.466800
0.936534 14.938000
0.936805 71.344400
0.937076 25.182400
0.937347 13.105400
0.937619 44.236800
0.937890 9.244840
0.938161 19.269800
0.938432 13.328300
0.938704 9.875020
0.938975 6.771970
0.939246 11.952500
0.939517 24.892000
0.939788 49.140300
0.940060 9.499410
0.940331 10.527900
0.940602 36.373600
0.940873 49.332900
0.941145 12.774200
0.941416 25.898900
0.941687 15.364700
0.941958 6.990850
0.942229 5.620220
0.942501 43.374800
0.942772 10.949900
0.943043 7.376610
0.943314 9.218480
0.943586 17.120700
0.943857 5.948920
0.944128 47.086400
0.944399 9.473660
0.944670 2.779850
0.944942 25.930200
0.945213 7.605600
0.945484 5.692480
0.945755 2.824190
0.946027 80.239200
0.946298 44.265900
0.946569 57.298000
0.946840 3.620590
0.947111 35.913000
0.947383 3.464780
0.947654 62.522100
0.947925 12.491000
0.948196 19.461700
0.948468 14.164600
0.948739 23.471500
0.949010 11.588000
0.949281 13.302500
0.949552 55.385700
0.949824 19.298100
0.950095 7.212970
0.950366 28.494400
0.950637 42.128800
0.950909 16.083700
0.951180 7.633010
0.951451 17.785200
0.951722 78.904200
0.951993 20.956300
0.952265 7.315450
0.952536 19.028000
0.952807 11.239900
0.953078 49.491500
0.953350 9.461700
0.953621 8.912490
0.953892 6.736050
0.954163 65.069000
0.954434 38.604900
0.954706 44.205900
0.954977 13.670100
0.955248 27.071300
0.955519 8.922000
0.955791 7.644250
0.956062 21.641200
0.956333 27.387800
0.956604 15.354400
0.956876 30.360100
0.957147 8.420540
0.957418 24.445300
0.957689 15.129800
0.957960 32.460800
0.958232 42.836300
0.958503 54.858800
0.958774 45.733400
0.959045 12.652400
0.959317 63.519100
0.959588 7.443470
0.959859 46.101900
0.960130 11.245900
0.960401 10.671600
0.960673 6.338390
0.960944 7.961560
0.961215 18.754200
0.961486 17.975400
0.961758 9.671470
0.962029 24.671700
0.962300 41.517400
0.962571 14.471200
0.962842 21.861900
0.963114 23.501200
0.963385 11.196000
0.963656 52.815300
0.963927 41.374200
0.964199 6.292010
0.964470 76.702800
0.964741 18.581500
0.965012 5.962010
0.965283 9.172870
0.965555 66.316800
0.965826 22.080400
0.966097 4.430730
0.966368 18.894700
0.966640 61.988700
0.966911 13.932100
0.967182 7.216210
0.967453 28.249400
0.967724 47.836400
0.967996 10.889700
0.968267 19.147000
0.968538 50.181600
0.968809 18.464700
0.969081 38.835400
0.969352 9.880580
0.969623 33.858100
0.969894 9.851280
0.970165 53.882300
0.970437 32.699400
0.970708 37.178000
0.970979 10.773300
0.971250 21.755300
0.971522 15.884700
0.971793 78.756400
0.972064 14.939000
0.972335 34.114200
0.972606 24.206500
0.972878 39.029200
0.973149 27.299600
0.973420 29.867700
0.973691 44.008800
0.973963 6.825760
0.974234 7.318250
0.974505 10.417400
0.974776 22.826600
0.975047 24.792300
0.975319 27.325500
0.975590 56.466500
0.975861 31.750700
0.976132 4.027520
0.976404 4.291960
0.976675 15.952700
0.976946 23.302200
0.977217 32.660700
0.977488 6.352050
0.977760 10.123900
0.978031 10.180800
0.978302 13.316200
0.978573 30.666200
0.978845 25.505600
0.979116 10.527300
0.979387 3.534100
0.979658 24.346000
0.979929 7.883990
0.980201 71.948900
0.980472 22.768100
0.980743 24.992600
0.981014 5.161710
0.981286 18.682700
0.981557 16.258100
0.981828 33.120000
0.982099 4.640930
0.982370 41.674100
0.982642 39.480300
0.982913 16.420200
0.983184 28.016300
0.983455 19.622100
0.983727 31.311000
0.983998 29.589800
0.984269 6.529170
0.984540 33.459100
0.984811 6.835880
0.985083 6.165410
0.985354 1.644340
0.985625 56.810100
0.985896 42.557700
0.986168 9.802340
0.986439 9.991490
0.986710 8.783850
0.986981 7.848970
0.987253 11.411100
0.987524 11.878200
0.987795 18.799600
0.988066 67.932100
0.988337 22.485200
0.988609 13.835200
0.988880 82.609300
0.989151 18.007900
0.989422 33.077200
0.989694 48.417900
0.989965 15.208000
0.990236 21.707000
0.990507 19.585200
0.990778 6.411430
0.991050 18.017500
0.991321 17.530300
0.991592 44.093000
0.991863 22.217100
0.992135 33.713100
0.992406 38.587500
0.992677 6.241890
0.992948 17.324400
0.993219 5.533320
0.993491 17.158500
0.993762 43.511400
0.994033 37.758800
0.994304 27.164300
0.994576 9.451100
0.994847 43.009900
0.995118 48.466000
0.995389 6.080190
0.995660 17.895000
0.995932 29.119300
0.996203 8.145730
0.996474 46.083100
0.996745 23.871500
0.997017 51.965600
0.997288 14.825100
0.997559 33.200100
0.997830 18.826200
0.998101 33.980100
0.998373 15.621200
0.998644 15.912800
0.998915 6.861850
0.999186 15.459500
0.999458 52.432300
0.999729 21.784100
1.000000 20.848400
