0.000320 42.700700
0.000641 6.818080
0.000961 4.073370
0.001281 36.904100
0.001602 7.435230
0.001922 8.805590
0.002562 7.409500
0.002883 12.219600
0.003203 5.397280
0.003523 7.595460
0.003844 40.147200
0.004164 11.303200
0.004484 14.394500
0.004805 1.783620
0.005125 21.254700
0.005445 6.275610
0.005766 6.796770
0.006086 9.310170
0.006406 16.395000
0.006726 6.757740
0.007047 40.058000
0.007367 14.434400
0.007687 61.476100
0.008008 20.422100
0.008328 15.783700
0.008648 33.471100
0.008969 40.207400
0.009289 35.090300
0.027867 8.389800
0.028187 34.360600
0.028507 44.757900
0.028828 18.179800
0.029148 4.870200
0.029468 4.275590
0.029789 30.757000
0.030109 24.652500
0.030429 62.893900
0.030750 18.106400
0.031070 19.831100
0.031390 86.662000
0.031710 26.354000
0.032031 56.204600
0.032351 12.723200
0.032671 4.442760
0.032992 5.041430
0.033312 12.081200
0.033632 30.103400
0.033953 27.942100
0.034273 9.096490
0.034593 33.778700
0.034914 18.269400
0.035234 8.663070
0.035554 16.316500
0.035874 11.486500
0.036195 11.033800
0.036515 27.900300
0.036835 46.452300
0.037156 6.357620
0.037476 43.919800
0.041640 9.958660
0.041960 26.217700
0.042281 12.673500
0.042601 5.469630
0.042921 36.356300
0.043242 57.764100
0.043562 72.917400
0.043882 8.488370
0.044202 7.049630
0.044523 13.714600
0.048366 58.116000
0.048687 18.704700
0.049007 3.561640
0.049327 34.334800
0.049648 56.309200
0.049968 32.713000
0.050288 54.529500
0.050609 29.346200
0.050929 20.806500
0.051249 24.724900
0.051570 14.020300
0.051890 22.768400
0.052210 11.936100
0.052530 3.895040
0.052851 4.006190
0.053171 7.153820
0.053491 30.918600
0.053812 17.578000
0.054132 48.307400
0.054452 8.088130
0.054773 30.187400
0.055093 7.305800
0.055413 67.833500
0.055734 57.711900
0.056054 33.437100
0.056374 4.516120
0.056694 9.524530
0.057015 45.185700
0.057335 26.653100
0.057655 20.237400
0.057976 52.654800
0.058296 26.291800
0.058616 14.997800
0.058937 14.594500
0.059257 8.497680
0.059577 59.747000
0.059898 28.099800
0.060218 8.317580
0.060538 16.203700
0.060858 27.261600
0.061179 12.458900
0.061499 62.653900
0.061819 40.963700
0.062140 3.245610
0.062460 11.520400
0.062780 7.895340
0.063101 21.715900
0.063421 10.735700
0.063741 23.025400
0.064061 42.461600
0.064382 3.214390
0.065022 9.509200
0.065343 20.129000
0.065663 10.795800
0.065983 38.954700
0.066304 24.424000
0.066624 15.660300
0.066944 4.666870
0.067265 31.633400
0.067585 76.778700
0.067905 3.879670
0.068225 65.868800
0.068546 9.875620
0.068866 6.743650
0.069186 5.068300
0.069507 19.767900
0.069827 18.811300
0.070147 4.719100
0.070468 23.830800
0.070788 56.878300
0.071108 11.333100
0.071429 42.648400
0.071749 26.029200
0.072069 54.942900
0.072389 44.900900
0.072710 5.790830
0.073030 58.128000
0.073350 8.928690
0.073671 23.691600
0.073991 17.569200
0.074311 4.355110
0.074632 32.251200
0.074952 17.934900
0.075272 15.758300
0.075593 3.753300
0.075913 18.287000
0.076233 63.980300
0.078155 11.312900
0.078475 6.887470
0.078796 31.784200
0.079116 52.067600
0.079436 5.612090
0.079757 40.966900
0.080077 34.325600
0.080397 19.796000
0.080717 36.463700
0.081038 7.727100
0.081358 19.834800
0.081678 11.459700
0.081999 7.192220
0.082319 56.115800
0.082960 15.882100
0.083280 16.632000
0.083600 8.176610
0.083921 3.590300
0.084241 7.233260
0.084561 60.295900
0.084881 9.779120
0.085202 8.984920
0.085522 11.451500
0.085842 33.841800
0.086163 47.276900
0.086483 22.235600
0.086803 27.181200
0.087124 37.839700
0.087444 5.678450
0.087764 7.670450
0.088085 55.755800
0.088405 54.091800
0.088725 13.524600
0.089045 4.753200
0.089366 4.323800
0.089686 12.783700
0.090006 9.704050
0.090327 5.164670
0.090647 9.274140
0.090967 16.783100
0.091288 46.579700
0.091608 18.461900
0.091928 32.601400
0.092249 1.091660
0.092569 15.467400
0.092889 26.928300
0.093209 77.952100
0.093530 39.536100
0.093850 8.155780
0.094170 2.552540
0.094491 8.168240
0.094811 56.094300
0.095131 43.580500
0.095452 16.955100
0.095772 3.286770
0.096092 22.505700
0.110826 9.691900
0.111147 10.763000
0.111467 40.229100
0.112108 67.121200
0.112428 19.271600
0.112748 20.180500
0.113069 50.028600
0.113389 35.608100
0.113709 38.967700
0.114029 31.490600
0.114350 6.722730
0.114670 22.747500
0.114990 15.247900
0.115311 56.489300
0.115631 17.723200
0.115951 48.068400
0.116272 12.547400
0.116592 19.320100
0.116912 3.524820
0.117233 27.841400
0.117553 15.169300
0.117873 5.568350
0.118193 12.743600
0.118514 44.834900
0.118834 15.263400
0.119154 73.715800
0.119475 36.199300
0.119795 10.086900
0.120115 18.691400
0.120436 18.890900
0.120756 6.638880
0.121076 14.299500
0.121397 17.765500
0.121717 4.570390
0.122037 14.791700
0.122357 9.260350
0.122678 9.121260
0.122998 20.588400
0.123318 70.347500
0.123639 23.165900
0.123959 38.135200
0.124279 12.691600
0.124600 28.535100
0.124920 64.052000
0.125240 13.971100
0.125561 2.751930
0.125881 24.222900
0.126201 10.962600
0.126521 5.120720
0.126842 56.102200
0.127162 47.973700
0.127482 42.962000
0.127803 40.022400
0.128123 17.534900
0.128443 10.101500
0.128764 38.527200
0.129084 5.299820
0.129404 12.224300
0.129725 16.885500
0.130045 7.422120
0.130365 48.580000
0.130685 13.706300
0.131006 18.384100
0.131326 12.481600
0.131646 15.315000
0.131967 35.040200
0.132287 41.900900
0.132928 10.642300
0.133248 20.392600
0.133568 11.457900
0.133889 15.743800
0.134209 27.456200
0.134529 25.216600
0.134849 25.397200
0.135170 11.651600
0.135490 16.073100
0.135810 34.592900
0.136131 18.625900
0.136451 57.244900
0.136771 23.793100
0.137092 30.261500
0.137412 39.252100
0.137732 25.621600
0.138053 46.878600
0.138373 72.502000
0.138693 8.073730
0.139013 1.794730
0.139334 30.670600
0.139654 27.188500
0.139974 25.328800
0.140295 65.255300
0.140615 7.719000
0.140935 12.863500
0.141256 3.117390
0.141576 51.094900
0.141896 13.902300
0.142217 9.400120
0.142537 17.339200
0.142857 62.377300
0.143177 9.581970
0.143498 31.811000
0.143818 24.143700
0.144138 17.734900
0.144459 10.112800
0.144779 6.792690
0.145099 20.794500
0.145420 3.634570
0.145740 43.792500
0.146060 6.797440
0.146381 33.109300
0.146701 5.465050
0.153427 59.483000
0.153748 18.163900
0.154068 64.485900
0.154388 67.628900
0.154709 1.657890
0.155029 8.810050
0.155349 7.083220
0.155669 11.170500
0.155990 96.631500
0.156310 15.259200
0.156630 7.388530
0.156951 6.471910
0.157271 7.496380
0.157591 37.319800
0.157912 65.060100
0.158232 17.793000
0.158552 9.155830
0.158873 48.208600
0.159193 13.989200
0.159513 7.452120
0.159833 17.007500
0.160154 70.977100
0.160474 12.658400
0.160794 26.297600
0.161115 65.527600
0.161435 24.865800
0.161755 17.325500
0.162076 42.353300
0.162396 47.352900
0.162716 14.982700
0.163037 53.338900
0.163357 9.927400
0.163677 16.702800
0.163997 9.849170
0.164318 17.395400
0.164638 24.770100
0.164958 41.681900
0.165279 47.401700
0.165599 7.803330
0.165919 6.227280
0.166240 19.604000
0.166560 32.324300
0.166880 5.623070
0.167201 27.128600
0.167521 8.312250
0.167841 8.051730
0.168161 7.695400
0.168482 7.500420
0.168802 5.469950
0.169122 54.885400
0.169443 14.619800
0.169763 5.100540
0.170083 9.298280
0.170404 10.155000
0.170724 38.562500
0.171044 7.414550
0.171365 10.682100
0.171685 31.550500
0.172005 30.716800
0.172325 6.970370
0.172646 17.365200
0.172966 9.879870
0.173286 45.540600
0.173607 19.075100
0.173927 61.206500
0.174568 11.720500
0.174888 7.132550
0.175208 14.620400
0.175529 43.522700
0.175849 16.915800
0.176169 73.310700
0.176489 8.866170
0.176810 44.407200
0.177130 16.192300
0.177450 42.423900
0.177771 51.324600
0.180333 8.324900
0.180653 19.700600
0.180974 10.126800
0.181294 26.659200
0.181614 38.581200
0.181935 70.350900
0.182255 36.201200
0.182575 8.718640
0.182896 60.677200
0.183216 18.120300
0.183536 12.850600
0.183857 13.791200
0.184177 9.444890
0.184497 5.370500
0.184817 29.366100
0.185138 23.368200
0.185458 23.375600
0.185778 10.995300
0.186099 55.774700
0.186419 10.191700
0.186739 43.743200
0.187060 3.878000
0.187380 47.892200
0.187700 10.572100
0.188020 27.658800
0.188341 8.727800
0.188661 76.290000
0.188981 8.268990
0.189302 22.241300
0.189622 6.091610
0.189942 50.232400
0.190263 34.485500
0.190583 11.314300
0.190903 44.187800
0.191224 6.952840
0.191544 40.101700
0.191864 15.801900
0.192184 9.033770
0.192505 26.401400
0.193145 69.529000
0.193466 55.862700
0.194106 10.169900
0.194427 9.485360
0.194747 52.938700
0.195067 19.619400
0.195388 6.693790
0.195708 11.154900
0.196028 8.448260
0.196348 17.474000
0.196669 20.087500
0.196989 34.605100
0.197309 20.661500
0.197630 43.848600
0.197950 9.728680
0.198270 20.316400
0.198591 12.472900
0.198911 12.879000
0.199231 5.131800
0.199552 52.827400
0.199872 3.032670
0.200192 23.735100
0.200512 72.070100
0.200833 3.567980
0.201153 14.354000
0.201473 20.930800
0.201794 44.202700
0.202114 62.976700
0.202434 9.492150
0.202755 33.498200
0.203075 12.993500
0.203395 17.226800
0.203716 5.685110
0.204036 38.889400
0.204356 14.644200
0.204676 43.787300
0.204997 30.027300
0.205317 29.666500
0.205637 38.464400
0.205958 13.326000
0.206278 14.536400
0.206598 5.526600
0.206919 28.378900
0.207239 8.324280
0.207559 26.452600
0.207880 4.606780
0.208200 31.725400
0.208520 7.181380
0.208840 12.117100
0.209161 11.447900
0.209481 47.740600
0.209801 27.920000
0.210122 21.041300
0.210442 11.548500
0.210762 23.801400
0.211083 29.250800
0.211403 1.843630
0.211723 34.561900
0.212044 9.351210
0.212364 27.765700
0.212684 24.905600
0.213004 11.442300
0.213325 21.176100
0.213645 12.013200
0.213965 38.102300
0.214286 66.374800
0.214606 37.759400
0.214926 64.138300
0.215247 29.424200
0.215567 4.925300
0.215887 9.582310
0.216208 1.833570
0.216528 28.913900
0.216848 14.343800
0.217168 33.111100
0.217489 14.712700
0.217809 26.611100
0.218129 31.052100
0.218450 74.533200
0.218770 7.351870
0.219090 9.214530
0.219411 27.093800
0.219731 82.726600
0.220051 10.126300
0.220372 25.260300
0.220692 2.581770
0.221012 12.451000
0.221332 5.832830
0.221653 21.413700
0.221973 22.394400
0.222293 15.529500
0.222614 5.162690
0.222934 7.893070
0.223254 22.412500
0.223575 46.302700
0.223895 41.536800
0.224215 5.517240
0.224536 30.932700
0.224856 28.549400
0.225176 44.504100
0.225496 10.552300
0.225817 27.924500
0.226137 65.271300
0.226457 11.670600
0.226778 38.601300
0.227098 28.423600
0.227418 53.593200
0.227739 46.475900
0.228059 24.086600
0.228379 16.659700
0.228700 11.928700
0.229020 29.624300
0.229340 28.863200
0.229660 31.579500
0.229981 58.800400
0.230301 24.976500
0.230621 1.728040
0.230942 19.776500
0.231262 6.209890
0.231582 4.641090
0.231903 5.578920
0.232223 17.781000
0.232543 34.947000
0.232864 6.353740
0.233184 10.071400
0.233504 1.740540
0.233824 37.095300
0.234145 16.914300
0.234465 8.001730
0.234785 50.418700
0.235106 41.451000
0.235426 10.204100
0.235746 37.925400
0.236067 25.583200
0.236387 70.155500
0.236707 25.537900
0.237028 56.544500
0.237348 5.367180
0.237668 63.083900
0.237988 30.378700
0.238309 45.187500
0.238629 20.913100
0.238949 10.816300
0.239270 21.382500
0.239590 11.561000
0.239910 7.170640
0.240231 10.121800
0.240551 61.899500
0.240871 4.614840
0.241192 38.268400
0.241512 8.670220
0.241832 27.817400
0.242152 7.146870
0.242473 4.909960
0.242793 16.907400
0.243113 15.276500
0.243434 13.777400
0.243754 5.583230
0.244074 12.174500
0.244395 21.904900
0.244715 9.610590
0.245035 43.717800
0.245356 56.891000
0.245676 21.094200
0.245996 7.049160
0.246316 34.973800
0.246637 7.013660
0.246957 37.139500
0.247277 16.671900
0.247598 14.556700
0.247918 17.564600
0.248238 70.977400
0.248559 40.902000
0.248879 8.306780
0.249199 4.013120
0.249520 21.224400
0.249840 9.921730
0.250160 8.223220
0.250480 55.004100
0.250801 16.529300
0.251121 19.209600
0.251441 40.557400
0.251762 6.181610
0.252082 7.725600
0.252402 31.331200
0.252723 50.487400
0.253043 5.863080
0.253363 38.281000
0.253684 46.252000
0.254004 19.109300
0.254324 26.221700
0.254644 8.414070
0.254965 20.041600
0.255285 54.748900
0.255605 46.271700
0.255926 26.674000
0.256246 24.889300
0.256566 17.102900
0.256887 26.152500
0.257207 46.232900
0.257527 15.879400
0.257848 9.841700
0.258168 55.795700
0.258488 46.018200
0.258808 4.183100
0.259129 58.205200
0.259449 21.313400
0.259769 36.451900
0.260090 8.226920
0.260410 8.585190
0.260730 46.783800
0.261051 39.021000
0.261371 51.740900
0.261691 10.422500
0.262012 28.984900
0.262332 8.626570
0.262652 18.165200
0.262972 61.294600
0.263293 49.210800
0.263613 83.536700
0.263933 6.766280
0.264254 10.563300
0.264574 48.064700
0.264894 13.783100
0.265215 44.052200
0.265535 31.010800
0.265855 9.813260
0.266176 2.894730
0.266496 38.799200
0.266816 44.436700
0.267136 4.814090
0.267457 82.100200
0.267777 27.617700
0.268097 6.821880
0.268418 39.139800
0.268738 6.346840
0.269058 6.125850
0.269379 11.450600
0.269699 72.493500
0.270019 5.694000
0.270340 8.039590
0.270660 6.863220
0.270980 28.010000
0.271300 4.960770
0.271621 4.176810
0.271941 8.184930
0.272261 56.635400
0.272582 45.491400
0.272902 10.097700
0.273222 57.363700
0.273543 8.485540
0.273863 19.839900
0.274183 30.327700
0.274504 8.777000
0.274824 9.393110
0.275144 11.738900
0.275464 10.447000
0.275785 21.172200
0.276105 3.612530
0.276425 6.816610
0.276746 35.779600
0.277066 27.474600
0.277386 5.261300
0.277707 15.584200
0.278027 5.795340
0.278347 8.968070
0.278668 82.186100
0.278988 25.586600
0.279308 7.446040
0.279628 74.827100
0.279949 45.754000
0.280269 6.215160
0.280589 65.678300
0.280910 66.300400
0.281230 31.587000
0.281550 8.854180
0.281871 23.773600
0.282191 46.180700
0.282511 37.105700
0.282832 43.089200
0.283152 36.710900
0.283472 14.061100
0.283792 14.591600
0.284113 37.189600
0.284433 47.168800
0.284753 19.325400
0.285074 4.132940
0.285394 32.458400
0.285714 57.664000
0.286035 21.780600
0.286355 6.337890
0.286675 75.572800
0.286996 16.718900
0.287316 5.622040
0.287636 6.645670
0.287956 32.967900
0.288277 13.533800
0.288597 8.465440
0.288917 29.361400
0.289238 27.882800
0.289558 33.006000
0.289878 6.617400
0.290199 62.399500
0.290519 47.498000
0.290839 25.231400
0.291160 8.648760
0.291480 2.323770
0.291800 22.350300
0.292120 22.736700
0.292441 7.633360
0.293081 26.410100
0.293402 33.241000
0.293722 9.176090
0.294042 17.436900
0.294363 7.249450
0.294683 70.540200
0.295003 55.539400
0.295324 22.178600
0.295644 5.395460
0.295964 68.955200
0.296284 8.129310
0.296605 24.616600
0.296925 3.921990
0.297245 17.246900
0.297566 47.173300
0.297886 20.813100
0.298206 37.458400
0.298527 8.513130
0.298847 6.956760
0.299167 12.075500
0.299488 8.416350
0.299808 9.889150
0.300128 42.061400
0.300448 20.897500
0.300769 3.684510
0.301089 50.565300
0.301409 6.559990
0.301730 9.859680
0.302050 16.882500
0.302370 5.123850
0.302691 2.145480
0.303011 27.892400
0.303331 33.092700
0.303652 37.688300
0.303972 17.622000
0.304292 52.902000
0.304612 17.539900
0.304933 38.356300
0.305253 53.777300
0.305573 20.482700
0.305894 35.392100
0.306214 31.501600
0.306534 9.917660
0.306855 56.134700
0.307175 7.109320
0.307495 9.686340
0.307816 22.601600
0.308136 8.076940
0.308456 58.940900
0.308776 28.841900
0.309097 72.250700
0.309417 6.158550
0.309737 3.351440
0.310058 42.893700
0.310378 24.584100
0.310698 7.863000
0.311019 5.768670
0.311339 9.659530
0.311659 8.924710
0.311980 11.263600
0.312300 5.720560
0.312620 9.366070
0.312940 4.229840
0.313261 13.427000
0.313581 14.413100
0.313901 7.161020
0.314222 41.819400
0.314542 5.173540
0.314862 13.319400
0.315183 13.861400
0.315503 23.189400
0.315823 27.411200
0.316143 50.149100
0.316464 10.158400
0.316784 17.029400
0.317104 21.171700
0.317425 29.266200
0.317745 38.527000
0.318065 26.931000
0.318386 9.521910
0.318706 19.564100
0.319026 9.621300
0.319347 45.332800
0.319667 44.898500
0.319987 6.687380
0.320307 84.855200
0.320628 19.266600
0.320948 21.922600
0.321268 20.699600
0.321589 5.601510
0.321909 23.849600
0.322229 22.392900
0.322550 34.495900
0.322870 46.084100
0.323190 18.182500
0.323511 16.207200
0.323831 11.437900
0.324151 14.338100
0.324471 10.411800
0.324792 37.652200
0.325112 9.344280
0.325432 26.430400
0.325753 9.901950
0.326073 7.459280
0.326393 28.806100
0.326714 6.952370
0.327034 40.847200
0.327354 7.117490
0.327675 9.317980
0.327995 77.811400
0.328315 61.184200
0.328635 19.067700
0.328956 5.091400
0.329276 6.823130
0.329596 25.171000
0.329917 19.159800
0.330237 23.127200
0.330557 40.050600
0.330878 40.306200
0.331198 35.512200
0.331518 17.056300
0.331839 24.690800
0.332159 1.953150
0.332479 21.287600
0.332799 33.282300
0.333120 11.146200
0.333440 33.340000
0.333760 5.011560
0.334081 4.802590
0.334401 10.727000
0.334721 31.520300
0.335042 22.826200
0.335362 59.486800
0.335682 9.344070
0.336003 20.701100
0.336323 18.895200
0.336643 39.458700
0.336963 49.169600
0.337284 8.528300
0.337604 46.194200
0.337924 49.288100
0.338245 43.423700
0.338565 2.435740
0.338885 22.239000
0.339206 25.675100
0.339526 39.962000
0.339846 11.208200
0.340167 13.631100
0.340487 3.342550
0.340807 5.093270
0.341127 29.885600
0.341448 18.307000
0.341768 17.358400
0.342088 34.607500
0.342409 55.090700
0.342729 61.083100
0.343049 14.959100
0.343370 11.052400
0.343690 19.725100
0.344010 33.802900
0.344331 39.682900
0.344651 4.869510
0.344971 10.954500
0.345291 37.148700
0.345612 2.593710
0.345932 72.349700
0.346252 21.829100
0.346573 30.390000
0.346893 5.213550
0.347213 26.874000
0.347534 43.634900
0.347854 4.027570
0.348174 52.383000
0.348495 9.147310
0.348815 2.622610
0.349135 19.146600
0.349455 17.304300
0.349776 70.928500
0.350096 36.311900
0.350416 33.248400
0.350737 5.191850
0.351057 13.891600
0.351377 31.228000
0.351698 52.937300
0.352018 36.088200
0.352338 5.616550
0.352659 51.801300
0.352979 16.571600
0.353299 28.911100
0.353619 10.444200
0.353940 67.187100
0.354260 82.025200
0.354580 9.772160
0.354901 6.191740
0.355221 10.196900
0.355541 21.130000
0.355862 18.749900
0.356182 13.350600
0.356502 7.094450
0.356823 7.505040
0.357143 9.451780
0.357463 68.779800
0.357783 41.696800
0.358104 13.768500
0.358424 43.652900
0.358744 27.848600
0.359065 37.038300
0.359385 31.572100
0.359705 42.162000
0.360026 10.696400
0.360346 7.421030
0.360666 17.299300
0.360987 8.904470
0.361307 6.150900
0.361627 6.122300
0.361947 18.550400
0.362268 71.635600
0.362588 6.833630
0.362908 42.993500
0.363229 87.849600
0.363549 25.693500
0.363869 22.972300
0.364190 80.553300
0.364510 24.315300
0.364830 8.725740
0.365151 17.153300
0.365471 40.304500
0.365791 9.476060
0.366111 6.634580
0.366432 30.611500
0.366752 5.228670
0.367072 4.819830
0.367393 17.265200
0.367713 18.998100
0.368033 5.619110
0.368354 23.348500
0.368674 53.095300
0.368994 11.740200
0.369315 51.105800
0.369635 5.110830
0.369955 35.320200
0.370275 5.290000
0.370596 13.988600
0.370916 53.276800
0.371236 13.803500
0.371557 24.103100
0.371877 20.830300
0.372197 6.171690
0.372518 63.442000
0.372838 8.912000
0.373158 34.810300
0.373479 9.701610
0.373799 40.802000
0.374119 13.515100
0.374439 30.293300
0.374760 12.746600
0.375080 13.373000
0.375400 2.693310
0.375721 15.473500
0.376041 5.842180
0.376361 17.330200
0.376682 6.430220
0.377002 13.156900
0.377322 15.733400
0.377643 26.397000
0.377963 45.893500
0.378283 25.105000
0.378603 27.044100
0.378924 52.680700
0.379244 24.727700
0.379564 12.699000
0.379885 6.012890
0.380205 16.544100
0.380525 8.984470
0.380846 9.634530
0.381166 10.153200
0.381486 43.138500
0.381807 12.402200
0.382127 40.641000
0.382447 44.097500
0.382767 7.057310
0.383088 78.867200
0.383408 12.058100
0.383728 26.208000
0.384049 12.966500
0.384369 66.931400
0.384689 42.956500
0.385010 22.017500
0.385330 38.498100
0.385650 6.988980
0.385971 22.904200
0.386291 21.411800
0.386611 39.164800
0.386931 24.277100
0.387252 49.773400
0.387572 57.193000
0.387892 18.467900
0.388213 50.416300
0.388533 4.445340
0.388853 3.700560
0.389174 10.182900
0.389494 12.225700
0.389814 25.238200
0.390135 39.805400
0.390455 11.856800
0.390775 2.872180
0.391095 8.647660
0.391416 45.865000
0.391736 93.875000
0.392056 64.801700
0.392377 11.500300
0.392697 32.383900
0.393017 4.227300
0.393338 7.586190
0.393658 20.522900
0.393978 4.382960
0.394299 31.954800
0.394619 21.455800
0.394939 48.780200
0.395259 40.529000
0.395580 23.532100
0.395900 4.548930
0.396220 9.993160
0.396541 73.956000
0.396861 2.973270
0.397181 35.411000
0.397502 12.469400
0.397822 65.406100
0.398142 49.458900
0.398463 19.254600
0.398783 46.956200
0.399103 38.887600
0.399423 25.143800
0.399744 32.709100
0.400064 25.183300
0.400384 59.397000
0.400705 26.839200
0.401025 16.653200
0.401345 9.876570
0.401666 12.725300
0.401986 26.227800
0.402306 31.916300
0.402627 7.521100
0.402947 36.537400
0.403267 10.937900
0.403587 9.721950
0.403908 33.303100
0.404228 10.807900
0.404548 44.612400
0.404869 43.717000
0.405189 22.059400
0.405509 12.805700
0.405830 17.365400
0.406150 27.752900
0.406470 28.530300
0.406791 8.776500
0.407111 18.086100
0.407431 25.524000
0.409994 67.417800
0.410314 14.729600
0.410634 20.439700
0.410955 20.980100
0.411275 10.327700
0.411595 45.769500
0.411915 16.680800
0.412236 24.037300
0.412556 8.831480
0.412876 12.969700
0.413197 31.690600
0.413517 65.822300
0.413837 56.333000
0.414158 43.188600
0.414478 8.904040
0.414798 13.444700
0.415119 10.970800
0.415439 16.469300
0.415759 16.082000
0.416079 36.695500
0.416400 6.345680
0.416720 15.337600
0.417040 13.558700
0.417361 7.343090
0.417681 6.461900
0.418001 27.143400
0.418322 36.316500
0.418642 9.259750
0.418962 49.431900
0.419283 9.841440
0.419603 7.259650
0.419923 5.291030
0.420243 26.437400
0.420564 3.445610
0.420884 17.392100
0.421204 3.486670
0.421525 13.111200
0.421845 37.340000
0.422165 52.573000
0.422486 24.451200
0.422806 5.936740
0.423126 9.794180
0.423447 19.828300
0.423767 58.390500
0.424087 13.149600
0.424407 9.475880
0.424728 21.581900
0.425048 50.140800
0.425368 8.378170
0.425689 22.977200
0.426009 69.768300
0.426329 33.007100
0.426650 16.759200
0.426970 17.035100
0.427290 26.031100
0.427611 16.967100
0.427931 10.650200
0.428251 76.091700
0.428571 9.354150
0.428892 23.133200
0.429212 2.234270
0.429532 30.541400
0.429853 22.892800
0.430173 18.615700
0.430493 26.030200
0.430814 19.565800
0.431134 17.811600
0.431454 4.758400
0.431775 62.355100
0.432095 9.024560
0.432415 23.843500
0.432735 26.773300
0.433056 28.641400
0.433376 13.946000
0.433696 59.704000
0.434017 30.468900
0.434337 12.859000
0.434657 6.198900
0.434978 10.619400
0.435298 9.203110
0.435618 15.689700
0.435939 31.542700
0.436259 9.370320
0.436579 4.394500
0.436899 8.580520
0.437220 24.228400
0.437540 30.205600
0.437860 20.357500
0.438181 15.105100
0.438501 28.299300
0.438821 10.241700
0.439142 10.189200
0.439462 52.356300
0.439782 20.539800
0.440102 42.140400
0.440423 9.814030
0.440743 4.714870
0.441063 73.592000
0.441384 12.424100
0.441704 23.992400
0.442024 36.884500
0.442345 3.370680
0.442665 25.345900
0.442985 32.878500
0.443306 7.989780
0.443626 8.124040
0.443946 23.229900
0.444266 17.314100
0.444587 15.496500
0.444907 64.761600
0.445227 27.221600
0.445548 47.675500
0.445868 28.104100
0.446188 7.060600
0.446509 14.525900
0.446829 26.171700
0.447149 6.719700
0.447470 27.547900
0.447790 3.593560
0.448110 5.748090
0.448430 9.790310
0.448751 37.421100
0.449071 8.695570
0.449391 20.477800
0.449712 12.317000
0.450032 51.881400
0.450352 53.786400
0.450673 41.726800
0.450993 25.831500
0.451313 42.399100
0.451634 24.832300
0.451954 9.236630
0.452274 25.939000
0.452594 13.771200
0.452915 2.914450
0.453235 10.782800
0.453555 50.231700
0.453876 40.610000
0.454196 16.241200
0.454516 20.968500
0.454837 51.692300
0.455157 30.100000
0.455477 8.696990
0.455798 8.053490
0.456118 53.534800
0.456438 8.997060
0.456758 66.949300
0.457079 10.152100
0.457399 7.936270
0.457719 23.508800
0.458040 9.725700
0.458360 22.511500
0.458680 35.418600
0.459001 20.038400
0.459321 39.140600
0.459641 10.016200
0.459962 9.579710
0.460282 18.378000
0.460602 43.600600
0.460922 6.721910
0.461243 11.413600
0.461563 14.805500
0.461883 25.640300
0.462204 17.332000
0.462524 6.625870
0.462844 6.379740
0.463165 7.298930
0.463485 28.582500
0.463805 7.397500
0.464126 13.639600
0.464446 37.140600
0.464766 20.253000
0.465086 7.941370
0.465407 34.512300
0.465727 28.865500
0.466047 37.533300
0.466368 16.905400
0.466688 26.066200
0.467008 40.129100
0.467329 34.126500
0.467649 8.112370
0.467969 39.881200
0.468290 44.318500
0.468610 27.336500
0.468930 12.650900
0.469250 41.953700
0.469571 7.504410
0.469891 26.009100
0.470211 9.053680
0.470532 80.017700
0.470852 6.351260
0.471172 17.151400
0.471493 4.208430
0.471813 73.903700
0.472133 21.468900
0.472454 8.297970
0.472774 32.550900
0.473094 18.534400
0.473414 18.495900
0.473735 30.670900
0.474055 31.630400
0.474375 5.520480
0.474696 35.115300
0.475016 46.833500
0.475336 37.780500
0.475657 13.982700
0.475977 4.858100
0.476297 62.876600
0.476618 16.974200
0.476938 5.558300
0.477258 9.766950
0.477578 87.715000
0.477899 62.421300
0.478219 52.189100
0.478539 26.194300
0.478860 8.991170
0.479180 8.454780
0.479500 29.929800
0.479821 5.422350
0.480141 30.108600
0.480461 26.331200
0.480782 8.618240
0.481102 25.198500
0.481422 12.576300
0.481742 21.108000
0.482063 13.310700
0.482383 16.881100
0.482703 14.843200
0.483024 4.196510
0.483344 36.634800
0.483664 44.378900
0.483985 31.826800
0.484305 41.006500
0.484625 11.760100
0.484946 6.738880
0.485266 35.809200
0.485586 6.016780
0.485906 9.981250
0.486227 41.760200
0.486547 24.428500
0.486867 13.941100
0.487188 4.448550
0.487508 29.463800
0.487828 33.244500
0.488149 41.691400
0.488469 7.584440
0.488789 48.411300
0.489110 11.838100
0.489430 35.506900
0.489750 6.086280
0.490070 49.506800
0.490391 13.411200
0.490711 36.827900
0.491031 13.483500
0.491352 17.090800
0.491672 15.506900
0.491992 12.669200
0.492313 8.025820
0.492633 21.483800
0.492953 7.731760
0.493274 41.652100
0.493594 18.199500
0.493914 16.104100
0.494234 7.370910
0.494555 57.228000
0.494875 32.264500
0.495195 37.402400
0.495516 17.306800
0.495836 27.242900
0.496156 6.376450
0.496477 44.982900
0.496797 10.931900
0.497117 7.594520
0.497438 64.987400
0.497758 21.980400
0.498078 1.729200
0.498398 75.064200
0.498719 38.652400
0.499039 9.853910
0.499359 44.299600
0.499680 7.279930
0.500000 41.954700
0.500320 7.134160
0.500641 5.819980
0.500961 6.605460
0.501281 26.515900
0.501602 6.045910
0.501922 6.857780
0.502242 20.130000
0.502562 5.482770
0.502883 19.844300
0.503203 20.043200
0.503523 20.979800
0.503844 19.878600
0.504164 60.188400
0.504484 9.224590
0.504805 32.684600
0.505125 8.377430
0.505445 16.688900
0.505766 39.907100
0.506086 4.760080
0.506406 9.976340
0.506726 53.463000
0.507047 38.949800
0.507367 16.026300
0.507687 10.360700
0.508008 41.327100
0.508328 5.258940
0.508648 15.506800
0.508969 31.781900
0.509289 80.236700
0.509609 41.316500
0.509930 11.844400
0.510250 11.354800
0.510570 40.209000
0.510890 33.251100
0.511211 76.267000
0.511531 26.507400
0.511851 86.095900
0.512172 4.871290
0.512492 9.070980
0.512812 10.348100
0.513133 49.798000
0.513453 39.747100
0.513773 8.642390
0.514094 31.422300
0.514414 61.016500
0.514734 16.329500
0.515054 15.181600
0.515375 3.335200
0.515695 30.820900
0.516015 12.880400
0.516336 9.912790
0.516656 11.092200
0.516976 9.101090
0.517297 12.711200
0.517617 13.516800
0.517937 25.519300
0.518258 20.896500
0.518578 1.778640
0.518898 13.165700
0.519218 45.641400
0.519539 22.427800
0.519859 8.915790
0.520179 11.899800
0.520500 6.160310
0.520820 10.600000
0.521140 27.581900
0.521461 32.880100
0.521781 46.555100
0.522101 50.793600
0.522422 25.258400
0.522742 7.400560
0.523062 36.616600
0.523382 39.585300
0.523703 13.491000
0.524023 24.329800
0.524343 16.992500
0.524664 53.638100
0.524984 24.886100
0.525304 38.417000
0.525625 8.616990
0.525945 24.710300
0.526265 46.048200
0.526586 75.287700
0.526906 35.396300
0.527226 37.798900
0.527546 15.841900
0.527867 27.762000
0.528187 3.576630
0.528507 62.521600
0.528828 45.844200
0.529148 41.401100
0.529468 26.467000
0.529789 35.183600
0.530109 26.951900
0.530429 27.559700
0.530750 22.862500
0.531070 17.426700
0.531390 29.441800
0.531710 11.144700
0.532031 38.541600
0.532351 14.872600
0.532671 20.676300
0.532992 33.373300
0.533312 32.730100
0.533632 17.805100
0.533953 94.340100
0.534273 27.835400
0.534593 5.933990
0.534914 11.801400
0.535234 49.905200
0.535554 5.938230
0.535874 40.731500
0.536195 1.096140
0.536515 27.360000
0.536835 45.343800
0.537156 6.704930
0.537476 5.649640
0.537796 10.759900
0.538117 18.800300
0.538437 6.027950
0.538757 13.495500
0.539078 11.012900
0.539398 11.412100
0.539718 27.118400
0.540038 8.717630
0.540359 56.512200
0.540679 29.707100
0.540999 3.869170
0.541320 32.341700
0.541640 45.616800
0.541960 6.898810
0.542281 9.920350
0.542601 22.344200
0.542921 26.382900
0.543242 8.575850
0.543562 12.312200
0.543882 16.166300
0.544202 19.357900
0.544523 58.681900
0.544843 73.492600
0.545163 5.095200
0.545484 34.168800
0.545804 12.321300
0.546124 23.233000
0.546445 11.382400
0.546765 19.039800
0.547085 37.888600
0.547406 25.578700
0.547726 28.198100
0.548046 48.951300
0.548366 9.628350
0.548687 22.802800
0.549007 10.592400
0.549327 26.104800
0.549648 8.347630
0.549968 38.007900
0.550288 38.590200
0.550609 31.498300
0.550929 17.764100
0.551249 8.202340
0.551570 4.677660
0.551890 5.095100
0.552210 39.394400
0.552530 79.570600
0.552851 8.635650
0.553171 17.586100
0.553491 13.402300
0.553812 4.062200
0.554132 10.410200
0.554452 13.697000
0.554773 7.386320
0.555093 24.873000
0.555413 7.116570
0.555734 44.751400
0.556054 20.819300
0.556374 10.310300
0.556694 9.641320
0.557015 62.192500
0.557335 93.133400
0.557655 66.910400
0.557976 5.383060
0.558296 8.979300
0.558616 8.962060
0.558937 19.972900
0.559577 19.776400
0.559898 14.432200
0.560218 5.737130
0.560538 52.026000
0.560858 38.298000
0.561179 4.706880
0.561499 4.701700
0.561819 3.655740
0.562140 34.750700
0.562460 1.751880
0.562780 20.689400
0.563101 26.297100
0.563421 33.959600
0.563741 51.295000
0.564061 26.078700
0.564382 7.021090
0.564702 21.857700
0.565022 22.352000
0.565343 6.931840
0.565663 26.885400
0.565983 9.271100
0.566304 14.793400
0.566624 23.563800
0.566944 14.486300
0.567265 69.043100
0.567585 5.399720
0.567905 35.655000
0.568225 42.586700
0.568546 27.181800
0.568866 24.293700
0.569186 19.005500
0.569507 59.994600
0.569827 18.424500
0.570147 7.862790
0.570468 17.121200
0.570788 23.761300
0.571108 38.135800
0.571429 12.385800
0.571749 33.457900
0.572069 20.273800
0.572389 25.409000
0.572710 12.020900
0.573030 10.207300
0.573350 5.089610
0.573671 21.119900
0.573991 13.576200
0.574311 13.292600
0.574632 24.768700
0.574952 3.084520
0.575272 34.876700
0.575593 15.059600
0.575913 13.864300
0.576233 7.557980
0.576553 38.837100
0.576874 77.633900
0.577194 22.344700
0.577514 24.288800
0.577835 12.865800
0.578155 49.454300
0.578475 33.527600
0.578796 13.084200
0.579116 63.374300
0.579436 98.028100
0.579757 5.327180
0.580077 7.059200
0.580397 37.064600
0.580717 5.703360
0.581038 18.345100
0.581358 9.244890
0.581678 8.027800
0.581999 9.846470
0.582319 8.770800
0.582639 9.548800
0.582960 61.126200
0.583280 6.224250
0.583600 6.570780
0.583921 6.888200
0.584241 2.732370
0.584561 30.468000
0.584881 7.784100
0.585202 9.063400
0.585522 10.296500
0.585842 18.635800
0.586163 24.876800
0.586483 13.313900
0.586803 20.536200
0.587124 6.478080
0.587444 27.259600
0.587764 47.669200
0.588085 29.992700
0.588405 25.239100
0.588725 18.653200
0.589045 38.451400
0.589366 45.510600
0.589686 9.779930
0.590006 7.796160
0.590327 5.929650
0.590647 67.003700
0.590967 8.159800
0.591288 8.374030
0.591608 7.435800
0.591928 6.977440
0.592249 5.845740
0.592569 33.783300
0.592889 7.330390
0.593209 33.001300
0.593530 9.860880
0.593850 10.190900
0.594170 33.339000
0.594491 6.237470
0.594811 54.550900
0.595131 66.687600
0.595452 6.284130
0.595772 17.979300
0.596092 31.392000
0.596413 20.326400
0.596733 19.726700
0.597053 76.342000
0.597373 30.402100
0.597694 62.153600
0.598014 28.388300
0.598334 10.915300
0.598655 18.462900
0.598975 21.711900
0.599295 8.933080
0.599616 26.269900
0.599936 40.737800
0.600256 30.411400
0.600577 3.767240
0.600897 56.742100
0.601217 13.887200
0.601537 10.703200
0.601858 20.186900
0.602178 17.080700
0.602498 34.238400
0.602819 16.633500
0.603139 30.188400
0.603459 14.937300
0.603780 28.361700
0.604100 20.177300
0.604420 13.857600
0.604741 29.679300
0.605061 24.151400
0.605381 7.547590
0.605701 12.815800
0.606022 36.612100
0.606342 17.287800
0.606662 5.951440
0.606983 15.631700
0.607303 5.979350
0.607623 25.564100
0.607944 28.160200
0.608264 36.216200
0.608584 5.615950
0.608905 24.660000
0.609225 51.489100
0.609545 61.860100
0.609865 4.526350
0.610186 5.552420
0.610506 8.628920
0.610826 14.631000
0.611147 14.980100
0.611467 37.824600
0.611787 77.276600
0.612108 42.075300
0.612428 9.202540
0.612748 28.582400
0.613069 33.221300
0.613389 14.948200
0.613709 52.081800
0.614029 4.670710
0.614350 5.173280
0.614670 21.209600
0.614990 38.440400
0.615311 69.238700
0.615631 7.936730
0.615951 37.071500
0.616272 14.567400
0.616592 9.847410
0.616912 88.304100
0.617233 25.922300
0.617553 9.530650
0.617873 17.610700
0.618193 57.114800
0.618514 5.673160
0.618834 10.611600
0.619154 5.596160
0.619475 35.023900
0.619795 9.805800
0.620115 19.921100
0.620436 16.584600
0.620756 13.027900
0.621076 69.743900
0.621397 30.502500
0.621717 3.882960
0.622037 31.668100
0.622357 14.482300
0.622678 11.687400
0.622998 77.525800
0.623318 4.360920
0.623639 1.752890
0.623959 4.540500
0.624279 29.555000
0.624600 34.400500
0.624920 39.152300
0.625240 7.034500
0.625561 36.107800
0.625881 7.627110
0.626201 4.859900
0.626521 15.676400
0.626842 57.063500
0.627162 28.526200
0.627482 8.814050
0.627803 7.950400
0.628123 45.746100
0.628443 9.853440
0.628764 33.288600
0.629084 5.250420
0.629404 18.992100
0.629725 37.080100
0.630045 8.606070
0.630365 30.462200
0.630685 14.700200
0.631006 29.116400
0.631326 8.073210
0.631646 38.321900
0.631967 42.403600
0.632287 24.897600
0.632607 24.728000
0.632928 11.400700
0.633248 34.009000
0.633568 35.751400
0.633889 67.788900
0.634209 8.509900
0.634529 6.096650
0.634849 18.857500
0.635170 29.789600
0.635490 15.950000
0.635810 58.759600
0.636131 20.921500
0.636451 35.107400
0.636771 7.272040
0.637092 6.459800
0.637412 6.212220
0.637732 10.664400
0.638053 5.952590
0.638373 24.699600
0.638693 11.185000
0.639013 28.874700
0.639334 69.869900
0.639654 2.610580
0.639974 29.473800
0.640295 8.160250
0.640615 53.819300
0.640935 33.078900
0.641256 7.830980
0.641576 23.783200
0.641896 44.136400
0.642217 10.120900
0.642537 32.787500
0.642857 17.124700
0.643177 19.093700
0.643498 44.868100
0.643818 54.353700
0.644138 46.733600
0.644459 15.241800
0.644779 20.504900
0.645099 59.539200
0.645420 6.871370
0.645740 14.729700
0.646060 27.083300
0.646381 18.142300
0.646701 34.185600
0.647021 15.252000
0.647341 40.228600
0.647662 15.737500
0.647982 1.727950
0.648302 2.426690
0.648623 52.013400
0.648943 5.021390
0.649263 8.530900
0.649584 11.516100
0.649904 8.134480
0.650224 18.800200
0.650545 7.764710
0.650865 10.784000
0.651185 89.083800
0.651505 8.695800
0.651826 13.139000
0.652146 7.266440
0.652466 21.041100
0.652787 36.452100
0.653107 28.806400
0.653427 43.323800
0.653748 26.448900
0.654068 54.928200
0.654388 57.768400
0.654709 58.504100
0.655029 31.763000
0.655349 29.614400
0.655669 26.359800
0.655990 7.423030
0.656310 14.156500
0.656630 41.280500
0.656951 53.850000
0.657271 12.427300
0.657591 23.640100
0.657912 10.781500
0.658232 5.209530
0.658552 37.186700
0.658873 25.764100
0.659193 15.801400
0.659513 38.749200
0.659833 32.076100
0.660154 21.503400
0.660474 1.792030
0.660794 1.701540
0.661115 70.175300
0.661435 14.968800
0.661755 25.550700
0.662076 9.663110
0.662396 36.039100
0.662716 18.619100
0.663037 51.258200
0.663357 13.895000
0.663677 43.052400
0.663997 8.886080
0.664318 17.173100
0.664638 21.411200
0.664958 25.641100
0.665279 37.104500
0.665599 12.222500
0.665919 12.660900
0.666240 3.295540
0.666560 13.762500
0.666880 21.603000
0.667201 21.192400
0.667521 5.713040
0.667841 3.688490
0.668161 33.790600
0.668482 39.967600
0.668802 5.997600
0.669122 7.544570
0.669443 11.701900
0.669763 24.964000
0.670083 9.692280
0.670404 41.414100
0.670724 67.472900
0.671044 41.649200
0.671365 28.363700
0.671685 9.538980
0.672005 71.856100
0.672325 10.217400
0.672646 26.453200
0.672966 13.652100
0.673286 9.144780
0.673607 5.435470
0.673927 30.273600
0.674247 23.246200
0.674568 5.448520
0.674888 48.112300
0.675208 33.285700
0.675529 28.617100
0.675849 14.077100
0.676169 15.739400
0.676489 9.594740
0.676810 4.692970
0.677130 14.352500
0.677450 7.446110
0.677771 82.292000
0.678091 62.721800
0.678411 37.807800
0.678732 10.789400
0.679052 29.186200
0.679372 5.043820
0.679693 14.341500
0.680013 5.816380
0.680333 8.137650
0.680653 81.109200
0.680974 31.757500
0.681294 5.809210
0.681614 63.843300
0.681935 17.676300
0.682255 15.300100
0.682575 43.645900
0.682896 43.257800
0.683216 7.229180
0.683536 9.255550
0.683857 19.273300
0.684177 38.021300
0.684497 28.669100
0.684817 8.017150
0.685138 34.330600
0.685458 14.088400
0.685778 27.117700
0.686099 63.308800
0.686419 21.719400
0.686739 5.762500
0.687060 35.534300
0.687380 34.521400
0.687700 17.646100
0.688020 66.916300
0.688341 18.797000
0.688661 46.078900
0.688981 8.107590
0.689302 19.706400
0.689622 21.478000
0.689942 9.123340
0.690263 67.131700
0.690583 1.673730
0.690903 44.695700
0.691224 57.293000
0.691544 18.631000
0.691864 58.788400
0.692184 36.503400
0.692505 33.466000
0.692825 11.623000
0.693145 17.479100
0.693466 9.978640
0.693786 11.932900
0.694106 10.195700
0.694427 20.167100
0.694747 14.538900
0.695067 20.472000
0.695388 38.168100
0.695708 5.682170
0.696028 18.901300
0.696348 9.387110
0.696669 10.179000
0.696989 16.598800
0.697309 15.339400
0.697630 26.362500
0.697950 44.193600
0.698270 82.874200
0.698591 6.077140
0.698911 40.622800
0.699231 26.810200
0.699552 29.704700
0.699872 12.525400
0.700192 34.413100
0.700512 19.770000
0.700833 9.891750
0.701153 8.873510
0.701473 11.108800
0.701794 59.206500
0.702114 6.661430
0.702434 6.405370
0.702755 49.894500
0.703075 38.623500
0.703395 12.979600
0.703716 19.059600
0.704036 35.927900
0.704356 75.290600
0.704676 40.070400
0.704997 8.902510
0.705317 3.146210
0.705637 3.180760
0.705958 8.951960
0.706278 12.102800
0.706598 7.488210
0.706919 51.937400
0.707239 44.645500
0.707559 10.926500
0.707880 24.440700
0.708200 7.822810
0.708520 30.393200
0.708840 6.317130
0.709161 5.963480
0.709481 6.752170
0.709801 7.489770
0.710122 25.005400
0.710442 29.133600
0.710762 6.816480
0.711083 9.190280
0.711403 31.156700
0.711723 18.443600
0.712044 21.222700
0.712364 12.791600
0.712684 29.244500
0.713004 13.372400
0.713325 7.170910
0.713645 17.906800
0.713965 21.680700
0.714286 14.018500
0.714606 51.185000
0.714926 4.489920
0.715247 60.732400
0.715567 20.920900
0.715887 5.686180
0.716208 8.328660
0.716528 91.708500
0.716848 7.292330
0.717168 19.862100
0.717489 8.331630
0.717809 52.298400
0.718129 7.233270
0.718450 12.429200
0.718770 38.275100
0.719090 11.479100
0.719411 9.139040
0.719731 7.093550
0.720051 39.944300
0.720372 17.438800
0.720692 7.014490
0.721012 15.642300
0.721332 17.356300
0.721653 9.591640
0.721973 27.136300
0.722293 22.093900
0.722614 19.372300
0.722934 65.368700
0.723254 10.904800
0.723575 15.631400
0.723895 10.352500
0.724215 27.024600
0.724536 54.579600
0.724856 11.699400
0.725176 7.511730
0.725496 33.514200
0.725817 16.844600
0.726137 6.264070
0.726457 17.843800
0.726778 43.113700
0.727098 9.569710
0.727418 9.351750
0.727739 45.197300
0.728059 57.743500
0.728379 12.894800
0.728700 28.204700
0.729020 14.639700
0.729340 18.767400
0.729660 12.235100
0.729981 6.995610
0.730301 46.365200
0.730621 32.421800
0.730942 7.788130
0.731262 98.315100
0.731582 7.573430
0.731903 7.865880
0.732223 20.856100
0.732543 2.504790
0.732864 10.503500
0.733184 4.992300
0.733504 15.289600
0.733824 9.873220
0.734145 29.591400
0.734465 5.649670
0.734785 7.519380
0.735106 34.532100
0.735426 14.593200
0.735746 4.441260
0.736067 9.564160
0.736387 73.139400
0.736707 34.574300
0.737028 14.292400
0.737348 72.305800
0.737668 8.210990
0.737988 16.417700
0.738309 29.256700
0.738629 10.503300
0.738949 83.036900
0.739270 42.066700
0.739590 27.237900
0.739910 16.472200
0.740231 20.461700
0.740551 17.586700
0.740871 14.633100
0.741192 6.738920
0.741512 30.055400
0.741832 39.939100
0.742152 7.402820
0.742473 9.898830
0.742793 22.322200
0.743113 22.120200
0.743434 41.712600
0.743754 8.346800
0.744074 15.414800
0.744395 41.241800
0.744715 31.525200
0.745035 40.548300
0.745356 2.178370
0.745676 29.752600
0.745996 9.119100
0.746316 9.390800
0.746637 39.479900
0.746957 26.908500
0.747277 40.163700
0.747598 30.050200
0.747918 38.504000
0.748238 14.996800
0.748559 1.747490
0.748879 17.917800
0.749199 31.833200
0.749520 4.947690
0.749840 9.647970
0.750160 28.747000
0.750480 53.657400
0.750801 68.489600
0.751121 3.301020
0.751441 3.683310
0.751762 22.429700
0.752082 8.630800
0.752402 10.855800
0.752723 24.908000
0.753043 9.475140
0.753363 79.263600
0.753684 22.722800
0.754004 5.446350
0.754324 24.783400
0.754644 34.665100
0.754965 1.727890
0.755285 41.107800
0.755605 6.315360
0.755926 7.540080
0.756246 7.759310
0.756566 34.259800
0.756887 7.140650
0.757207 5.097210
0.757527 24.502300
0.757848 10.004400
0.758168 40.035300
0.758488 16.009400
0.758808 35.102800
0.759129 30.786100
0.759449 20.329200
0.759769 4.625960
0.760090 33.517200
0.760410 15.839600
0.760730 13.673100
0.761051 32.078100
0.761371 40.691000
0.761691 12.690200
0.762012 19.660800
0.762332 51.434400
0.762652 7.065790
0.762972 15.608800
0.763293 21.640100
0.763613 17.771100
0.763933 5.613890
0.764254 34.465800
0.764574 79.750000
0.764894 8.343620
0.765215 13.958600
0.765535 10.565100
0.765855 9.609810
0.766176 28.492500
0.766496 33.577500
0.766816 33.998600
0.767136 35.586100
0.767457 22.465200
0.767777 51.859000
0.768097 5.818370
0.768418 3.917980
0.768738 14.472800
0.769058 21.040400
0.769379 4.817760
0.769699 12.938600
0.770019 79.291100
0.770340 12.000100
0.770660 5.151830
0.770980 7.329740
0.771300 19.388300
0.771621 4.173310
0.771941 19.439600
0.772261 26.888700
0.772582 58.660500
0.772902 6.482140
0.773222 7.941870
0.773543 30.946700
0.773863 37.459500
0.774183 13.298400
0.774504 20.613500
0.774824 26.357800
0.775144 62.091800
0.775464 3.193540
0.775785 10.861400
0.776105 46.047800
0.776425 9.032210
0.776746 16.628200
0.777066 16.219400
0.777386 50.861300
0.777707 11.953900
0.778027 11.855400
0.778347 34.388800
0.778668 11.261100
0.778988 16.159300
0.779308 32.998600
0.779628 7.637310
0.779949 20.026000
0.780269 9.346980
0.780589 24.001600
0.780910 23.029200
0.781230 4.294380
0.781550 9.684630
0.781871 37.381200
0.782191 14.656100
0.782511 55.431000
0.782832 10.190000
0.783152 38.902500
0.783472 51.674400
0.783792 18.048800
0.784113 20.970900
0.784433 83.019200
0.784753 38.842800
0.785074 66.454100
0.785394 32.834300
0.785714 33.769800
0.786035 10.491100
0.786355 48.042700
0.786675 3.990480
0.786996 7.675800
0.787316 41.689000
0.787636 10.480500
0.787956 78.376000
0.788277 28.461100
0.788597 5.318050
0.788917 45.838400
0.789238 23.878700
0.789558 22.256300
0.789878 39.172200
0.790199 32.670600
0.790519 7.827070
0.790839 6.691340
0.791160 29.141400
0.791480 16.869300
0.791800 10.113500
0.792120 47.752900
0.792441 18.230400
0.792761 16.699100
0.793081 21.606800
0.793402 58.436100
0.793722 81.574500
0.794042 17.482300
0.794363 4.974430
0.794683 38.542300
0.795003 5.288100
0.795324 6.707150
0.795644 17.340900
0.795964 27.914200
0.796284 32.900900
0.796605 7.942920
0.796925 87.299800
0.797245 24.892400
0.797566 6.925650
0.797886 32.586100
0.798206 60.423100
0.798527 20.837200
0.798847 10.825900
0.799167 36.539700
0.799488 1.945430
0.799808 22.861600
0.800128 39.742800
0.800448 35.689300
0.800769 20.872800
0.801089 15.221800
0.801409 11.615700
0.801730 5.754630
0.802050 3.380250
0.802370 21.932100
0.802691 7.832590
0.803011 18.756900
0.803331 13.490800
0.803652 11.695400
0.803972 31.705300
0.804292 31.048400
0.804612 7.482080
0.804933 7.415480
0.805253 3.814300
0.805573 17.997900
0.805894 12.684300
0.806214 7.852270
0.806534 13.117800
0.806855 22.562600
0.807175 9.731980
0.807495 89.107100
0.807816 42.691900
0.808136 11.472000
0.808456 4.335710
0.808776 17.837300
0.809097 9.916170
0.809417 16.684100
0.809737 39.616200
0.810058 18.254400
0.810378 37.994600
0.810698 7.943230
0.811019 81.721200
0.811339 7.659990
0.811659 49.767300
0.811980 19.588900
0.812300 33.694400
0.812620 5.237570
0.812940 72.769600
0.813261 50.460900
0.813581 24.723800
0.813901 12.862800
0.814222 26.675200
0.814542 12.584400
0.814862 6.879750
0.815183 9.156200
0.815503 69.121400
0.815823 20.736100
0.816143 40.348000
0.816464 29.255000
0.816784 15.449600
0.817104 34.396000
0.817425 9.472970
0.817745 44.601500
0.818065 25.273900
0.818386 9.564060
0.818706 35.785100
0.819026 4.870190
0.819347 56.409400
0.819667 15.902000
0.819987 62.942000
0.820307 18.516800
0.820628 16.766700
0.820948 5.763070
0.821268 30.284100
0.821589 20.177800
0.821909 6.537830
0.822229 66.140700
0.822550 17.980100
0.822870 5.203780
0.823190 13.251400
0.823511 29.032400
0.823831 10.045700
0.824151 30.194600
0.824471 9.337530
0.824792 55.718900
0.825112 4.354940
0.825432 11.377200
0.825753 17.338100
0.826073 21.653400
0.826393 54.323500
0.826714 79.463900
0.827034 38.856600
0.827354 7.154590
0.827675 12.440400
0.827995 27.697600
0.828315 10.160300
0.828635 9.837910
0.828956 12.596800
0.829276 6.813000
0.829596 28.231200
0.829917 32.104800
0.830237 13.442900
0.830557 5.724250
0.830878 3.799830
0.831198 14.214800
0.831518 8.450190
0.831839 35.710900
0.832159 63.616700
0.832479 17.465500
0.832799 74.442300
0.833120 6.166170
0.833440 9.057130
0.833760 9.781620
0.834081 15.138300
0.834401 31.419300
0.834721 12.570300
0.835042 62.583500
0.835362 36.049200
0.835682 21.474600
0.836003 33.015800
0.836323 62.342500
0.836643 1.790780
0.836963 19.539700
0.837284 15.937900
0.837604 8.191940
0.837924 55.597200
0.838245 9.954910
0.838565 27.114900
0.838885 36.618900
0.839206 8.343600
0.839526 17.452000
0.839846 21.406100
0.840167 29.402000
0.840487 33.505900
0.840807 34.917700
0.841127 2.499580
0.841448 15.351600
0.841768 40.585900
0.842088 25.444600
0.842409 75.351700
0.842729 10.910300
0.843049 26.200200
0.843370 8.087800
0.843690 4.811660
0.844010 22.579900
0.844331 17.348900
0.844651 16.667900
0.844971 22.302900
0.845291 37.251000
0.845612 15.903100
0.845932 19.645100
0.846252 15.427000
0.846573 20.649000
0.846893 5.392860
0.847213 19.547200
0.847534 43.899000
0.847854 26.420400
0.848174 4.824750
0.848495 19.861100
0.848815 8.079010
0.849135 46.528600
0.849455 19.170200
0.849776 11.147700
0.850096 43.876000
0.850416 53.263100
0.850737 14.873700
0.851057 11.202100
0.851377 10.561800
0.851698 29.610900
0.852018 37.445300
0.852338 28.276200
0.852659 32.384900
0.852979 19.009000
0.853299 9.253000
0.853619 10.739000
0.853940 32.902600
0.854260 58.041000
0.854580 39.403500
0.854901 25.972900
0.855221 39.477100
0.855541 38.546800
0.855862 13.777100
0.856182 15.497100
0.856502 26.101700
0.856823 25.527200
0.857143 9.824130
0.857463 18.704200
0.857783 10.177300
0.858104 67.347600
0.858424 5.297370
0.858744 16.944100
0.859065 20.221400
0.859385 13.664100
0.859705 32.126300
0.860026 14.038100
0.860346 5.368020
0.860666 7.316700
0.860987 8.739340
0.861307 55.391300
0.861627 45.632000
0.861947 26.367300
0.862268 6.784180
0.862588 30.929000
0.862908 60.399500
0.863229 14.873000
0.863549 63.574600
0.863869 48.096400
0.864190 11.879400
0.864510 12.520000
0.864830 41.653600
0.865151 27.185600
0.865471 55.096400
0.865791 19.706600
0.866111 43.768700
0.866432 40.868400
0.866752 32.032300
0.867072 16.350700
0.867393 10.047000
0.867713 41.103500
0.868033 7.367900
0.868354 11.211600
0.868674 8.424110
0.868994 25.562300
0.869315 20.534700
0.869635 54.369000
0.869955 22.969400
0.870275 1.673250
0.870596 40.329000
0.870916 36.695400
0.871236 27.923600
0.871557 32.537500
0.871877 38.548700
0.872197 26.799700
0.872518 4.387670
0.872838 59.404600
0.873158 43.771700
0.873479 21.209100
0.873799 2.559530
0.874119 8.816800
0.874439 17.109600
0.874760 32.286500
0.875080 76.752700
0.875400 34.413500
0.875721 15.477800
0.876041 18.181500
0.876361 12.612300
0.876682 35.527400
0.877002 9.103580
0.877322 9.069490
0.877643 34.979500
0.877963 93.181200
0.878283 2.106830
0.878603 12.948700
0.878924 27.518000
0.879244 34.290900
0.879564 71.753500
0.879885 40.450200
0.880205 13.630100
0.880525 23.972200
0.880846 9.554930
0.881166 12.098900
0.881486 4.571630
0.881807 90.957200
0.882127 22.702300
0.882447 11.430600
0.882767 78.962600
0.883088 19.117100
0.883408 26.646000
0.883728 10.682300
0.884049 6.847720
0.884369 8.291960
0.884689 51.064900
0.885010 68.387800
0.885330 18.819900
0.885650 17.936600
0.885971 6.896430
0.886291 26.081000
0.886611 52.873700
0.886931 26.987800
0.887252 16.854100
0.887572 19.691200
0.887892 19.708700
0.888213 4.527460
0.888533 14.504600
0.888853 40.295400
0.889174 35.675200
0.889494 19.316500
0.889814 22.965000
0.890135 15.074400
0.890455 27.916500
0.890775 20.390400
0.891095 36.614800
0.891416 16.716800
0.891736 41.740100
0.892056 9.287230
0.892377 8.050160
0.892697 44.356100
0.893017 6.860660
0.893338 2.152160
0.893658 20.459800
0.893978 9.883570
0.894619 1.772950
0.894939 9.446240
0.895259 8.652770
0.895580 5.214190
0.895900 17.591600
0.896220 18.585900
0.896541 13.564400
0.896861 32.330200
0.897181 17.729300
0.897502 4.126780
0.897822 15.155600
0.898142 33.161100
0.898463 36.165000
0.898783 56.205300
0.899103 9.497390
0.899423 7.856720
0.899744 45.874400
0.900064 5.089860
0.900384 7.466690
0.900705 8.638730
0.901025 25.721600
0.901345 23.484800
0.901666 8.891920
0.901986 8.764850
0.902306 27.534200
0.902627 4.285260
0.902947 28.021800
0.903267 30.525400
0.903587 5.059370
0.903908 38.576400
0.904228 24.115200
0.904548 29.105200
0.904869 36.039500
0.905189 32.386100
0.905509 13.852100
0.905830 46.889900
0.906150 14.437600
0.906470 43.391500
0.906791 70.420700
0.907111 22.110700
0.907431 45.035400
0.907751 33.623500
0.908072 39.943400
0.908392 44.455600
0.908712 51.701700
0.909033 38.644000
0.909353 53.924000
0.909673 10.376900
0.909994 15.275700
0.910314 12.706700
0.910634 29.761600
0.910955 8.343920
0.911275 44.606200
0.911595 13.137500
0.911915 5.364280
0.912236 8.186920
0.912556 78.591800
0.912876 26.409700
0.913197 6.277580
0.913517 23.626400
0.913837 16.348200
0.914158 25.334500
0.914478 12.747200
0.914798 28.329600
0.915119 31.476600
0.915439 18.172800
0.915759 44.663400
0.916079 26.467200
0.916400 25.222600
0.916720 21.510400
0.917040 34.342500
0.917361 34.051400
0.917681 29.918900
0.918001 26.539100
0.918322 12.186600
0.918642 4.900810
0.918962 33.650800
0.919283 24.408500
0.919603 32.224300
0.919923 15.295700
0.920243 13.098200
0.920564 49.616900
0.920884 9.743030
0.921204 54.468200
0.921525 29.627000
0.921845 33.413800
0.922165 18.625800
0.922486 12.760800
0.922806 63.165300
0.923126 22.694100
0.923447 18.138000
0.923767 61.960200
0.924087 10.861900
0.924407 13.191100
0.924728 24.487800
0.925048 43.250400
0.925368 39.647900
0.925689 92.300000
0.926009 58.229800
0.926329 37.775600
0.926650 7.842910
0.926970 38.288600
0.927290 12.126200
0.927611 8.785370
0.927931 71.206300
0.928251 7.426090
0.928571 1.797860
0.928892 34.048200
0.929212 5.145950
0.929532 52.039600
0.929853 28.439500
0.930173 41.826600
0.930493 25.029600
0.930814 64.730400
0.931134 11.748700
0.931454 16.805200
0.931775 8.021460
0.932095 7.955590
0.932415 48.649200
0.932735 25.791600
0.933056 38.051100
0.933376 19.664500
0.933696 29.350300
0.934017 11.884000
0.934337 20.610100
0.934657 24.540300
0.934978 2.884620
0.935298 19.799300
0.935618 59.230700
0.935939 21.382100
0.936259 45.804700
0.936579 30.572100
0.936899 83.763600
0.937220 22.511800
0.937540 9.975630
0.937860 23.399700
0.938181 5.723500
0.938501 19.273700
0.938821 31.798300
0.939142 29.121400
0.939462 9.028570
0.939782 14.220300
0.940102 25.854600
0.940423 14.747800
0.940743 32.677400
0.941063 17.529300
0.941384 17.918800
0.941704 15.349600
0.942024 35.295300
0.942345 49.567800
0.942665 11.996100
0.942985 37.615000
0.943306 74.404500
0.943626 63.169300
0.943946 32.263300
0.944266 51.315300
0.944587 62.508300
0.944907 28.896800
0.945227 22.419800
0.945548 53.710100
0.945868 25.767100
0.946188 25.964800
0.946509 7.362720
0.946829 13.014200
0.947149 15.511100
0.947470 59.670200
0.947790 5.322090
0.948110 9.845980
0.948430 14.625800
0.948751 28.471600
0.949071 13.873600
0.949391 7.459420
0.949712 13.815700
0.950032 23.051400
0.950352 18.754200
0.950673 5.688190
0.950993 35.331500
0.951313 48.683000
0.951634 35.467200
0.951954 7.144780
0.952274 22.948000
0.952594 31.621400
0.952915 27.067300
0.953235 16.180300
0.953555 19.451200
0.953876 16.745000
0.954196 10.846300
0.954516 20.768600
0.954837 9.131820
0.955157 61.200000
0.955477 6.416160
0.955798 6.939920
0.956118 27.508300
0.956438 13.036200
0.956758 26.289500
0.957079 11.236200
0.957399 26.795600
0.957719 43.638700
0.958040 14.920800
0.958360 26.045100
0.958680 1.758750
0.959001 4.048020
0.959321 9.042550
0.959641 1.688200
0.959962 28.735900
0.960282 12.391700
0.960602 9.876760
0.960922 21.800500
0.961243 8.264260
0.961563 7.393410
0.961883 51.737100
0.962204 22.613100
0.962524 19.716300
0.962844 7.473260
0.963165 30.020900
0.963485 10.696600
0.963805 16.307500
0.964126 84.916400
0.964446 24.298000
0.964766 13.418400
0.965086 49.141300
0.965407 11.894700
0.965727 47.811800
0.966047 20.050100
0.966368 6.746330
0.966688 39.516500
0.967008 26.307300
0.967329 8.923410
0.967649 30.883200
0.967969 5.002500
0.968290 11.362600
0.968610 4.815820
0.968930 9.824160
0.969250 23.712200
0.969571 7.095000
0.969891 8.651280
0.970211 7.563320
0.970532 46.425300
0.970852 14.724800
0.971172 22.546200
0.971493 6.980150
0.971813 13.711800
0.972133 40.446800
0.972454 9.326450
0.972774 11.525900
0.973094 58.491000
0.973414 30.663200
0.973735 53.625300
0.974055 47.360600
0.974375 90.978700
0.974696 65.184800
0.975016 7.226690
0.975336 6.238590
0.975657 6.821760
0.975977 1.894430
0.976297 27.218400
0.976618 26.740600
0.976938 19.735000
0.977258 17.806700
0.977578 51.551300
0.977899 8.611870
0.978219 4.840730
0.978539 12.859100
0.978860 4.580020
0.979180 4.494330
0.979500 20.880300
0.979821 26.161800
0.980141 20.095600
0.980461 14.003600
0.980782 70.588600
0.981102 14.545700
0.981422 8.740070
0.981742 38.611800
0.982063 18.645100
0.982383 31.425300
0.982703 29.122500
0.983024 22.213400
0.983344 60.282500
0.983664 15.390700
0.983985 11.358800
0.984305 39.912300
0.984625 25.461200
0.984946 12.529200
0.985266 21.856300
0.985586 1.724820
0.985906 39.270600
0.986227 66.823200
0.986547 10.013800
0.986867 15.664500
0.987188 13.270100
0.987508 7.599050
0.987828 8.599190
0.988149 36.789700
0.988469 31.724700
0.988789 20.568500
0.989110 24.571100
0.989430 40.298800
0.989750 65.815900
0.990070 34.925000
0.990391 14.540700
0.990711 12.143800
0.991031 16.934200
0.991352 37.933300
0.991672 6.236770
0.991992 24.303000
0.992313 30.886200
0.992633 22.773100
0.992953 23.020000
0.993274 44.133300
0.993594 32.125400
0.993914 29.664200
0.994234 10.231500
0.994555 4.571450
0.994875 11.599700
0.995195 8.643700
0.995516 45.526100
0.995836 11.669600
0.996156 55.246300
0.996477 71.664200
0.996797 25.471300
0.997117 36.164100
0.997438 43.574300
0.997758 39.415800
0.998078 7.715260
0.998398 34.919200
0.998719 30.468600
0.999039 4.627540
0.999359 8.150370
0.999680 12.686000
1.000000 42.702200
