0.000637 30.979300
0.001273 16.817700
0.001910 44.533500
0.002546 9.729940
0.003183 26.110000
0.003819 6.202720
0.004456 41.747700
0.005092 8.118890
0.005729 7.239220
0.006365 6.203900
0.007002 12.090500
0.007638 69.244500
0.008275 38.141700
0.008912 34.472700
0.009548 10.521400
0.010185 19.180500
0.010821 10.824100
0.011458 9.861430
0.012094 26.181700
0.012731 6.278690
0.013367 7.687820
0.014004 6.036940
0.014640 9.129500
0.015277 11.426800
0.015913 17.077500
0.016550 6.762180
0.022279 9.958660
0.022915 31.038500
0.023552 7.035460
0.024188 46.610100
0.024825 4.870980
0.025461 9.711660
0.026098 3.735720
0.026735 24.777000
0.027371 87.740000
0.028008 77.224500
0.028644 24.528700
0.029281 40.640200
0.029917 21.113300
0.030554 17.764600
0.031190 6.592640
0.031827 11.571000
0.032463 5.995360
0.033100 32.326000
0.033736 2.050540
0.034373 38.938200
0.035010 19.653400
0.035646 41.197600
0.056652 9.691900
0.057288 82.090000
0.057925 33.104400
0.058561 23.460200
0.059198 20.793600
0.059835 8.378020
0.060471 37.057100
0.061108 25.621500
0.061744 71.180900
0.062381 14.787700
0.063017 17.861200
0.063654 68.339900
0.064290 33.798000
0.064927 27.826900
0.065563 31.600500
0.066200 2.175230
0.066836 7.105190
0.067473 26.206100
0.068109 6.451760
0.068746 17.058500
0.069383 43.561600
0.070019 3.157260
0.070656 68.167200
0.071292 20.859100
0.071929 15.550100
0.072565 3.030120
0.073202 8.745710
0.073838 27.847200
0.090388 8.389800
0.097390 58.116000
0.098027 20.716400
0.098663 7.084500
0.099300 63.291400
0.099936 21.246100
0.100573 8.045810
0.101209 55.994100
0.101846 48.091300
0.102482 17.225500
0.103119 8.199250
0.103756 25.995100
0.104392 11.288100
0.105029 15.376800
0.105665 35.167400
0.106302 52.896600
0.106938 30.578600
0.107575 38.307600
0.108211 17.084100
0.108848 44.058300
0.109484 5.154700
0.110121 25.504300
0.110757 80.075800
0.111394 18.915000
0.112031 5.053400
0.112667 20.218200
0.113304 27.153100
0.113940 9.214320
0.114577 20.833000
0.115850 8.776500
0.116486 15.276900
0.117123 19.582100
0.117759 34.614100
0.118396 93.853900
0.119032 36.167900
0.119669 18.599500
0.120306 26.029600
0.120942 10.870100
0.121579 16.756800
0.122215 58.914800
0.122852 8.737150
0.123488 17.070200
0.124125 27.332400
0.124761 11.935200
0.125398 16.014800
0.126034 3.631770
0.126671 21.418000
0.127307 13.758000
0.127944 39.314800
0.128581 18.917300
0.129217 13.653100
0.129854 7.545800
0.130490 17.664500
0.131127 6.214670
0.131763 19.569300
0.132400 51.968200
0.133036 9.244870
0.134946 9.509200
0.135582 15.567900
0.136219 22.935900
0.136856 11.057600
0.137492 51.844800
0.138129 23.676000
0.138765 15.314800
0.139402 4.488070
0.140038 17.281800
0.140675 5.339990
0.141311 10.227600
0.141948 20.487200
0.142584 3.675480
0.143221 23.072500
0.143857 30.190800
0.144494 5.216390
0.145130 77.479700
0.145767 91.525500
0.146404 36.164800
0.147040 8.094320
0.147677 10.333700
0.148313 9.217660
0.154042 59.483000
0.154679 8.710630
0.155315 7.489160
0.155952 32.902200
0.156588 9.282090
0.157225 13.053200
0.157861 65.390600
0.158498 18.898700
0.159134 41.922200
0.159771 51.716400
0.160407 25.939300
0.161044 48.408400
0.161680 15.587600
0.162317 26.306700
0.162954 4.020180
0.163590 42.239500
0.164227 4.226140
0.164863 7.063370
0.165500 42.180800
0.166136 29.390800
0.166773 6.173130
0.167409 4.918410
0.168046 63.430500
0.168682 56.634300
0.169319 2.746670
0.169955 25.894400
0.170592 15.079000
0.171229 29.207100
0.171865 48.463600
0.172502 18.187800
0.173138 1.754040
0.173775 2.296650
0.174411 49.165500
0.175048 46.287200
0.175684 10.504700
0.176321 24.561000
0.176957 36.162200
0.177594 38.629800
0.178230 34.045200
0.178867 6.315420
0.179504 9.946370
0.180140 8.471370
0.180777 12.271100
0.181413 4.113620
0.182050 2.362150
0.182686 21.875500
0.183323 16.471400
0.183959 22.026400
0.184596 44.790200
0.185232 5.578910
0.185869 25.590500
0.186505 9.993770
0.187142 6.245860
0.187778 72.582500
0.188415 29.643800
0.189052 52.153900
0.189688 37.256800
0.190325 18.969000
0.190961 49.088000
0.191598 8.857350
0.192234 9.019580
0.192871 11.831400
0.193507 8.340210
0.194144 6.941330
0.194780 8.177600
0.195417 16.340900
0.196053 49.517400
0.196690 1.720630
0.197327 9.538490
0.197963 25.462600
0.198600 3.978750
0.199236 2.498300
0.199873 15.072000
0.200509 28.085500
0.201146 73.158200
0.201782 40.937300
0.202419 13.146200
0.203055 37.545500
0.203692 5.241830
0.204328 10.884600
0.204965 55.794600
0.205602 45.207800
0.206238 7.733050
0.206875 18.674500
0.207511 6.385160
0.208148 25.266600
0.208784 9.794310
0.209421 5.939590
0.210057 7.009550
0.210694 16.267000
0.211330 18.462400
0.211967 9.859900
0.212603 21.074300
0.213240 15.791000
0.213877 2.517500
0.214513 8.738180
0.215150 9.068470
0.215786 13.734200
0.216423 8.855740
0.217059 10.203400
0.217696 22.314100
0.218332 6.008480
0.218969 4.986590
0.219605 4.781480
0.220242 25.674900
0.220878 7.638830
0.221515 37.846900
0.222151 19.040800
0.222788 18.590900
0.223425 43.782400
0.224061 1.115090
0.224698 33.949300
0.225334 54.288700
0.225971 31.756300
0.226607 14.606700
0.227244 10.312100
0.227880 4.650770
0.228517 10.699700
0.229153 18.025700
0.229790 30.435700
0.230426 72.053000
0.231063 14.915100
0.231700 38.776400
0.232336 94.762600
0.232973 14.719000
0.233609 56.591500
0.234246 11.026500
0.234882 15.191600
0.235519 21.636500
0.236155 42.969100
0.236792 13.720700
0.237428 40.876100
0.238065 3.723410
0.238701 24.922900
0.239338 6.502820
0.239975 14.423100
0.240611 18.084300
0.241248 66.985300
0.241884 9.972540
0.242521 34.719100
0.243157 30.321100
0.243794 15.140800
0.244430 10.761700
0.245067 25.361900
0.245703 30.966700
0.246340 79.387200
0.246976 37.451200
0.247613 65.312300
0.248250 27.987200
0.248886 5.193010
0.249523 4.984540
0.250159 4.318590
0.250796 29.779100
0.251432 13.277100
0.252069 14.137700
0.252705 29.293300
0.253342 19.959600
0.253978 8.290700
0.254615 37.976500
0.255251 66.119000
0.255888 9.977240
0.256525 27.417200
0.257161 17.492600
0.257798 59.109100
0.258434 28.369300
0.259071 9.527190
0.259707 72.845500
0.260344 38.875400
0.260980 15.870700
0.261617 5.017810
0.262253 12.505000
0.262890 6.901000
0.263526 14.371700
0.264163 4.875190
0.264799 1.741080
0.265436 44.985500
0.266073 3.866810
0.266709 22.847200
0.267346 27.698200
0.267982 21.357000
0.268619 4.589700
0.269255 5.986840
0.269892 1.690800
0.270528 1.799570
0.271165 90.856800
0.271801 2.628530
0.272438 20.132300
0.273074 33.791900
0.273711 10.000200
0.274348 23.305500
0.274984 64.873700
0.275621 20.339300
0.276257 67.357300
0.276894 30.495100
0.277530 24.493300
0.278167 19.700700
0.278803 8.751060
0.279440 18.781700
0.280076 7.033310
0.280713 9.655060
0.281349 7.610040
0.281986 16.042900
0.282623 19.381000
0.283259 40.237200
0.283896 10.250900
0.284532 20.885400
0.285169 19.032300
0.285805 27.438300
0.286442 2.007940
0.287078 10.177100
0.287715 20.032400
0.288351 72.469500
0.288988 52.109200
0.289624 6.949560
0.290261 6.471290
0.290898 92.269200
0.291534 9.379100
0.292171 54.071000
0.292807 21.569500
0.293444 7.896340
0.294080 30.088600
0.294717 27.733700
0.295353 2.998360
0.295990 25.056400
0.296626 8.868020
0.299173 7.409500
0.299809 5.848990
0.300446 7.397480
0.301082 5.559900
0.301719 32.025900
0.302355 29.318000
0.302992 7.065690
0.303628 58.385400
0.304265 14.787900
0.304901 63.980600
0.305538 8.863690
0.306174 7.534190
0.306811 63.386700
0.307447 51.684500
0.308084 8.061710
0.308721 20.299100
0.309357 13.677700
0.309994 8.274850
0.310630 17.697000
0.311267 19.423400
0.311903 28.889300
0.312540 1.446820
0.313176 50.195500
0.313813 24.315000
0.314449 13.188400
0.315086 19.813300
0.315722 23.967200
0.316359 12.791600
0.316996 76.572200
0.317632 38.557800
0.318269 9.434250
0.318905 18.454300
0.319542 25.153500
0.320178 15.123500
0.320815 26.601400
0.321451 19.181000
0.322088 20.574400
0.322724 7.474250
0.323361 1.702990
0.323997 6.617690
0.324634 10.447500
0.325271 5.789860
0.325907 11.729300
0.326544 42.101200
0.327180 43.945200
0.327817 10.121200
0.328453 17.400700
0.329090 28.352700
0.329726 71.234100
0.330363 8.236060
0.330999 22.051700
0.331636 26.630000
0.332272 8.100470
0.332909 15.313100
0.333546 20.666300
0.334182 26.364500
0.334819 22.121300
0.335455 8.373240
0.336092 9.849030
0.336728 19.923900
0.337365 3.199080
0.338001 46.194600
0.338638 4.890440
0.339274 7.394680
0.339911 38.908200
0.340547 11.958900
0.341184 5.879680
0.341820 25.656600
0.342457 35.487600
0.343094 15.443100
0.343730 16.758500
0.344367 6.947760
0.345003 39.929400
0.345640 17.579100
0.346276 56.181700
0.346913 21.041100
0.347549 28.550600
0.348186 7.893460
0.348822 61.860500
0.349459 14.180400
0.350095 33.658000
0.350732 26.610400
0.351369 5.588190
0.352005 53.248400
0.352642 9.256040
0.353278 10.430900
0.353915 6.023090
0.354551 8.035530
0.355188 19.701100
0.355824 12.417500
0.356461 71.781700
0.357097 17.253800
0.357734 11.054900
0.358370 27.227500
0.359007 19.048600
0.359644 53.837900
0.360280 5.739100
0.360917 28.118900
0.361553 21.004000
0.362190 14.824100
0.362826 16.945600
0.363463 5.602230
0.364099 12.302000
0.364736 19.715500
0.365372 44.654800
0.366009 11.809700
0.366645 35.691700
0.367282 19.668400
0.367919 18.231100
0.368555 24.202400
0.369192 25.565400
0.369828 26.655700
0.370465 16.214000
0.371101 3.589610
0.371738 12.182400
0.372374 27.568600
0.373011 29.571200
0.373647 19.728600
0.374284 27.192900
0.374920 48.255600
0.375557 22.865700
0.376194 6.376810
0.376830 12.965900
0.377467 40.668000
0.378103 14.357100
0.378740 13.723400
0.379376 9.393270
0.380013 6.714010
0.380649 4.444520
0.381286 48.561800
0.381922 14.261400
0.382559 8.278860
0.383195 20.062500
0.383832 8.278450
0.384468 7.283300
0.385105 1.777350
0.385742 8.360490
0.386378 8.871400
0.387015 6.462740
0.387651 64.774100
0.388288 5.537920
0.388924 96.036700
0.389561 10.375000
0.390197 28.048900
0.390834 13.576600
0.391470 17.701400
0.392107 62.132700
0.392743 14.562600
0.393380 2.369290
0.394017 58.669700
0.394653 7.580190
0.395290 8.765410
0.395926 40.397200
0.396563 84.182100
0.397199 13.764800
0.397836 45.529800
0.398472 2.394820
0.399109 46.768800
0.399745 35.788300
0.400382 46.964400
0.401018 47.837600
0.401655 2.590960
0.402292 13.308900
0.402928 65.952900
0.403565 50.274100
0.404201 17.787400
0.404838 11.269500
0.405474 29.325300
0.406111 20.843900
0.406747 11.369400
0.407384 15.801300
0.408020 7.089870
0.408657 38.276000
0.409293 68.414500
0.409930 9.780200
0.410567 26.137000
0.411203 21.355300
0.411840 6.135600
0.412476 26.442700
0.413113 4.384150
0.413749 23.521700
0.414386 16.036300
0.415022 50.257500
0.415659 6.546260
0.416295 55.288000
0.416932 18.159300
0.417568 12.298100
0.418205 33.120100
0.418842 12.018800
0.419478 22.105400
0.420115 10.969900
0.420751 19.156200
0.421388 22.322700
0.422024 13.406500
0.422661 9.337550
0.423297 14.218100
0.423934 80.847900
0.424570 28.093100
0.425207 30.592800
0.425843 57.440100
0.426480 18.015500
0.427116 31.403900
0.427753 40.362100
0.428390 20.777200
0.429026 22.907800
0.429663 33.684900
0.430299 1.136400
0.430936 39.217100
0.431572 12.975100
0.432209 29.895500
0.432845 24.729800
0.433482 2.403380
0.434118 13.691700
0.434755 19.267700
0.435391 16.210800
0.436028 25.753100
0.436665 5.121160
0.437301 17.394700
0.437938 18.965300
0.438574 31.317800
0.439211 18.715700
0.439847 76.826300
0.440484 5.712800
0.441120 6.902760
0.443030 9.805800
0.443666 54.564900
0.444303 6.481330
0.444940 21.361300
0.445576 3.136650
0.446213 9.801650
0.446849 46.933100
0.447486 24.056200
0.449395 67.121200
0.450032 16.535000
0.450668 14.970100
0.451305 28.756800
0.451941 7.404020
0.452578 3.673010
0.453215 46.617800
0.453851 23.787700
0.454488 7.774310
0.455124 26.413400
0.455761 34.370100
0.456397 49.469600
0.457034 24.075100
0.457670 8.662380
0.458307 23.074600
0.458943 59.164900
0.459580 25.600300
0.460216 25.614100
0.460853 11.376500
0.461489 22.547100
0.462126 25.848400
0.462763 7.854200
0.463399 26.455200
0.464036 32.130200
0.464672 13.796400
0.465309 23.959100
0.465945 14.440400
0.466582 53.509400
0.467218 18.807000
0.467855 19.885200
0.468491 18.213400
0.469128 39.910500
0.469764 12.701000
0.470401 37.868800
0.471038 48.596700
0.471674 6.965050
0.472311 7.743240
0.472947 18.465000
0.473584 29.421200
0.474220 4.564330
0.474857 11.672100
0.475493 17.779900
0.476130 14.936400
0.476766 7.489580
0.477403 3.665620
0.478039 12.796300
0.478676 14.202400
0.479313 12.247100
0.479949 12.557400
0.480586 7.822640
0.481222 28.949500
0.481859 10.175700
0.482495 12.813600
0.483132 59.756800
0.483768 14.797900
0.484405 15.287900
0.485041 10.660700
0.485678 39.314100
0.486314 54.640400
0.486951 9.371660
0.487588 5.262190
0.488224 17.052600
0.488861 82.622300
0.489497 60.621800
0.490134 4.535730
0.490770 30.862500
0.491407 4.214200
0.492043 6.354120
0.492680 15.000300
0.493316 24.917100
0.493953 68.130700
0.494589 70.767300
0.495226 5.675700
0.495863 62.244200
0.496499 11.588400
0.497136 1.916010
0.497772 15.323900
0.498409 28.392500
0.499045 9.551320
0.499682 28.345200
0.500318 38.929200
0.500955 7.269170
0.501591 21.779600
0.502228 27.707300
0.502864 29.372700
0.503501 20.997800
0.504137 36.265800
0.504774 3.307260
0.505411 6.861240
0.506047 15.756500
0.506684 5.599920
0.507320 21.483700
0.507957 24.856900
0.508593 40.540900
0.509230 40.014200
0.509866 12.887800
0.510503 40.015900
0.511139 23.549100
0.511776 11.508500
0.512412 21.724700
0.513049 5.244060
0.513686 48.198800
0.514322 10.309900
0.514959 18.622100
0.515595 4.895340
0.516232 69.034800
0.516868 34.998000
0.517505 36.508800
0.518141 17.714100
0.518778 39.935000
0.519414 26.467300
0.520051 4.779490
0.520687 83.813100
0.521324 6.485770
0.521961 41.794600
0.522597 24.199800
0.523234 21.936700
0.523870 67.855400
0.524507 36.186700
0.525143 8.394670
0.525780 13.393300
0.526416 8.334290
0.527053 60.995000
0.527689 30.996600
0.528326 84.514400
0.528962 30.965100
0.529599 9.532840
0.530236 57.166700
0.530872 84.084700
0.531509 16.757000
0.532145 39.803400
0.532782 23.367400
0.533418 26.084100
0.534055 18.911800
0.534691 44.799300
0.535328 9.320440
0.535964 40.770900
0.536601 27.822900
0.537237 26.209400
0.537874 18.175400
0.538511 7.138380
0.539147 5.563520
0.539784 3.364310
0.540420 14.015600
0.541057 6.082160
0.541693 33.149500
0.542330 5.084530
0.542966 91.334400
0.543603 25.596600
0.544239 32.727800
0.544876 57.866800
0.545512 49.114100
0.546149 11.931100
0.546785 10.216000
0.547422 6.214850
0.548059 42.429400
0.548695 61.775900
0.549332 17.997500
0.549968 12.121300
0.550605 19.927600
0.551241 9.800240
0.551878 21.963800
0.552514 9.639120
0.553151 4.944000
0.553787 56.916000
0.554424 13.383600
0.555060 33.197100
0.555697 3.920760
0.556334 24.745200
0.556970 25.819600
0.557607 24.875400
0.558243 21.590300
0.558880 27.421900
0.559516 84.164100
0.560153 11.745700
0.560789 84.667900
0.561426 16.585900
0.562062 50.141400
0.562699 6.414680
0.563335 29.871200
0.563972 9.074990
0.564609 20.158700
0.565245 16.199200
0.565882 78.141100
0.566518 10.469500
0.567155 15.995800
0.567791 71.071500
0.568428 25.010900
0.569064 9.265080
0.569701 39.479600
0.570337 31.079400
0.570974 61.371200
0.571610 82.204600
0.572247 6.015140
0.572884 7.968700
0.573520 41.861100
0.574157 27.655800
0.574793 4.496090
0.575430 33.490100
0.576066 5.098160
0.576703 1.805230
0.577339 5.660740
0.577976 71.169600
0.578612 14.434300
0.579249 38.584900
0.579885 43.333600
0.580522 55.527500
0.581158 7.828470
0.581795 11.191600
0.582432 63.256700
0.583068 15.884800
0.583705 16.352700
0.584341 16.855000
0.584978 43.846100
0.585614 28.440100
0.586251 12.140800
0.586887 1.806250
0.587524 32.882200
0.588160 5.783220
0.588797 43.865500
0.589433 16.471800
0.590070 14.221500
0.590707 36.586200
0.591343 16.747100
0.591980 23.445000
0.592616 21.913300
0.593253 52.596600
0.593889 30.833200
0.594526 33.966500
0.595162 39.205800
0.595799 7.871550
0.596435 24.978900
0.597072 6.975240
0.597708 39.602300
0.598345 20.935300
0.598982 14.797800
0.599618 13.492200
0.600255 8.851850
0.602164 11.312900
0.602801 46.790900
0.603437 3.275920
0.604074 22.211700
0.604710 33.571600
0.605347 17.589200
0.605983 24.696900
0.606620 4.386430
0.607257 6.821290
0.607893 6.253630
0.608530 25.718400
0.609166 11.166200
0.609803 38.879600
0.610439 18.188800
0.611076 20.822600
0.611712 30.524800
0.612349 7.981280
0.612985 4.553330
0.613622 43.507300
0.614258 37.311000
0.614895 69.159400
0.615532 10.077300
0.616168 80.790300
0.616805 7.469100
0.617441 17.372300
0.618078 9.802760
0.618714 18.569000
0.619351 5.638010
0.619987 5.557120
0.620624 2.361390
0.621260 18.698800
0.621897 2.787270
0.622533 12.856200
0.623170 5.221500
0.623806 11.821100
0.624443 7.922190
0.625080 24.904900
0.625716 10.618800
0.626353 10.734600
0.626989 47.528700
0.627626 3.344640
0.628262 14.258200
0.628899 12.695600
0.629535 5.505930
0.630172 20.178000
0.630808 46.499900
0.631445 7.244620
0.632081 11.222100
0.632718 49.822500
0.633355 42.271200
0.633991 15.652600
0.634628 7.042520
0.635264 39.514200
0.635901 42.922700
0.636537 17.989700
0.637174 6.839250
0.637810 5.921420
0.638447 8.003430
0.639083 8.178160
0.639720 19.462100
0.640356 52.897800
0.640993 12.702800
0.641630 35.203300
0.642266 26.609300
0.642903 17.414900
0.643539 66.324400
0.644176 17.225900
0.644812 5.838430
0.645449 39.653600
0.646085 81.120900
0.646722 9.245760
0.647358 46.660200
0.647995 16.326900
0.648631 32.201200
0.649268 14.597200
0.649905 67.020700
0.650541 46.355200
0.651178 6.733430
0.651814 11.237500
0.652451 12.723200
0.653087 1.749230
0.653724 58.992900
0.654360 8.346660
0.654997 57.037100
0.655633 83.124500
0.656270 21.498700
0.656906 18.168600
0.657543 10.051300
0.658180 26.358800
0.658816 58.184300
0.659453 77.224200
0.660089 7.435810
0.660726 10.879700
0.661362 28.437800
0.661999 1.148650
0.662635 27.640700
0.663272 7.323590
0.663908 25.425600
0.664545 10.967700
0.665181 23.261900
0.665818 33.528000
0.666454 5.580080
0.667091 25.498000
0.667728 6.974230
0.668364 67.492100
0.669001 12.356900
0.669637 32.324300
0.670274 13.955700
0.670910 22.311000
0.671547 36.657000
0.672183 18.235000
0.672820 30.333900
0.673456 76.865800
0.674093 15.775400
0.674729 10.710700
0.675366 18.379600
0.676003 19.210700
0.676639 21.462000
0.677276 50.459500
0.677912 10.071900
0.678549 8.462940
0.679185 7.832880
0.679822 25.008100
0.680458 18.454100
0.681095 7.334260
0.681731 35.183600
0.682368 17.857300
0.683004 5.813850
0.683641 60.632800
0.684278 71.978900
0.684914 66.410600
0.685551 26.356200
0.686187 55.482200
0.686824 60.755800
0.687460 44.691600
0.688097 8.101680
0.688733 27.040400
0.689370 25.615900
0.690006 50.712200
0.690643 28.760100
0.691279 12.915700
0.691916 21.523900
0.692553 11.046100
0.693189 28.748500
0.693826 18.823100
0.694462 16.496500
0.695099 38.265600
0.695735 29.377100
0.696372 35.250500
0.697008 46.350200
0.697645 4.672060
0.698281 30.551900
0.698918 20.914400
0.699554 18.527200
0.700191 38.739000
0.700827 27.886200
0.701464 8.467630
0.702101 24.791900
0.702737 4.903430
0.703374 79.483200
0.704647 8.324900
0.705283 56.124100
0.705920 22.745700
0.706556 55.140300
0.707193 27.721300
0.707829 7.419790
0.708466 20.927000
0.709102 8.677830
0.709739 18.102900
0.710376 29.957100
0.711012 4.942480
0.711649 20.928000
0.712285 36.480100
0.712922 26.271600
0.713558 11.325400
0.714195 13.964200
0.714831 9.392860
0.715468 22.692100
0.716104 25.318300
0.716741 41.365200
0.717377 10.067300
0.718014 42.461500
0.718651 23.205300
0.719287 23.937800
0.719924 35.621800
0.720560 36.672300
0.721197 14.690900
0.721833 7.924230
0.722470 33.273800
0.723106 8.477770
0.723743 88.572200
0.724379 9.108040
0.725016 23.167700
0.725652 60.503000
0.726289 12.149700
0.726926 30.284800
0.727562 9.621300
0.728199 8.603570
0.728835 82.862900
0.729472 39.500500
0.730108 14.838300
0.730745 9.257180
0.731381 5.860730
0.732018 6.018800
0.732654 14.091900
0.733291 9.200000
0.733927 32.783400
0.734564 47.048100
0.735201 29.658800
0.735837 14.005100
0.736474 13.398400
0.737110 60.857700
0.737747 46.702300
0.738383 4.171450
0.739020 20.253600
0.739656 35.060200
0.740293 3.932170
0.740929 39.953700
0.741566 13.383100
0.742202 6.536090
0.742839 46.012900
0.743475 24.032900
0.744112 29.613100
0.744749 6.185700
0.745385 10.578600
0.746022 23.646900
0.746658 62.897800
0.747295 55.676300
0.747931 7.116100
0.748568 26.894600
0.749204 19.741200
0.749841 4.142710
0.750477 30.519400
0.751114 8.133010
0.751750 70.576300
0.752387 10.192300
0.753024 12.692100
0.753660 5.911490
0.754297 26.285200
0.754933 7.689530
0.755570 29.451600
0.756206 35.335900
0.756843 3.175580
0.757479 6.857230
0.758116 13.413300
0.758752 4.371750
0.759389 24.212200
0.760025 24.951100
0.760662 8.270530
0.761299 8.017240
0.761935 45.159000
0.762572 53.129900
0.763208 4.498520
0.763845 12.989900
0.764481 11.165800
0.765118 50.763300
0.765754 52.280200
0.766391 8.700710
0.767027 33.740800
0.767664 50.597000
0.768300 34.873700
0.768937 7.132760
0.769574 45.506200
0.770210 78.652900
0.770847 47.523300
0.771483 5.566620
0.772120 29.444200
0.772756 21.326600
0.773393 32.628500
0.774029 10.159800
0.774666 59.771300
0.775302 12.599000
0.775939 21.043300
0.776575 18.690000
0.777212 8.012380
0.777849 3.922580
0.778485 4.154220
0.779122 3.282110
0.779758 24.884400
0.780395 37.873800
0.781031 19.380600
0.781668 20.076100
0.782304 42.482000
0.782941 21.020700
0.783577 38.947200
0.784214 46.111400
0.784850 6.014100
0.785487 35.146200
0.786123 11.138300
0.786760 8.708720
0.787397 51.184900
0.788033 11.248300
0.788670 9.846720
0.789306 11.109400
0.789943 55.520900
0.790579 8.693100
0.791216 42.049400
0.791852 14.360600
0.792489 43.184600
0.793125 10.457800
0.793762 7.401970
0.794398 28.251500
0.795035 22.887900
0.795672 13.940400
0.796308 36.938800
0.796945 84.303400
0.797581 21.437900
0.798218 22.929900
0.798854 40.128400
0.799491 2.871110
0.800127 14.646700
0.800764 10.518200
0.801400 38.214600
0.802037 11.922800
0.802673 15.595100
0.803310 34.053500
0.803947 27.010500
0.804583 18.447100
0.805220 49.310600
0.805856 29.660800
0.806493 5.331030
0.807129 17.375000
0.807766 16.456900
0.808402 12.885100
0.809039 9.123370
0.809675 9.693790
0.810312 8.392590
0.810948 22.731600
0.811585 2.793210
0.812222 32.360300
0.812858 8.912760
0.813495 14.063000
0.814131 22.970100
0.814768 39.760000
0.815404 30.216200
0.816041 43.601900
0.816677 8.482150
0.817314 13.496500
0.817950 14.194200
0.818587 9.141260
0.819223 4.307740
0.819860 5.610620
0.820496 12.201900
0.821133 73.759200
0.821770 12.314400
0.822406 25.379400
0.823043 15.224000
0.823679 26.748600
0.824316 29.003600
0.824952 28.110600
0.825589 84.561300
0.826225 34.390700
0.826862 6.830970
0.827498 9.521260
0.828135 9.822760
0.828771 33.088700
0.829408 13.960200
0.830045 33.252800
0.830681 18.154800
0.831318 62.078100
0.831954 43.279500
0.832591 5.614870
0.833227 9.083740
0.833864 9.334040
0.834500 33.917800
0.835137 57.795000
0.835773 37.810800
0.836410 33.518000
0.837046 40.317100
0.837683 2.873630
0.838320 27.336400
0.838956 80.365100
0.839593 3.781370
0.840229 14.915200
0.840866 18.072000
0.841502 13.497200
0.842139 9.339920
0.842775 39.030100
0.843412 27.102900
0.844048 18.906300
0.844685 41.831000
0.845321 36.896300
0.845958 73.468600
0.846595 42.759200
0.847231 39.417600
0.847868 19.039800
0.848504 22.844500
0.849141 21.377500
0.849777 93.073000
0.850414 51.612800
0.851050 23.623700
0.851687 13.950300
0.852323 64.867900
0.852960 9.662170
0.853596 20.702800
0.854233 5.323230
0.854870 13.427900
0.855506 6.857980
0.856143 13.116500
0.856779 20.189300
0.857416 37.355500
0.858052 62.355700
0.858689 43.734600
0.859325 35.925200
0.859962 56.711000
0.860598 50.433900
0.861235 64.563400
0.861871 24.386600
0.862508 26.271700
0.863144 7.071130
0.863781 16.858000
0.864418 14.127000
0.865054 30.270000
0.865691 34.199700
0.866327 5.311560
0.866964 6.648430
0.867600 25.140300
0.868237 9.862810
0.868873 26.570100
0.869510 6.273410
0.870146 14.633700
0.870783 16.639400
0.871419 13.625000
0.872056 71.086000
0.872693 15.060300
0.873329 9.077620
0.873966 3.806500
0.874602 11.257700
0.875239 4.042440
0.875875 15.536800
0.876512 62.645100
0.877148 26.014300
0.877785 34.945100
0.878421 8.370670
0.879058 15.779900
0.879694 72.271100
0.880331 48.411800
0.880968 6.718180
0.881604 61.284300
0.882241 8.752690
0.882877 5.715260
0.883514 6.945460
0.884150 21.744900
0.884787 35.813000
0.885423 45.394800
0.886060 19.590100
0.886696 5.967430
0.887333 4.404370
0.887969 9.222620
0.888606 7.676760
0.889243 17.043300
0.889879 12.554900
0.890516 16.285700
0.891152 9.469590
0.891789 8.158160
0.892425 85.069100
0.893062 23.212300
0.893698 9.081980
0.894335 32.507600
0.894971 29.065200
0.895608 22.317200
0.896244 14.629700
0.896881 4.783680
0.897518 9.979790
0.898154 51.310800
0.898791 8.340450
0.899427 15.398900
0.900064 19.689400
0.900700 16.075600
0.901337 5.441460
0.901973 2.426080
0.902610 24.834700
0.903246 40.100500
0.903883 1.051890
0.904519 32.015600
0.905156 85.896000
0.905792 24.448000
0.906429 21.567500
0.907066 7.772460
0.907702 18.060200
0.908339 20.083900
0.908975 18.358600
0.909612 10.044300
0.910248 13.866300
0.910885 12.191100
0.911521 4.899410
0.912158 10.703100
0.912794 8.096080
0.913431 11.046600
0.914067 28.843400
0.914704 8.484920
0.915341 18.882400
0.915977 8.994650
0.916614 15.186300
0.917250 7.365280
0.917887 10.526000
0.918523 57.293300
0.919160 28.987600
0.919796 55.320300
0.920433 19.564100
0.921069 24.132300
0.921706 46.648900
0.922342 21.127000
0.922979 45.968300
0.923616 41.447700
0.924252 8.040260
0.924889 26.300100
0.925525 5.614890
0.926162 7.145850
0.926798 10.059800
0.927435 57.304400
0.928071 15.191100
0.928708 25.370700
0.929344 3.973770
0.929981 82.579200
0.930617 21.313300
0.931254 7.794030
0.931891 11.635400
0.932527 16.638400
0.933164 53.917100
0.933800 4.985920
0.934437 26.963300
0.935073 5.874490
0.935710 20.197800
0.936346 9.898510
0.936983 52.261700
0.937619 53.156400
0.938256 14.753900
0.938892 40.629200
0.939529 8.275470
0.940165 20.426500
0.940802 24.503500
0.941439 6.775080
0.942075 37.112500
0.942712 29.043000
0.943348 8.147170
0.943985 11.266400
0.944621 6.775330
0.945258 12.722900
0.945894 22.708400
0.946531 13.059300
0.947167 90.476000
0.947804 7.284940
0.948440 67.803000
0.949077 65.356300
0.949714 5.176010
0.950350 23.542000
0.950987 54.336700
0.951623 16.687200
0.952260 36.862100
0.952896 22.045000
0.953533 27.204600
0.954169 15.642600
0.954806 26.390200
0.955442 8.740610
0.956079 19.894800
0.956715 6.212180
0.957352 7.609700
0.957989 34.972300
0.958625 4.599480
0.959262 31.570000
0.959898 5.202000
0.960535 8.006290
0.961171 16.166000
0.961808 39.692000
0.962444 11.096400
0.963081 7.965750
0.963717 19.537900
0.964354 1.688110
0.964990 6.059250
0.965627 16.405000
0.966264 57.872300
0.966900 12.133400
0.967537 23.968900
0.968173 22.905200
0.968810 16.873600
0.969446 9.185350
0.970083 9.682340
0.970719 22.008400
0.971356 13.965200
0.971992 3.234160
0.972629 59.670000
0.973265 51.912700
0.973902 41.840300
0.974539 7.904750
0.975175 5.270720
0.975812 12.898500
0.976448 55.160200
0.977085 14.745700
0.977721 7.580480
0.978358 42.129200
0.978994 6.549810
0.979631 8.565570
0.980267 11.500100
0.980904 26.714300
0.981540 38.830300
0.982177 44.420800
0.982813 32.688500
0.983450 9.553200
0.984087 50.548200
0.984723 21.605700
0.985360 4.143650
0.985996 9.840910
0.986633 10.205300
0.987269 23.755900
0.987906 9.006470
0.988542 9.674680
0.989179 10.972000
0.989815 1.778840
0.990452 13.252400
0.991088 7.323680
0.991725 25.161900
0.992362 20.328000
0.992998 9.924930
0.993635 10.142900
0.994271 21.553900
0.994908 3.722880
0.995544 60.923200
0.996181 11.255300
0.996817 4.656580
0.997454 7.865780
0.998090 6.517610
0.998727 31.117600
0.999363 34.390600
1.000000 15.742700
