0.000661 72.677500
0.001322 24.821800
0.001983 10.891500
0.002644 18.590800
0.003305 34.132500
0.003966 3.364090
0.004627 10.435300
0.005288 13.968700
0.005948 14.993100
0.006609 50.317900
0.007270 54.599400
0.007931 23.601700
0.008592 9.201840
0.009253 7.698020
0.009914 14.059300
0.010575 28.423400
0.011236 5.549100
0.011897 82.981600
0.012558 16.328900
0.013219 32.469600
0.013880 85.043300
0.014541 33.663500
0.015202 29.167900
0.015863 49.251800
0.016523 6.525200
0.017184 17.120500
0.017845 17.401600
0.018506 10.808800
0.019167 12.344100
0.019828 14.742400
0.020489 5.381660
0.021150 13.839900
0.021811 80.120400
0.022472 33.979800
0.023133 42.293500
0.023794 37.827100
0.024455 22.349400
0.028420 8.324900
0.029081 20.550900
0.029742 14.070400
0.030403 3.605980
0.031064 26.079600
0.031725 12.801000
0.032386 14.968600
0.033047 8.169660
0.033708 15.258200
0.034369 33.828500
0.035030 6.027210
0.035691 2.877040
0.036352 1.695130
0.037013 19.087400
0.037673 7.468450
0.038334 24.005000
0.038995 40.884300
0.039656 39.646800
0.040317 67.281000
0.040978 12.130200
0.041639 77.092300
0.042300 25.158500
0.042961 23.264100
0.043622 4.816390
0.044283 6.790800
0.044944 20.718300
0.045605 30.806400
0.046266 9.411380
0.046927 23.862000
0.048249 10.038200
0.048909 2.808190
0.049570 6.054100
0.050231 2.019900
0.050892 8.583470
0.051553 26.494800
0.052214 9.847520
0.052875 36.315100
0.053536 12.780700
0.054197 6.436550
0.054858 19.574800
0.055519 15.809200
0.056180 22.025500
0.056841 29.650300
0.057502 16.274500
0.058163 24.337500
0.058824 80.171600
0.059484 12.576100
0.060145 11.709200
0.060806 95.969000
0.061467 14.728400
0.062128 34.286300
0.062789 15.063100
0.063450 7.990440
0.064111 16.682300
0.064772 14.945000
0.065433 23.730900
0.081295 8.389800
0.081956 5.448430
0.082617 14.298000
0.083278 79.247400
0.083939 50.794800
0.084600 27.278900
0.085261 57.106600
0.085922 55.298800
0.086583 10.967200
0.087244 7.327770
0.087905 1.885020
0.088566 58.597900
0.089227 19.881500
0.089888 20.534700
0.090549 14.314300
0.091210 8.210090
0.091870 6.352430
0.092531 76.494600
0.093192 7.185180
0.093853 18.782700
0.094514 6.223500
0.095175 16.410200
0.095836 16.199400
0.096497 14.262100
0.097158 36.163400
0.097819 2.603630
0.098480 64.018700
0.099141 78.948600
0.099802 16.281600
0.100463 7.472170
0.101124 6.861020
0.101785 15.793600
0.102445 5.971930
0.103106 7.821040
0.103767 18.553800
0.104428 14.050000
0.105089 46.813000
0.105750 35.870100
0.106411 27.924800
0.107072 8.704740
0.107733 56.168300
0.108394 27.981900
0.109055 54.535800
0.109716 70.678300
0.110377 10.223800
0.111038 6.160160
0.111699 42.317900
0.112360 16.159200
0.113020 36.406100
0.113681 15.482100
0.114342 74.813700
0.115003 4.759450
0.115664 12.558200
0.116325 84.134700
0.116986 5.678550
0.117647 8.159520
0.118308 51.387800
0.118969 20.131400
0.119630 58.513100
0.120291 51.595100
0.120952 78.030700
0.121613 54.484100
0.122274 5.970240
0.122935 15.139800
0.123596 12.162900
0.124256 56.888800
0.124917 38.854200
0.125578 31.682300
0.126239 33.559000
0.126900 12.278300
0.127561 9.286620
0.128222 40.240200
0.128883 29.487700
0.129544 23.344000
0.130205 14.297500
0.130866 19.081000
0.131527 14.583400
0.132188 18.194500
0.132849 7.719970
0.133510 53.812500
0.134171 8.003300
0.134831 1.713670
0.135492 12.498200
0.136153 2.783630
0.136814 4.304730
0.137475 47.947900
0.138136 41.574500
0.138797 18.585700
0.139458 17.780500
0.140119 24.637500
0.140780 32.232600
0.141441 15.080600
0.142102 4.121110
0.142763 86.184800
0.143424 24.251500
0.144085 6.167790
0.144746 41.423400
0.145406 20.781800
0.146067 11.866900
0.146728 38.837000
0.147389 12.984300
0.148050 7.502320
0.148711 27.623000
0.149372 21.611200
0.150033 65.005300
0.150694 35.103100
0.151355 6.544820
0.152016 75.125300
0.152677 19.453600
0.153338 4.160460
0.153999 10.003100
0.154660 52.663700
0.155321 9.752510
0.155981 29.063300
0.156642 44.173200
0.157303 27.604000
0.157964 72.249700
0.158625 13.394500
0.159286 13.943700
0.159947 37.515700
0.160608 58.411400
0.161269 18.145000
0.161930 12.439100
0.162591 90.608300
0.163252 59.096600
0.163913 9.094800
0.168539 58.116000
0.169200 5.422060
0.169861 49.354600
0.170522 13.787700
0.171183 51.043000
0.171844 17.175900
0.172505 21.607000
0.173166 27.526500
0.173827 23.167100
0.174488 18.682100
0.175149 24.662100
0.175810 25.051600
0.176471 29.296700
0.177132 22.133300
0.177792 44.687700
0.178453 35.249700
0.179114 10.948800
0.179775 13.591200
0.180436 6.892840
0.181097 19.908100
0.181758 21.026900
0.182419 6.210860
0.183080 30.045700
0.183741 16.567700
0.184402 2.557340
0.185063 5.548180
0.197621 9.691900
0.198282 44.061600
0.198942 34.425000
0.199603 69.952100
0.200264 46.049400
0.200925 42.629600
0.201586 12.244700
0.202247 26.914300
0.202908 11.855000
0.203569 28.818400
0.204230 6.848020
0.204891 2.074150
0.205552 47.366700
0.206213 14.317900
0.206874 7.855370
0.207535 9.649810
0.208196 42.022900
0.208857 6.848900
0.209518 41.409000
0.210178 9.443210
0.210839 43.974100
0.211500 6.954770
0.212161 16.756000
0.212822 74.619300
0.213483 8.556080
0.214144 15.920700
0.214805 12.300900
0.215466 30.413000
0.216127 7.369820
0.216788 8.012980
0.217449 29.159400
0.218110 44.446700
0.218771 8.111430
0.219432 73.212600
0.220093 78.560800
0.220753 61.070700
0.221414 18.361700
0.222075 14.658500
0.222736 30.464500
0.223397 4.138320
0.224058 29.275100
0.224719 6.371810
0.225380 23.185300
0.226041 12.101600
0.226702 69.200400
0.227363 9.165390
0.229346 11.312900
0.230007 14.720300
0.230668 18.011400
0.231328 27.392500
0.231989 26.271500
0.232650 24.649500
0.233311 27.085800
0.233972 17.534400
0.234633 50.742600
0.235294 13.018600
0.235955 63.814000
0.236616 51.419300
0.237277 76.140100
0.237938 42.397200
0.238599 59.465100
0.239260 20.948300
0.239921 20.647600
0.240582 28.255100
0.241243 23.847500
0.241904 7.391940
0.242564 7.061300
0.243225 24.972000
0.243886 24.291200
0.244547 6.630090
0.245208 8.145250
0.245869 8.711080
0.246530 48.070700
0.247191 55.364800
0.247852 16.327000
0.248513 9.908960
0.249174 9.489830
0.249835 1.999610
0.250496 6.985880
0.251157 38.765500
0.251818 11.386400
0.252479 11.215400
0.253139 7.488290
0.253800 13.358100
0.254461 10.959300
0.255122 72.151700
0.255783 9.781080
0.256444 4.538320
0.257105 4.174120
0.257766 58.981000
0.258427 3.787950
0.259088 7.422070
0.259749 37.491100
0.260410 26.361800
0.261071 4.519500
0.261732 31.111900
0.262393 53.444200
0.263054 68.769200
0.263714 15.893800
0.264375 69.269400
0.265036 12.319900
0.265697 59.555200
0.266358 27.722000
0.267019 78.578300
0.267680 15.329600
0.268341 36.666800
0.275611 59.483000
0.276272 17.021100
0.276933 7.791900
0.277594 6.556210
0.278255 64.899600
0.278916 28.566500
0.279577 8.994180
0.280238 17.818400
0.280899 40.392700
0.281560 14.711800
0.282221 55.071600
0.282882 67.121200
0.283543 57.255600
0.284204 30.367600
0.284865 11.021200
0.285525 5.354790
0.286186 10.406700
0.286847 11.348400
0.287508 31.009600
0.288169 15.505000
0.288830 38.934400
0.289491 8.401430
0.290152 5.380220
0.290813 55.540400
0.291474 40.853300
0.292135 16.352500
0.292796 50.864400
0.293457 78.305300
0.294118 59.747900
0.294779 11.028000
0.295440 10.309800
0.296100 16.423300
0.296761 34.493000
0.297422 5.034230
0.298083 8.914330
0.298744 6.821650
0.299405 7.136770
0.300066 64.689300
0.300727 7.988820
0.301388 25.292500
0.302049 6.736880
0.302710 59.645400
0.303371 8.481860
0.304032 99.557200
0.304693 26.732100
0.305354 8.000310
0.306015 35.143900
0.306675 6.631470
0.307336 4.852120
0.307997 15.112500
0.308658 29.640700
0.309319 7.426830
0.309980 19.098400
0.310641 1.738660
0.311302 39.085400
0.311963 13.118100
0.312624 23.873600
0.313285 33.035400
0.313946 56.978700
0.314607 53.540800
0.315268 1.789680
0.315929 20.466100
0.316590 7.927120
0.317250 44.926500
0.317911 50.752000
0.318572 36.368600
0.319233 9.171770
0.319894 57.921800
0.320555 7.635110
0.321216 22.713500
0.321877 38.575800
0.322538 15.273900
0.323199 48.770500
0.323860 17.372000
0.324521 33.209700
0.325182 76.431800
0.325843 44.893100
0.326504 22.034800
0.327165 36.281600
0.327826 6.104370
0.328486 34.103900
0.329147 13.335000
0.329808 9.684650
0.330469 8.372060
0.331130 1.810930
0.331791 66.501400
0.332452 10.970800
0.333113 24.739500
0.333774 6.883500
0.334435 45.151100
0.335096 9.595250
0.335757 5.261770
0.336418 11.541900
0.337079 18.688400
0.337740 22.083500
0.338401 5.876300
0.339061 9.411990
0.339722 8.998720
0.340383 64.706000
0.341044 64.014400
0.341705 10.493000
0.342366 17.257400
0.343027 28.587500
0.343688 3.879110
0.344349 24.129000
0.345010 10.243200
0.345671 22.412700
0.346332 56.823100
0.346993 15.576600
0.347654 34.902800
0.348315 19.865000
0.348976 3.180370
0.349636 5.992480
0.350297 21.302400
0.350958 3.555550
0.351619 12.883700
0.352280 8.081620
0.352941 9.691140
0.353602 13.433600
0.354263 33.767000
0.354924 34.696300
0.355585 6.109530
0.356246 6.707310
0.356907 20.431900
0.357568 14.574700
0.358229 73.110200
0.358890 19.640100
0.359551 6.103110
0.360212 12.537600
0.360872 33.882800
0.361533 12.461000
0.362194 9.957010
0.362855 8.618440
0.363516 29.947300
0.364177 39.056000
0.364838 14.778200
0.366160 9.805800
0.366821 4.404540
0.367482 22.457500
0.368143 32.474000
0.368804 12.660100
0.369465 37.224700
0.370126 5.468160
0.370787 46.654100
0.371447 53.849000
0.372108 15.703700
0.372769 5.131170
0.373430 5.213220
0.374091 15.459300
0.374752 19.622600
0.375413 19.566800
0.376074 12.461800
0.376735 10.169800
0.377396 5.801790
0.378057 42.719900
0.378718 6.612770
0.379379 27.429800
0.380040 5.999090
0.380701 28.616600
0.381362 49.454000
0.382022 4.226070
0.382683 37.551300
0.383344 5.856430
0.384005 41.453200
0.384666 21.769800
0.385327 21.447700
0.385988 29.169200
0.386649 21.513000
0.387310 34.298100
0.387971 11.292300
0.388632 50.127700
0.389293 31.574500
0.389954 14.036900
0.390615 21.226500
0.391276 12.754400
0.391937 35.046000
0.392597 7.425410
0.393258 17.594100
0.393919 11.212900
0.394580 6.866490
0.395241 22.241800
0.395902 71.545500
0.396563 34.613000
0.397224 48.837500
0.397885 86.995900
0.398546 21.685100
0.399207 53.539900
0.399868 21.790200
0.400529 66.091800
0.401190 59.025000
0.401851 17.627700
0.402512 8.941780
0.403173 18.044500
0.403833 27.984100
0.404494 15.743600
0.405155 17.333700
0.405816 57.310000
0.406477 5.622840
0.407138 5.115070
0.407799 11.850300
0.408460 5.956880
0.409121 25.904500
0.409782 30.724300
0.410443 4.904720
0.411104 15.171800
0.411765 28.264400
0.412426 15.544500
0.413087 6.443130
0.413748 7.202900
0.414408 64.728600
0.415069 8.840730
0.415730 10.658400
0.416391 11.264100
0.417052 65.487300
0.417713 16.405100
0.418374 28.385900
0.419035 25.571800
0.419696 24.337200
0.420357 11.727500
0.421018 13.906300
0.421679 30.866600
0.422340 8.444790
0.423001 9.938950
0.423662 8.986710
0.424983 9.621300
0.425644 67.687700
0.426305 44.166100
0.426966 5.476770
0.427627 7.849860
0.428288 26.519000
0.428949 49.884500
0.429610 24.802100
0.430271 7.706580
0.430932 13.943200
0.431593 54.642000
0.432254 29.336900
0.432915 59.296800
0.433576 39.073100
0.434237 22.019000
0.434898 6.262610
0.435558 23.251700
0.436219 17.923000
0.436880 58.785800
0.438202 9.945950
0.438863 30.441700
0.439524 72.356300
0.440185 21.991600
0.440846 18.819200
0.441507 5.647900
0.442168 21.977000
0.442829 36.253300
0.443490 6.953890
0.444151 14.021700
0.444812 52.969300
0.445473 7.505390
0.446134 27.979900
0.446794 7.051370
0.447455 20.260100
0.448777 10.532000
0.449438 8.928720
0.450099 8.810780
0.450760 50.510700
0.451421 59.332300
0.452082 9.251600
0.452743 21.372700
0.453404 5.961270
0.454065 11.010300
0.454726 8.008710
0.455387 55.283800
0.456048 6.058030
0.456709 44.989000
0.457369 4.316910
0.458030 51.575900
0.458691 16.022000
0.459352 77.732700
0.460013 16.468000
0.460674 14.795900
0.461335 22.471500
0.461996 10.259900
0.462657 11.129200
0.463318 25.634300
0.463979 14.865400
0.464640 18.994200
0.465301 9.205510
0.465962 8.307460
0.466623 9.369580
0.467284 2.165210
0.467944 45.964900
0.468605 38.003300
0.469266 11.476400
0.469927 7.954110
0.470588 21.294900
0.471249 21.020500
0.471910 10.556300
0.472571 50.991800
0.473232 45.323100
0.473893 33.956800
0.474554 18.759100
0.475215 53.767900
0.475876 4.708320
0.476537 39.195900
0.477198 15.938700
0.477859 21.119100
0.478519 7.454350
0.479180 40.282600
0.479841 8.465280
0.480502 19.091600
0.481163 17.004200
0.481824 17.467300
0.482485 9.468820
0.483146 21.228700
0.483807 13.927900
0.484468 15.830700
0.485129 27.946100
0.485790 23.490100
0.486451 46.034900
0.487112 15.906700
0.487773 51.103600
0.488434 16.837200
0.489095 42.984500
0.489755 58.173300
0.490416 10.832100
0.491077 10.284900
0.491738 32.095800
0.492399 8.387650
0.493060 21.402900
0.493721 26.014700
0.494382 51.276900
0.495043 22.670500
0.495704 17.475100
0.496365 18.337000
0.497026 23.096400
0.497687 11.064000
0.498348 8.643750
0.499009 43.913900
0.499670 8.305720
0.500330 27.135400
0.500991 14.335700
0.501652 45.039100
0.502313 23.926100
0.502974 36.748000
0.503635 5.622450
0.504296 32.027700
0.504957 29.878800
0.505618 14.133800
0.506279 24.859700
0.506940 42.219300
0.507601 47.269200
0.508262 31.628700
0.508923 3.060660
0.509584 41.719100
0.510245 22.604400
0.510905 31.864600
0.511566 76.889500
0.512227 45.255500
0.512888 46.340900
0.513549 54.955400
0.514210 9.281730
0.514871 6.450250
0.515532 30.268500
0.516193 5.116970
0.516854 7.990810
0.517515 10.308800
0.518176 50.737800
0.518837 3.645730
0.519498 9.147850
0.520159 10.837200
0.520820 27.829700
0.521481 22.430100
0.522141 11.673000
0.522802 33.926200
0.523463 11.190300
0.524124 79.213900
0.524785 27.612500
0.525446 5.367120
0.526107 13.724400
0.526768 4.595960
0.527429 76.561900
0.528090 7.412030
0.528751 21.501500
0.529412 13.585600
0.530073 2.689330
0.530734 9.958660
0.531395 40.434500
0.532056 23.059600
0.532716 11.839300
0.533377 18.015300
0.534038 6.581310
0.534699 14.767900
0.535360 17.467100
0.536021 6.427320
0.536682 27.997300
0.537343 21.860000
0.538004 49.172700
0.538665 38.156400
0.539326 7.070190
0.539987 16.036900
0.540648 66.860000
0.541309 6.790120
0.541970 4.123020
0.542631 43.278700
0.543291 21.324300
0.543952 15.659000
0.544613 35.734800
0.545274 26.443500
0.545935 48.103500
0.546596 33.148300
0.547257 6.388730
0.547918 5.502170
0.548579 7.485900
0.549240 5.322390
0.549901 40.917500
0.550562 38.638000
0.551223 50.021900
0.551884 56.072300
0.552545 22.192800
0.553206 71.504300
0.553866 5.823440
0.554527 39.520700
0.555188 5.774150
0.555849 22.266700
0.556510 13.878500
0.557171 3.691030
0.557832 25.242300
0.558493 19.728600
0.559154 5.577350
0.559815 35.208100
0.560476 24.008600
0.561137 5.770430
0.561798 27.428000
0.562459 43.846500
0.563120 10.728400
0.563781 7.713020
0.564442 65.303400
0.565102 42.980900
0.565763 7.590280
0.566424 5.034540
0.567085 14.092400
0.567746 41.942800
0.568407 46.664200
0.569068 15.363700
0.569729 34.833800
0.570390 52.330900
0.571051 31.042700
0.571712 15.473800
0.572373 29.871500
0.573034 7.925060
0.573695 17.097000
0.574356 43.989600
0.575017 8.026060
0.575677 4.862720
0.576338 4.882790
0.576999 22.768400
0.577660 17.661000
0.578321 6.143440
0.578982 7.375890
0.579643 34.012800
0.580304 10.836800
0.580965 28.622100
0.581626 7.719280
0.582287 27.972900
0.582948 10.108900
0.583609 43.864500
0.584270 51.519900
0.584931 5.930220
0.585592 51.307900
0.586252 41.366800
0.586913 18.823900
0.587574 20.268300
0.588235 19.559500
0.588896 26.500500
0.589557 18.518800
0.590218 8.345990
0.590879 6.972650
0.591540 24.414300
0.592201 11.713100
0.592862 4.399720
0.593523 16.692800
0.594184 21.445600
0.594845 7.592060
0.595506 18.972900
0.596167 20.723500
0.596827 4.928890
0.597488 69.470900
0.598149 23.065000
0.598810 20.982400
0.599471 6.591250
0.600132 12.460900
0.600793 28.325500
0.601454 41.948000
0.602115 7.868500
0.602776 9.733180
0.603437 23.138900
0.604098 77.588500
0.604759 9.217470
0.605420 31.779300
0.606081 17.045200
0.606742 7.146560
0.607403 4.868720
0.608063 36.299300
0.608724 50.264600
0.609385 62.535700
0.610046 33.855800
0.610707 28.106800
0.611368 56.273300
0.612029 4.705960
0.612690 7.165600
0.613351 7.765550
0.614012 5.558640
0.614673 49.462700
0.615334 82.582900
0.615995 1.686630
0.616656 32.194500
0.617317 30.529600
0.617978 6.240530
0.618638 33.699200
0.619299 5.052600
0.619960 5.265330
0.620621 44.098800
0.621282 24.564700
0.621943 53.978900
0.622604 8.912630
0.623265 26.314400
0.623926 54.806700
0.624587 9.662700
0.625248 24.373600
0.625909 3.690460
0.626570 56.854000
0.627231 13.851200
0.627892 23.045400
0.628553 6.019260
0.629213 21.768100
0.629874 6.029440
0.630535 4.217670
0.631196 3.726740
0.631857 74.161500
0.632518 50.280500
0.633179 7.118820
0.633840 28.931400
0.634501 2.796930
0.635162 6.750130
0.635823 31.714400
0.636484 74.188600
0.637145 22.339200
0.637806 46.780700
0.638467 48.388800
0.639128 23.971900
0.639788 14.623800
0.640449 10.910700
0.641110 6.905480
0.641771 11.532600
0.642432 27.176700
0.643093 5.758440
0.643754 40.384900
0.644415 13.122100
0.645076 16.188300
0.645737 21.694600
0.646398 10.885100
0.647059 59.316700
0.647720 20.520500
0.648381 39.971400
0.649042 42.271100
0.649703 16.345900
0.650364 31.079400
0.651024 10.128100
0.651685 8.750900
0.652346 63.779400
0.653007 7.290120
0.653668 49.951700
0.654329 8.397180
0.654990 8.424430
0.655651 12.441100
0.656312 61.885900
0.656973 30.676100
0.657634 45.635100
0.658295 9.848250
0.658956 65.993800
0.659617 36.251600
0.660278 6.824250
0.660939 4.252500
0.661599 38.851400
0.662260 32.623500
0.662921 27.145700
0.663582 4.838310
0.664243 53.630700
0.664904 27.899000
0.665565 15.622000
0.666226 30.372000
0.666887 18.716700
0.667548 15.008100
0.668209 16.820400
0.668870 9.984100
0.669531 6.139590
0.670192 27.358100
0.670853 20.374100
0.671514 10.498300
0.672174 26.641400
0.672835 39.138900
0.673496 54.660300
0.674157 6.251970
0.674818 31.752300
0.675479 76.194800
0.676140 16.723700
0.676801 10.028800
0.677462 6.360520
0.678123 22.946700
0.678784 3.232410
0.679445 24.115900
0.680106 16.991600
0.680767 10.656600
0.682089 37.221300
0.682750 10.645500
0.683410 8.973110
0.684071 8.455190
0.684732 10.807500
0.685393 3.412190
0.686054 20.948500
0.686715 32.020300
0.687376 30.425300
0.688037 7.950050
0.688698 9.383680
0.689359 28.621700
0.690020 22.505100
0.690681 18.536900
0.691342 8.656530
0.692003 12.701500
0.692664 21.769600
0.693325 39.965700
0.693985 8.860070
0.694646 6.072600
0.695307 18.486100
0.695968 27.170700
0.696629 19.169800
0.697290 34.703600
0.697951 47.163400
0.698612 23.589400
0.699273 27.437900
0.699934 4.835310
0.700595 20.735300
0.701256 13.958500
0.701917 9.064370
0.702578 14.217500
0.703239 15.469900
0.703900 9.381020
0.704560 9.257980
0.705221 6.382830
0.705882 9.233140
0.706543 30.989500
0.707204 7.218290
0.707865 18.218600
0.708526 67.682000
0.709187 13.646200
0.709848 7.716730
0.710509 40.309200
0.711170 18.095200
0.711831 9.439880
0.712492 6.773820
0.713153 9.349150
0.713814 1.029050
0.714475 4.990790
0.715135 6.120480
0.715796 11.798800
0.716457 38.621600
0.717118 4.130830
0.717779 21.706800
0.718440 29.662600
0.719101 22.108600
0.719762 13.611900
0.720423 43.715100
0.721084 49.044900
0.721745 4.638790
0.722406 35.236200
0.723067 7.585870
0.723728 18.029300
0.724389 22.739800
0.725050 17.184600
0.725711 17.497100
0.726371 46.834900
0.727032 10.115700
0.727693 19.588100
0.728354 9.859530
0.729015 12.952200
0.729676 54.107600
0.730337 23.242700
0.730998 7.554230
0.731659 20.971000
0.732320 8.547130
0.732981 1.772950
0.733642 5.128910
0.734303 10.897500
0.734964 26.210500
0.735625 51.679500
0.736286 63.867700
0.736946 21.575300
0.737607 56.400400
0.738268 9.138450
0.738929 9.190940
0.739590 19.189000
0.740251 18.195000
0.740912 20.068300
0.741573 14.310100
0.742234 12.336000
0.742895 14.123000
0.743556 13.046400
0.744217 10.945000
0.744878 68.547600
0.745539 9.706660
0.746200 26.504300
0.746861 49.959100
0.747521 16.249300
0.748182 24.352000
0.748843 32.104800
0.749504 8.538840
0.750165 13.757100
0.750826 10.871200
0.751487 30.528500
0.752148 65.913700
0.752809 24.679400
0.753470 10.291300
0.754131 31.760100
0.754792 19.228500
0.755453 4.855330
0.756114 9.029280
0.756775 46.569200
0.757436 13.120000
0.758096 50.860000
0.758757 27.451400
0.759418 5.474350
0.760079 62.442700
0.760740 12.766300
0.761401 55.078700
0.762062 78.717300
0.762723 50.442300
0.763384 9.388240
0.764045 42.797700
0.764706 74.664600
0.765367 24.209500
0.766028 21.788400
0.766689 20.314100
0.767350 4.303820
0.768011 39.509000
0.768672 14.114900
0.769332 35.394400
0.769993 22.483600
0.770654 38.451700
0.771315 4.848100
0.771976 18.943300
0.772637 8.262090
0.773298 65.869100
0.773959 75.213000
0.774620 25.757800
0.775281 24.728900
0.775942 7.835020
0.776603 57.266000
0.777264 4.868850
0.777925 25.492900
0.778586 45.767400
0.779247 4.948100
0.779907 21.760500
0.780568 7.198700
0.781229 63.258700
0.781890 19.538100
0.782551 18.051300
0.783212 21.491800
0.783873 21.389700
0.784534 28.287500
0.785195 21.398500
0.785856 6.460560
0.786517 15.852600
0.787178 10.232300
0.787839 28.873900
0.789822 67.417800
0.790482 7.183230
0.791143 6.460220
0.791804 17.639500
0.792465 17.561600
0.793126 6.281700
0.793787 12.563600
0.794448 27.886700
0.795109 10.152900
0.795770 38.668100
0.796431 8.731200
0.797092 20.513200
0.797753 25.152700
0.798414 14.318800
0.799075 20.630600
0.799736 20.008800
0.800397 16.291500
0.801058 70.086700
0.801718 60.185600
0.802379 25.012100
0.803040 39.882900
0.803701 10.629000
0.804362 20.304500
0.805023 15.091000
0.805684 85.399600
0.806345 9.706370
0.807006 5.276170
0.807667 24.678900
0.808328 5.608500
0.808989 12.903400
0.809650 43.146000
0.810311 6.746750
0.810972 11.519800
0.811633 33.717400
0.812293 5.056860
0.812954 5.767350
0.813615 2.908860
0.814276 16.829900
0.814937 9.403100
0.815598 8.593430
0.816259 25.635600
0.816920 4.973170
0.817581 18.600200
0.818242 44.415700
0.818903 20.951400
0.819564 12.041200
0.820225 20.616500
0.820886 35.874000
0.821547 74.445700
0.822208 20.226300
0.822868 10.693500
0.823529 8.398480
0.824190 20.239400
0.824851 92.662100
0.825512 69.253500
0.826173 64.079600
0.826834 47.939800
0.827495 7.435090
0.828156 78.764400
0.828817 22.438400
0.829478 17.663300
0.830139 66.846800
0.830800 72.448800
0.831461 6.717650
0.832122 31.656400
0.832783 27.559500
0.833443 35.844200
0.834104 26.660100
0.834765 19.784600
0.835426 34.232200
0.836087 16.756100
0.836748 6.166380
0.837409 10.087300
0.838070 28.635900
0.838731 7.603910
0.839392 41.962800
0.840053 17.791400
0.840714 42.390200
0.841375 17.381700
0.842036 61.230600
0.842697 8.092330
0.843358 37.389000
0.844019 28.654800
0.844679 5.582080
0.845340 61.558000
0.846001 51.802700
0.846662 21.121600
0.847323 47.518200
0.847984 24.972300
0.848645 5.745710
0.849306 8.062630
0.849967 13.971800
0.850628 32.239500
0.851289 35.522600
0.851950 14.870500
0.852611 8.199440
0.853272 2.805660
0.853933 54.812300
0.854594 5.121640
0.855254 6.448040
0.855915 48.742100
0.856576 9.310360
0.857237 22.268100
0.857898 37.861900
0.858559 3.946360
0.859220 8.727610
0.859881 1.697210
0.860542 18.511100
0.861203 24.823900
0.861864 18.709900
0.862525 9.654430
0.863186 21.856300
0.863847 22.269900
0.864508 67.291000
0.865169 3.656210
0.865829 6.469730
0.866490 22.176600
0.867151 18.410400
0.867812 5.939040
0.868473 52.135600
0.869134 15.561600
0.869795 10.011100
0.870456 36.078200
0.871117 31.370100
0.871778 29.802800
0.872439 15.704800
0.873100 7.138720
0.873761 89.928100
0.874422 22.215600
0.875083 3.574730
0.875744 8.960400
0.876404 5.875030
0.877065 27.107600
0.877726 48.221300
0.878387 6.350290
0.879048 25.033800
0.879709 22.113600
0.880370 66.864700
0.881031 28.795200
0.881692 5.885540
0.882353 43.326200
0.883014 6.672490
0.883675 11.138400
0.884336 32.642200
0.884997 16.571200
0.885658 9.534430
0.886319 17.322600
0.886980 7.044810
0.887640 36.641800
0.888301 20.148700
0.888962 6.841930
0.889623 23.508800
0.890284 17.336600
0.890945 10.722100
0.891606 30.466800
0.892267 16.215200
0.892928 27.868800
0.893589 3.837350
0.894250 22.499000
0.894911 8.723460
0.895572 23.853000
0.896233 24.634500
0.896894 73.846300
0.897555 26.517500
0.898215 27.786300
0.898876 55.155200
0.899537 14.191900
0.900198 11.068800
0.900859 15.643100
0.901520 7.029670
0.902181 41.525300
0.902842 50.043300
0.903503 6.267710
0.904164 9.100520
0.904825 28.783400
0.905486 19.903600
0.906147 51.037800
0.906808 18.861600
0.907469 36.343200
0.908130 7.230300
0.908790 24.617600
0.909451 12.618600
0.910112 5.460110
0.910773 66.663400
0.911434 5.327320
0.912095 20.164500
0.912756 8.826730
0.913417 10.750000
0.914078 13.113500
0.914739 10.199700
0.915400 6.121030
0.916061 2.276210
0.916722 2.505830
0.917383 18.795900
0.918044 10.363600
0.918705 36.122000
0.919365 22.684900
0.920026 22.274100
0.920687 17.879100
0.921348 11.486800
0.922009 29.856000
0.922670 31.409400
0.923331 38.266800
0.923992 8.891170
0.924653 35.279900
0.925314 48.684900
0.925975 13.383700
0.926636 22.433000
0.927297 60.785900
0.927958 17.985800
0.928619 10.809700
0.929280 13.010300
0.929941 34.491900
0.930601 26.882100
0.931262 19.653300
0.931923 43.105400
0.932584 56.083900
0.933245 10.698600
0.933906 25.410900
0.934567 23.946800
0.935228 6.746360
0.935889 24.962300
0.936550 9.707520
0.937211 16.860100
0.937872 2.935560
0.938533 7.364970
0.939194 33.091100
0.939855 23.964300
0.940516 25.169200
0.941176 19.211400
0.941837 63.236100
0.942498 13.550500
0.943159 31.359100
0.943820 25.989300
0.944481 28.015100
0.945142 37.982600
0.945803 63.326500
0.946464 4.822700
0.947125 28.337300
0.947786 5.832920
0.948447 21.748300
0.949108 15.586400
0.949769 43.583500
0.950430 20.391900
0.951091 19.816400
0.951751 38.755500
0.952412 34.496100
0.953073 33.006100
0.953734 34.007200
0.954395 31.428500
0.955056 79.672400
0.955717 52.414500
0.956378 26.220700
0.957039 23.556100
0.957700 2.757690
0.958361 4.824550
0.959022 24.933200
0.959683 23.237200
0.960344 5.295230
0.961005 10.012700
0.961666 33.424300
0.962327 60.230200
0.962987 28.636200
0.963648 28.671800
0.964309 23.126700
0.964970 4.474530
0.965631 11.334200
0.966292 50.247500
0.966953 25.202000
0.967614 33.251200
0.968275 17.195600
0.968936 7.620730
0.969597 9.894790
0.970258 7.399830
0.970919 12.163300
0.971580 51.429900
0.972241 17.933600
0.972902 15.061400
0.973562 27.454200
0.974223 10.606200
0.974884 3.542960
0.975545 18.126100
0.976206 39.895500
0.976867 3.646750
0.977528 10.077900
0.978189 21.120200
0.978850 44.555600
0.979511 9.146780
0.980172 47.832600
0.980833 19.703600
0.981494 38.276600
0.982155 44.336900
0.982816 19.463900
0.983477 13.768000
0.984137 36.674800
0.984798 70.755800
0.985459 28.115300
0.986120 33.683500
0.986781 19.259800
0.987442 35.896100
0.988103 16.267800
0.988764 15.354000
0.989425 36.644100
0.990086 40.373600
0.990747 36.041100
0.991408 8.254670
0.992069 40.617600
0.992730 11.972000
0.993391 5.436060
0.994052 20.427900
0.994712 19.464800
0.995373 61.044200
0.996034 4.291250
0.996695 9.908620
0.997356 28.710400
0.998017 9.602850
0.998678 41.421600
0.999339 78.949500
1.000000 16.521400
