0.000191 68.772800
0.000382 13.084600
0.014335 9.691900
0.014526 66.580700
0.014717 18.841100
0.014908 6.037670
0.015099 8.928900
0.015291 26.495100
0.015482 42.363300
0.015673 41.386700
0.015864 66.309300
0.016055 23.905000
0.016246 21.916800
0.016437 18.659600
0.016628 77.596900
0.016820 7.945990
0.034595 8.389800
0.034786 14.508800
0.034977 10.556900
0.035168 20.665300
0.035359 10.934500
0.035550 12.862400
0.035742 62.588300
0.042431 58.116000
0.042622 74.323700
0.042813 16.260900
0.043005 7.008860
0.043196 6.889800
0.043387 17.383800
0.043578 59.079700
0.043769 15.906900
0.043960 21.963700
0.044151 5.802780
0.044343 7.199220
0.044534 6.398560
0.044725 29.662100
0.044916 11.708900
0.045107 6.155970
0.045298 45.310200
0.045489 10.655300
0.045680 55.380800
0.045872 14.111400
0.046254 29.365700
0.046445 12.763400
0.046636 42.149700
0.046827 3.051110
0.047018 10.030300
0.047209 18.919200
0.047401 6.865170
0.047592 63.596800
0.047783 15.551200
0.047974 20.683000
0.048165 7.104050
0.048356 10.592400
0.048547 3.965320
0.048739 38.468300
0.048930 7.237120
0.049121 23.042400
0.049312 26.251900
0.049503 47.449500
0.049694 36.182600
0.049885 6.440120
0.050076 31.475600
0.050268 7.820940
0.050459 57.748900
0.050650 47.342100
0.050841 8.392220
0.051032 2.746750
0.051223 42.270800
0.051414 10.992000
0.051606 17.053400
0.051797 13.749900
0.051988 29.013600
0.052179 14.677300
0.052370 4.042220
0.052561 30.510200
0.052752 14.017600
0.052943 7.337780
0.053135 26.522700
0.053326 6.581350
0.053517 35.012400
0.053708 9.471650
0.053899 16.796400
0.054090 10.512900
0.054281 12.478900
0.054472 6.500170
0.054664 30.897100
0.054855 11.063100
0.055046 7.420740
0.055237 9.482990
0.055428 3.640260
0.055619 8.878910
0.055810 16.184000
0.056002 24.688300
0.056193 18.520700
0.056384 40.934500
0.056575 17.436100
0.056766 72.852600
0.056957 37.941900
0.057148 33.071800
0.057339 25.391300
0.057531 10.487200
0.057722 32.347400
0.057913 9.967040
0.058104 58.396200
0.058295 14.027400
0.058486 6.663770
0.058677 40.007800
0.058869 41.268400
0.059060 14.804800
0.059251 12.729000
0.059442 20.012000
0.059633 7.236060
0.059824 23.061600
0.060015 4.648040
0.060206 6.682560
0.060398 53.708000
0.060589 25.746800
0.060780 4.728180
0.060971 16.147000
0.061162 27.851700
0.061353 33.367400
0.061544 68.462800
0.061735 6.911780
0.064794 67.417800
0.064985 31.540200
0.065176 9.560310
0.065367 69.591000
0.065558 8.837010
0.065749 6.890370
0.065940 11.042000
0.066131 46.008200
0.066323 10.130700
0.066514 5.197330
0.066705 32.855900
0.066896 42.541500
0.067087 5.279140
0.067278 2.482140
0.067469 29.665600
0.067661 8.897380
0.067852 47.874700
0.068043 30.713100
0.068234 7.198650
0.068425 24.492000
0.079128 59.483000
0.079320 5.952340
0.081613 11.312900
0.081804 31.824300
0.081995 5.597170
0.082187 15.923000
0.082378 50.511000
0.082569 18.087700
0.082760 3.642360
0.082951 59.789500
0.083142 41.528400
0.083333 25.086800
0.083524 31.858000
0.083716 6.131250
0.083907 68.535300
0.084098 24.127800
0.084289 36.127400
0.084480 30.245900
0.084671 6.010020
0.084862 86.070600
0.085054 6.607970
0.085245 9.043870
0.085436 61.491300
0.085627 2.759350
0.085818 27.419000
0.086009 10.144000
0.086200 63.631200
0.086391 9.169490
0.086583 9.390590
0.086774 33.087700
0.086965 72.656800
0.087156 49.756800
0.087347 9.798900
0.087538 27.445800
0.087729 94.746200
0.087920 13.619200
0.088112 72.697400
0.088303 17.745800
0.088494 5.105790
0.088685 7.577270
0.088876 22.747300
0.089067 14.588000
0.089258 16.868000
0.089450 61.808700
0.089641 43.905700
0.089832 18.669800
0.090023 7.816920
0.090214 10.649700
0.090405 14.894000
0.090596 18.441800
0.090787 53.162400
0.090979 26.382700
0.091170 47.855100
0.091361 24.607400
0.091552 18.126800
0.091743 12.248100
0.091934 16.422900
0.092125 21.477300
0.092317 52.355100
0.092508 13.238500
0.092699 39.816300
0.092890 38.195100
0.093081 45.723900
0.093272 36.361600
0.093463 7.856520
0.093654 32.997300
0.093846 9.225620
0.094037 6.795770
0.094228 29.750200
0.094419 1.675010
0.094610 7.744990
0.094801 49.856100
0.094992 7.564400
0.095183 49.201600
0.095375 50.446800
0.095566 42.647000
0.095757 12.432500
0.095948 22.713900
0.096139 7.746270
0.096330 7.710870
0.096521 42.949500
0.096713 15.309200
0.096904 4.682860
0.097095 8.910900
0.097286 54.632300
0.097477 26.693700
0.097668 31.873000
0.097859 34.269000
0.098050 13.617300
0.098242 26.768700
0.098433 36.636300
0.098624 9.870630
0.098815 25.601300
0.099006 20.193200
0.099197 17.004200
0.099388 8.453960
0.099580 32.341000
0.099771 32.909200
0.099962 24.998900
0.100153 3.977030
0.100344 50.862200
0.100535 17.206600
0.100726 25.039600
0.100917 7.826560
0.101109 25.643300
0.101300 14.046000
0.101491 53.958400
0.101682 38.110600
0.101873 13.218400
0.102064 8.600450
0.102255 62.120600
0.102446 7.832620
0.102638 14.557000
0.102829 1.765760
0.103020 55.362300
0.103211 7.787550
0.103402 44.838300
0.103593 5.937240
0.106651 9.958660
0.106843 36.794800
0.107034 47.148900
0.107225 6.726070
0.107416 2.274280
0.107607 88.163000
0.107798 17.012700
0.107989 12.416600
0.108180 31.886800
0.108372 23.011500
0.108563 12.256300
0.108754 10.997200
0.108945 21.353900
0.109136 11.720300
0.109327 23.137300
0.109518 30.424900
0.109709 10.090300
0.109901 36.164700
0.110092 34.397400
0.110283 28.668000
0.110474 13.555800
0.110665 16.329100
0.110856 41.971300
0.111047 19.793600
0.111239 15.748600
0.112385 7.409500
0.112576 38.876000
0.112768 66.233400
0.112959 11.591000
0.113150 41.169500
0.113341 32.575700
0.113532 19.068200
0.113723 8.788760
0.113914 3.046600
0.114106 9.124280
0.114297 20.626400
0.114488 13.346200
0.114679 21.621000
0.114870 6.286980
0.115061 18.231000
0.115252 16.879100
0.115443 14.068300
0.115635 59.582200
0.115826 5.115700
0.116017 9.385060
0.116208 64.202900
0.116399 37.592000
0.116590 5.699380
0.116781 59.404400
0.116972 10.061900
0.117164 5.296390
0.117355 14.116200
0.117546 9.621300
0.117737 12.381200
0.117928 45.908100
0.118119 42.635200
0.118310 30.070600
0.118502 51.340800
0.118693 56.286500
0.118884 19.553800
0.119075 7.133500
0.119266 10.759100
0.119457 7.843480
0.119648 70.919800
0.119839 32.462700
0.120031 17.158200
0.120222 30.338500
0.120413 27.372100
0.120604 15.200700
0.120795 6.502750
0.120986 4.479210
0.121177 9.165310
0.121369 5.354110
0.121560 12.612800
0.121751 74.045300
0.121942 17.091500
0.122133 10.684400
0.122324 7.434880
0.122515 15.807500
0.122706 62.713800
0.122898 28.930100
0.123089 8.853160
0.123280 20.055400
0.123471 6.069520
0.123662 28.864100
0.123853 11.270600
0.124044 32.638600
0.124235 36.433800
0.124427 17.938600
0.124618 19.103300
0.124809 35.310500
0.125000 27.615000
0.125191 26.444000
0.125382 27.175700
0.125573 46.783000
0.125765 58.049900
0.125956 77.513600
0.126147 18.900700
0.126338 7.604160
0.126529 65.843200
0.126720 13.592600
0.126911 33.364900
0.127102 5.270050
0.127294 2.953190
0.127485 44.970200
0.127676 20.183500
0.127867 11.291900
0.128058 39.432400
0.128249 16.622000
0.128440 19.728300
0.128631 9.790720
0.128823 6.033690
0.129014 9.944170
0.129205 20.338400
0.129396 19.509800
0.129587 32.885200
0.129778 40.236400
0.129969 14.270300
0.130161 36.971400
0.130352 26.934600
0.130543 18.530900
0.130734 29.852500
0.130925 44.432800
0.131116 29.442300
0.131307 6.502830
0.131498 6.368620
0.131690 6.757340
0.131881 9.714800
0.132072 29.591100
0.132263 5.550370
0.132454 25.812600
0.132645 24.949000
0.132836 18.084400
0.133028 20.179200
0.133219 19.544300
0.133410 13.829100
0.133601 43.790700
0.133792 45.215900
0.133983 19.189000
0.134174 14.751100
0.134365 22.071400
0.134557 37.904400
0.134748 27.979000
0.134939 4.729740
0.135130 24.430900
0.135321 25.995000
0.135512 45.144900
0.135703 47.737600
0.135894 5.100400
0.136086 17.328300
0.136277 60.172000
0.136468 2.321220
0.136659 26.132700
0.136850 42.401400
0.137041 12.611400
0.137232 28.321500
0.137424 6.511940
0.137615 30.156300
0.137806 8.273510
0.137997 11.742800
0.138188 85.325800
0.138379 18.930600
0.138570 61.466500
0.138761 17.779800
0.138953 5.732290
0.139144 52.359100
0.139335 32.125500
0.139526 18.387500
0.139717 75.571000
0.139908 38.246600
0.140099 3.544640
0.140291 26.021500
0.140482 7.337470
0.140673 26.692400
0.140864 17.976300
0.141055 47.991600
0.141246 18.795800
0.141437 32.435200
0.141628 14.961400
0.141820 3.164840
0.142011 39.982600
0.142202 26.076800
0.142393 14.752100
0.142584 6.458380
0.142775 5.886110
0.142966 13.914600
0.143157 44.279800
0.143349 44.475000
0.143540 14.015800
0.143731 7.710330
0.143922 10.153400
0.144113 4.222930
0.144304 40.106200
0.144495 61.082500
0.144687 9.127240
0.144878 7.581790
0.145069 57.678400
0.145260 17.498600
0.145451 66.790000
0.145642 1.722590
0.145833 13.538700
0.146024 66.924700
0.146216 14.460100
0.146407 56.842100
0.146598 34.740300
0.146789 36.715700
0.146980 39.682200
0.147171 11.605500
0.147362 58.893100
0.147554 8.588710
0.147745 44.593700
0.147936 7.959720
0.148127 12.698700
0.148318 6.668540
0.148509 7.588610
0.148700 39.770800
0.148891 12.282100
0.149083 43.487200
0.149274 24.119400
0.149465 25.138800
0.149656 16.142200
0.149847 34.257000
0.150038 38.876900
0.150229 29.264700
0.150420 18.125600
0.150612 42.327900
0.150803 6.035320
0.150994 16.428400
0.151185 7.130160
0.151376 42.841200
0.151567 9.932930
0.151758 4.646380
0.151950 47.740900
0.152141 25.387400
0.152332 9.983770
0.152523 5.190190
0.152714 2.452990
0.152905 47.303900
0.153096 25.949800
0.153287 18.878600
0.153479 38.790100
0.153670 43.059700
0.153861 8.121640
0.154052 29.176100
0.154243 20.569600
0.154434 18.197100
0.154625 45.270500
0.154817 12.988800
0.155008 18.446200
0.155199 32.802700
0.155390 7.660300
0.155581 9.802320
0.155772 21.922000
0.155963 23.835100
0.156154 29.819400
0.156346 50.016900
0.156537 8.731330
0.156728 34.619500
0.156919 18.036900
0.157110 15.250100
0.157301 31.942100
0.157492 35.262100
0.157683 22.242900
0.157875 59.514200
0.158066 10.628700
0.158257 22.249900
0.158448 5.522320
0.158639 40.307500
0.158830 42.733600
0.159021 18.859900
0.159213 10.658300
0.159404 40.517500
0.159595 5.235480
0.159786 13.955100
0.159977 21.522200
0.160168 26.455400
0.160359 45.577000
0.161124 9.805800
0.161315 5.705260
0.161506 4.419330
0.161697 53.781100
0.161888 9.290310
0.162080 24.382000
0.162271 8.490770
0.162462 25.149000
0.162653 14.582700
0.162844 9.483930
0.163035 28.512500
0.163226 41.716100
0.163417 34.287600
0.163609 18.986800
0.163800 11.614700
0.163991 75.167000
0.164182 43.197700
0.164373 33.519800
0.164564 25.710300
0.164755 15.725200
0.164946 9.617620
0.165138 39.877400
0.165329 33.080700
0.165520 7.626390
0.165711 83.202800
0.165902 7.914010
0.166093 4.309420
0.166284 15.416700
0.166476 76.756700
0.166667 42.841000
0.166858 11.221900
0.167049 8.630220
0.167240 12.482100
0.168387 9.509200
0.168578 19.750600
0.168769 50.024800
0.168960 20.811200
0.169151 28.201800
0.169343 20.173600
0.169534 21.751000
0.169725 65.440600
0.169916 60.933000
0.170107 35.232400
0.170298 31.137900
0.170489 16.755500
0.170680 14.612900
0.170872 24.736900
0.171063 7.639450
0.171254 21.223400
0.171445 2.646490
0.171636 6.514870
0.171827 29.476700
0.172018 8.879130
0.172209 44.051200
0.172401 5.871630
0.172592 34.184300
0.172783 8.650070
0.172974 6.862320
0.173165 20.986400
0.173356 16.555300
0.173547 17.531300
0.173739 14.743000
0.173930 18.423000
0.174121 35.292700
0.174312 17.311800
0.174503 8.060290
0.174694 54.435300
0.174885 11.323200
0.175076 10.027200
0.175268 2.886530
0.175459 5.809820
0.175650 31.721900
0.175841 4.900380
0.176032 23.747400
0.176223 28.491200
0.176414 37.097400
0.176606 26.787900
0.176797 68.367200
0.176988 51.706600
0.177179 50.343900
0.177370 16.211400
0.177561 73.625800
0.177752 5.035210
0.177943 21.074400
0.178135 7.965670
0.178326 20.109800
0.178517 39.355400
0.178708 10.006400
0.178899 15.615000
0.179090 10.339900
0.179281 13.818100
0.179472 54.096900
0.179664 21.559500
0.179855 8.436710
0.180046 42.346000
0.180237 36.047700
0.180428 4.550350
0.180619 21.414600
0.180810 94.908400
0.181002 10.798700
0.181193 55.691600
0.181384 26.237700
0.181575 9.708330
0.181766 30.852600
0.181957 34.137300
0.182148 4.045910
0.182339 77.743700
0.182531 3.998310
0.182722 27.485100
0.182913 6.277930
0.183104 38.361100
0.183295 31.004800
0.183486 3.730050
0.183677 18.534300
0.183869 26.099400
0.184060 14.593700
0.184251 8.972250
0.184442 22.480000
0.184633 78.381700
0.184824 18.945400
0.185015 8.771370
0.185206 17.949800
0.185398 25.482000
0.185589 14.331700
0.185780 9.334820
0.185971 45.161900
0.186162 27.323600
0.186353 20.776800
0.186544 3.146390
0.186735 8.253570
0.186927 46.440500
0.187118 42.833300
0.187309 4.552460
0.187500 47.475900
0.187691 18.835300
0.187882 27.235800
0.188073 10.021700
0.188265 6.907520
0.188456 5.899360
0.188647 9.388540
0.188838 25.448900
0.189029 23.035400
0.189220 63.024700
0.189411 10.837100
0.189602 7.579200
0.189794 16.861300
0.189985 6.750810
0.190176 46.790700
0.190367 7.945310
0.190558 11.945900
0.190749 34.906200
0.190940 8.981820
0.191131 11.756100
0.191323 15.923300
0.191514 8.939260
0.191705 5.511660
0.191896 25.540500
0.192087 13.176800
0.192278 67.870500
0.192469 23.652300
0.192661 43.787300
0.192852 10.762400
0.193043 20.837300
0.193234 9.146540
0.193425 27.812200
0.193616 9.602720
0.193807 9.616120
0.193998 37.355500
0.194190 59.330000
0.194381 21.550600
0.194572 12.602800
0.194763 11.034100
0.194954 20.802900
0.195145 4.661690
0.195336 56.694100
0.195528 45.270700
0.195719 18.013000
0.195910 21.321600
0.196101 9.458860
0.196292 45.071700
0.196483 27.355800
0.196674 33.040300
0.196865 4.399430
0.197057 10.480500
0.197248 25.356700
0.197439 13.956500
0.197630 4.473480
0.197821 34.136600
0.198012 15.165500
0.198203 7.793100
0.198394 8.706040
0.198586 48.966400
0.198777 26.402400
0.198968 61.709400
0.199159 27.013500
0.199350 2.267710
0.199541 12.610200
0.199732 18.282800
0.199924 29.974100
0.200115 20.130100
0.200306 7.156230
0.200497 28.553400
0.200688 13.802200
0.200879 7.529940
0.201070 23.278400
0.201261 78.504300
0.201453 39.496800
0.201644 4.077580
0.201835 48.059200
0.202026 75.372800
0.202217 56.366500
0.202408 9.626670
0.202599 19.460000
0.202791 19.766000
0.202982 20.788300
0.203173 10.938400
0.203364 44.798400
0.203555 6.330840
0.203746 2.647070
0.203937 12.833800
0.204128 12.148500
0.204320 76.750600
0.204511 57.579600
0.204702 16.421500
0.204893 8.171700
0.205084 37.324700
0.205275 53.404600
0.205466 48.614400
0.205657 47.404100
0.205849 17.645100
0.206040 18.336900
0.206231 8.929950
0.206422 9.633330
0.206613 1.738790
0.206804 77.894600
0.206995 56.943000
0.207187 17.313500
0.207378 36.494600
0.207569 44.730000
0.207951 69.200400
0.208142 20.822900
0.208333 26.314100
0.208524 37.666900
0.208716 38.389100
0.208907 6.411980
0.209098 40.502500
0.209289 77.679200
0.209480 24.287700
0.209671 44.211700
0.209862 8.182090
0.210054 26.598200
0.210245 15.147400
0.210436 59.636800
0.210627 66.444200
0.210818 69.777600
0.211009 8.053840
0.211200 18.584900
0.212156 67.121200
0.212347 48.114800
0.212538 49.393400
0.212729 18.108000
0.212920 5.450600
0.213112 7.460840
0.213303 33.998700
0.213494 14.277800
0.213685 82.025500
0.213876 8.041010
0.214067 37.895300
0.214258 3.072500
0.214450 30.158700
0.214641 3.985550
0.214832 74.755800
0.215023 8.634220
0.215214 19.030100
0.215405 10.015300
0.215596 9.470610
0.215787 3.824580
0.215979 4.955900
0.216170 6.388080
0.216361 36.701200
0.216552 42.634500
0.216743 10.052200
0.216934 30.192600
0.217125 26.644800
0.217317 56.368200
0.217508 49.889000
0.217699 25.673600
0.217890 63.104900
0.218081 4.441440
0.218272 25.881300
0.218463 11.939400
0.218654 3.782150
0.218846 56.786100
0.219037 29.876900
0.219228 55.559500
0.219419 13.578000
0.219610 3.617010
0.219801 7.780620
0.219992 7.831200
0.220183 23.579600
0.220375 10.507700
0.220566 1.698240
0.220757 26.280000
0.220948 43.358300
0.221139 10.039300
0.221330 2.043450
0.221521 35.126400
0.221713 4.933380
0.221904 3.484410
0.222095 17.366300
0.222286 54.382400
0.222477 10.378300
0.222668 7.005930
0.223050 41.776100
0.223242 5.583040
0.223433 12.382600
0.223624 2.928170
0.223815 17.931900
0.224006 68.884200
0.224197 52.319000
0.224388 12.396900
0.224580 7.853520
0.224771 13.807900
0.224962 34.220000
0.225153 21.360200
0.225344 17.171600
0.225535 13.098300
0.225726 49.682800
0.225917 11.025500
0.226109 9.183810
0.226300 7.238390
0.226491 8.748260
0.226682 9.565410
0.226873 53.008000
0.227064 14.039200
0.227255 19.237100
0.227446 35.678400
0.227638 21.654900
0.227829 6.189510
0.228020 11.518700
0.228211 17.153000
0.228402 7.690490
0.228593 16.737600
0.228784 37.708000
0.228976 15.072600
0.229167 56.818000
0.229358 27.016900
0.229549 45.749700
0.229740 11.407800
0.229931 33.072700
0.230122 10.550300
0.230313 28.990000
0.230505 17.445200
0.230696 41.650500
0.230887 39.881800
0.231078 47.355600
0.231269 4.134090
0.231460 38.754200
0.231651 6.262630
0.231843 38.159600
0.232034 33.573200
0.232225 9.822150
0.232416 43.798900
0.232607 7.997970
0.232798 6.625900
0.232989 15.772300
0.233180 20.409200
0.233372 18.785800
0.233563 24.861000
0.233754 9.071250
0.233945 26.453800
0.234136 8.385340
0.234327 12.934000
0.234518 32.275400
0.234709 11.110600
0.234901 18.694800
0.235092 36.687900
0.235283 45.412000
0.235474 7.590270
0.235665 2.037030
0.235856 6.800470
0.236047 14.980600
0.236239 14.287000
0.236430 34.412200
0.236621 46.682200
0.236812 36.278500
0.237003 19.248200
0.237194 4.973800
0.237385 36.815000
0.237576 20.317000
0.237768 27.831300
0.237959 35.042300
0.238150 23.732200
0.238341 12.080100
0.238532 8.065340
0.238723 16.767100
0.238914 3.993720
0.239106 29.094700
0.239297 26.022900
0.239488 17.312700
0.239679 12.229100
0.239870 51.189300
0.240061 49.238300
0.240252 8.942700
0.240443 29.910400
0.240635 29.762300
0.240826 6.481800
0.241017 19.782400
0.241208 43.403200
0.241399 7.111750
0.241590 6.406150
0.241781 4.662820
0.241972 14.688600
0.242164 65.392500
0.242355 8.957700
0.242546 10.632200
0.242737 13.519600
0.242928 19.387100
0.243119 9.205400
0.243310 15.342000
0.243502 4.215960
0.243693 22.853200
0.243884 21.712800
0.244075 72.950200
0.244266 64.155100
0.244457 36.075100
0.244648 23.319600
0.244839 15.972200
0.245031 32.304800
0.245222 11.079200
0.245413 30.040100
0.245604 47.896100
0.245795 19.158700
0.245986 21.714500
0.246177 31.371500
0.246369 15.558600
0.246560 18.452800
0.246751 7.812290
0.248280 8.324900
0.248471 6.146640
0.248662 17.469800
0.248853 61.403300
0.249044 7.424130
0.249235 1.675180
0.249427 32.177900
0.249618 13.374000
0.249809 21.023600
0.250000 28.772600
0.250191 61.526500
0.250382 12.511200
0.250573 26.034100
0.250765 56.312100
0.250956 67.841900
0.251147 41.255700
0.251338 9.127280
0.251529 24.508700
0.251720 6.969940
0.251911 94.373000
0.252102 14.701000
0.252294 67.073900
0.252485 18.112000
0.252676 34.571000
0.252867 9.285670
0.253058 27.583600
0.253249 42.619100
0.253440 6.455350
0.253631 14.041200
0.253823 8.815780
0.254014 19.198400
0.254205 53.673500
0.254396 7.830170
0.254587 32.973100
0.254778 46.056000
0.254969 21.543800
0.255161 37.532000
0.255352 10.139300
0.255543 8.497110
0.255734 25.002800
0.255925 26.317300
0.256116 14.269300
0.256307 22.421900
0.256498 46.076800
0.256690 9.972330
0.256881 4.835600
0.257072 18.634100
0.257263 41.714300
0.257454 19.011400
0.257645 1.858290
0.257836 18.332500
0.258028 51.444500
0.258219 9.497790
0.258410 9.150040
0.258601 12.165200
0.258792 6.283990
0.258983 45.915900
0.259174 74.655000
0.259365 18.585200
0.259557 16.686500
0.259748 45.855000
0.259939 16.154400
0.260130 10.194000
0.260321 23.513800
0.260512 26.717000
0.260703 2.841210
0.260894 7.349630
0.261086 24.513200
0.261277 19.015100
0.261468 6.026130
0.261659 93.718900
0.261850 33.819500
0.262041 88.365900
0.262232 34.847100
0.262424 2.367210
0.262615 8.088210
0.262806 28.532300
0.262997 9.483450
0.263188 81.104600
0.263379 8.296800
0.263570 16.960600
0.263761 8.170660
0.263953 6.449880
0.264144 43.143600
0.264335 32.896400
0.264526 8.197620
0.264717 19.349400
0.264908 13.531000
0.265099 20.030900
0.265291 7.990940
0.265482 5.922570
0.265673 30.071600
0.265864 5.816560
0.266055 62.199700
0.266246 60.197800
0.266437 27.851000
0.266628 31.394400
0.266820 52.722300
0.267011 17.968900
0.267202 34.531700
0.267393 13.383100
0.267584 26.063000
0.267775 17.100200
0.267966 14.753400
0.268157 50.046800
0.268349 28.278300
0.268540 20.401800
0.268731 3.288100
0.268922 71.953800
0.269113 17.402600
0.269304 4.043240
0.269495 23.048600
0.269687 84.531400
0.269878 9.543760
0.270069 5.988800
0.270260 77.967000
0.270451 58.600600
0.270642 7.572500
0.270833 37.612500
0.271024 6.202940
0.271216 24.812300
0.271407 18.053400
0.271598 14.250700
0.271789 27.057400
0.271980 6.414840
0.272171 20.528400
0.272362 70.670100
0.272554 9.664640
0.272745 5.355160
0.272936 20.562300
0.273127 21.180000
0.273318 76.301100
0.273509 27.200600
0.273700 23.964000
0.273891 31.782800
0.274083 16.847100
0.274274 83.616200
0.274465 11.542700
0.274656 19.944500
0.274847 28.369200
0.275038 3.122680
0.275229 16.926900
0.275420 62.020500
0.275612 9.988800
0.275803 1.721400
0.275994 30.872000
0.276185 73.877600
0.276376 10.642700
0.276567 24.039300
0.276758 9.992660
0.276950 7.549890
0.277141 62.982200
0.277332 20.805200
0.277523 33.108000
0.277714 23.576800
0.277905 22.104900
0.278096 11.546000
0.278287 10.203700
0.278479 47.461000
0.278670 30.868300
0.278861 31.142000
0.279052 61.430800
0.279243 58.974500
0.279434 3.664080
0.279625 47.668200
0.279817 8.115150
0.280008 28.418000
0.280199 57.971300
0.280390 12.678600
0.280581 38.079000
0.280772 12.482700
0.280963 24.917400
0.281154 3.630960
0.281346 27.286600
0.281537 11.095600
0.281728 8.496070
0.281919 10.622500
0.282110 72.985200
0.282301 23.618700
0.282492 14.099700
0.282683 6.606900
0.282875 74.182700
0.283066 4.468720
0.283257 32.630300
0.283448 85.726900
0.283639 32.256400
0.283830 17.987300
0.284021 10.350600
0.284213 23.606100
0.284404 31.115600
0.284595 6.697090
0.284786 9.554600
0.284977 5.149800
0.285168 9.567820
0.285359 6.360440
0.285550 10.068600
0.285742 13.572700
0.285933 2.648290
0.286124 14.012400
0.286315 49.182500
0.286506 19.822300
0.286697 33.553600
0.286888 8.178630
0.287080 30.788600
0.287271 9.637720
0.287462 24.312100
0.287653 8.461020
0.287844 6.418190
0.288035 31.325900
0.288226 29.606500
0.288417 51.553700
0.288609 6.055610
0.288800 25.529100
0.288991 58.572300
0.289182 24.227400
0.289373 28.689500
0.289564 9.031760
0.289755 8.631420
0.289946 17.952400
0.290138 44.099900
0.290329 22.663300
0.290520 14.222500
0.290711 18.927100
0.290902 51.536200
0.291093 5.042310
0.291284 4.840820
0.291476 21.151900
0.291667 15.648100
0.291858 22.724300
0.292049 15.562600
0.292240 9.970830
0.292431 27.157200
0.292622 8.867810
0.292813 13.556900
0.293005 47.344200
0.293196 7.041870
0.293387 8.215880
0.293578 34.963500
0.293769 12.583600
0.293960 4.215810
0.294151 8.174010
0.294343 14.036400
0.294534 14.483500
0.294725 19.140100
0.294916 7.767980
0.295107 41.090100
0.295298 7.007850
0.295489 19.117600
0.295680 15.712300
0.295872 12.114500
0.296063 40.935100
0.296254 35.365700
0.296445 12.692300
0.296636 14.979700
0.296827 44.231100
0.297018 10.675600
0.297209 5.230680
0.297401 31.981500
0.297592 10.716200
0.297783 8.257180
0.297974 49.411400
0.298165 10.077900
0.298356 37.156500
0.298547 3.211480
0.298739 11.518400
0.298930 14.618800
0.299121 22.094300
0.299312 9.994720
0.299503 6.257980
0.299694 17.749100
0.299885 2.106050
0.300076 19.346300
0.300268 6.183130
0.300459 13.789500
0.300650 5.549290
0.300841 41.637600
0.301032 11.802700
0.301223 4.614540
0.301414 7.572630
0.301606 10.991700
0.301797 9.769750
0.301988 8.106310
0.302179 43.354300
0.302370 10.881600
0.302561 22.374100
0.302752 13.891200
0.302943 17.367800
0.303135 42.758600
0.303326 77.501900
0.303517 45.935600
0.303708 30.311900
0.303899 22.555300
0.304090 36.803300
0.304281 9.130640
0.304472 29.304400
0.304664 7.610510
0.304855 7.539550
0.305046 40.785000
0.305237 46.818700
0.305428 61.214800
0.305619 5.363760
0.305810 43.331700
0.306002 20.142700
0.306193 7.297980
0.306384 10.763300
0.306575 48.194600
0.306766 24.727400
0.306957 5.562780
0.307148 10.019500
0.307339 21.624200
0.307531 76.193200
0.307722 18.952600
0.307913 36.148200
0.308104 23.918300
0.308295 20.311700
0.308486 65.895700
0.308677 57.075500
0.308869 64.384400
0.309060 6.452380
0.309251 49.100500
0.309442 50.026600
0.309633 3.571820
0.309824 33.833100
0.310015 11.787800
0.310206 34.188400
0.310398 56.190100
0.310589 10.239000
0.310780 33.030600
0.310971 28.528500
0.311162 29.512200
0.311353 16.231900
0.311544 7.695940
0.311735 25.465300
0.311927 43.277700
0.312118 7.974530
0.312309 59.323600
0.312500 4.974160
0.312691 36.087900
0.312882 9.021470
0.313073 7.577660
0.313265 5.381060
0.313456 1.721220
0.313647 19.730300
0.313838 56.803300
0.314029 4.231820
0.314220 14.511300
0.314411 33.484400
0.314602 7.132230
0.314794 9.674620
0.314985 31.283700
0.315176 44.674700
0.315367 15.949100
0.315558 10.945500
0.315749 22.120600
0.315940 15.010900
0.316131 15.887500
0.316323 9.372650
0.316514 19.278600
0.316705 83.200300
0.316896 26.611100
0.317087 29.082500
0.317278 15.324700
0.317469 69.269400
0.317661 3.630000
0.317852 5.697830
0.318043 19.863800
0.318234 14.605500
0.318425 27.123300
0.318616 4.969560
0.318807 19.414700
0.318998 33.884800
0.319190 7.021600
0.319381 9.773830
0.319572 20.221800
0.319763 60.057700
0.319954 30.177000
0.320145 9.676690
0.320336 10.338700
0.320528 30.465700
0.320719 9.202670
0.320910 73.961600
0.321101 11.470800
0.321292 17.792000
0.321483 7.869480
0.321674 24.790900
0.321865 37.437500
0.322057 12.153300
0.322248 13.780400
0.322439 4.390540
0.322630 4.781540
0.322821 65.589100
0.323012 13.730200
0.323203 24.641600
0.323394 7.204160
0.323586 28.860900
0.323777 60.068000
0.323968 20.053000
0.324159 78.178900
0.324350 21.988500
0.324541 2.032090
0.324732 52.682600
0.324924 5.755640
0.325115 34.403600
0.325306 2.843430
0.325497 7.920460
0.325688 17.781600
0.325879 10.043500
0.326070 23.486800
0.326261 14.936300
0.326453 18.375400
0.326644 6.956050
0.326835 25.793900
0.327026 14.887600
0.327217 16.778100
0.327408 15.113700
0.327599 26.268800
0.327791 23.488600
0.327982 16.088900
0.328173 12.930700
0.328364 19.557800
0.328555 20.852300
0.328746 7.918470
0.328937 60.210200
0.329128 11.215000
0.329320 37.419800
0.329511 26.642200
0.329702 2.420820
0.329893 8.094520
0.330084 46.428400
0.330275 26.712800
0.330466 14.525400
0.330657 5.639290
0.330849 8.998880
0.331040 9.911570
0.331231 20.241100
0.331422 55.036500
0.331613 10.547500
0.331804 3.296790
0.331995 13.209200
0.332187 8.111030
0.332378 7.393900
0.332569 76.094400
0.332760 22.511600
0.332951 14.629400
0.333142 1.936040
0.333333 1.651330
0.333524 70.272200
0.333716 46.824300
0.333907 8.308890
0.334098 29.158900
0.334289 43.361700
0.334480 26.889800
0.334671 36.039600
0.334862 15.528400
0.335054 9.850570
0.335245 54.256700
0.335436 55.033000
0.335627 30.426600
0.335818 9.126210
0.336009 25.371400
0.336200 38.253100
0.336391 16.903100
0.336583 6.581440
0.336774 32.527800
0.336965 47.062400
0.337156 29.693400
0.337347 6.347580
0.337538 18.595000
0.337729 36.151100
0.337920 6.232100
0.338112 29.770900
0.338303 46.288600
0.338494 8.852570
0.338685 7.887360
0.338876 58.514600
0.339067 11.570000
0.339258 4.720150
0.339450 6.087040
0.339641 11.041600
0.339832 10.992300
0.340023 14.978000
0.340214 14.846500
0.340405 31.356200
0.340596 3.398250
0.340787 34.635700
0.340979 69.553400
0.341170 7.788950
0.341361 21.057400
0.341552 19.640300
0.341743 34.460000
0.341934 9.689610
0.342125 86.762700
0.342317 34.126300
0.342508 32.186800
0.342699 74.161400
0.342890 30.791200
0.343081 29.926300
0.343272 2.942350
0.343463 33.743500
0.343654 17.980800
0.343846 29.304800
0.344037 6.774730
0.344228 52.475400
0.344419 18.657600
0.344610 60.056800
0.344801 21.608300
0.344992 14.183500
0.345183 20.216100
0.345375 8.357870
0.345566 25.997300
0.345757 24.791600
0.345948 2.901390
0.346139 65.496600
0.346330 15.673900
0.346521 13.769500
0.346713 16.604100
0.346904 8.502300
0.347095 1.729010
0.347286 44.872700
0.347477 22.939200
0.347668 5.686000
0.347859 35.818600
0.348050 26.543600
0.348242 38.359600
0.348433 19.780000
0.348624 29.808800
0.348815 3.020130
0.349006 17.702600
0.349197 27.245000
0.349388 44.610900
0.349580 7.978120
0.349771 11.303500
0.349962 18.226600
0.350153 33.487100
0.350344 36.565900
0.350535 54.916800
0.350726 38.599200
0.350917 11.156900
0.351109 14.408400
0.351300 12.106300
0.351491 83.520500
0.351682 13.239200
0.351873 8.585910
0.352064 66.452300
0.352255 14.867900
0.352446 18.310500
0.352638 14.798200
0.352829 36.159500
0.353020 18.256700
0.353211 15.411300
0.353402 51.436200
0.353593 80.639500
0.353784 10.233500
0.353976 31.905300
0.354167 18.208800
0.354358 8.591390
0.354549 26.525200
0.354740 32.218400
0.354931 1.647990
0.355122 6.238680
0.355313 47.105600
0.355505 27.253700
0.355696 18.292700
0.355887 5.560120
0.356078 42.183100
0.356269 54.672100
0.356460 4.406520
0.356651 27.065900
0.356843 6.525200
0.357034 1.741560
0.357225 5.491480
0.357416 17.878600
0.357607 22.136300
0.357798 3.789460
0.357989 14.907700
0.358180 20.512200
0.358372 31.169600
0.358563 42.631300
0.358754 17.001500
0.358945 47.448200
0.359136 21.488300
0.359327 10.039000
0.359518 26.383100
0.359709 9.423570
0.359901 6.866170
0.360092 24.534200
0.360283 3.494580
0.360474 22.469900
0.360665 26.727200
0.360856 5.894180
0.361047 9.648680
0.361239 22.707000
0.361430 5.926980
0.361621 31.377900
0.361812 29.173900
0.362003 39.881500
0.362194 16.840300
0.362385 20.834900
0.362576 47.335200
0.362768 17.463500
0.362959 8.283150
0.363150 37.099200
0.363341 30.134800
0.363532 10.865200
0.363723 32.313800
0.363914 31.351500
0.364106 11.193200
0.364297 24.264900
0.364488 34.663300
0.364679 16.284400
0.364870 8.461050
0.365061 60.187200
0.365252 16.565600
0.365443 14.540300
0.365635 19.323900
0.365826 13.500400
0.366017 50.923200
0.366208 63.441400
0.366399 4.768530
0.366590 9.164840
0.366781 22.488800
0.366972 15.634100
0.367164 34.383000
0.367355 20.886400
0.367546 6.307840
0.367737 10.004400
0.367928 17.626000
0.368119 52.225000
0.368310 16.631100
0.368502 16.797000
0.368693 7.535170
0.368884 10.034300
0.369075 50.159900
0.369266 21.362900
0.369457 43.224500
0.369648 8.435040
0.369839 27.486000
0.370031 2.135900
0.370222 19.421700
0.370413 4.974830
0.370604 22.485800
0.370795 8.348430
0.370986 27.457900
0.371177 53.781200
0.371369 30.479900
0.371560 8.665600
0.371751 63.240900
0.371942 21.844200
0.372133 7.946560
0.372324 6.574240
0.372515 18.321000
0.372706 11.975200
0.372898 65.026400
0.373089 7.442000
0.373280 16.743800
0.373471 35.729600
0.373662 86.349500
0.373853 32.003700
0.374044 19.680200
0.374235 27.013600
0.374427 8.848840
0.374618 29.643400
0.374809 29.350200
0.375000 8.200660
0.375191 7.330420
0.375382 12.580000
0.375573 5.096730
0.375765 16.035000
0.375956 45.083900
0.376147 19.665700
0.376338 8.822380
0.376529 14.260600
0.376720 64.273500
0.376911 50.866700
0.377102 21.822500
0.377294 18.902300
0.377485 25.434200
0.377676 28.585900
0.377867 34.464100
0.378058 12.898200
0.378249 7.858490
0.378440 26.380300
0.378631 33.776000
0.378823 41.506000
0.379014 7.896390
0.379205 7.314540
0.379396 66.068300
0.379587 69.640100
0.379778 4.689120
0.379969 21.584000
0.380161 56.629500
0.380352 72.369900
0.380543 3.432940
0.380734 44.653900
0.380925 64.041600
0.381116 7.315220
0.381307 19.968200
0.381498 9.106570
0.381690 58.969900
0.381881 8.419640
0.382072 6.894010
0.382263 15.974100
0.382454 7.408880
0.382645 31.968900
0.382836 46.672800
0.383028 11.441000
0.383219 17.806700
0.383410 13.348400
0.383601 11.763400
0.383792 15.640700
0.383983 27.592300
0.384174 12.750800
0.384365 21.415700
0.384557 52.096200
0.384748 10.464200
0.384939 56.589400
0.385130 32.670600
0.385321 8.587120
0.385512 22.037300
0.385703 53.970000
0.385894 12.959400
0.386086 6.833770
0.386277 37.632100
0.386468 20.402000
0.386659 40.009600
0.386850 21.508200
0.387041 14.665400
0.387232 17.781100
0.387424 6.986860
0.387615 4.214770
0.387806 64.243400
0.387997 35.743400
0.388188 7.741740
0.388379 14.598800
0.388570 39.534800
0.388761 17.524100
0.388953 17.977700
0.389144 28.561700
0.389335 51.570700
0.389526 3.241380
0.389717 8.439360
0.389908 45.142200
0.390099 42.813700
0.390291 9.822530
0.390482 35.015700
0.390673 37.023100
0.390864 6.295490
0.391055 8.644200
0.391246 27.500100
0.391437 9.145110
0.391628 29.499600
0.391820 18.239800
0.392011 18.923700
0.392202 7.431590
0.392393 6.241300
0.392584 6.929610
0.392775 48.062900
0.392966 6.537210
0.393157 13.798100
0.393349 47.928200
0.393540 15.703300
0.393731 4.476930
0.393922 24.013600
0.394113 17.508900
0.394304 2.326640
0.394495 20.921000
0.394687 64.816900
0.394878 8.113920
0.395069 9.540160
0.395260 23.173100
0.395451 84.445200
0.395642 3.980310
0.395833 41.059400
0.396024 9.478370
0.396216 39.966600
0.396407 29.827500
0.396598 30.459300
0.396789 11.053400
0.396980 21.133300
0.397171 31.472000
0.397362 43.363200
0.397554 54.761000
0.397745 10.587500
0.397936 7.820140
0.398127 3.071240
0.398318 45.533700
0.398509 9.463040
0.398700 34.364700
0.398891 38.866500
0.399083 30.116600
0.399274 7.119420
0.399465 7.019510
0.399656 51.780100
0.399847 9.061480
0.400038 9.165720
0.400229 8.296430
0.400420 11.133800
0.400612 57.531000
0.400803 9.512800
0.400994 18.151900
0.401185 7.050680
0.401376 12.937900
0.401567 23.844500
0.401758 34.302800
0.401950 9.984040
0.402523 8.776500
0.402714 45.646100
0.402905 82.026300
0.403096 20.668400
0.403287 6.890290
0.403479 7.688550
0.403670 7.419280
0.403861 21.288900
0.404052 55.279500
0.404243 12.938400
0.404434 8.157540
0.404625 49.025900
0.404817 8.349150
0.405008 24.826600
0.405199 8.985430
0.405390 48.303400
0.405581 81.630000
0.405772 11.623700
0.405963 12.749100
0.406154 20.652200
0.406346 9.248910
0.406537 1.911830
0.406728 40.547700
0.406919 17.146600
0.407110 22.815400
0.407301 31.370100
0.407492 28.297500
0.407683 22.619800
0.407875 6.493690
0.408066 5.496430
0.408257 19.479400
0.408448 4.499570
0.408639 17.741500
0.408830 32.660000
0.409021 27.134600
0.409213 24.863400
0.409404 22.171900
0.409595 33.752800
0.409786 8.590780
0.409977 14.692900
0.410168 11.449400
0.410359 27.012600
0.410550 10.937700
0.410742 4.852890
0.410933 52.347000
0.411124 27.060700
0.411315 10.645000
0.411506 9.349010
0.411697 32.110200
0.411888 11.850700
0.412080 7.293790
0.412271 5.056580
0.412462 52.304900
0.412653 39.725700
0.412844 18.735200
0.413035 14.048600
0.413226 22.508800
0.413417 7.898050
0.413609 9.356150
0.413800 15.134900
0.413991 23.727400
0.414182 76.452200
0.414373 11.414700
0.414564 21.551800
0.414755 9.578450
0.414946 29.133100
0.415138 34.537600
0.415329 10.427800
0.415520 19.736800
0.415711 23.157300
0.415902 28.794900
0.416093 20.021500
0.416284 12.662100
0.416476 8.261510
0.416667 52.094000
0.416858 20.398300
0.417049 4.469170
0.417240 39.102900
0.417431 8.539980
0.417622 17.535100
0.417813 33.661000
0.418005 16.535200
0.418196 2.896100
0.418387 23.672400
0.418578 30.133300
0.418769 20.599800
0.418960 22.210000
0.419151 23.709500
0.419343 39.064200
0.419534 26.830600
0.419725 28.522300
0.419916 4.399250
0.420107 20.620100
0.420298 6.141620
0.420489 56.654800
0.420680 16.257000
0.420872 24.709400
0.421063 28.884500
0.421254 23.227300
0.421445 11.588400
0.421636 49.605300
0.421827 21.274600
0.422018 64.842800
0.422209 46.268600
0.422401 8.881200
0.422592 14.672100
0.422783 10.140300
0.422974 3.985670
0.423165 7.465600
0.423356 10.581100
0.423547 38.162800
0.423739 12.414500
0.423930 2.876870
0.424121 45.329100
0.424312 15.815500
0.424503 7.279550
0.424694 43.591300
0.424885 36.400200
0.425076 8.686420
0.425268 54.947900
0.425459 31.749400
0.425650 39.976700
0.425841 23.263300
0.426032 39.973100
0.426223 49.765200
0.426414 23.817700
0.426606 97.069800
0.426797 50.533900
0.426988 10.677600
0.427179 18.565300
0.427370 23.987200
0.427561 20.048800
0.427752 16.400300
0.427943 12.088600
0.428135 62.406800
0.428326 4.865020
0.428517 40.969400
0.428708 13.810200
0.428899 19.474600
0.429090 56.811800
0.429281 10.160800
0.429472 5.272000
0.429664 3.961340
0.429855 2.888840
0.430046 4.380220
0.430237 26.009800
0.430428 70.365200
0.430619 44.597100
0.430810 6.643650
0.431002 13.570800
0.431193 11.332900
0.431384 24.399000
0.431575 53.895800
0.431766 39.040400
0.431957 9.619610
0.432148 8.114300
0.432339 8.107200
0.432531 62.177800
0.432722 34.592900
0.432913 13.377800
0.433104 40.394600
0.433295 6.873700
0.433486 38.618500
0.433677 19.944900
0.433869 17.764900
0.434060 33.216500
0.434251 30.843500
0.434442 31.691200
0.434633 9.908460
0.434824 35.421000
0.435015 10.749900
0.435206 57.949300
0.435398 17.547200
0.435589 7.616790
0.435780 77.535000
0.435971 48.361900
0.436162 6.630350
0.436353 34.276000
0.436544 6.690140
0.436735 36.176900
0.436927 7.314800
0.437118 27.795300
0.437309 30.924100
0.437500 9.265060
0.437691 10.149700
0.437882 29.111200
0.438073 5.016770
0.438265 31.313300
0.438456 31.807200
0.438647 49.701500
0.438838 44.999200
0.439029 74.361700
0.439220 22.605400
0.439411 33.455900
0.439602 14.672900
0.439794 29.950200
0.439985 37.328100
0.440176 4.746890
0.440367 1.993090
0.440558 33.549600
0.440749 12.065000
0.440940 23.984100
0.441131 53.657600
0.441323 8.563500
0.441514 37.732100
0.441705 13.683200
0.441896 4.881760
0.442087 10.117300
0.442278 19.593800
0.442469 9.388460
0.442661 20.727000
0.442852 28.572900
0.443043 40.495000
0.443234 14.054600
0.443425 28.857500
0.443616 8.693810
0.443807 7.957840
0.443998 17.081200
0.444190 5.465320
0.444381 8.894080
0.444572 25.692400
0.444763 25.621900
0.444954 19.530000
0.445145 11.859900
0.445336 4.561330
0.445528 16.910400
0.445719 73.049600
0.445910 36.694300
0.446101 45.619600
0.446292 59.515200
0.446483 10.830300
0.446674 6.545340
0.446865 60.547900
0.447057 16.064000
0.447248 73.629500
0.447439 57.078200
0.447630 12.756200
0.447821 26.157300
0.448012 59.246100
0.448203 21.350400
0.448394 39.551400
0.448586 27.197900
0.448777 32.920500
0.448968 95.773700
0.449159 22.408600
0.449350 14.638500
0.449541 25.123900
0.449732 29.237400
0.449924 50.970600
0.450115 19.791600
0.450306 5.265390
0.450497 3.794210
0.450688 46.810100
0.450879 17.944900
0.451070 11.062700
0.451261 22.391400
0.451453 7.048710
0.451644 24.396000
0.451835 4.145310
0.452026 27.666400
0.452217 56.420300
0.452408 6.960610
0.452599 26.120400
0.452791 82.520900
0.452982 4.488790
0.453173 6.782330
0.453364 6.120750
0.453555 23.696100
0.453746 34.721000
0.453937 5.424560
0.454128 8.289280
0.454320 33.953200
0.454511 33.535500
0.454702 8.566800
0.454893 7.456550
0.455084 5.255250
0.455275 71.359500
0.455466 7.145160
0.455657 35.550500
0.455849 5.967240
0.456040 14.634700
0.456231 31.496400
0.456422 66.045100
0.456613 7.706970
0.456804 20.104000
0.456995 24.684000
0.457187 31.676200
0.457378 86.510900
0.457569 19.156600
0.457760 5.908260
0.457951 14.219200
0.458142 39.791700
0.458333 38.767900
0.458524 7.468340
0.458716 33.370200
0.458907 9.331910
0.459098 34.740100
0.459289 7.729210
0.459480 1.838650
0.459671 29.918800
0.459862 12.049100
0.460054 33.464100
0.460245 88.623400
0.460436 46.078900
0.460627 36.437600
0.460818 6.354290
0.461009 14.739900
0.461200 51.776100
0.461391 23.627600
0.461583 2.152920
0.461774 6.952030
0.461965 27.956000
0.462156 6.059570
0.462347 57.286900
0.462538 28.419400
0.462729 3.722780
0.462920 51.948500
0.463112 22.852700
0.463303 38.269400
0.463494 7.824190
0.463685 66.211200
0.463876 27.103100
0.464067 52.307000
0.464258 6.475690
0.464450 22.320000
0.464641 7.441170
0.464832 21.406700
0.465023 65.187600
0.465214 39.954300
0.465405 23.538300
0.465596 9.227020
0.465787 9.990560
0.465979 15.931800
0.466170 5.647550
0.466361 23.927700
0.466552 4.045850
0.466743 5.116980
0.466934 15.683900
0.467125 9.776390
0.467317 28.565300
0.467508 8.773840
0.467699 71.465300
0.467890 41.250400
0.468081 9.918560
0.468272 34.615000
0.468463 27.524600
0.468654 35.616200
0.468846 5.072220
0.469037 69.316400
0.469228 8.805990
0.469419 11.436900
0.469610 40.452800
0.469801 52.068600
0.469992 8.893690
0.470183 13.405700
0.470375 32.761600
0.470566 52.730200
0.470757 28.114200
0.470948 24.274800
0.471139 65.173000
0.471330 30.872900
0.471521 41.239200
0.471713 18.016400
0.471904 8.317250
0.472095 23.138600
0.472286 13.468300
0.472477 22.579300
0.472668 19.208600
0.472859 36.149900
0.473050 4.663240
0.473242 6.987910
0.473433 13.711700
0.473624 2.919880
0.473815 33.124300
0.474006 10.265300
0.474197 50.406200
0.474388 27.382400
0.474580 43.779600
0.474771 30.124900
0.474962 19.120300
0.475153 52.837500
0.475344 10.950500
0.475535 50.213700
0.475726 7.381770
0.475917 5.137820
0.476109 11.022300
0.476300 12.115100
0.476491 37.804600
0.476682 16.323000
0.476873 7.856660
0.477064 8.449440
0.477255 34.115700
0.477446 28.527300
0.477638 43.015000
0.477829 37.829900
0.478020 9.854630
0.478211 19.766600
0.478402 50.405200
0.478593 4.948910
0.478784 10.848700
0.478976 7.513720
0.479167 1.895200
0.479358 24.919700
0.479549 11.228500
0.479740 21.192800
0.479931 63.939400
0.480122 16.124100
0.480313 7.869270
0.480505 62.034700
0.480696 24.316200
0.480887 17.566500
0.481078 16.142700
0.481269 6.789840
0.481460 34.157100
0.481651 4.784780
0.481843 3.859390
0.482034 62.242900
0.482225 68.921900
0.482416 19.775900
0.482607 9.987730
0.482798 18.228500
0.482989 71.042000
0.483180 73.311400
0.483372 14.669800
0.483563 6.161760
0.483754 12.617800
0.483945 21.576900
0.484136 4.697500
0.484327 8.407750
0.484518 11.210300
0.484709 33.203700
0.484901 28.016100
0.485092 83.629500
0.485283 8.038000
0.485474 9.604830
0.485665 42.615500
0.485856 10.197200
0.486047 15.781400
0.486239 15.745600
0.486430 36.919600
0.486621 32.174200
0.486812 58.231000
0.487003 34.936200
0.487194 24.661900
0.487385 11.002400
0.487576 26.900600
0.487768 8.983870
0.487959 15.816300
0.488150 14.928900
0.488341 24.446900
0.488532 20.127600
0.488723 7.274090
0.488914 10.113600
0.489106 19.145900
0.489297 82.085600
0.489488 62.321400
0.489679 17.228900
0.489870 5.959560
0.490061 75.400000
0.490252 15.300000
0.490443 15.819900
0.490635 43.814800
0.490826 7.719240
0.491017 29.866500
0.491208 64.032800
0.491399 25.154200
0.491590 10.549700
0.491781 59.792400
0.491972 13.367400
0.492164 8.456360
0.492355 5.784450
0.492546 17.115900
0.492737 2.163650
0.492928 39.854500
0.493119 18.157100
0.493310 44.466600
0.493502 36.478600
0.493693 45.357800
0.493884 76.850800
0.494075 3.430190
0.494266 7.590600
0.494457 28.877000
0.494648 30.113200
0.494839 10.834900
0.495031 39.716200
0.495222 7.022220
0.495413 10.033200
0.495604 44.338000
0.495795 12.822100
0.495986 14.533500
0.496177 32.536000
0.496369 8.743910
0.496560 8.094870
0.496751 23.157700
0.496942 42.676700
0.497133 4.872380
0.497324 5.268080
0.497515 47.318000
0.497706 20.268500
0.497898 10.612800
0.498089 4.751430
0.498280 22.546800
0.498471 20.152700
0.498662 3.420410
0.498853 22.192700
0.499044 13.680700
0.499235 59.207700
0.499427 51.286200
0.499618 21.075700
0.499809 20.388000
0.500000 37.412100
0.500191 65.849800
0.500382 5.648010
0.500573 18.548600
0.500765 3.447960
0.500956 18.051700
0.501147 9.698760
0.501338 31.756800
0.501529 8.301120
0.501720 87.399300
0.501911 6.653910
0.502102 23.014900
0.502294 25.835000
0.502485 20.987700
0.502676 40.063000
0.502867 9.358710
0.503058 21.066800
0.503249 45.442100
0.503440 7.247280
0.503631 4.798550
0.503823 48.860800
0.504014 7.108500
0.504205 14.273100
0.504396 19.319800
0.504587 28.114100
0.504778 10.374900
0.504969 9.123380
0.505161 8.057560
0.505352 15.707300
0.505543 20.949700
0.505734 31.734600
0.505925 22.405700
0.506116 45.878400
0.506307 41.152600
0.506498 66.425700
0.506690 7.130910
0.506881 16.012100
0.507072 4.596550
0.507263 25.081300
0.507454 6.958200
0.507645 10.066000
0.507836 27.980500
0.508028 25.729600
0.508219 25.884200
0.508410 24.237300
0.508601 11.252700
0.508792 6.800180
0.508983 7.517430
0.509174 13.774700
0.509365 8.792210
0.509557 23.429200
0.509748 29.138500
0.509939 8.465000
0.510130 3.098830
0.510321 70.060500
0.510512 7.601400
0.510703 1.931120
0.510894 28.262300
0.511086 5.058660
0.511277 17.160800
0.511468 28.766700
0.511659 43.817600
0.511850 44.442600
0.512041 32.829600
0.512232 28.299900
0.512424 18.261100
0.512615 19.729700
0.512806 9.964630
0.512997 36.882700
0.513188 7.116160
0.513379 32.574000
0.513570 9.446900
0.513761 12.583800
0.513953 33.978900
0.514144 27.379700
0.514335 29.493900
0.514526 44.656600
0.514717 24.750400
0.514908 19.266400
0.515099 15.350800
0.515291 3.650930
0.515482 32.425600
0.515673 13.816900
0.515864 25.959700
0.516055 8.629890
0.516246 11.003000
0.516437 20.386100
0.516628 25.970500
0.516820 28.033300
0.517011 23.289300
0.517202 60.067600
0.517393 9.031040
0.517584 38.389200
0.517775 8.950020
0.517966 7.595650
0.518157 20.146100
0.518349 7.111910
0.518540 9.819910
0.518731 35.161900
0.518922 52.456600
0.519113 18.542600
0.519304 18.960800
0.519495 9.287450
0.519687 62.709800
0.519878 13.595200
0.520069 9.945950
0.520260 43.648300
0.520451 77.078000
0.520642 24.457000
0.520833 54.681500
0.521024 5.260890
0.521216 49.203600
0.521407 13.647000
0.521598 13.154700
0.521789 6.329510
0.521980 4.436810
0.522171 10.840200
0.522362 26.298600
0.522554 14.846800
0.522745 6.208720
0.522936 40.906500
0.523127 15.682600
0.523318 80.361500
0.523509 51.984900
0.523700 21.207900
0.523891 52.494700
0.524083 25.173300
0.524274 7.813940
0.524465 74.424400
0.524656 61.486900
0.524847 35.071200
0.525038 22.754200
0.525229 67.343900
0.525420 20.558400
0.525612 46.485900
0.525803 19.557500
0.525994 6.698780
0.526185 6.196130
0.526376 15.728200
0.526567 56.946700
0.526758 77.187700
0.526950 45.277500
0.527141 3.480430
0.527332 15.406100
0.527523 53.330500
0.527714 4.184430
0.527905 30.976300
0.528096 7.796040
0.528287 12.805600
0.528479 1.749790
0.528670 11.714700
0.528861 22.336000
0.529052 4.516370
0.529243 13.215300
0.529434 3.813880
0.529625 54.411300
0.529817 19.944100
0.530008 15.106200
0.530199 22.509200
0.530390 73.880700
0.530581 6.042790
0.530772 23.406400
0.530963 34.874400
0.531154 34.247700
0.531346 40.369100
0.531537 7.938380
0.531728 18.580200
0.531919 4.966320
0.532110 16.507000
0.532301 12.047100
0.532492 55.224600
0.532683 15.907000
0.532875 63.766900
0.533066 9.626470
0.533257 46.083700
0.533448 28.039600
0.533639 38.637900
0.533830 9.056160
0.534021 30.479200
0.534213 2.718910
0.534404 23.654000
0.534595 5.761720
0.534786 8.096660
0.534977 20.319900
0.535168 8.435460
0.535359 89.751400
0.535550 40.005000
0.535742 19.495800
0.535933 32.430400
0.536124 8.167450
0.536315 30.720300
0.536506 13.196700
0.536697 77.086700
0.536888 18.563100
0.537080 57.137100
0.537271 42.247600
0.537462 25.801100
0.537653 32.707600
0.537844 21.847500
0.538035 73.380600
0.538226 10.277800
0.538417 57.901500
0.538609 42.990200
0.538800 26.501200
0.538991 7.393240
0.539182 6.985120
0.539373 18.569300
0.539564 6.351180
0.539755 10.036400
0.539946 1.708130
0.540138 9.965330
0.540329 15.470000
0.540520 23.493700
0.540711 7.940670
0.540902 15.944100
0.541093 13.029800
0.541284 32.642800
0.541476 43.905900
0.541667 62.627200
0.541858 17.524300
0.542049 20.452900
0.542240 22.442200
0.542431 6.975690
0.542622 19.207200
0.542813 18.478200
0.543005 12.177100
0.543196 23.195000
0.543387 39.812300
0.543578 65.101100
0.543769 30.687800
0.543960 18.451500
0.544151 13.364000
0.544343 30.723700
0.544534 9.440880
0.544725 37.122000
0.544916 34.463900
0.545107 7.322950
0.545298 13.174500
0.545489 29.758600
0.545680 9.797920
0.545872 15.942000
0.546063 32.368100
0.546254 18.607300
0.546445 53.279300
0.546636 52.629200
0.546827 15.521400
0.547018 4.333320
0.547209 4.658860
0.547401 26.462300
0.547592 9.703520
0.547783 11.974100
0.547974 68.595800
0.548165 11.752500
0.548356 14.152600
0.548547 54.462700
0.548739 17.172600
0.548930 88.362100
0.549121 22.482400
0.549312 10.548100
0.549503 12.923000
0.549694 49.365200
0.549885 19.942800
0.550076 27.022600
0.550268 70.880900
0.550459 7.593140
0.550650 46.765400
0.550841 8.256180
0.551032 6.374400
0.551223 18.802500
0.551414 25.905600
0.551606 54.083700
0.551797 5.628950
0.551988 62.427900
0.552179 82.627100
0.552370 7.399360
0.552561 51.388900
0.552752 18.541400
0.552943 26.982300
0.553135 12.884300
0.553326 9.806830
0.553517 21.703300
0.553708 19.670000
0.553899 62.014000
0.554090 6.755380
0.554281 16.135500
0.554472 50.607700
0.554664 13.547000
0.554855 21.374700
0.555046 6.993960
0.555237 5.349090
0.555428 4.356780
0.555619 5.242250
0.555810 14.047100
0.556002 34.099900
0.556193 23.445100
0.556384 22.036800
0.556575 13.598200
0.556766 26.559600
0.556957 45.123600
0.557148 26.482900
0.557339 9.370350
0.557531 16.702900
0.557722 46.542400
0.557913 7.002470
0.558104 5.161520
0.558295 37.034600
0.558486 9.648000
0.558677 8.042550
0.558869 8.839370
0.559060 5.270310
0.559251 10.419900
0.559442 27.977500
0.559633 5.302880
0.559824 4.952600
0.560015 16.981800
0.560206 5.444120
0.560398 15.325300
0.560589 3.648950
0.560780 1.744610
0.560971 57.738600
0.561162 6.800550
0.561353 32.605100
0.561544 6.349140
0.561735 24.377900
0.561927 28.268000
0.562118 25.943600
0.562309 11.546100
0.562500 5.016540
0.562691 39.005100
0.562882 10.796800
0.563073 1.961650
0.563265 18.979700
0.563456 22.693300
0.563647 74.126800
0.563838 13.689000
0.564029 19.619000
0.564220 6.934360
0.564411 19.699800
0.564602 16.186200
0.564794 25.140100
0.564985 5.182960
0.565176 29.399000
0.565367 29.826200
0.565558 52.692500
0.565749 72.457700
0.565940 19.577300
0.566131 73.795900
0.566323 57.286400
0.566514 14.305600
0.566705 9.471220
0.566896 63.698000
0.567087 19.002300
0.567278 34.718200
0.567469 6.922800
0.567661 26.453400
0.567852 16.040300
0.568043 6.057400
0.568234 56.701900
0.568425 75.454800
0.568616 47.746500
0.568807 20.886000
0.568998 14.134800
0.569190 3.101510
0.569381 23.695700
0.569572 68.975400
0.569763 25.607200
0.569954 5.387900
0.570145 8.254630
0.570336 5.872420
0.570528 10.602400
0.570719 70.549200
0.570910 13.908400
0.571101 10.897800
0.571292 4.301330
0.571483 5.284780
0.571674 8.456850
0.571865 12.435200
0.572057 3.971570
0.572248 9.548100
0.572439 23.167400
0.572630 3.129120
0.572821 31.746500
0.573012 33.605600
0.573203 9.293960
0.573394 13.197400
0.573586 29.941100
0.573777 82.154200
0.573968 3.177470
0.574159 14.908800
0.574350 5.868970
0.574541 33.475100
0.574732 8.292420
0.574924 3.342050
0.575115 22.226100
0.575306 19.666400
0.575497 18.255900
0.575688 53.321900
0.575879 36.773100
0.576070 18.799500
0.576261 65.746000
0.576453 6.672800
0.576644 15.426500
0.576835 13.361800
0.577026 9.459560
0.577217 25.518300
0.577408 28.029100
0.577599 3.332700
0.577791 27.994700
0.577982 4.996200
0.578173 28.447100
0.578364 1.677430
0.578555 9.494660
0.578746 21.478500
0.578937 60.697000
0.579128 18.149900
0.579320 10.099600
0.579511 5.210780
0.579702 23.337700
0.579893 40.206600
0.580084 50.025400
0.580275 10.553000
0.580466 7.822850
0.580657 56.012600
0.580849 7.911170
0.581040 7.015690
0.581231 7.405580
0.581422 18.563000
0.581613 11.492400
0.581804 22.675900
0.581995 10.570400
0.582187 2.734750
0.582378 22.151400
0.582569 5.901490
0.582760 54.014700
0.582951 17.809900
0.583142 5.510800
0.583333 57.173100
0.583524 9.251020
0.583716 6.078370
0.583907 5.860580
0.584098 44.474100
0.584289 4.668450
0.584480 52.045100
0.584671 4.661110
0.584862 52.620700
0.585054 8.053720
0.585245 3.090380
0.585436 4.587700
0.585627 32.987300
0.585818 69.727100
0.586009 21.773400
0.586200 43.940500
0.586391 61.093500
0.586583 30.625000
0.586774 19.972400
0.586965 10.375800
0.587156 11.321400
0.587347 9.947220
0.587538 28.771000
0.587729 12.411500
0.587920 5.150290
0.588112 2.546610
0.588303 10.132700
0.588494 22.176700
0.588685 19.372800
0.588876 11.121500
0.589067 9.270980
0.589258 46.954800
0.589450 9.737920
0.589641 5.779640
0.589832 22.194500
0.590023 6.945900
0.590214 20.140700
0.590405 9.100810
0.590596 25.775200
0.590787 21.018800
0.590979 45.182400
0.591170 19.943100
0.591361 10.156800
0.591552 10.506000
0.591743 11.343800
0.591934 31.258200
0.592125 34.891600
0.592317 7.385980
0.592508 7.947770
0.592699 3.431490
0.592890 31.794200
0.593081 20.622700
0.593272 15.655300
0.593463 20.782800
0.593654 6.998500
0.593846 7.406870
0.594037 46.259100
0.594228 32.656100
0.594419 20.099500
0.594610 16.965800
0.594801 10.186900
0.594992 38.817600
0.595183 52.943300
0.595375 9.840860
0.595566 8.000200
0.595757 16.796000
0.595948 34.509900
0.596139 51.210700
0.596330 17.388800
0.596521 10.906500
0.596713 13.894000
0.596904 3.887850
0.597095 23.146400
0.597286 13.226000
0.597477 7.913340
0.597668 26.224100
0.597859 26.725400
0.598050 35.890900
0.598242 14.437700
0.598433 7.884390
0.598624 40.268800
0.598815 37.812600
0.599006 26.590700
0.599197 17.350000
0.599388 19.392900
0.599580 25.906900
0.599771 22.160500
0.599962 5.437500
0.600153 4.355470
0.600344 12.696700
0.600535 8.737980
0.600726 46.883700
0.600917 29.667400
0.601109 7.969750
0.601300 43.795100
0.601491 22.554400
0.601682 45.429400
0.601873 21.218300
0.602064 10.919600
0.602255 12.675100
0.602446 8.822940
0.602638 17.365200
0.602829 34.153200
0.603020 36.359600
0.603211 31.925800
0.603402 18.898900
0.603593 8.611430
0.603784 9.434330
0.603976 19.825900
0.604167 49.862400
0.604358 6.938050
0.604549 14.924900
0.604740 6.107980
0.604931 6.622960
0.605122 72.082900
0.605313 9.902470
0.605505 7.913480
0.605696 33.505800
0.605887 10.402400
0.606078 26.181500
0.606269 13.791200
0.606460 35.314800
0.606651 12.092500
0.606843 42.643800
0.607034 5.667280
0.607225 9.828390
0.607416 49.754100
0.607607 14.136600
0.607798 38.277100
0.607989 6.353070
0.608180 48.435800
0.608372 10.171800
0.608563 27.351000
0.608754 6.520910
0.608945 29.461400
0.609136 9.997080
0.609327 3.650280
0.609518 27.258800
0.609709 25.323300
0.609901 37.061700
0.610092 10.281700
0.610283 36.695000
0.610474 16.936800
0.610665 4.359540
0.610856 53.493500
0.611047 63.141400
0.611239 17.686100
0.611430 69.781000
0.611621 67.957800
0.611812 39.269500
0.612003 26.234400
0.612194 55.256100
0.612385 54.569300
0.612576 18.219700
0.612768 9.190950
0.612959 11.202500
0.613150 22.174400
0.613341 7.247830
0.613532 9.695400
0.613723 10.649100
0.613914 6.511520
0.614106 7.332330
0.614297 2.524440
0.614488 19.062700
0.614679 7.359690
0.614870 8.054250
0.615061 36.065000
0.615252 72.609300
0.615443 15.387900
0.615635 5.009700
0.615826 6.362260
0.616017 2.426610
0.616208 5.907360
0.616399 51.275900
0.616590 42.939800
0.616781 37.522000
0.616972 46.483900
0.617164 4.952140
0.617355 25.405300
0.617546 7.154650
0.617737 42.095500
0.617928 17.222300
0.618119 4.135300
0.618310 22.349500
0.618502 10.607000
0.618693 30.295300
0.618884 24.785000
0.619075 19.635800
0.619266 2.312020
0.619457 24.292700
0.619648 18.951500
0.619839 12.372600
0.620031 3.060540
0.620222 33.704700
0.620413 8.640860
0.620604 15.418100
0.620795 22.200900
0.620986 29.485500
0.621177 9.615300
0.621369 27.576900
0.621560 11.278100
0.621751 37.870200
0.621942 23.655300
0.622133 20.343600
0.622324 53.552800
0.622515 5.759630
0.622706 44.857700
0.622898 15.296800
0.623089 39.153300
0.623280 42.703000
0.623471 26.269100
0.623662 29.656300
0.623853 61.923900
0.624044 15.577200
0.624235 16.849800
0.624427 24.257300
0.624618 24.351700
0.624809 26.365200
0.625000 50.254200
0.625191 43.311300
0.625382 14.619700
0.625573 8.085680
0.625765 8.672030
0.625956 21.334000
0.626147 90.197800
0.626338 15.965600
0.626529 3.464290
0.626720 42.051500
0.626911 20.373100
0.627102 10.650500
0.627294 4.529320
0.627485 11.422400
0.627676 17.008900
0.627867 46.120800
0.628058 36.786000
0.628249 8.436480
0.628440 12.342800
0.628631 11.961100
0.628823 13.511300
0.629014 22.012700
0.629205 46.618500
0.629396 40.721000
0.629587 11.508400
0.629778 11.095300
0.629969 24.595700
0.630161 11.178600
0.630352 31.799800
0.630543 39.361100
0.630734 11.118800
0.630925 27.668700
0.631116 9.216500
0.631307 28.417800
0.631498 71.296100
0.631690 25.103500
0.631881 33.800000
0.632072 14.515800
0.632263 17.745900
0.632454 25.493600
0.632645 17.082500
0.632836 1.689640
0.633028 33.431200
0.633219 8.581110
0.633410 20.140500
0.633601 17.723400
0.633792 21.322900
0.633983 9.624440
0.634174 25.380600
0.634365 15.200800
0.634557 9.963730
0.634748 26.234500
0.634939 37.671700
0.635130 21.596800
0.635321 40.296100
0.635512 21.497500
0.635703 7.656570
0.635894 29.962300
0.636086 23.943400
0.636277 41.054300
0.636468 19.515300
0.636659 4.277010
0.636850 4.635190
0.637041 40.136400
0.637232 20.289400
0.637424 8.317870
0.637615 41.036600
0.637806 11.505400
0.637997 20.668100
0.638188 8.769440
0.638379 6.987110
0.638570 26.388700
0.638761 8.360400
0.638953 31.688200
0.639144 8.517600
0.639335 10.072700
0.639526 35.157400
0.639717 16.469700
0.639908 2.518150
0.640099 45.084000
0.640291 53.864800
0.640482 43.556900
0.640673 10.548800
0.640864 6.590700
0.641055 12.211800
0.641246 31.975800
0.641437 13.396400
0.641628 5.498650
0.641820 80.787300
0.642011 1.916620
0.642202 9.555110
0.642393 15.905300
0.642584 8.782180
0.642775 19.419000
0.642966 45.740500
0.643157 7.223790
0.643349 9.625230
0.643540 3.732080
0.643731 25.407500
0.643922 23.168000
0.644113 7.111770
0.644304 8.160060
0.644495 1.641550
0.644687 18.038800
0.644878 8.905170
0.645069 9.362200
0.645260 33.901100
0.645451 28.884600
0.645642 41.652400
0.645833 17.182400
0.646024 30.823700
0.646216 39.491700
0.646598 1.772950
0.646789 9.455410
0.646980 44.506700
0.647171 19.611400
0.647362 7.377910
0.647554 2.647790
0.647745 61.874400
0.647936 4.826720
0.648127 44.278200
0.648318 23.128100
0.648509 23.448000
0.648700 35.516700
0.648891 13.208400
0.649083 22.446000
0.649274 19.393700
0.649656 18.229000
0.649847 29.708500
0.650038 10.988300
0.650229 20.425700
0.650420 80.826000
0.650612 32.417200
0.650803 7.208520
0.650994 34.774800
0.651185 4.231120
0.651376 14.123800
0.651567 56.929900
0.651758 90.613100
0.651950 25.839400
0.652141 54.731700
0.652332 5.608420
0.652523 24.086300
0.652714 8.204800
0.652905 17.079600
0.653096 7.559800
0.653287 19.717700
0.653479 17.990300
0.653670 16.736500
0.653861 20.971000
0.654052 45.010100
0.654243 15.057000
0.654434 40.356000
0.654625 16.627700
0.654817 6.390150
0.655008 28.377200
0.655199 16.626800
0.655390 22.804200
0.655581 31.544400
0.655772 39.746900
0.655963 35.932500
0.656154 47.650900
0.656346 12.426600
0.656537 18.251000
0.656728 17.030300
0.656919 12.992700
0.657110 6.548180
0.657301 14.849300
0.657492 29.249500
0.657683 3.220090
0.657875 20.783400
0.658066 54.278700
0.658257 22.740000
0.658448 41.596500
0.658639 62.700300
0.658830 24.159600
0.659021 5.244810
0.659213 4.955430
0.659404 20.746900
0.659595 9.632620
0.659786 25.223400
0.659977 18.929100
0.660168 8.554270
0.660359 22.245800
0.660550 28.325100
0.660742 29.064300
0.660933 20.236900
0.661124 8.556090
0.661315 61.527300
0.661506 22.325100
0.661697 9.202100
0.661888 6.757320
0.662080 10.998300
0.662271 41.850300
0.662462 50.551500
0.662653 21.111100
0.662844 3.157280
0.663035 5.410970
0.663226 43.240200
0.663417 43.839500
0.663609 38.993800
0.663800 26.018000
0.663991 4.223160
0.664182 28.027700
0.664373 10.721100
0.664564 10.447400
0.664755 25.566100
0.664946 40.327000
0.665138 16.674200
0.665329 28.330200
0.665520 5.221400
0.665711 13.225900
0.665902 8.580360
0.666093 15.205300
0.666284 19.037000
0.666476 8.257610
0.666667 60.670600
0.666858 23.240600
0.667049 6.235490
0.667240 68.436500
0.667431 26.291400
0.667622 4.310140
0.667813 3.884520
0.668005 44.150700
0.668196 7.723020
0.668387 66.742500
0.668578 14.317600
0.668769 15.359500
0.668960 14.428200
0.669151 8.157840
0.669343 9.338610
0.669534 31.685900
0.669725 12.639600
0.669916 17.721600
0.670107 33.832800
0.670298 27.032000
0.670489 11.898800
0.670680 10.026800
0.670872 66.953400
0.671063 3.657390
0.671254 61.628600
0.671445 28.041500
0.671636 28.545500
0.671827 7.893510
0.672018 9.386870
0.672209 8.262290
0.672401 9.071730
0.672592 9.364890
0.672783 46.707000
0.672974 1.751090
0.673165 2.587350
0.673356 77.599000
0.673547 30.373300
0.673739 40.970500
0.673930 9.120090
0.674121 3.826390
0.674312 10.071500
0.674503 23.610200
0.674694 4.146330
0.674885 26.162900
0.675076 11.034800
0.675268 5.809810
0.675459 16.519400
0.675650 7.355460
0.675841 10.192300
0.676032 37.255500
0.676223 15.115600
0.676414 2.839900
0.676606 20.264200
0.676797 7.157680
0.676988 6.291370
0.677179 32.442400
0.677370 27.427900
0.677561 78.111700
0.677752 47.779100
0.677943 29.769900
0.678135 4.801430
0.678326 12.614800
0.678517 19.272900
0.678708 54.705600
0.678899 8.116750
0.679090 21.485300
0.679281 87.569800
0.679472 17.163300
0.679664 55.853800
0.679855 1.775290
0.680046 7.606700
0.680237 59.459800
0.680428 17.321100
0.680619 4.617140
0.680810 71.350800
0.681002 8.904260
0.681193 36.970300
0.681384 12.006800
0.681575 27.470700
0.681766 17.599500
0.681957 19.425100
0.682148 13.721100
0.682339 18.295800
0.682531 12.023900
0.682722 55.712700
0.682913 37.605100
0.683104 12.015300
0.683295 14.450100
0.683486 10.095800
0.683677 23.497900
0.683869 79.871300
0.684060 59.208200
0.684251 58.183000
0.684442 7.744330
0.684633 16.237500
0.684824 45.073500
0.685015 5.103310
0.685206 32.081500
0.685398 23.116700
0.685589 20.546200
0.685780 9.177690
0.685971 39.868000
0.686162 46.383700
0.686353 11.430300
0.686544 43.680800
0.686735 32.524000
0.686927 26.097200
0.687118 38.103600
0.687309 35.516100
0.687500 1.658580
0.687691 47.611900
0.687882 29.411300
0.688073 4.153420
0.688265 44.834000
0.688456 6.164780
0.688647 52.664300
0.688838 9.076390
0.689029 10.931700
0.689220 38.675300
0.689411 24.707700
0.689602 32.884200
0.689794 34.405100
0.689985 28.802600
0.690176 12.978300
0.690367 12.490400
0.690558 6.091220
0.690749 5.521770
0.690940 4.107480
0.691131 6.451260
0.691323 25.785600
0.691514 57.405200
0.691705 17.152300
0.691896 6.778490
0.692087 10.725300
0.692278 16.587100
0.692469 35.087000
0.692661 23.699400
0.692852 23.482900
0.693043 61.207400
0.693234 11.942600
0.693425 22.558200
0.693616 14.627800
0.693807 5.008570
0.693998 37.724800
0.694190 40.916300
0.694381 78.246100
0.694572 48.027800
0.694763 24.381200
0.694954 36.953400
0.695145 31.624900
0.695336 11.978300
0.695528 4.012880
0.695719 6.247310
0.695910 32.516300
0.696101 12.012800
0.696292 27.036400
0.696483 7.900530
0.696674 18.066900
0.696865 27.540700
0.697057 7.480580
0.697248 19.963300
0.697439 14.090800
0.697630 22.863200
0.697821 1.407890
0.698012 12.105800
0.698203 18.924400
0.698394 17.108700
0.698586 17.297700
0.698777 36.722600
0.698968 2.822950
0.699159 20.682700
0.699350 19.291200
0.699541 33.538100
0.699732 26.931400
0.699924 9.552870
0.700115 12.582800
0.700306 16.165500
0.700497 7.821800
0.700688 32.293300
0.700879 34.856300
0.701070 8.087370
0.701261 32.893700
0.701453 78.104900
0.701644 8.556700
0.701835 14.939600
0.702026 42.523300
0.702217 13.482000
0.702408 20.812600
0.702599 31.417100
0.702791 5.052050
0.702982 65.917900
0.703173 6.712150
0.703364 45.876000
0.703555 9.493310
0.703746 60.622700
0.703937 53.175800
0.704128 28.970000
0.704320 2.578330
0.704511 56.215400
0.704702 8.475160
0.704893 35.964600
0.705084 71.742200
0.705275 36.866600
0.705466 9.122900
0.705657 30.639400
0.705849 93.561700
0.706040 47.347600
0.706231 2.946620
0.706422 33.064800
0.706613 14.657200
0.706804 36.926100
0.706995 32.985500
0.707187 9.174530
0.707378 20.081900
0.707569 28.832600
0.707760 54.950300
0.707951 7.241680
0.708142 31.498100
0.708333 37.959000
0.708524 6.080580
0.708716 22.213600
0.708907 16.960800
0.709098 5.822600
0.709289 3.804720
0.709480 9.343370
0.709671 25.866000
0.709862 24.697300
0.710054 37.595900
0.710245 9.058490
0.710436 69.811800
0.710627 15.586900
0.710818 3.687800
0.711009 12.886900
0.711200 19.394800
0.711391 40.908900
0.711583 7.863010
0.711774 53.998500
0.711965 25.197800
0.712156 3.298370
0.712347 15.032600
0.712538 19.538900
0.712729 2.998090
0.712920 53.450900
0.713112 8.294670
0.713303 3.416640
0.713494 14.511800
0.713685 27.194000
0.713876 69.389600
0.714067 11.594900
0.714258 26.460900
0.714450 17.915700
0.714641 2.040750
0.714832 17.619000
0.715023 40.841600
0.715214 43.918800
0.715405 3.338230
0.715596 61.555200
0.715787 47.790500
0.715979 25.514700
0.716170 20.788200
0.716361 9.194310
0.716552 59.303600
0.716743 13.041200
0.716934 31.104300
0.717125 25.704700
0.717317 9.774750
0.717508 38.551800
0.717699 26.501300
0.717890 6.707540
0.718081 17.260700
0.718272 36.201600
0.718463 6.027900
0.718654 16.941600
0.718846 38.993200
0.719037 5.546080
0.719228 3.839920
0.719419 29.610300
0.719610 41.621600
0.719801 25.709700
0.719992 16.770900
0.720183 26.487600
0.720375 52.888900
0.720566 4.971040
0.720757 9.621900
0.720948 21.710800
0.721139 2.833890
0.721330 4.714410
0.721521 24.587700
0.721713 69.484600
0.721904 8.595150
0.722095 7.162080
0.722286 7.765030
0.722477 17.829800
0.722668 6.413530
0.722859 29.475600
0.723050 23.842100
0.723242 39.596200
0.723433 5.727270
0.723624 6.990570
0.723815 36.704900
0.724006 37.440600
0.724197 5.140650
0.724388 5.745540
0.724580 8.587660
0.724771 56.689900
0.724962 21.631900
0.725153 26.710400
0.725344 2.038840
0.725535 3.137920
0.725726 29.060200
0.725917 7.301720
0.726109 24.812900
0.726300 12.719400
0.726491 7.131210
0.726682 35.372800
0.726873 65.413900
0.727064 4.872240
0.727255 25.273400
0.727446 26.123200
0.727638 27.992100
0.727829 13.669700
0.728020 20.779500
0.728211 10.822100
0.728402 34.335400
0.728593 10.734700
0.728784 50.814200
0.728976 4.343020
0.729167 15.112500
0.729358 9.485950
0.729549 27.911800
0.729740 4.988980
0.729931 28.893300
0.730122 34.828500
0.730313 32.362500
0.730505 31.331200
0.730696 9.819810
0.730887 3.630020
0.731078 19.432000
0.731269 33.078600
0.731460 3.956480
0.731651 13.693400
0.731843 9.969070
0.732034 6.185750
0.732225 58.335700
0.732416 7.228380
0.732607 32.854600
0.732798 44.466800
0.732989 17.036400
0.733180 32.945500
0.733372 8.647970
0.733563 10.068900
0.733754 17.252400
0.733945 41.592300
0.734136 36.533700
0.734327 6.725460
0.734518 58.992200
0.734709 15.845400
0.734901 11.035600
0.735092 4.352600
0.735283 3.316450
0.735474 24.730500
0.735665 23.204000
0.735856 25.769500
0.736047 41.157800
0.736239 20.578800
0.736430 63.556600
0.736621 19.030600
0.736812 9.325700
0.737003 6.810040
0.737194 34.571600
0.737385 26.177100
0.737576 25.419100
0.737768 18.257000
0.737959 69.344100
0.738150 7.885940
0.738341 51.091800
0.738532 36.444300
0.738723 8.862270
0.738914 19.344800
0.739106 75.350500
0.739297 51.095200
0.739488 16.649200
0.739679 12.805000
0.739870 9.770320
0.740061 39.603100
0.740252 9.266580
0.740443 16.168600
0.740635 14.095900
0.740826 52.032700
0.741017 31.605500
0.741208 22.183900
0.741399 26.789900
0.741590 8.560140
0.741781 43.192300
0.741972 70.067900
0.742164 40.626100
0.742355 39.880800
0.742546 18.165900
0.742737 9.650990
0.742928 38.591200
0.743119 28.432900
0.743310 9.045570
0.743502 65.022700
0.743693 39.446700
0.743884 20.924900
0.744075 53.649300
0.744266 2.328010
0.744457 32.369000
0.744648 12.878800
0.744839 34.381000
0.745031 35.892300
0.745222 67.463800
0.745413 14.136800
0.745604 61.647000
0.745795 13.932700
0.745986 18.105800
0.746177 8.822840
0.746369 50.990400
0.746560 24.475800
0.746751 25.908300
0.746942 16.497000
0.747133 9.515000
0.747324 24.502900
0.747515 50.230600
0.747706 52.957900
0.747898 2.096090
0.748089 7.194050
0.748280 9.633880
0.748471 8.166960
0.748662 72.590300
0.748853 5.412550
0.749044 9.937390
0.749235 11.352500
0.749427 76.814800
0.749618 4.838270
0.749809 31.432600
0.750000 53.091100
0.750191 44.846100
0.750382 10.186800
0.750573 14.289300
0.750765 48.853300
0.750956 11.415700
0.751147 13.007400
0.751338 21.842300
0.751529 60.727900
0.751720 5.096100
0.751911 11.520300
0.752102 37.671800
0.752294 83.654800
0.752485 25.265500
0.752676 30.931100
0.752867 49.186900
0.753058 82.786700
0.753249 10.232800
0.753440 7.195280
0.753631 20.327400
0.753823 8.424400
0.754014 31.900000
0.754205 35.035700
0.754396 8.878780
0.754587 33.710100
0.754778 8.276560
0.754969 16.249700
0.755161 6.677320
0.755352 26.481700
0.755543 9.378430
0.755734 44.338900
0.755925 17.306100
0.756116 22.108900
0.756307 47.422200
0.756498 38.027500
0.756690 43.644800
0.756881 16.892300
0.757072 33.950400
0.757263 17.664700
0.757454 4.078110
0.757645 35.353100
0.757836 21.293500
0.758028 45.783700
0.758219 48.340400
0.758410 47.728200
0.758601 11.399300
0.758792 14.835600
0.758983 11.411800
0.759174 8.966720
0.759365 26.137500
0.759557 74.175000
0.759748 15.027000
0.759939 37.591500
0.760130 9.977910
0.760321 77.820600
0.760512 6.654480
0.760703 17.540900
0.760894 27.425500
0.761086 9.772510
0.761277 37.571100
0.761468 9.591590
0.761659 2.210090
0.761850 7.615000
0.762041 29.819300
0.762232 35.467200
0.762424 53.250500
0.762615 64.717900
0.762806 7.986170
0.762997 10.244200
0.763188 26.897500
0.763379 18.050300
0.763570 71.641900
0.763761 1.981030
0.763953 6.449140
0.764144 13.986800
0.764335 13.174000
0.764526 50.280900
0.764717 30.763900
0.764908 8.482210
0.765099 55.045600
0.765291 10.908200
0.765482 21.568400
0.765673 24.633300
0.765864 9.492410
0.766055 9.228400
0.766246 81.996600
0.766437 4.394770
0.766628 16.620300
0.766820 43.609600
0.767011 50.353400
0.767202 17.320700
0.767393 3.679640
0.767584 62.574000
0.767775 11.509500
0.767966 31.098100
0.768157 16.607200
0.768349 8.300870
0.768540 32.770600
0.768731 66.469400
0.768922 16.840100
0.769113 12.468500
0.769304 25.504400
0.769495 4.992410
0.769687 2.029910
0.769878 36.392900
0.770069 10.491700
0.770260 14.902300
0.770451 8.410030
0.770642 14.490800
0.770833 27.846400
0.771024 36.640200
0.771216 9.241880
0.771407 13.436000
0.771598 11.433600
0.771789 33.692500
0.771980 7.993710
0.772171 24.060800
0.772362 37.477900
0.772554 12.821300
0.772745 26.313800
0.772936 15.765600
0.773127 34.233900
0.773318 10.125700
0.773509 54.328100
0.773700 7.004470
0.773891 8.220380
0.774083 15.785700
0.774274 2.203440
0.774465 32.709800
0.774656 15.742100
0.774847 43.814700
0.775038 22.262700
0.775229 9.902220
0.775420 22.662300
0.775612 28.995600
0.775803 46.034200
0.775994 18.935700
0.776185 10.521400
0.776376 7.792880
0.776567 65.717900
0.776758 35.333200
0.776950 59.821100
0.777141 59.385200
0.777332 29.746600
0.777523 32.105200
0.777714 70.519400
0.777905 84.341400
0.778096 74.598500
0.778287 22.738900
0.778479 18.822800
0.778670 24.381800
0.778861 67.326300
0.779052 48.573200
0.779243 22.133400
0.779434 7.040070
0.779625 10.097600
0.779817 14.484100
0.780008 2.048390
0.780199 8.859510
0.780390 12.592500
0.780581 13.520600
0.780772 10.169200
0.780963 8.670770
0.781154 16.160600
0.781346 60.845300
0.781537 8.504100
0.781728 24.251800
0.781919 8.548480
0.782110 7.658840
0.782301 31.307300
0.782492 6.325170
0.782683 43.451200
0.782875 40.827900
0.783066 13.705100
0.783257 5.509830
0.783448 10.737200
0.783639 40.644400
0.783830 9.680700
0.784021 9.074470
0.784213 19.843700
0.784404 21.149800
0.784595 19.465400
0.784786 33.986400
0.784977 12.424000
0.785168 14.340200
0.785359 59.480900
0.785550 9.929070
0.785742 8.939340
0.785933 46.430200
0.786124 53.506100
0.786315 6.037270
0.786506 24.418500
0.786697 10.390600
0.786888 17.896400
0.787080 11.741400
0.787271 8.005280
0.787462 4.887820
0.787653 11.814200
0.787844 30.308600
0.788035 23.637300
0.788226 40.900400
0.788417 73.728000
0.788609 4.755200
0.788800 4.724790
0.788991 11.003900
0.789182 39.275700
0.789373 17.658500
0.789564 27.834000
0.789755 29.147700
0.789946 36.477900
0.790138 3.518580
0.790329 34.197300
0.790520 37.413100
0.790711 23.271500
0.790902 23.481000
0.791093 31.401700
0.791284 12.178000
0.791476 7.288530
0.791667 23.438600
0.791858 34.073000
0.792049 7.818370
0.792240 6.752240
0.792431 5.272170
0.792622 27.417100
0.792813 40.314500
0.793005 9.886840
0.793196 31.041400
0.793387 12.968500
0.793578 28.267500
0.793769 9.945730
0.793960 7.459580
0.794151 23.921100
0.794343 7.589320
0.794534 15.111600
0.794725 18.540600
0.794916 8.113250
0.795107 25.087100
0.795298 42.800200
0.795489 8.402080
0.795680 47.516200
0.795872 9.569760
0.796063 57.417500
0.796254 18.969600
0.796445 47.992300
0.796636 7.654790
0.796827 13.224700
0.797018 18.201200
0.797209 51.514300
0.797401 39.366500
0.797592 44.549000
0.797783 32.345900
0.797974 32.062100
0.798165 5.196880
0.798356 46.956800
0.798547 8.729870
0.798739 21.541100
0.798930 24.174700
0.799121 23.683000
0.799312 4.346760
0.799503 42.453500
0.799694 51.534700
0.799885 5.443660
0.800076 12.885700
0.800268 56.175000
0.800459 50.677700
0.800650 68.486800
0.800841 11.295300
0.801032 7.185710
0.801223 2.603960
0.801414 4.593460
0.801606 17.211200
0.801797 27.778900
0.801988 34.548000
0.802179 58.428300
0.802370 25.722800
0.802561 13.429100
0.802752 34.042400
0.802943 10.910600
0.803135 31.271400
0.803326 30.648700
0.803517 14.287900
0.803708 39.701400
0.803899 63.481200
0.804090 38.510300
0.804281 11.792200
0.804472 5.808550
0.804664 13.434300
0.804855 18.538400
0.805046 48.025900
0.805237 33.379300
0.805428 18.388300
0.805619 25.545200
0.805810 44.819200
0.806002 21.860600
0.806193 28.145500
0.806384 17.005400
0.806575 5.626330
0.806766 35.779500
0.806957 4.675520
0.807148 63.713600
0.807339 36.252900
0.807531 5.472560
0.807722 2.640540
0.807913 27.971700
0.808104 46.904000
0.808295 6.166830
0.808486 8.828610
0.808677 9.033180
0.808869 41.655100
0.809060 20.362000
0.809251 7.039780
0.809442 7.371220
0.809633 59.580700
0.809824 10.164500
0.810015 42.334900
0.810206 9.015200
0.810398 13.413700
0.810589 29.890100
0.810780 9.954580
0.810971 23.053800
0.811162 23.551000
0.811353 11.791300
0.811544 39.349600
0.811735 47.322700
0.811927 32.987700
0.812118 22.349100
0.812309 9.945870
0.812500 8.303100
0.812691 17.602800
0.812882 5.164080
0.813073 10.547300
0.813265 68.273800
0.813456 8.791450
0.813647 35.018300
0.813838 24.372100
0.814029 28.843500
0.814220 7.717530
0.814411 25.483800
0.814602 19.600200
0.814794 8.515010
0.814985 9.572560
0.815176 57.224600
0.815367 8.603640
0.815558 22.218200
0.815749 8.363580
0.815940 9.704020
0.816131 19.594800
0.816323 4.041740
0.816514 24.964200
0.816705 40.001100
0.816896 12.252500
0.817087 50.058000
0.817278 33.796600
0.817469 53.641200
0.817661 11.826100
0.817852 52.462800
0.818043 3.584120
0.818234 4.548030
0.818425 21.356800
0.818616 30.413800
0.818807 6.972420
0.818998 8.594860
0.819190 55.072500
0.819381 31.936300
0.819572 48.056800
0.819763 34.370200
0.819954 34.580200
0.820145 5.887540
0.820336 8.793570
0.820528 13.875000
0.820719 17.299200
0.820910 6.304780
0.821101 93.785100
0.821292 2.946400
0.821483 39.313500
0.821674 10.214500
0.821865 35.918800
0.822057 24.031800
0.822248 48.198300
0.822439 13.766000
0.822630 27.378300
0.822821 13.717300
0.823012 65.734000
0.823203 13.605400
0.823394 45.627700
0.823586 16.418200
0.823777 12.757500
0.823968 12.549700
0.824159 27.933800
0.824350 20.146900
0.824541 19.418600
0.824732 29.647600
0.824924 29.429600
0.825115 5.828840
0.825306 17.527700
0.825497 19.708300
0.825688 44.251300
0.825879 37.720200
0.826070 48.090900
0.826261 8.983600
0.826453 5.097770
0.826644 63.163900
0.826835 21.325500
0.827026 45.373200
0.827217 11.215400
0.827408 26.514700
0.827599 10.143600
0.827791 11.617200
0.827982 26.950400
0.828173 38.337100
0.828364 38.670600
0.828555 11.627900
0.828746 23.739700
0.828937 7.353700
0.829128 7.227550
0.829320 1.698890
0.829511 6.150030
0.829702 42.138200
0.829893 35.603800
0.830084 32.872500
0.830275 6.252220
0.830466 31.392500
0.830657 9.990390
0.830849 19.786800
0.831040 27.042100
0.831231 8.893980
0.831422 11.630700
0.831613 4.625410
0.831804 55.138200
0.831995 34.982000
0.832187 6.335380
0.832378 20.189400
0.832569 10.956200
0.832760 17.392400
0.832951 5.407950
0.833142 43.768400
0.833333 6.752460
0.833524 18.769600
0.833716 21.737100
0.833907 9.741190
0.834098 4.016240
0.834289 44.046900
0.834480 8.789090
0.834671 84.539800
0.834862 57.182400
0.835054 17.502600
0.835245 12.239000
0.835436 87.469100
0.835627 21.734900
0.835818 2.692320
0.836009 6.880540
0.836200 14.247000
0.836391 8.586540
0.836583 4.000770
0.836774 17.425000
0.836965 7.936840
0.837156 9.628150
0.837347 29.514800
0.837538 18.245100
0.837729 26.747200
0.837920 7.076200
0.838112 10.076700
0.838303 18.781500
0.838494 6.785700
0.838685 24.109200
0.838876 78.840700
0.839067 2.933880
0.839258 20.078600
0.839450 25.889900
0.839641 71.511400
0.839832 14.839000
0.840023 3.865250
0.840214 12.863300
0.840405 43.401200
0.840596 5.477140
0.840787 4.200110
0.840979 10.627900
0.841170 29.587200
0.841361 56.190700
0.841552 10.026400
0.841743 18.460500
0.841934 25.431900
0.842125 40.555000
0.842317 7.180350
0.842508 42.754000
0.842699 6.390740
0.842890 60.169500
0.843081 5.990040
0.843272 35.670900
0.843463 36.229400
0.843654 5.004970
0.843846 26.601200
0.844037 32.910900
0.844228 19.483400
0.844419 8.806900
0.844610 6.395670
0.844801 8.811890
0.844992 29.908700
0.845183 73.138000
0.845375 63.645300
0.845566 45.549100
0.845757 11.989300
0.845948 28.839600
0.846139 42.510500
0.846330 20.573100
0.846521 13.764000
0.846713 6.088630
0.846904 53.421000
0.847095 31.888800
0.847286 38.119700
0.847477 62.822400
0.847668 14.264500
0.847859 5.981040
0.848050 14.325900
0.848242 9.076400
0.848433 41.086300
0.848624 11.148700
0.848815 32.851700
0.849006 32.950600
0.849197 9.259420
0.849388 61.922400
0.849580 20.472100
0.849771 16.997100
0.849962 15.229500
0.850153 50.749700
0.850344 36.174400
0.850535 3.637380
0.850726 33.256400
0.850917 82.585000
0.851109 25.078900
0.851300 32.968900
0.851491 63.800300
0.851682 11.900700
0.851873 39.518400
0.852064 70.764600
0.852255 7.907080
0.852446 15.293400
0.852638 31.962500
0.852829 23.396200
0.853020 15.364800
0.853211 8.938350
0.853402 12.752400
0.853593 46.719800
0.853784 13.630000
0.853976 48.343400
0.854167 7.525850
0.854358 8.979100
0.854549 12.351500
0.854740 9.165540
0.854931 38.472700
0.855122 64.728200
0.855313 76.728000
0.855505 18.971000
0.855696 36.928100
0.855887 37.977700
0.856078 7.493640
0.856269 20.366900
0.856460 25.681700
0.856651 16.620000
0.856843 7.505690
0.857034 44.609900
0.857225 18.591200
0.857416 27.149600
0.857607 26.429300
0.857798 15.742700
0.857989 19.093400
0.858180 6.625890
0.858372 27.922300
0.858563 71.698300
0.858754 64.242900
0.858945 25.504800
0.859136 18.195800
0.859327 21.883000
0.859518 5.692300
0.859709 25.223600
0.859901 26.173900
0.860092 5.564980
0.860283 21.583700
0.860474 23.718000
0.860665 8.202270
0.860856 37.408400
0.861047 21.833700
0.861239 22.020100
0.861430 13.563200
0.861621 18.298200
0.861812 55.381800
0.862003 9.981430
0.862194 15.241400
0.862385 7.881450
0.862576 56.098800
0.862768 60.875200
0.862959 28.051000
0.863150 4.841580
0.863341 14.731800
0.863532 21.472900
0.863723 43.680600
0.863914 45.175000
0.864106 43.748000
0.864297 86.484600
0.864488 9.564210
0.864679 10.010200
0.864870 6.529900
0.865061 12.281100
0.865252 1.640640
0.865443 16.583600
0.865635 23.154100
0.865826 5.713060
0.866017 49.578000
0.866208 26.301100
0.866399 16.100700
0.866590 20.345800
0.866781 4.784350
0.866972 8.137140
0.867164 11.267600
0.867355 8.060170
0.867546 72.570200
0.867737 16.616100
0.867928 15.285300
0.868119 27.037000
0.868310 8.435720
0.868502 17.222200
0.868693 65.576900
0.868884 23.467500
0.869075 21.380700
0.869266 28.508000
0.869457 26.626600
0.869648 20.775900
0.869839 19.189400
0.870031 44.779300
0.870222 25.687900
0.870413 24.677700
0.870604 78.801400
0.870795 37.289700
0.870986 28.912800
0.871177 59.887000
0.871369 39.782800
0.871560 9.053960
0.871751 12.823000
0.871942 56.698300
0.872133 11.089900
0.872324 8.168740
0.872515 54.905100
0.872706 8.208220
0.872898 8.089210
0.873089 15.200900
0.873280 13.538800
0.873471 31.998000
0.873662 10.415100
0.873853 14.188300
0.874044 21.600600
0.874235 25.137500
0.874427 13.042400
0.874618 74.643200
0.874809 8.814700
0.875000 30.050200
0.875191 9.867860
0.875382 28.539600
0.875573 15.890000
0.875765 9.858640
0.875956 30.365600
0.876147 55.721700
0.876338 20.232600
0.876529 44.686800
0.876720 48.917900
0.876911 35.781300
0.877102 19.712400
0.877294 30.848900
0.877485 80.048900
0.877676 4.857240
0.877867 37.503400
0.878058 12.004100
0.878249 20.592700
0.878440 16.710500
0.878631 51.648700
0.878823 37.808400
0.879014 26.217800
0.879205 45.772800
0.879396 3.158340
0.879587 22.076900
0.879778 22.984000
0.879969 6.546440
0.880161 9.314040
0.880352 53.883300
0.880543 11.881000
0.880734 16.299200
0.880925 18.422100
0.881116 28.416300
0.881307 20.058600
0.881498 8.400860
0.881690 21.762500
0.881881 6.268530
0.882072 39.291200
0.882263 21.700500
0.882454 10.696900
0.882645 25.044900
0.882836 42.161300
0.883028 30.011400
0.883219 8.346360
0.883410 12.420400
0.883601 34.894200
0.883792 9.464720
0.883983 3.678940
0.884174 8.309500
0.884365 49.642500
0.884557 20.991100
0.884748 22.137300
0.884939 5.042600
0.885130 5.219920
0.885321 52.872400
0.885512 8.618740
0.885703 17.134900
0.885894 31.322500
0.886086 12.236300
0.886277 7.430260
0.886468 65.540000
0.886659 13.027900
0.886850 10.801800
0.887041 20.323100
0.887232 29.942500
0.887424 8.716950
0.887615 18.068300
0.887806 55.823200
0.887997 39.131400
0.888188 21.774600
0.888379 16.211000
0.888570 67.444400
0.888761 8.634460
0.888953 17.407500
0.889144 7.144100
0.889335 28.837500
0.889526 8.613740
0.889717 20.378600
0.889908 8.036740
0.890099 15.479200
0.890291 35.086600
0.890482 22.993300
0.890673 4.690270
0.890864 7.622830
0.891055 7.449430
0.891246 20.177300
0.891437 1.655540
0.891628 7.416870
0.891820 16.689300
0.892011 30.492400
0.892202 14.805400
0.892393 8.785970
0.892584 14.042400
0.892775 73.153100
0.892966 57.579100
0.893157 23.247000
0.893349 4.065620
0.893540 7.409240
0.893731 28.474000
0.893922 29.349200
0.894113 20.345000
0.894304 38.337300
0.894495 38.481500
0.894687 14.719400
0.894878 16.746200
0.895069 27.602500
0.895260 13.144400
0.895451 54.998400
0.895642 16.702000
0.895833 21.507900
0.896024 24.766800
0.896216 28.537200
0.896407 5.733190
0.896598 9.309280
0.896789 7.398030
0.896980 52.043200
0.897171 7.145290
0.897362 19.794900
0.897554 2.623240
0.897745 28.720000
0.897936 15.410000
0.898127 14.286000
0.898318 16.646400
0.898509 33.651100
0.898700 23.163400
0.898891 46.853900
0.899083 14.372700
0.899274 58.099900
0.899465 51.142700
0.899656 13.389900
0.899847 6.963050
0.900038 82.102600
0.900229 48.146300
0.900420 5.169570
0.900612 10.093500
0.900803 36.492200
0.900994 12.888900
0.901185 21.946200
0.901376 7.535790
0.901567 9.405640
0.901758 2.217520
0.901950 11.580200
0.902141 69.270900
0.902332 87.300200
0.902523 23.894200
0.902714 65.717700
0.902905 54.911200
0.903096 24.006400
0.903287 6.400820
0.903479 9.665220
0.903670 32.807200
0.903861 18.539200
0.904052 9.872480
0.904243 14.268600
0.904434 64.330500
0.904625 6.078170
0.904817 57.516100
0.905008 3.429920
0.905199 13.608900
0.905390 19.846400
0.905581 9.122410
0.905772 2.422330
0.905963 17.725000
0.906154 22.586100
0.906346 9.513620
0.906537 8.761350
0.906728 12.150300
0.906919 58.777900
0.907110 32.129000
0.907301 45.874600
0.907492 58.072000
0.907683 18.551600
0.907875 27.788900
0.908066 34.333300
0.908257 12.514000
0.908448 19.124200
0.908639 17.584400
0.908830 13.116900
0.909021 28.090600
0.909213 75.303600
0.909404 16.562900
0.909595 23.363400
0.909786 3.738250
0.909977 8.517790
0.910168 44.806500
0.910359 22.947600
0.910550 13.518600
0.910742 52.053100
0.910933 43.027000
0.911124 6.167010
0.911315 24.622200
0.911506 21.626300
0.911697 6.601830
0.911888 31.838900
0.912080 14.017100
0.912271 12.363300
0.912462 14.220100
0.912653 25.193900
0.912844 21.149100
0.913035 43.907600
0.913226 27.753600
0.913417 2.577010
0.913609 9.734390
0.913800 61.863800
0.913991 17.990800
0.914182 42.496900
0.914373 17.426100
0.914564 9.342630
0.914755 17.465300
0.914946 7.126380
0.915138 17.745200
0.915329 25.480800
0.915520 7.592370
0.915711 7.461440
0.915902 35.101400
0.916093 85.130600
0.916284 35.732100
0.916476 21.810400
0.916667 7.510970
0.916858 15.922000
0.917049 12.455300
0.917240 7.189420
0.917431 6.089360
0.917622 9.876780
0.917813 26.706900
0.918005 16.216600
0.918196 35.666200
0.918387 62.290200
0.918578 35.567300
0.918769 6.816590
0.918960 5.375330
0.919151 14.128000
0.919343 26.078900
0.919534 6.639420
0.919725 59.888200
0.919916 9.366040
0.920107 23.433000
0.920298 4.612950
0.920489 6.862360
0.920680 22.913500
0.920872 9.633250
0.921063 4.582180
0.921254 1.841430
0.921445 16.810500
0.921636 9.301620
0.921827 5.574250
0.922018 16.699000
0.922209 44.892400
0.922401 28.018600
0.922592 41.632800
0.922783 22.166400
0.922974 25.868600
0.923165 11.269000
0.923356 15.016300
0.923547 28.430700
0.923739 7.289420
0.923930 11.347700
0.924121 27.378200
0.924312 68.024000
0.924503 6.121080
0.924694 10.532100
0.924885 11.689700
0.925076 56.990200
0.925268 10.087700
0.925459 29.100200
0.925650 28.627400
0.925841 63.417100
0.926032 29.704700
0.926223 10.318900
0.926414 13.100300
0.926606 13.675200
0.926797 8.135140
0.926988 37.431100
0.927179 8.680160
0.927370 20.158800
0.927561 8.572900
0.927752 35.904700
0.927943 18.749800
0.928135 61.330300
0.928326 4.622420
0.928517 9.721930
0.928708 4.618990
0.928899 23.097400
0.929090 13.288300
0.929281 9.682970
0.929472 10.824400
0.929664 7.966610
0.929855 5.796360
0.930046 40.660200
0.930237 8.797800
0.930428 6.330440
0.930619 27.234400
0.930810 9.134710
0.931002 24.952600
0.931193 28.520000
0.931384 33.486300
0.931575 37.275500
0.931766 57.413600
0.931957 47.751300
0.932148 38.477700
0.932339 17.992900
0.932531 12.362000
0.932722 8.603460
0.932913 25.756100
0.933104 31.495700
0.933295 35.269300
0.933486 22.091800
0.933677 21.182800
0.933869 17.075900
0.934060 68.965800
0.934251 72.815400
0.934442 40.357800
0.934633 38.664000
0.934824 20.324500
0.935015 50.842600
0.935206 22.845700
0.935398 3.941660
0.935589 54.159400
0.935780 15.294000
0.935971 61.641100
0.936162 17.505600
0.936353 52.748000
0.936544 18.175300
0.936735 25.702300
0.936927 12.773000
0.937118 8.137740
0.937309 58.143400
0.937500 9.995290
0.937691 7.716570
0.937882 37.489600
0.938073 16.758600
0.938265 6.390350
0.938456 60.447500
0.938647 11.549300
0.938838 10.599100
0.939029 9.760290
0.939220 5.339360
0.939411 9.907380
0.939602 29.635500
0.939794 21.550800
0.939985 80.413700
0.940176 2.926330
0.940367 23.311500
0.940558 4.494290
0.940749 45.331000
0.940940 27.747000
0.941131 7.679880
0.941323 6.437280
0.941514 3.624370
0.941705 15.400100
0.941896 13.234400
0.942087 23.827600
0.942278 7.514850
0.942469 17.463900
0.942661 18.085000
0.942852 16.546900
0.943043 14.465700
0.943234 30.813500
0.943425 30.882500
0.943616 8.339240
0.943807 59.941900
0.943998 21.253000
0.944190 17.641300
0.944381 44.167500
0.944572 52.514300
0.944763 10.452600
0.944954 15.352600
0.945145 34.455800
0.945336 58.087400
0.945528 31.046900
0.945719 17.134000
0.945910 2.348910
0.946101 7.112990
0.946292 6.839550
0.946483 1.907950
0.946674 27.052500
0.946865 8.631260
0.947057 33.188900
0.947248 13.252900
0.947439 6.991980
0.947630 9.048710
0.947821 36.991800
0.948012 28.538400
0.948203 2.599820
0.948394 71.823600
0.948586 11.010200
0.948777 43.643400
0.948968 7.611820
0.949159 4.883230
0.949350 8.054100
0.949541 17.767300
0.949732 33.541100
0.949924 21.421800
0.950115 23.660500
0.950306 9.006660
0.950497 18.676200
0.950688 18.087600
0.950879 7.371740
0.951070 28.652100
0.951261 80.753700
0.951453 41.012900
0.951644 49.461900
0.951835 2.901570
0.952026 30.922900
0.952217 11.568700
0.952408 26.928000
0.952599 50.608100
0.952791 20.752700
0.952982 8.926390
0.953173 10.853000
0.953364 17.976500
0.953555 14.902900
0.953746 29.738900
0.953937 56.644400
0.954128 31.393000
0.954320 14.800800
0.954511 21.794900
0.954702 7.953590
0.954893 38.768400
0.955084 6.116110
0.955275 73.540600
0.955466 7.254280
0.955657 5.893510
0.955849 12.160300
0.956040 14.617300
0.956231 16.724400
0.956422 3.617140
0.956613 8.995550
0.956804 7.798850
0.956995 35.653000
0.957187 44.652000
0.957378 6.098830
0.957569 30.180000
0.957760 40.241000
0.957951 21.823700
0.958142 6.300240
0.958333 50.532000
0.958524 8.945870
0.958716 39.891800
0.958907 13.847300
0.959098 9.334710
0.959289 25.922500
0.959480 54.616800
0.959671 18.767800
0.959862 17.814500
0.960054 10.094400
0.960245 33.908300
0.960436 20.426300
0.960627 55.821800
0.960818 26.791500
0.961009 2.447660
0.961200 2.906970
0.961391 19.004300
0.961583 10.201000
0.961774 72.891400
0.961965 11.248300
0.962156 30.533600
0.962347 13.236800
0.962538 60.672600
0.962729 12.091800
0.962920 4.875750
0.963112 28.894300
0.963303 21.478700
0.963494 12.573900
0.963685 8.454780
0.963876 25.218300
0.964067 6.220990
0.964258 9.722550
0.964450 26.713500
0.964641 15.463100
0.964832 9.008090
0.965023 14.494500
0.965214 56.660800
0.965405 21.880600
0.965596 10.988200
0.965787 5.468810
0.965979 5.448550
0.966170 13.777100
0.966361 26.029700
0.966552 40.150700
0.966743 41.686600
0.966934 30.500100
0.967125 48.993900
0.967317 26.395300
0.967508 53.943700
0.967699 13.720000
0.967890 24.057200
0.968081 44.228600
0.968272 41.089400
0.968463 4.600340
0.968654 21.144600
0.968846 4.844250
0.969037 49.488000
0.969228 11.550500
0.969419 8.180180
0.969610 20.707600
0.969801 30.652400
0.969992 27.325400
0.970183 23.366000
0.970375 60.067800
0.970566 11.537900
0.970757 10.583100
0.970948 57.432600
0.971139 38.031800
0.971330 9.937170
0.971521 52.186700
0.971713 23.793100
0.971904 67.005800
0.972095 10.640500
0.972286 15.922900
0.972477 7.479280
0.972668 32.368800
0.972859 27.762300
0.973050 23.402900
0.973242 5.882440
0.973433 13.485400
0.973624 40.119300
0.973815 21.947700
0.974006 20.647800
0.974197 49.952500
0.974388 6.387630
0.974580 5.166390
0.974771 5.504170
0.974962 66.196600
0.975153 7.135150
0.975344 19.087200
0.975535 5.593360
0.975726 5.475050
0.975917 8.879800
0.976109 4.980420
0.976300 54.526000
0.976491 3.601160
0.976682 8.186370
0.976873 11.487900
0.977064 6.041090
0.977255 8.978000
0.977446 15.149500
0.977638 12.827900
0.977829 34.658400
0.978020 30.423200
0.978211 3.021350
0.978402 71.980100
0.978593 19.916600
0.978784 17.943700
0.978976 18.161800
0.979167 29.518300
0.979358 31.779300
0.979549 22.102100
0.979740 10.130300
0.979931 20.858500
0.980122 3.434540
0.980313 11.359900
0.980505 25.099600
0.980696 10.097200
0.980887 8.139130
0.981078 3.538010
0.981269 13.871300
0.981460 4.047730
0.981651 6.281510
0.981843 20.107500
0.982034 12.854900
0.982225 4.230290
0.982416 15.755600
0.982607 11.629200
0.982798 60.926600
0.982989 35.582700
0.983180 8.489340
0.983372 3.002190
0.983563 21.707400
0.983754 22.888200
0.983945 11.551500
0.984136 23.588700
0.984327 37.172100
0.984518 19.975900
0.984709 1.522080
0.984901 5.537240
0.985092 7.209670
0.985283 25.061300
0.985474 7.768160
0.985665 8.627310
0.985856 13.582500
0.986047 53.293400
0.986239 13.865900
0.986430 23.341300
0.986621 5.442500
0.986812 11.514500
0.987003 25.495100
0.987194 20.613000
0.987385 42.347100
0.987576 20.510300
0.987768 17.553700
0.987959 23.327300
0.988150 8.480820
0.988341 30.562000
0.988532 8.733430
0.988723 13.206700
0.988914 23.632200
0.989106 13.313200
0.989297 33.580900
0.989488 52.726500
0.989679 49.605900
0.989870 5.914290
0.990061 9.700790
0.990252 70.029600
0.990443 15.359000
0.990635 32.361700
0.990826 42.919600
0.991017 43.130400
0.991208 25.987500
0.991399 16.890200
0.991590 16.853900
0.991781 6.566600
0.991972 28.925200
0.992164 16.078700
0.992355 43.571700
0.992546 40.301100
0.992737 55.384300
0.992928 21.330500
0.993119 14.330000
0.993310 12.594700
0.993502 14.811400
0.993693 6.921140
0.993884 5.485800
0.994075 16.974100
0.994266 27.727800
0.994457 29.570400
0.994648 28.152100
0.994839 11.211700
0.995031 2.632070
0.995222 8.195480
0.995413 14.874000
0.995604 65.718700
0.995795 4.195760
0.995986 51.616300
0.996177 4.928910
0.996369 26.385900
0.996560 5.367150
0.996751 8.936610
0.996942 36.590400
0.997133 15.998300
0.997324 38.219100
0.997515 8.181960
0.997706 25.174800
0.997898 13.080200
0.998089 17.871900
0.998280 31.085300
0.998471 42.204600
0.998662 34.921400
0.998853 30.675300
0.999044 42.320900
0.999235 22.027600
0.999427 48.482800
0.999618 9.736430
0.999809 26.757300
1.000000 59.155500
