0.000351 50.806500
0.000701 17.920900
0.001052 17.544500
0.001402 32.128900
0.001753 7.866130
0.002103 9.235160
0.002454 37.904800
0.002804 2.403020
0.003155 26.419400
0.003505 14.174400
0.003856 9.801330
0.004206 10.887000
0.004557 15.644500
0.004907 6.911470
0.005258 15.161200
0.005608 12.717000
0.005959 37.056300
0.006309 82.991700
0.006660 10.054600
0.007010 26.153600
0.007361 7.349900
0.007711 15.655400
0.008062 44.089500
0.008412 6.516230
0.008763 32.537600
0.009113 15.575000
0.009464 4.742350
0.009814 13.520900
0.010165 9.941560
0.010515 10.289200
0.010866 21.088800
0.011216 48.827100
0.011567 22.394000
0.011917 30.217900
0.012268 17.575400
0.024536 9.691900
0.024886 2.611980
0.025237 19.985800
0.025587 66.039200
0.025938 61.094600
0.026288 24.589900
0.026639 5.902030
0.026989 85.472500
0.027340 13.633900
0.027690 13.978900
0.028041 45.103400
0.028391 11.690500
0.028742 16.492700
0.029092 10.194900
0.029443 65.980800
0.029793 14.502200
0.030144 7.297640
0.030494 77.692000
0.030845 9.447770
0.031195 27.320400
0.031546 5.708290
0.037154 59.483000
0.037504 3.884510
0.038205 9.723930
0.038556 22.621200
0.038906 48.011100
0.039257 15.282200
0.039607 9.935590
0.039958 8.778660
0.040308 87.795200
0.040659 25.830100
0.041009 46.053800
0.041360 10.690100
0.041710 28.212400
0.042061 35.047900
0.042411 15.197000
0.042762 18.524400
0.043113 20.196600
0.043463 9.647030
0.043814 7.057400
0.044164 23.162800
0.044515 51.552400
0.044865 37.880100
0.059236 8.389800
0.059586 7.438760
0.059937 16.781600
0.060287 4.026180
0.060638 11.921300
0.060988 39.306800
0.061339 17.273500
0.061689 5.195100
0.062040 16.067900
0.066947 58.116000
0.067298 15.472200
0.067648 19.845600
0.067999 27.848200
0.068349 44.011500
0.068700 6.841770
0.069050 9.677280
0.069401 4.671160
0.069751 18.645800
0.070102 57.226200
0.070452 30.304500
0.070803 33.618900
0.071153 39.587700
0.071504 25.049400
0.071854 22.084900
0.072205 1.761500
0.072555 14.842400
0.072906 39.351000
0.073256 39.661700
0.073607 9.271980
0.073957 16.215900
0.074308 17.835500
0.074658 22.884700
0.075009 17.203200
0.075359 50.485600
0.075710 51.562400
0.076060 1.783720
0.076411 22.373000
0.076761 13.900200
0.077112 7.521510
0.077462 6.850740
0.077813 5.698980
0.078163 31.865200
0.078514 26.573200
0.078864 61.329700
0.079215 3.082960
0.079565 22.589700
0.079916 4.956870
0.080266 7.894150
0.080617 25.823300
0.080967 39.325600
0.081318 11.097000
0.081668 28.637900
0.082019 8.111130
0.082369 24.896300
0.082720 7.141950
0.083070 6.516210
0.083421 20.285400
0.088328 9.958660
0.088679 8.669290
0.089029 5.353730
0.089380 9.524480
0.089730 34.802300
0.090081 5.368860
0.090431 15.391500
0.090782 30.067400
0.091132 24.950100
0.091483 6.902210
0.091833 5.144700
0.092184 2.351910
0.092534 39.838600
0.092885 25.746500
0.093235 56.519100
0.093586 13.183200
0.093936 17.430200
0.094287 36.488900
0.094637 17.061400
0.094988 21.964000
0.095338 25.812400
0.095689 14.054700
0.096039 20.225500
0.096390 49.326300
0.096740 2.074830
0.097091 25.780700
0.097441 26.063300
0.097792 20.067800
0.098142 3.799500
0.098493 6.088670
0.098843 8.389840
0.099194 43.972200
0.099544 12.017100
0.099895 1.687660
0.100245 17.327700
0.100596 26.453000
0.100946 5.790060
0.101297 4.091500
0.101647 11.451100
0.101998 40.228400
0.102348 13.880600
0.103049 67.121200
0.103400 4.814990
0.103750 30.874800
0.104101 16.915700
0.104451 43.252200
0.104802 20.098100
0.105152 7.899460
0.105503 28.989300
0.105853 15.951200
0.106204 31.582100
0.106555 7.662640
0.106905 29.199600
0.107256 29.765200
0.107606 7.803340
0.107957 15.963000
0.108307 21.396700
0.108658 27.899200
0.109008 18.618500
0.109359 46.132000
0.109709 6.106930
0.110060 73.159500
0.110410 8.177720
0.110761 5.308890
0.111111 27.275500
0.111462 13.483600
0.111812 24.280700
0.112163 8.205680
0.112513 16.870100
0.112864 16.578000
0.113214 18.921000
0.113565 15.401200
0.113915 38.894700
0.114266 16.811700
0.114616 16.971900
0.114967 22.865800
0.115317 15.761100
0.115668 8.489340
0.116018 10.708400
0.116369 40.338200
0.116719 15.814000
0.117070 8.590090
0.117420 10.228900
0.117771 9.123040
0.118121 10.443000
0.118472 69.500200
0.118822 44.250800
0.119173 7.249750
0.119523 19.758100
0.119874 45.990400
0.120224 29.769700
0.120575 35.811800
0.120925 87.972200
0.121276 72.465400
0.121626 49.883300
0.121977 5.802090
0.122327 13.179800
0.122678 7.121760
0.123028 11.519700
0.123379 88.814200
0.123729 9.778880
0.124080 23.077500
0.124430 67.274800
0.124781 24.351700
0.125131 8.414320
0.125482 17.245000
0.125832 58.038500
0.126183 34.812500
0.127585 8.324900
0.127936 91.760600
0.128286 7.120150
0.128637 37.493900
0.128987 10.985000
0.129338 10.748700
0.129688 29.177000
0.130039 31.773800
0.130389 38.554200
0.130740 7.522160
0.131090 15.175500
0.131441 19.816700
0.131791 43.834800
0.132142 28.757600
0.132492 2.661920
0.132843 1.685440
0.133193 48.869700
0.133544 34.025600
0.133894 8.078780
0.134245 8.818950
0.134595 6.216840
0.134946 27.484800
0.135296 9.622430
0.135647 18.645200
0.135997 45.634300
0.136348 45.008100
0.136698 13.469400
0.137049 47.770300
0.137399 6.467750
0.137750 21.111900
0.138100 86.678500
0.138451 53.381300
0.138801 6.354250
0.139152 15.942400
0.139502 28.597400
0.139853 39.478900
0.140203 10.734500
0.140554 22.968500
0.140904 9.765200
0.141255 60.303500
0.141605 73.646600
0.141956 14.906000
0.142306 50.796600
0.142657 5.421820
0.143007 50.060900
0.143358 78.102600
0.143708 25.381500
0.144059 21.149500
0.144409 17.396900
0.144760 27.014800
0.145110 28.425600
0.145461 21.695700
0.145811 28.444300
0.146162 69.982300
0.146512 53.956600
0.146863 16.399300
0.147213 10.096500
0.147564 8.367910
0.147914 12.291100
0.148265 5.441450
0.148615 19.285900
0.148966 10.111700
0.149317 6.928800
0.149667 30.074000
0.150018 16.305100
0.150368 20.624400
0.150719 16.303600
0.151069 8.485700
0.152471 7.409500
0.152822 24.042800
0.153172 40.459000
0.153523 45.482600
0.153873 10.195100
0.154224 14.150900
0.154574 4.858140
0.154925 40.678200
0.155275 4.412470
0.155626 19.637400
0.155976 9.142020
0.156327 5.600200
0.156677 22.062400
0.157028 19.304100
0.157378 6.770730
0.157729 64.203300
0.158079 9.862170
0.158430 21.085500
0.158780 16.391400
0.159131 32.168200
0.159481 64.285900
0.159832 49.713000
0.160182 33.167400
0.160533 45.929800
0.160883 15.904200
0.161234 39.380800
0.161584 77.817300
0.161935 2.268950
0.162285 8.285850
0.162636 39.129500
0.162986 79.988400
0.163337 15.860800
0.163687 18.260000
0.164038 37.225100
0.164388 47.357700
0.164739 12.331200
0.165089 2.247110
0.165440 34.877700
0.165790 29.690600
0.166141 11.055000
0.166491 9.993530
0.166842 36.776600
0.167192 30.562700
0.167543 7.550950
0.167893 8.433630
0.168244 8.803620
0.168594 27.579200
0.168945 4.388860
0.169295 23.344900
0.169646 27.782100
0.169996 8.281460
0.170347 28.933400
0.170698 21.894000
0.171048 28.819700
0.171399 28.352600
0.171749 62.879800
0.172100 26.463400
0.172450 8.604950
0.172801 21.685900
0.173151 76.770100
0.173502 25.598700
0.173852 5.135170
0.174203 4.402740
0.174553 9.525670
0.174904 12.977200
0.175254 24.202800
0.175605 7.140180
0.175955 26.664900
0.176306 10.507000
0.176656 6.505410
0.177007 11.776900
0.177357 11.447400
0.177708 6.482630
0.178058 48.390400
0.178409 11.303500
0.178759 7.866030
0.179110 8.981600
0.179460 58.013800
0.179811 34.167100
0.180161 8.592460
0.180512 9.207840
0.180862 79.069500
0.181213 33.644500
0.181563 17.485700
0.181914 39.715500
0.182264 34.931900
0.182615 25.759300
0.182965 44.545500
0.183316 14.436300
0.183666 13.134600
0.184017 18.939200
0.184367 38.867900
0.184718 54.491700
0.185068 17.079200
0.185419 10.496800
0.185769 16.212600
0.186120 14.186100
0.186470 29.873700
0.186821 30.749300
0.187171 13.318200
0.187522 18.220400
0.187872 28.887200
0.188223 28.932000
0.188573 57.344200
0.188924 4.140360
0.189274 50.203300
0.189625 35.617700
0.189975 15.137800
0.190326 41.912200
0.190676 7.004320
0.191027 43.516500
0.191377 62.104200
0.191728 7.198340
0.192079 20.499700
0.192429 11.664700
0.192780 8.034960
0.193130 15.484600
0.193481 45.291600
0.193831 65.369400
0.194182 20.292400
0.194532 81.892300
0.194883 7.573550
0.195233 5.989760
0.195584 19.566800
0.195934 9.303880
0.196285 21.925600
0.196635 44.692200
0.196986 23.187400
0.197336 13.421100
0.197687 24.539400
0.198037 8.281090
0.198388 46.923900
0.198738 29.963600
0.199089 70.062700
0.199439 59.323300
0.199790 20.247000
0.200140 35.959700
0.200491 15.422300
0.200841 9.226810
0.201192 8.952790
0.201542 18.420400
0.201893 6.933430
0.202243 15.636600
0.202594 17.999200
0.202944 18.560100
0.203295 61.560800
0.203645 19.496400
0.203996 35.708800
0.204346 7.001550
0.204697 8.491640
0.205047 33.201700
0.205398 27.936700
0.205748 69.812600
0.207150 9.509200
0.207501 12.111000
0.207851 26.810200
0.208202 48.870700
0.208552 9.360080
0.208903 33.235200
0.209253 43.965900
0.209604 20.234700
0.209954 34.635500
0.210305 13.931200
0.210655 17.885800
0.211006 55.145300
0.211356 6.402360
0.211707 12.064000
0.212057 37.143800
0.212408 20.845700
0.212758 26.590200
0.213109 6.255920
0.213460 43.139300
0.213810 27.363500
0.214161 39.096800
0.214511 3.954080
0.214862 4.730070
0.215212 6.417440
0.215563 25.088500
0.215913 29.722200
0.216264 10.582300
0.216614 23.235900
0.216965 37.069200
0.217315 39.146700
0.217666 36.154600
0.218016 43.044800
0.218367 50.365100
0.218717 20.312200
0.219068 11.528500
0.219418 40.721900
0.219769 9.037510
0.220119 24.056900
0.220470 9.398490
0.220820 21.421700
0.221171 6.356610
0.221521 23.796000
0.222222 9.805800
0.222573 11.671800
0.222923 5.307940
0.223274 26.856300
0.223624 26.211700
0.223975 21.070200
0.224325 46.219700
0.224676 37.517600
0.225026 51.553300
0.225377 10.096300
0.225727 26.670800
0.226078 8.438010
0.226428 13.668400
0.226779 7.697060
0.227129 4.640420
0.227480 7.458230
0.227830 29.489900
0.228181 16.166700
0.228531 16.221500
0.228882 65.962400
0.229232 24.227800
0.229583 10.642600
0.229933 7.470410
0.230284 4.630830
0.230634 6.857370
0.230985 71.298800
0.231335 22.220700
0.231686 13.669000
0.232036 81.927700
0.232737 10.988300
0.233088 9.768980
0.233438 21.657800
0.233789 34.229400
0.234140 32.483000
0.234490 58.823500
0.234841 5.284690
0.235191 42.265100
0.235542 65.126500
0.235892 65.557000
0.236243 4.801120
0.236593 6.312420
0.236944 17.752500
0.237294 11.323100
0.237645 51.206500
0.237995 4.356210
0.238346 24.454400
0.238696 6.793290
0.239047 17.798000
0.239397 42.186400
0.239748 1.228210
0.240098 27.424300
0.240449 64.647100
0.240799 30.780900
0.241500 27.752200
0.241851 10.098800
0.242201 77.903200
0.242552 77.857800
0.242902 47.760000
0.243253 18.802800
0.243603 11.882800
0.243954 7.863930
0.244304 20.440800
0.244655 16.253200
0.245005 6.543390
0.245356 37.846500
0.245706 4.475190
0.246057 41.026200
0.246407 6.533350
0.246758 6.427610
0.247108 90.084700
0.247459 3.562770
0.247809 42.021500
0.248160 9.157810
0.248510 17.142500
0.248861 6.768930
0.249211 74.895700
0.249562 11.986500
0.249912 18.600700
0.250263 2.719570
0.250613 22.073500
0.250964 15.596100
0.251314 26.922600
0.251665 24.442700
0.252015 28.902700
0.252366 20.436000
0.252716 23.231500
0.253067 27.390600
0.253417 5.262760
0.253768 34.972100
0.254118 4.557760
0.254469 11.525300
0.254819 58.102600
0.255170 45.086600
0.255521 9.377840
0.255871 12.391900
0.256222 16.837700
0.256572 47.288200
0.256923 12.879300
0.257273 20.196500
0.257624 5.378550
0.257974 30.965700
0.258325 19.445000
0.258675 43.545500
0.259026 2.418250
0.259376 20.134600
0.259727 5.062480
0.260077 50.587200
0.260428 19.293200
0.260778 41.364400
0.261129 21.393100
0.261479 20.117700
0.261830 66.391400
0.262180 40.167200
0.262531 24.441000
0.262881 13.786200
0.263232 69.593200
0.263582 6.193090
0.263933 16.457800
0.264283 77.373500
0.264634 17.978000
0.264984 6.333110
0.265335 22.957200
0.265685 11.967900
0.266036 9.925110
0.266386 59.605500
0.266737 32.167700
0.267087 44.070500
0.267438 7.628610
0.267788 29.356100
0.268139 34.933700
0.268489 2.861920
0.268840 19.862200
0.269190 16.004700
0.269541 23.487200
0.269891 37.377200
0.270242 8.495380
0.270592 13.664500
0.270943 29.470800
0.271293 28.448200
0.271644 10.207700
0.271994 18.594400
0.272345 16.574500
0.272695 13.072400
0.273046 3.717380
0.273396 14.535200
0.273747 7.095450
0.274097 5.365370
0.275850 67.417800
0.276200 7.091850
0.276551 12.628700
0.276902 57.300200
0.277252 17.804500
0.277603 19.023100
0.277953 25.785700
0.278304 38.869400
0.278654 5.502880
0.279005 42.703000
0.279355 14.124400
0.279706 12.162900
0.280056 15.792900
0.280407 22.640100
0.280757 21.369300
0.281108 19.158200
0.281458 21.039800
0.281809 3.291340
0.282159 3.902310
0.282510 25.578000
0.282860 16.924800
0.283211 40.799600
0.283561 53.386700
0.283912 25.553200
0.284262 7.660190
0.284613 15.245800
0.284963 7.121690
0.285314 60.883600
0.285664 57.188400
0.286015 7.299110
0.286365 25.950100
0.286716 7.781240
0.287066 32.294700
0.287417 79.404100
0.287767 5.964630
0.288118 43.091900
0.288468 8.325130
0.288819 6.381230
0.289169 4.654120
0.289520 30.737800
0.289870 1.457040
0.290221 20.067400
0.290571 52.926800
0.290922 15.879200
0.291272 15.037300
0.291623 9.414170
0.291973 21.577400
0.292324 16.064600
0.292674 17.800600
0.293025 41.750700
0.293375 25.892400
0.293726 18.350600
0.294076 8.071240
0.294427 7.935080
0.294777 11.611500
0.295128 42.287800
0.295478 12.729900
0.295829 7.610090
0.296179 11.874200
0.296530 23.206100
0.296880 21.726000
0.297231 67.494800
0.297581 7.039690
0.297932 90.104200
0.298283 18.123200
0.298633 10.053200
0.298984 21.235400
0.299334 6.158280
0.299685 12.550400
0.300035 5.795170
0.300386 28.785900
0.300736 9.703270
0.301087 83.896800
0.301437 16.881400
0.301788 9.242810
0.302138 7.169530
0.302489 6.991460
0.302839 8.292110
0.303190 27.542400
0.303540 55.679800
0.303891 13.094100
0.304241 20.432000
0.304592 22.936800
0.304942 7.062050
0.305293 22.934200
0.305643 61.867700
0.305994 7.091590
0.306344 24.015900
0.306695 5.096490
0.307045 7.255700
0.307396 15.256100
0.307746 20.751500
0.308097 19.677200
0.308447 22.863000
0.308798 88.390200
0.309148 54.333600
0.309499 28.152600
0.309849 13.393900
0.310200 7.698330
0.310550 87.051500
0.310901 36.120000
0.311251 24.941700
0.311602 52.712400
0.311952 29.443500
0.312303 5.392370
0.313004 12.877400
0.313354 7.483320
0.313705 7.510970
0.314055 20.594600
0.314406 18.738100
0.314756 37.259300
0.315107 48.119400
0.315457 18.496300
0.315808 28.849100
0.316158 10.012900
0.316509 19.604500
0.316859 51.516100
0.317210 29.294900
0.317560 9.526500
0.317911 5.976100
0.318261 8.391640
0.318612 7.064180
0.318962 22.238100
0.319313 7.894790
0.319664 38.400300
0.320014 28.680200
0.320365 4.484610
0.320715 49.132600
0.321066 22.313000
0.321416 10.018100
0.321767 19.018900
0.322117 24.072800
0.322468 23.329200
0.322818 3.808430
0.323169 34.064800
0.323519 26.886600
0.323870 9.859700
0.324220 37.083200
0.324571 9.119580
0.324921 18.815400
0.325272 14.142300
0.325622 5.492640
0.325973 28.910500
0.326323 8.898720
0.326674 27.970800
0.327024 20.080000
0.327375 42.181400
0.327725 19.886700
0.328076 6.909570
0.328426 27.485200
0.328777 14.332700
0.329127 42.900000
0.329478 20.004400
0.329828 52.296300
0.330179 21.199500
0.330529 45.070600
0.330880 26.449100
0.331230 63.766000
0.331581 14.246900
0.331931 36.300300
0.332282 11.227100
0.332632 22.957900
0.332983 42.363300
0.333333 10.451100
0.333684 30.371300
0.334034 12.791900
0.334385 44.739700
0.334735 43.249500
0.335086 90.597700
0.335436 13.663700
0.335787 8.566270
0.336137 8.241920
0.336488 7.774400
0.336838 8.725860
0.337189 39.833500
0.337539 25.727400
0.337890 40.828400
0.338240 12.811200
0.338591 5.731070
0.338941 22.757000
0.339292 26.859100
0.339642 5.935790
0.339993 12.209500
0.340343 32.243600
0.340694 57.816200
0.341045 17.089400
0.341395 50.580400
0.341746 7.585050
0.342096 28.876700
0.342447 40.564400
0.342797 37.599100
0.343148 14.230700
0.343498 5.566740
0.343849 73.109500
0.344199 16.539800
0.344550 72.351200
0.344900 30.323000
0.345251 15.176300
0.345601 32.338500
0.345952 23.624300
0.346302 26.995200
0.346653 8.609310
0.347003 8.686670
0.347354 25.170100
0.347704 24.966300
0.348055 12.335100
0.348405 10.162600
0.348756 83.371500
0.349106 87.460200
0.349457 4.581560
0.349807 29.423200
0.350158 13.090300
0.350508 26.569900
0.350859 53.547400
0.351209 8.151090
0.351560 58.096700
0.351910 50.203200
0.352261 76.488500
0.352611 14.080600
0.352962 9.065320
0.353312 80.214900
0.353663 51.757800
0.354013 39.511200
0.354364 16.282900
0.354714 7.963520
0.355065 47.009100
0.355415 8.743280
0.355766 71.504100
0.356116 35.408000
0.356467 5.364800
0.356817 26.314900
0.357168 8.318620
0.357518 7.856250
0.357869 6.054390
0.358219 41.534300
0.358570 14.415300
0.358920 5.976290
0.359271 87.210500
0.359621 17.168900
0.359972 82.344600
0.360322 5.950680
0.360673 24.063300
0.361023 1.694570
0.361374 44.664400
0.361725 10.287200
0.362075 17.573300
0.362426 21.657500
0.362776 22.317300
0.363127 32.146900
0.363477 27.471600
0.363828 8.653420
0.364178 4.881920
0.364529 48.503900
0.364879 15.932400
0.365230 52.276700
0.365580 13.376100
0.365931 39.695800
0.366281 43.268500
0.366632 5.604090
0.366982 13.314100
0.367333 33.110900
0.367683 5.607630
0.368034 1.655750
0.368384 14.277800
0.368735 60.468700
0.369085 13.086300
0.369436 36.315600
0.369786 36.499900
0.370137 12.947000
0.370487 22.725500
0.370838 32.911600
0.371188 25.175200
0.371539 72.955000
0.371889 29.075000
0.372240 5.556000
0.372590 15.701400
0.372941 5.503800
0.373291 6.868610
0.373642 14.124700
0.373992 26.633500
0.374343 37.353700
0.374693 19.768800
0.375044 6.128890
0.375394 27.248300
0.375745 30.238100
0.376095 45.235000
0.376446 12.046800
0.376796 11.221700
0.377147 36.945000
0.377497 25.733500
0.377848 6.561430
0.378198 12.225400
0.378549 23.599700
0.378899 2.144790
0.379250 7.866410
0.379600 4.232270
0.379951 10.144200
0.380301 54.797100
0.380652 52.568800
0.381002 25.662600
0.381353 6.775650
0.381703 12.518200
0.382054 9.648140
0.382404 5.591940
0.382755 59.229600
0.383106 58.762600
0.383456 32.682000
0.383807 44.831100
0.384157 7.549930
0.384508 6.868530
0.384858 40.105900
0.385209 12.587000
0.385559 30.195300
0.385910 14.523600
0.386260 15.209300
0.386611 23.864100
0.386961 10.465500
0.387312 7.525780
0.387662 6.574230
0.388013 77.200700
0.388363 24.748500
0.388714 10.959600
0.389064 6.983040
0.389415 17.347700
0.389765 10.119600
0.390116 17.700400
0.390466 28.689000
0.390817 9.056840
0.391167 20.085300
0.391518 7.276100
0.391868 9.199330
0.392219 12.259700
0.392569 42.655100
0.392920 7.164270
0.393270 6.711640
0.393621 21.839100
0.393971 18.135100
0.394322 10.735600
0.394672 15.195100
0.395023 14.994800
0.395373 20.174200
0.395724 32.707500
0.396074 6.004880
0.396425 15.230200
0.396775 9.017780
0.397126 13.407100
0.397476 14.858500
0.397827 34.356600
0.398177 6.352290
0.398528 42.457200
0.398878 62.592500
0.399229 21.117100
0.399579 11.859600
0.399930 38.746700
0.400280 22.164800
0.400631 41.343300
0.400981 46.510800
0.401332 10.790200
0.401682 65.767400
0.402033 27.524700
0.402383 10.137400
0.402734 15.565400
0.403084 37.876800
0.403435 50.846100
0.403785 18.448300
0.404136 15.026600
0.404487 46.936700
0.404837 64.231400
0.405188 9.011450
0.405538 6.812080
0.405889 24.606300
0.406239 6.033470
0.406590 19.903200
0.406940 22.925400
0.407291 9.734030
0.407641 31.401100
0.407992 20.146700
0.408342 9.896860
0.408693 7.217470
0.409043 56.369000
0.409394 7.927900
0.409744 36.894400
0.410095 43.276200
0.410445 8.408150
0.410796 31.573500
0.411146 30.863400
0.411497 28.552800
0.411847 37.297700
0.412198 7.301430
0.412548 68.154900
0.412899 46.311900
0.413249 57.681900
0.413600 24.122300
0.413950 23.271000
0.414301 9.863810
0.414651 2.480030
0.415002 6.391120
0.415352 39.504200
0.415703 19.055200
0.416053 35.586100
0.416404 51.887400
0.416754 15.415900
0.417105 6.655180
0.417455 1.387100
0.417806 2.398120
0.418156 12.117800
0.418507 63.566200
0.418857 5.283860
0.419208 17.609300
0.419558 12.827500
0.419909 23.168600
0.420259 3.062470
0.420610 38.140600
0.420960 13.182600
0.421311 12.591800
0.421661 24.751700
0.422012 5.289410
0.422362 30.464600
0.422713 4.301880
0.423063 7.155680
0.423414 20.971500
0.423764 28.797800
0.424115 19.322600
0.424465 17.339200
0.424816 12.042000
0.425166 10.055100
0.425517 4.943760
0.425868 6.583700
0.426218 2.746200
0.426569 8.745570
0.426919 57.342600
0.427270 10.671900
0.427620 65.323000
0.427971 3.832900
0.428321 3.984760
0.428672 11.145000
0.429022 27.643200
0.429373 24.392300
0.429723 25.389700
0.430074 11.456000
0.430424 9.897270
0.430775 6.360230
0.431125 19.071900
0.431476 6.429990
0.431826 8.528830
0.432177 6.027660
0.432527 14.429700
0.432878 38.550100
0.433228 59.866100
0.433579 17.321100
0.433929 22.981500
0.434280 1.731050
0.434630 23.973500
0.434981 23.287200
0.435331 42.606500
0.435682 34.563300
0.436032 22.388800
0.436383 56.160500
0.436733 31.615600
0.437084 55.743300
0.437434 59.805600
0.437785 69.269400
0.438135 8.240290
0.438486 30.295400
0.438836 50.512400
0.439187 8.858900
0.439537 11.735700
0.439888 1.709520
0.440238 20.253500
0.440589 74.168800
0.440939 15.777700
0.441290 29.220500
0.441640 35.817500
0.441991 31.736300
0.442341 9.364520
0.442692 7.031040
0.443042 7.965090
0.443393 18.361700
0.443743 1.735810
0.444094 31.214100
0.444444 53.016100
0.444795 19.723200
0.445145 4.941740
0.445496 6.379400
0.445846 17.776700
0.446197 51.979100
0.446547 29.492700
0.446898 14.278700
0.447249 3.776270
0.447599 14.735000
0.447950 14.901600
0.448300 17.955000
0.448651 92.474800
0.449001 16.688000
0.449352 42.038900
0.449702 11.033100
0.452506 11.312900
0.452857 54.843200
0.453207 6.760250
0.453558 24.095200
0.453908 14.796000
0.454259 11.317400
0.454609 54.049600
0.454960 39.904700
0.455310 20.524500
0.455661 22.885400
0.456011 75.653100
0.456362 60.140800
0.456712 23.172900
0.457063 3.405510
0.457413 9.845780
0.457764 28.872000
0.458114 7.166380
0.458465 20.333500
0.458815 21.490800
0.459166 31.348000
0.459516 15.767800
0.459867 25.875500
0.460217 46.841400
0.460568 10.254600
0.460918 12.731400
0.461269 5.743920
0.461619 25.878700
0.461970 9.945950
0.462320 36.643500
0.462671 16.340200
0.463021 32.529900
0.463372 4.884930
0.463722 9.742430
0.464073 54.433800
0.464423 22.343600
0.464774 9.030480
0.465124 26.754800
0.465475 10.174800
0.465825 9.107890
0.466176 58.423300
0.466526 27.599400
0.466877 21.866800
0.467227 2.174420
0.467578 15.052100
0.467928 18.116000
0.468279 14.752800
0.468630 9.151410
0.468980 20.894600
0.469331 3.318110
0.469681 15.553200
0.470032 24.695200
0.470382 10.916200
0.470733 17.011300
0.471083 18.718800
0.471434 6.853920
0.471784 37.046600
0.472135 19.792000
0.472485 11.981400
0.472836 8.743590
0.473186 45.698400
0.473537 9.459790
0.473887 47.664800
0.474238 9.226270
0.474588 33.643200
0.474939 72.468600
0.475640 69.200400
0.475990 25.903700
0.476341 24.247100
0.476691 17.059400
0.477042 12.788800
0.477392 23.065500
0.477743 84.064700
0.478093 42.003200
0.478444 22.433000
0.478794 10.813300
0.479145 64.382100
0.479495 23.667700
0.479846 28.709600
0.480196 29.695100
0.480547 20.478900
0.480897 4.017190
0.481248 28.656800
0.481598 7.131510
0.481949 35.520100
0.482299 48.832300
0.482650 7.174100
0.483000 35.196000
0.483351 9.471450
0.483701 69.647600
0.484052 18.322600
0.484402 46.275500
0.484753 5.043040
0.485103 71.616200
0.485454 78.296200
0.485804 21.956300
0.486155 20.553300
0.486505 5.229100
0.486856 6.527700
0.487206 17.563100
0.487557 47.892500
0.487907 7.902710
0.488258 42.980500
0.488608 38.797500
0.488959 26.855500
0.489309 7.286410
0.489660 13.802200
0.490011 17.804100
0.490361 1.835490
0.490712 43.710100
0.491062 25.793800
0.491413 15.328900
0.491763 7.368800
0.492114 30.428500
0.492464 31.733600
0.492815 23.680500
0.493165 25.404800
0.493516 13.001100
0.493866 7.115930
0.494217 20.553800
0.494567 53.472600
0.494918 27.833500
0.495268 30.177800
0.495619 8.583960
0.495969 22.715200
0.496320 50.286400
0.496670 24.173400
0.497021 55.162000
0.497371 21.204100
0.497722 8.892210
0.498072 32.770600
0.498423 32.633400
0.498773 13.921400
0.499124 66.476900
0.499474 12.872700
0.499825 5.209110
0.500175 43.219000
0.500526 18.070200
0.500876 52.955100
0.501227 6.646590
0.501577 29.348900
0.501928 8.408620
0.502278 13.585600
0.502629 9.833180
0.502979 9.103940
0.503330 36.839600
0.503680 70.035800
0.504031 51.314000
0.504381 29.177100
0.504732 10.198600
0.505082 8.410240
0.505433 70.694900
0.505783 14.976100
0.506134 17.242700
0.506484 63.139400
0.506835 5.623690
0.507185 7.383950
0.507536 9.317100
0.507886 62.049500
0.508237 23.587000
0.508587 40.899400
0.508938 21.631600
0.509288 14.478200
0.509639 45.243000
0.509989 19.686800
0.510340 34.367500
0.510691 12.234800
0.511041 91.303100
0.511392 91.236200
0.511742 19.093500
0.512093 37.889400
0.512794 35.095400
0.513144 7.812000
0.513495 7.003350
0.513845 16.347900
0.514196 31.062800
0.514546 2.629690
0.514897 7.726480
0.515247 9.880180
0.515598 6.553460
0.515948 13.723300
0.516299 4.311750
0.516649 21.912600
0.517000 43.238500
0.517350 12.674200
0.517701 6.433750
0.518051 12.827900
0.518402 93.011000
0.518752 13.348500
0.519103 81.669500
0.519453 12.555600
0.519804 17.922400
0.520154 6.104490
0.520505 7.138830
0.520855 15.917300
0.521206 19.125000
0.521556 65.423800
0.521907 7.452840
0.522257 33.278000
0.522608 32.019000
0.522958 7.297620
0.523309 45.492700
0.523659 33.704500
0.524010 3.969770
0.524360 13.908800
0.524711 59.184000
0.525061 45.888600
0.525412 33.952800
0.525762 27.342800
0.526113 10.883400
0.526463 14.553500
0.526814 9.001620
0.527164 7.486010
0.527515 5.441900
0.527865 4.431720
0.528216 9.875370
0.528566 34.085800
0.528917 68.208600
0.529267 65.963400
0.529618 8.489800
0.529968 24.068000
0.530319 41.135100
0.530669 32.939900
0.531020 86.438400
0.531370 26.595400
0.531721 17.094700
0.532072 68.621200
0.532422 53.815800
0.532773 35.223200
0.533123 16.370000
0.533474 30.930700
0.533824 28.277100
0.534175 33.506500
0.534525 25.909100
0.534876 13.076300
0.535226 28.080400
0.535577 24.087600
0.535927 48.680800
0.536278 48.136900
0.536628 16.227800
0.536979 30.785000
0.537329 14.885700
0.537680 32.416800
0.538030 7.651930
0.538381 54.326000
0.538731 2.659700
0.539082 50.784200
0.539432 3.104540
0.539783 15.449900
0.540133 21.934600
0.540484 14.676700
0.540834 68.255600
0.541185 3.415410
0.541535 45.528200
0.541886 11.741100
0.542236 7.124430
0.542587 10.333400
0.542937 8.955910
0.543288 19.828700
0.543638 20.530100
0.543989 14.929600
0.544339 11.195400
0.544690 4.520860
0.545040 34.815700
0.545391 7.847150
0.545741 14.202200
0.546092 6.350120
0.546442 3.157480
0.546793 48.721200
0.547143 65.121400
0.547494 67.089300
0.547844 9.584860
0.548195 28.585900
0.548545 5.323420
0.548896 9.288980
0.549246 2.379200
0.549597 12.596100
0.549947 10.890900
0.550298 19.633200
0.550648 23.094100
0.550999 5.045660
0.551349 6.599500
0.551700 13.911700
0.552050 14.707900
0.552401 19.571600
0.552751 6.377260
0.553102 43.601200
0.553453 26.220000
0.553803 53.090700
0.554154 8.083100
0.554504 24.876800
0.554855 52.008400
0.555205 9.192520
0.555556 59.379300
0.555906 5.542140
0.556257 13.788100
0.556607 22.521100
0.556958 19.046500
0.557308 9.380290
0.557659 63.724300
0.558009 10.091600
0.558360 14.360700
0.558710 13.723500
0.559061 10.242000
0.559411 24.916200
0.559762 6.229550
0.560112 46.557800
0.560463 10.169700
0.560813 7.056210
0.561164 19.813600
0.561514 47.164800
0.561865 18.449200
0.562215 8.851530
0.562566 54.908100
0.562916 18.647000
0.563267 45.323100
0.563617 42.424800
0.563968 26.786200
0.564318 9.577810
0.564669 80.538700
0.565019 4.228620
0.565370 31.149100
0.565720 19.861500
0.566071 32.423400
0.566421 9.319120
0.566772 44.790300
0.567122 18.398200
0.567473 17.279000
0.567823 36.727700
0.568174 20.644000
0.568524 18.034600
0.568875 3.765380
0.569225 17.126100
0.569576 10.063000
0.569926 24.824200
0.570277 27.076800
0.570627 21.263500
0.570978 6.656890
0.571328 10.136700
0.571679 2.579920
0.572029 24.252900
0.572380 79.109900
0.572730 35.879600
0.573081 11.143200
0.573431 56.459800
0.573782 12.310000
0.574132 8.544460
0.574483 47.303000
0.574834 17.346900
0.575184 3.567550
0.575535 5.738770
0.575885 9.918600
0.576236 50.494500
0.576586 11.503800
0.576937 56.899300
0.577287 1.746740
0.577638 7.855030
0.577988 9.811830
0.578339 34.254900
0.578689 8.532030
0.579040 12.829900
0.579390 43.763100
0.579741 20.867100
0.580091 21.213800
0.580442 4.150750
0.580792 12.582300
0.581143 66.620800
0.581493 15.939800
0.581844 6.742840
0.582194 19.460100
0.582545 14.576600
0.582895 13.258100
0.583246 8.113770
0.583596 69.286600
0.583947 45.580200
0.584297 35.149900
0.584648 4.540930
0.584998 30.548700
0.585349 5.941210
0.585699 9.234470
0.586050 38.096300
0.586400 3.291840
0.586751 9.636190
0.587101 10.673900
0.587452 8.087440
0.587802 36.941300
0.588153 28.282500
0.588503 9.256710
0.588854 21.769500
0.589204 16.644500
0.589555 22.707700
0.589905 8.591830
0.590256 43.641300
0.590606 8.151710
0.590957 19.593200
0.591307 36.304200
0.591658 8.152670
0.592008 8.142860
0.592359 28.846000
0.592709 8.057690
0.593060 12.205000
0.593410 46.803300
0.593761 33.573200
0.594111 44.300300
0.594462 9.104690
0.594812 8.767340
0.595163 62.482500
0.595513 10.125200
0.595864 23.434300
0.596215 53.934500
0.596565 28.324900
0.596916 20.194400
0.597266 35.185400
0.597617 18.343400
0.597967 9.643260
0.598318 6.505700
0.598668 1.856810
0.599019 36.746800
0.599369 22.089000
0.599720 37.828200
0.600070 74.415100
0.600421 73.080900
0.600771 5.616000
0.601122 58.395800
0.601472 14.339000
0.601823 1.800530
0.602173 6.866490
0.602524 55.362100
0.602874 13.920200
0.603225 8.133730
0.603575 7.479150
0.603926 31.238300
0.604276 39.926200
0.604627 4.434780
0.604977 35.565500
0.605328 18.644200
0.605678 15.146700
0.606029 49.895900
0.606379 12.240500
0.606730 40.757200
0.607080 20.431700
0.607431 8.355640
0.607781 5.006450
0.608132 9.548190
0.608482 9.500420
0.608833 8.455960
0.609183 9.422300
0.609534 9.199540
0.609884 4.876770
0.610235 44.264100
0.610585 33.387300
0.610936 33.049600
0.611286 5.885560
0.611637 17.187500
0.611987 32.204700
0.612338 42.561500
0.612688 14.525400
0.613039 3.974990
0.613389 11.538900
0.613740 12.876400
0.614090 60.743500
0.614441 2.587900
0.614791 42.288100
0.615142 30.652900
0.615492 14.418000
0.615843 15.794500
0.616193 17.516300
0.616544 43.559300
0.616894 4.233880
0.617245 59.187500
0.617596 3.432390
0.617946 31.377600
0.618297 3.743060
0.618647 13.668700
0.618998 42.018300
0.619348 73.697900
0.619699 40.537800
0.620049 15.255200
0.620400 7.470190
0.620750 50.745800
0.621101 6.053400
0.621451 33.973600
0.621802 60.234700
0.622152 10.763400
0.622503 16.947200
0.622853 12.721000
0.623204 7.527250
0.623554 26.101700
0.623905 13.693600
0.624255 9.704110
0.624606 41.422600
0.624956 13.591000
0.625307 44.284400
0.625657 29.471100
0.626008 19.646600
0.626358 28.916100
0.626709 3.224010
0.627059 19.067300
0.627410 58.138300
0.627760 33.820500
0.628111 16.641500
0.628461 5.205500
0.628812 6.617290
0.629162 7.209490
0.629513 33.370200
0.629863 8.656870
0.630214 28.137300
0.630564 5.156950
0.630915 6.635880
0.631265 50.323700
0.631616 5.383180
0.631966 22.945600
0.632317 15.672100
0.632667 46.306900
0.633018 50.919000
0.633368 13.524300
0.633719 24.694700
0.634069 5.240970
0.634420 22.325900
0.634770 11.909900
0.635121 30.578900
0.635471 27.795500
0.635822 52.845800
0.636172 11.292400
0.636523 19.123900
0.636873 44.465400
0.637224 36.283400
0.637574 17.784200
0.637925 3.333020
0.638275 8.288370
0.638626 27.792700
0.638977 15.926600
0.639327 12.994000
0.639678 9.631880
0.640028 58.584300
0.640379 22.130800
0.640729 57.530900
0.641080 26.276000
0.641430 4.383210
0.641781 11.920300
0.642131 12.862300
0.642482 8.046870
0.642832 39.289900
0.643183 48.377800
0.643533 27.387600
0.643884 38.042500
0.644234 12.346300
0.644585 6.147610
0.644935 70.108500
0.645286 51.962100
0.645636 39.272400
0.645987 3.656170
0.646337 27.639000
0.646688 19.374900
0.647038 33.869200
0.647389 9.485640
0.647739 46.721800
0.648090 21.565900
0.648440 4.984350
0.648791 12.892000
0.649141 14.773600
0.649492 38.924800
0.649842 21.215600
0.650193 11.037700
0.650543 8.851320
0.650894 19.575500
0.651244 69.342700
0.651595 24.534100
0.651945 29.336700
0.652296 5.330480
0.652646 25.773100
0.652997 3.034790
0.653347 39.227500
0.653698 27.895200
0.654048 4.749710
0.654399 20.173400
0.654749 7.690650
0.655100 21.908600
0.655450 4.390840
0.655801 9.331950
0.656151 14.475200
0.656502 31.721800
0.656852 40.591400
0.657203 35.197900
0.657553 7.508230
0.657904 32.351500
0.658254 11.010500
0.658605 5.501230
0.658955 14.643100
0.659306 21.784900
0.659657 13.812700
0.660007 6.132650
0.660358 2.977070
0.660708 6.093630
0.661059 21.348200
0.661409 12.222000
0.661760 17.115900
0.662110 11.935400
0.662461 19.462700
0.662811 3.876930
0.663162 29.700700
0.663512 4.695080
0.663863 10.283200
0.664213 20.681300
0.664564 16.446200
0.664914 5.373910
0.665265 6.123960
0.665615 23.327200
0.665966 63.930400
0.666316 26.493200
0.666667 46.670700
0.667017 16.130300
0.667368 85.494100
0.667718 2.355650
0.668069 29.894400
0.668419 57.941800
0.668770 22.042900
0.669120 7.922840
0.669471 13.055800
0.669821 24.342900
0.670172 29.135200
0.670522 8.695360
0.670873 15.419800
0.671223 17.253400
0.671574 34.873200
0.671924 29.832600
0.672275 16.167800
0.672625 29.392200
0.672976 37.779200
0.673326 12.022000
0.673677 15.603300
0.674027 9.074260
0.674378 84.682200
0.674728 4.374350
0.675079 33.881500
0.675429 12.430900
0.675780 70.565900
0.676130 6.570080
0.676481 2.655890
0.676831 78.721900
0.677182 24.814200
0.677532 7.331130
0.677883 7.732800
0.678233 6.965650
0.678584 22.688000
0.678934 81.846800
0.679285 20.771000
0.679635 18.570800
0.679986 6.059040
0.680336 4.314530
0.680687 11.458400
0.681038 7.732330
0.681388 81.906200
0.681739 63.844800
0.682089 18.938500
0.682440 8.313410
0.682790 89.111800
0.683141 4.146000
0.683491 32.826600
0.683842 19.601900
0.684192 16.713000
0.684543 5.873520
0.684893 19.768500
0.685244 77.138800
0.685594 29.945000
0.685945 29.487600
0.686295 21.471500
0.686646 9.703340
0.686996 38.215000
0.687347 66.095800
0.687697 26.665000
0.688048 16.466300
0.688398 3.625740
0.688749 6.405880
0.689099 4.298610
0.689450 59.464800
0.689800 46.329200
0.690151 46.738600
0.690501 2.634560
0.690852 32.664700
0.691202 16.342900
0.691553 50.391000
0.691903 46.776600
0.692254 6.732000
0.692604 42.702500
0.692955 54.499900
0.693305 2.008780
0.693656 26.646500
0.694006 6.296620
0.694357 17.334500
0.694707 20.752700
0.695058 9.389350
0.695408 17.036300
0.695759 7.550450
0.696109 5.765730
0.696460 4.690230
0.696810 52.034000
0.697161 66.143300
0.697511 8.651910
0.697862 8.927440
0.698212 12.341800
0.698563 18.451800
0.698913 44.265100
0.699264 40.280500
0.699614 43.281700
0.699965 33.449700
0.700315 8.212730
0.700666 22.921300
0.701016 26.534900
0.701367 58.869800
0.701717 14.205400
0.702068 8.195070
0.702419 7.896670
0.702769 55.452200
0.703120 20.294800
0.703470 4.330270
0.703821 1.733340
0.704171 33.563600
0.704522 71.433500
0.704872 23.354000
0.705223 39.271500
0.705573 35.448600
0.705924 32.034300
0.706274 50.850200
0.706625 51.472300
0.706975 6.159070
0.707326 13.631000
0.707676 2.652600
0.708027 42.996500
0.708377 18.734100
0.708728 7.827220
0.709078 59.414000
0.709429 19.807500
0.709779 17.167300
0.710130 40.924900
0.710480 76.875100
0.710831 38.757700
0.711181 5.597250
0.711532 42.414500
0.711882 15.682300
0.712233 12.910800
0.712583 45.494300
0.712934 9.048280
0.713284 7.159910
0.713635 9.995210
0.713985 17.282200
0.714336 8.946140
0.714686 5.416050
0.715037 41.100300
0.715387 7.530070
0.715738 85.259400
0.716088 7.276500
0.716439 75.183900
0.716789 22.237200
0.717140 6.269070
0.717490 25.542900
0.717841 9.722320
0.718191 50.074800
0.718542 43.438500
0.718892 34.482200
0.719243 42.556300
0.719593 41.916700
0.719944 1.804690
0.720294 24.930900
0.720645 21.907700
0.720995 15.523200
0.721346 11.914700
0.721696 12.753700
0.722047 18.513200
0.722397 8.391900
0.722748 24.255300
0.723098 16.484300
0.723449 61.166600
0.723800 20.655500
0.724150 11.953700
0.724501 25.110700
0.724851 7.220170
0.725202 27.303500
0.725552 24.268200
0.725903 65.615800
0.726253 15.284200
0.726604 43.751400
0.726954 29.029700
0.727305 24.641200
0.727655 11.255900
0.728006 19.741600
0.728356 24.106100
0.728707 46.407500
0.729057 18.542800
0.729408 30.286100
0.729758 22.345600
0.730109 10.532600
0.730459 9.996280
0.730810 8.741210
0.731160 20.352700
0.731511 10.089900
0.731861 4.825950
0.732212 27.410800
0.732562 49.764600
0.732913 16.416200
0.733263 52.017200
0.733614 27.665100
0.733964 10.621700
0.734315 10.132500
0.734665 15.712800
0.735016 85.908100
0.735366 26.460300
0.735717 8.855680
0.736067 43.447000
0.736418 23.276000
0.736768 28.541500
0.737119 19.585000
0.737469 13.056400
0.737820 15.857300
0.738170 26.049000
0.738521 10.001200
0.738871 15.263300
0.739222 27.292000
0.739572 18.520200
0.739923 25.190400
0.740273 16.108500
0.740624 20.401000
0.740974 17.077500
0.741325 11.450200
0.741675 21.995700
0.742026 55.715400
0.742376 35.510400
0.742727 66.760400
0.743077 64.921800
0.743428 8.144660
0.743778 53.750000
0.744129 8.198030
0.744479 35.293700
0.744830 75.814500
0.745181 64.267000
0.745531 69.673700
0.745882 10.166800
0.746232 63.182100
0.746583 16.703100
0.746933 11.313100
0.747284 13.778100
0.747634 19.063700
0.747985 10.694600
0.748335 6.698260
0.748686 12.654000
0.749036 28.659000
0.749387 27.129500
0.749737 4.718560
0.750088 29.682600
0.750438 12.627800
0.750789 33.262900
0.751139 20.519300
0.751490 66.390100
0.751840 11.306700
0.752191 31.766200
0.752541 7.185240
0.752892 21.957400
0.753242 38.818200
0.753593 37.092600
0.753943 37.688600
0.754294 50.985600
0.754644 12.023800
0.754995 37.165100
0.755345 38.128400
0.755696 86.657200
0.756046 5.170090
0.756397 34.685900
0.756747 10.135700
0.757098 58.254000
0.757448 5.770200
0.757799 54.455000
0.758149 28.219800
0.758500 17.343600
0.758850 18.699700
0.759201 10.046900
0.759551 30.980300
0.759902 7.489630
0.760252 5.006000
0.760603 14.098400
0.760953 41.744700
0.761304 25.729200
0.761654 10.522400
0.762005 30.424600
0.762355 7.797920
0.762706 40.958100
0.763056 12.788100
0.763407 6.579280
0.763757 4.495400
0.764108 15.826300
0.764458 8.323800
0.764809 32.891000
0.765159 30.169900
0.765510 33.527000
0.765860 16.244800
0.766211 18.890700
0.766562 5.865540
0.766912 18.446800
0.767263 22.307700
0.767613 33.439700
0.767964 20.670900
0.768314 7.569340
0.768665 26.884900
0.769015 39.986400
0.769366 8.550740
0.769716 7.447660
0.770067 9.814780
0.770417 12.367400
0.770768 6.747830
0.771118 85.966600
0.771469 11.598500
0.771819 5.588920
0.772170 6.757750
0.772520 23.761000
0.772871 21.621500
0.773221 41.646600
0.773572 26.769400
0.773922 8.561010
0.774273 20.721900
0.774623 65.778200
0.774974 31.078900
0.775324 9.826740
0.775675 16.520900
0.776025 49.113300
0.776376 14.913100
0.776726 7.039060
0.777077 36.570500
0.777427 5.553000
0.777778 16.133800
0.778128 18.347700
0.778479 25.326700
0.778829 25.160000
0.779180 26.949100
0.779530 14.578200
0.779881 55.822200
0.780231 14.230200
0.780582 28.834600
0.780932 5.938980
0.781283 10.859800
0.781633 12.516200
0.781984 7.865290
0.782334 27.434100
0.782685 35.324400
0.783035 9.364610
0.783386 8.253590
0.783736 36.862200
0.784087 18.220700
0.784437 11.157600
0.784788 8.824250
0.785138 36.442700
0.785489 75.213300
0.785839 16.068500
0.786190 8.689020
0.786540 29.515800
0.786891 21.980000
0.787242 22.086700
0.787592 9.613630
0.787943 6.249450
0.788293 31.969300
0.788644 14.768100
0.788994 7.849160
0.789345 22.907500
0.789695 14.843400
0.790046 16.507200
0.790396 13.195300
0.790747 10.731800
0.791097 11.921600
0.791448 21.343500
0.791798 39.064500
0.792149 3.215890
0.792499 11.420800
0.792850 44.619000
0.793200 33.220200
0.793551 44.191100
0.793901 11.709400
0.794252 39.630900
0.794602 11.665000
0.794953 18.742200
0.795303 44.759800
0.795654 27.399000
0.796004 15.782900
0.796355 7.384340
0.796705 22.751100
0.797056 23.318100
0.797406 1.728740
0.797757 49.915700
0.798107 36.583300
0.798458 26.943600
0.798808 18.306100
0.799159 13.213500
0.799509 44.566000
0.799860 19.528300
0.800210 10.302000
0.800561 17.334200
0.800911 76.220800
0.801262 22.172400
0.801612 23.224000
0.801963 23.859500
0.802313 40.512600
0.802664 3.829030
0.803014 15.143000
0.803365 5.239450
0.803715 26.378700
0.804066 6.420810
0.804416 14.244700
0.804767 15.473200
0.805117 8.089840
0.805468 11.482000
0.805818 9.562110
0.806169 36.395500
0.806519 34.848900
0.806870 11.293000
0.807220 5.540280
0.807571 35.270700
0.807921 7.812720
0.808272 1.134430
0.808623 10.216700
0.808973 6.856360
0.809324 17.407900
0.809674 9.643410
0.810025 16.608300
0.810375 26.979700
0.810726 21.927800
0.811076 11.259400
0.811427 44.945100
0.811777 35.424700
0.812128 71.339500
0.812478 14.555300
0.812829 7.173120
0.813179 7.680450
0.813530 85.620000
0.813880 33.824500
0.814231 9.422910
0.814581 10.898600
0.814932 48.613300
0.815282 21.156900
0.815633 14.289100
0.815983 22.565900
0.816334 59.021300
0.816684 18.133000
0.817035 30.130700
0.817385 27.802200
0.817736 18.212200
0.818086 69.784100
0.818437 28.180700
0.818787 5.795730
0.819138 26.666900
0.819488 21.318100
0.819839 3.800910
0.820189 15.143400
0.820540 32.760600
0.820890 7.126660
0.821241 8.323500
0.821591 21.232400
0.821942 15.421300
0.822292 20.767400
0.822643 14.189300
0.822993 40.228900
0.823344 49.593600
0.823694 36.062800
0.824045 11.772000
0.824395 29.753400
0.824746 31.565400
0.825096 9.496480
0.825447 51.396200
0.825797 9.710530
0.826148 6.205020
0.826498 80.544200
0.826849 11.386100
0.827199 28.957600
0.827550 22.751600
0.827900 14.962000
0.828251 9.299500
0.828601 20.128100
0.828952 48.167900
0.829302 51.600100
0.829653 11.243500
0.830004 9.564940
0.830354 59.705400
0.830705 43.824700
0.831055 50.873500
0.831406 7.716050
0.831756 15.592300
0.832107 6.961940
0.832457 14.017600
0.832808 53.746400
0.833158 11.219500
0.833509 44.418700
0.833859 35.688900
0.834210 9.626730
0.834560 8.939030
0.834911 26.743300
0.835261 40.273700
0.835612 9.401550
0.835962 74.631900
0.836313 35.186800
0.836663 11.870800
0.837014 4.566580
0.837364 69.315900
0.837715 16.301400
0.838065 6.170050
0.838416 28.258600
0.838766 26.281100
0.839117 7.556100
0.839467 35.274300
0.839818 8.111390
0.840168 10.609100
0.840519 58.229100
0.840869 59.269600
0.841220 31.050800
0.841570 7.008190
0.841921 19.275200
0.842271 12.393200
0.842622 17.063100
0.842972 35.546000
0.843323 24.948100
0.843673 45.250600
0.844024 36.250200
0.844374 56.020500
0.844725 12.520200
0.845075 72.850700
0.845426 8.166580
0.845776 48.723800
0.846127 8.123640
0.846477 23.720000
0.846828 47.273100
0.847178 18.234100
0.847529 2.868310
0.847879 78.294000
0.848230 21.869200
0.848580 7.926880
0.848931 14.853500
0.849281 20.700400
0.849632 39.515200
0.849982 10.814300
0.850333 23.354800
0.850683 34.497100
0.851034 5.964260
0.851385 3.919010
0.851735 17.530800
0.852086 30.277900
0.852436 70.273300
0.852787 47.386900
0.853137 9.912030
0.853488 11.623600
0.853838 50.141600
0.854189 26.970400
0.854539 44.705900
0.854890 4.492340
0.855240 23.082200
0.855591 18.759100
0.855941 11.061300
0.856292 8.440990
0.856642 57.661900
0.856993 8.786050
0.857343 17.100000
0.857694 22.217500
0.858044 7.715540
0.858395 19.612800
0.858745 20.780400
0.859096 19.591700
0.859446 30.615600
0.859797 12.101600
0.860147 12.295000
0.860498 38.031500
0.860848 37.278900
0.861199 14.849900
0.861549 9.734810
0.861900 7.546330
0.862250 38.132300
0.862601 6.643620
0.862951 17.675100
0.863302 49.663100
0.863652 66.305300
0.864003 37.351300
0.864353 10.146200
0.864704 18.521700
0.865054 56.497900
0.865405 63.837100
0.865755 27.918800
0.866106 13.354700
0.866456 8.384150
0.866807 4.469480
0.867157 20.234000
0.867508 54.528300
0.867858 9.331940
0.868209 20.671800
0.868559 7.267430
0.868910 7.461660
0.869260 4.037250
0.869611 7.097040
0.869961 31.732700
0.870312 9.674780
0.870662 25.587200
0.871013 3.645660
0.871363 52.953700
0.871714 18.567600
0.872064 6.922050
0.872415 59.162600
0.872766 32.376000
0.873116 6.107970
0.873467 49.876000
0.873817 8.988220
0.874168 39.215600
0.874518 6.856240
0.874869 10.990500
0.875219 77.356100
0.875570 9.310400
0.875920 15.551900
0.876271 22.183900
0.876621 8.980940
0.876972 58.169400
0.877322 9.665450
0.877673 19.190100
0.878023 6.464620
0.878374 16.802900
0.878724 4.568720
0.879075 63.733900
0.879425 35.038300
0.879776 7.083960
0.880126 21.566900
0.880477 50.551100
0.880827 69.612500
0.881178 7.745230
0.881528 18.870200
0.881879 57.326800
0.882229 37.936400
0.882580 46.014800
0.882930 21.377700
0.883281 10.800100
0.883631 23.296400
0.883982 5.540850
0.884332 27.141200
0.884683 9.248910
0.885033 51.949000
0.885384 24.027000
0.885734 5.999500
0.886085 17.520300
0.886435 9.221040
0.886786 38.985400
0.887136 17.211900
0.887487 8.886600
0.887837 62.251500
0.888188 52.144000
0.888538 33.892100
0.888889 4.668690
0.889239 44.445100
0.889590 19.339000
0.889940 35.703400
0.890291 11.267800
0.890641 7.514370
0.890992 3.279930
0.891342 6.369920
0.891693 11.871300
0.892043 7.637770
0.892394 33.677700
0.892744 68.082300
0.893095 57.897400
0.893445 19.993300
0.893796 36.620600
0.894147 6.838810
0.894497 10.007100
0.894848 50.357700
0.895198 6.445080
0.895549 34.067100
0.895899 8.829680
0.896250 6.266800
0.896600 6.895010
0.896951 19.393000
0.897301 41.005700
0.897652 14.739000
0.898002 23.633800
0.898353 34.861400
0.898703 42.685500
0.899054 25.671400
0.899404 72.096600
0.899755 21.692000
0.900105 17.129000
0.900456 28.083300
0.900806 38.200700
0.901157 6.611740
0.901507 34.374100
0.901858 6.691010
0.902208 42.544400
0.902559 36.507600
0.902909 7.727500
0.903260 11.703200
0.903610 17.703700
0.903961 4.416530
0.904311 5.505990
0.904662 4.361300
0.905012 19.879200
0.905363 25.097900
0.905713 17.447700
0.906064 75.537100
0.906414 25.967200
0.906765 7.343270
0.907115 10.135600
0.907466 39.614600
0.907816 26.716300
0.908167 7.304950
0.908517 32.593100
0.908868 36.723700
0.909218 35.526100
0.909569 32.888400
0.909919 54.611900
0.910270 12.350300
0.910620 6.161840
0.910971 9.444770
0.911321 9.371900
0.911672 7.921170
0.912022 18.838000
0.912373 40.695600
0.912723 10.055300
0.913074 40.638300
0.913424 59.339600
0.913775 15.192900
0.914125 20.557400
0.914476 20.786500
0.914826 8.565820
0.915177 44.031600
0.915528 6.171860
0.915878 5.901590
0.916229 8.204840
0.916579 11.973100
0.916930 37.199400
0.917280 20.302100
0.917631 22.355500
0.917981 11.022900
0.918332 73.740900
0.918682 24.532700
0.919033 5.011450
0.919383 1.752400
0.919734 17.369000
0.920084 60.424200
0.920435 1.760960
0.920785 19.083400
0.921136 27.097600
0.921486 9.977790
0.921837 4.702920
0.922187 9.920970
0.922538 11.998400
0.922888 37.017400
0.923239 15.092300
0.923589 7.392860
0.923940 19.287500
0.924290 10.649800
0.924641 31.288600
0.924991 9.323780
0.925342 17.252200
0.925692 14.299500
0.926043 80.568300
0.926393 7.475720
0.926744 15.874900
0.927094 12.928800
0.927445 25.473800
0.927795 7.576910
0.928146 21.212100
0.928496 9.573440
0.928847 61.921100
0.929197 25.683000
0.929548 16.535900
0.929898 46.449300
0.930249 8.803240
0.930599 11.350400
0.930950 16.614300
0.931300 4.519520
0.931651 33.795900
0.932001 55.842800
0.932352 5.967440
0.932702 16.969300
0.933053 14.450700
0.933403 2.125210
0.933754 12.572100
0.934104 2.624390
0.934455 10.948100
0.934805 9.868570
0.935156 20.521000
0.935506 25.379100
0.935857 3.303830
0.936208 52.351000
0.936558 17.570600
0.936909 50.317200
0.937259 26.399500
0.937610 33.276900
0.937960 45.224900
0.938311 11.962600
0.938661 26.025100
0.939012 18.834300
0.939362 6.339840
0.939713 5.012650
0.940063 21.489500
0.940414 8.049220
0.940764 54.315100
0.941115 62.964700
0.941465 15.033400
0.941816 4.447590
0.942166 4.325300
0.942517 22.371600
0.942867 8.678490
0.943218 6.360720
0.943568 17.431900
0.943919 13.589800
0.944269 3.202390
0.944620 17.165600
0.944970 11.699500
0.945321 21.435400
0.945671 30.867600
0.946022 24.651800
0.946372 30.495800
0.946723 51.886500
0.947073 8.027820
0.947424 19.658200
0.947774 24.259600
0.948125 19.274300
0.948475 55.619200
0.948826 41.012500
0.949176 12.694200
0.949527 23.173000
0.949877 5.845260
0.950228 1.803370
0.950578 76.324600
0.950929 1.700820
0.951279 64.112800
0.951630 12.154700
0.951980 37.658500
0.952331 56.083700
0.952681 18.073700
0.953032 7.254610
0.953382 8.676650
0.953733 11.877600
0.954083 16.684600
0.954434 17.053100
0.954784 58.584900
0.955135 7.087510
0.955485 13.874600
0.955836 24.212200
0.956186 62.960800
0.956537 30.016500
0.956887 50.622100
0.957238 28.156300
0.957589 10.357600
0.957939 31.688900
0.958290 15.720200
0.958640 64.588200
0.958991 28.513900
0.959341 58.656900
0.959692 38.841500
0.960042 9.268950
0.960393 9.408490
0.960743 23.418600
0.961094 41.417200
0.961444 8.283920
0.961795 7.584700
0.962145 48.514600
0.962496 15.408200
0.962846 9.574060
0.963197 27.864600
0.963547 22.409700
0.963898 49.077500
0.964248 22.420200
0.964599 35.277400
0.964949 50.167100
0.965300 9.222500
0.965650 9.418220
0.966001 57.686000
0.966351 8.607580
0.966702 15.091800
0.967052 14.494500
0.967403 74.575200
0.967753 13.172200
0.968104 40.192800
0.968454 21.984000
0.968805 24.249200
0.969155 13.481000
0.969506 4.708390
0.969856 21.105300
0.970207 27.411400
0.970557 24.317100
0.970908 27.618300
0.971258 5.121790
0.971609 71.067400
0.971959 28.360000
0.972310 35.206600
0.972660 8.109120
0.973011 5.972700
0.973361 5.550250
0.973712 21.490900
0.974062 5.757970
0.974413 17.512500
0.974763 18.704700
0.975114 11.772500
0.975464 21.284700
0.975815 54.521100
0.976165 17.985700
0.976516 54.788200
0.976866 9.224700
0.977217 45.882200
0.977567 46.356100
0.977918 6.703700
0.978268 54.826200
0.978619 3.885500
0.978970 4.566620
0.979320 61.846300
0.979671 15.982900
0.980021 8.630960
0.980372 50.970800
0.980722 20.264300
0.981073 18.029300
0.981423 18.601000
0.981774 11.712600
0.982124 17.066400
0.982475 11.160400
0.982825 4.615850
0.983176 34.290400
0.983526 14.233100
0.983877 29.091600
0.984227 8.171930
0.984578 19.178200
0.984928 7.488990
0.985279 15.999200
0.985629 27.408400
0.985980 9.341300
0.986330 12.021800
0.986681 12.032400
0.987031 51.466500
0.987382 58.599700
0.987732 11.132900
0.988083 9.624960
0.988433 43.234900
0.988784 7.554140
0.989134 38.181800
0.989485 24.266600
0.989835 45.762200
0.990186 44.906900
0.990536 15.390500
0.990887 37.072000
0.991237 11.013300
0.991588 12.245500
0.991938 29.575700
0.992289 17.511300
0.992639 58.135100
0.992990 45.265200
0.993340 14.675400
0.993691 23.297900
0.994041 4.569330
0.994392 43.871200
0.994742 30.826000
0.995093 75.633200
0.995443 15.100200
0.995794 22.969600
0.996144 27.611900
0.996495 22.529000
0.996845 7.066020
0.997196 71.683300
0.997546 18.675400
0.997897 8.176540
0.998247 8.065480
0.998598 6.774520
0.998948 33.637300
0.999299 1.913130
0.999649 9.578280
1.000000 32.166600
