0.000384 43.148800
0.000768 15.274300
0.001153 6.209950
0.001537 29.095600
0.001921 31.437700
0.002305 17.558300
0.002689 4.515020
0.003073 55.773600
0.003458 16.642600
0.003842 47.233700
0.004226 19.656100
0.004610 17.295000
0.004994 47.094000
0.017672 9.691900
0.018056 70.831400
0.018440 19.582800
0.018824 23.751300
0.019209 21.301100
0.019593 42.594800
0.019977 24.379600
0.020361 47.462900
0.020745 34.548700
0.021129 38.449300
0.021514 35.052500
0.021898 9.704490
0.022282 6.888720
0.022666 33.559800
0.023050 6.480880
0.023434 9.166070
0.023819 13.314600
0.024203 35.914500
0.024587 43.046200
0.024971 5.465450
0.025355 10.049000
0.025740 9.282170
0.026124 6.651350
0.026508 35.291900
0.026892 20.103900
0.027276 29.212500
0.027660 61.201600
0.028045 33.288200
0.028429 25.697500
0.028813 21.705800
0.029197 23.145000
0.035728 58.116000
0.036112 5.122650
0.036496 13.270400
0.036881 63.276900
0.037265 44.569000
0.037649 31.986000
0.038033 5.644180
0.038417 49.057600
0.038801 5.358410
0.039186 16.940600
0.039570 40.064100
0.039954 22.228900
0.040338 27.237600
0.040722 17.158300
0.041106 17.752600
0.041491 39.180700
0.041875 33.225600
0.042259 4.263010
0.042643 9.554230
0.043027 26.306400
0.043411 9.539460
0.043796 5.027790
0.044180 12.660100
0.044564 5.686990
0.044948 60.621800
0.045332 10.221500
0.045716 3.478530
0.063004 8.389800
0.063388 28.166700
0.063773 27.865900
0.064157 17.520100
0.064541 26.499700
0.064925 8.501270
0.065309 28.066000
0.065693 18.904500
0.066078 57.434400
0.066462 14.144500
0.066846 6.112830
0.067230 9.645400
0.067614 13.370100
0.067998 11.469200
0.068383 73.703300
0.068767 12.720000
0.069151 3.946580
0.069535 8.687630
0.069919 16.562000
0.070303 7.279780
0.070688 38.929600
0.071072 56.624300
0.071456 17.510400
0.071840 61.289500
0.072224 47.596600
0.072609 20.246400
0.072993 10.773100
0.073377 3.344920
0.073761 70.612000
0.074145 10.551800
0.074529 13.960800
0.074914 9.364660
0.075298 7.981010
0.075682 12.463900
0.076066 18.126300
0.076450 12.888400
0.076834 44.655300
0.077219 9.563090
0.077603 20.492700
0.077987 8.418930
0.078371 6.656050
0.078755 19.985300
0.079139 28.043100
0.079524 30.484200
0.079908 58.742500
0.080292 35.858600
0.080676 37.405100
0.081060 55.411300
0.081444 3.921380
0.081829 35.321700
0.082213 12.255500
0.082597 3.109390
0.082981 20.521100
0.083365 19.319600
0.083750 39.951300
0.084134 17.920000
0.084518 1.784890
0.084902 43.555400
0.085286 6.097880
0.085670 6.394790
0.086055 7.379240
0.086439 24.990300
0.086823 4.306660
0.087207 12.664100
0.087591 12.373700
0.087975 28.759100
0.088360 3.400350
0.089128 69.269400
0.089512 11.509900
0.089896 20.998200
0.090280 61.776500
0.090665 80.090400
0.091049 20.308000
0.091433 6.906020
0.091817 48.343400
0.092201 15.110300
0.092585 9.655310
0.092970 52.076300
0.093354 45.968000
0.093738 15.314600
0.094122 18.558400
0.095275 11.312900
0.095659 49.863000
0.096043 48.803400
0.096427 11.482600
0.096811 14.375800
0.097196 57.399500
0.097580 44.679300
0.097964 5.872670
0.098348 56.822800
0.098732 9.367820
0.099116 2.106600
0.099501 53.234500
0.099885 47.344900
0.100269 6.948120
0.100653 13.338500
0.101037 4.786310
0.101421 10.072000
0.101806 20.216400
0.102190 61.676000
0.102574 24.155600
0.102958 27.313900
0.103342 41.671300
0.103726 31.896100
0.104111 26.930900
0.104495 21.287000
0.104879 33.904100
0.105263 49.887000
0.105647 17.080300
0.106032 21.429400
0.106416 9.911290
0.106800 16.952600
0.107184 59.309800
0.107568 23.994500
0.107952 21.275200
0.108337 6.863330
0.108721 18.856400
0.109105 7.134360
0.109489 6.932280
0.109873 7.642810
0.110257 37.916100
0.110642 28.537800
0.111026 49.933100
0.111410 24.885000
0.111794 4.426200
0.112178 14.627400
0.112562 14.948600
0.112947 48.216400
0.113331 59.157700
0.113715 14.594000
0.114099 8.268710
0.114483 19.212700
0.114867 27.255600
0.115252 51.890200
0.115636 2.020760
0.116020 28.598600
0.116404 8.994450
0.116788 12.607200
0.117172 27.313500
0.117557 27.456500
0.117941 43.787000
0.118325 12.842000
0.118709 34.560400
0.119093 49.125900
0.119478 41.704900
0.119862 40.472300
0.120246 6.464720
0.120630 10.177300
0.121014 70.818500
0.121398 83.791000
0.121783 3.627710
0.122167 14.285100
0.122551 11.252200
0.122935 19.545800
0.123319 7.821930
0.123703 22.102600
0.124088 21.594000
0.124472 9.605610
0.124856 38.762600
0.125240 38.974300
0.125624 10.490700
0.126008 11.479100
0.126393 11.615600
0.126777 44.925700
0.127161 25.559000
0.127545 6.188600
0.127929 15.741700
0.128313 66.407900
0.128698 10.115300
0.129082 14.099200
0.129466 4.620420
0.129850 26.855400
0.130234 14.010300
0.130619 56.800500
0.131003 19.255300
0.131387 25.486500
0.131771 7.915270
0.132155 6.528750
0.132539 12.422000
0.132924 6.251770
0.133308 5.851430
0.133692 25.796400
0.134076 26.852900
0.134460 27.675900
0.134844 32.836200
0.135229 37.500100
0.135613 23.664500
0.135997 84.394500
0.136381 2.740220
0.136765 26.199400
0.137149 6.087700
0.137534 8.114400
0.137918 27.858900
0.138302 14.128400
0.138686 8.669740
0.139070 52.496700
0.139454 4.892780
0.139839 5.904900
0.140223 4.816940
0.140607 24.542800
0.140991 47.149900
0.141375 16.892600
0.141760 58.697700
0.142144 12.415100
0.142528 11.428900
0.142912 68.789000
0.143296 25.672200
0.143680 9.928020
0.144065 14.627100
0.144449 52.268500
0.144833 66.734500
0.145217 59.027400
0.145601 10.598200
0.145985 5.310460
0.153669 59.483000
0.154053 7.975790
0.154437 48.729700
0.154821 54.205200
0.155206 13.849800
0.155590 5.053630
0.155974 12.027100
0.156358 5.614030
0.156742 21.613100
0.157126 38.732100
0.157511 32.282700
0.157895 6.053420
0.158279 28.474600
0.158663 31.390100
0.159047 15.494200
0.159431 45.679000
0.159816 12.750200
0.160200 41.002300
0.160584 52.209400
0.160968 8.169680
0.161352 29.682800
0.161736 25.220900
0.162121 40.601500
0.162505 9.495460
0.162889 6.325380
0.165194 8.324900
0.165578 68.325300
0.165962 11.096700
0.166347 6.673640
0.166731 18.319300
0.167115 17.881100
0.167499 14.806200
0.167883 7.905990
0.168267 14.021500
0.168652 50.224700
0.169036 26.773200
0.169420 54.172900
0.169804 3.780280
0.170957 9.805800
0.171341 83.157800
0.171725 10.689500
0.172109 6.589690
0.172493 17.496600
0.172877 11.603200
0.173262 8.790300
0.173646 23.998200
0.174030 12.701700
0.174414 6.519180
0.174798 59.350200
0.175182 25.776800
0.175567 37.815800
0.175951 19.533000
0.176335 3.304950
0.176719 8.018450
0.177103 12.335600
0.177488 22.017200
0.177872 27.800800
0.178256 54.416900
0.178640 38.495600
0.179024 58.482300
0.179408 32.933200
0.179793 5.470960
0.180177 39.396900
0.180561 20.949300
0.180945 16.367700
0.181329 44.344100
0.181713 21.694700
0.182098 10.552800
0.182482 10.189200
0.182866 10.368200
0.183250 7.072580
0.183634 35.843500
0.184018 31.304600
0.184403 20.599900
0.184787 20.950900
0.185171 5.668290
0.185555 26.562100
0.185939 27.922900
0.186323 24.840000
0.186708 8.444890
0.187092 9.076120
0.187476 47.632500
0.187860 19.820300
0.188244 16.106600
0.188629 57.099600
0.189013 25.744000
0.189397 45.139700
0.189781 5.577770
0.190165 9.237970
0.190549 6.806280
0.190934 6.594660
0.191318 16.000500
0.191702 8.272620
0.192086 9.539700
0.192470 5.840990
0.192854 39.575100
0.193239 58.583400
0.193623 24.450000
0.194007 82.970200
0.194391 14.864000
0.194775 26.828100
0.195159 31.065000
0.195544 5.652760
0.195928 11.976900
0.196312 34.106900
0.196696 25.629900
0.197080 3.340130
0.197464 17.279300
0.197849 31.568100
0.198233 16.913900
0.198617 10.453900
0.199001 18.935400
0.199385 94.039700
0.199769 50.518400
0.200154 40.757100
0.200538 9.355270
0.200922 84.443800
0.201306 11.290600
0.201690 24.381700
0.202075 5.644920
0.202459 5.168530
0.202843 26.175200
0.203227 4.508250
0.203611 16.758800
0.203995 10.016400
0.204380 25.832000
0.204764 25.359500
0.205148 5.239910
0.205532 31.607800
0.205916 60.100800
0.206300 32.759700
0.206685 14.403700
0.207069 2.594900
0.207453 23.963400
0.207837 3.653980
0.208221 46.951800
0.208605 31.293100
0.208990 10.496900
0.209374 18.174600
0.209758 48.693800
0.210142 21.978600
0.210526 13.444600
0.210910 40.611800
0.211295 42.841400
0.211679 9.987900
0.212063 11.191600
0.212447 48.058900
0.212831 13.739000
0.213216 5.454070
0.213600 11.502500
0.213984 66.979900
0.214368 25.604700
0.214752 57.098900
0.215136 9.327890
0.215521 15.527200
0.215905 18.889200
0.216289 30.463400
0.216673 10.454800
0.217057 60.840300
0.217441 10.865000
0.217826 39.320300
0.218210 20.933100
0.218594 7.903370
0.218978 33.652800
0.219362 23.369400
0.219746 42.919700
0.220131 9.682520
0.220515 13.967500
0.220899 8.121880
0.221283 19.350100
0.221667 27.713600
0.222051 13.171900
0.222436 5.329470
0.222820 9.444400
0.223204 25.830000
0.223588 14.469000
0.223972 6.276150
0.224357 25.720800
0.224741 53.895800
0.225125 28.815600
0.225509 2.751980
0.225893 10.804900
0.226277 30.461000
0.226662 40.378900
0.227046 43.423700
0.227430 22.317800
0.227814 46.993000
0.228198 5.757780
0.228582 9.169560
0.228967 4.491950
0.229351 69.097800
0.229735 17.033300
0.230119 36.062100
0.230503 41.173100
0.230887 26.368100
0.231272 25.840000
0.231656 5.385670
0.232040 40.432000
0.232424 50.016000
0.232808 9.984220
0.233192 22.312800
0.233577 5.826150
0.233961 10.614500
0.234345 11.815000
0.234729 15.272100
0.235113 17.797100
0.235498 13.304800
0.235882 30.259100
0.236266 33.395700
0.238187 67.121200
0.238571 27.581000
0.238955 32.119500
0.239339 38.611500
0.239723 8.236290
0.240108 25.471900
0.240492 7.849550
0.241260 11.526600
0.241644 93.858800
0.242028 43.272700
0.242413 25.259600
0.242797 18.933100
0.243181 15.909000
0.243565 6.960830
0.243949 75.604400
0.244333 44.476100
0.244718 25.108900
0.245102 54.465600
0.245486 22.816000
0.245870 16.160900
0.246254 32.916900
0.246638 9.601500
0.247023 6.461180
0.247407 3.805380
0.247791 46.449200
0.248175 45.006500
0.248559 46.469500
0.248944 35.921500
0.249328 85.536500
0.249712 6.939510
0.250096 29.584600
0.250480 4.507860
0.250864 69.629400
0.251249 16.517900
0.251633 17.911800
0.252017 7.695720
0.252401 23.955000
0.252785 2.851890
0.253169 5.966820
0.253554 6.203800
0.253938 10.908500
0.254322 7.929290
0.254706 50.938900
0.255090 69.533000
0.255474 10.973300
0.255859 52.676400
0.256243 4.484650
0.256627 17.179300
0.257011 35.316900
0.257395 26.244900
0.257779 11.474100
0.258164 46.847000
0.258548 47.318200
0.258932 19.506700
0.259316 7.985840
0.259700 28.587000
0.260085 62.545200
0.260469 35.514900
0.260853 60.373600
0.261237 6.111210
0.261621 62.465300
0.262005 7.090440
0.262390 6.643390
0.262774 18.573300
0.263158 17.445800
0.263542 25.162300
0.263926 11.925900
0.264310 7.671860
0.264695 16.127700
0.265079 27.217200
0.265463 21.379800
0.265847 18.123000
0.266231 11.576200
0.266615 23.783100
0.267000 30.759800
0.267384 17.002500
0.267768 23.940100
0.268152 15.995000
0.268536 40.121000
0.268920 24.218500
0.269305 23.229700
0.269689 15.961500
0.270073 5.353000
0.270457 9.354690
0.270841 13.709200
0.271226 28.287200
0.271610 15.819600
0.271994 5.190580
0.272378 6.359210
0.272762 21.682700
0.273146 3.165090
0.273531 56.498000
0.273915 8.232330
0.274299 10.617000
0.274683 14.607100
0.275067 18.764300
0.275451 14.455200
0.275836 8.759730
0.276220 36.439200
0.276604 4.311670
0.276988 20.721100
0.277372 8.115570
0.277756 10.783700
0.278141 25.063600
0.278525 11.736900
0.278909 59.292200
0.279293 29.431000
0.279677 64.283100
0.280061 21.434500
0.280446 3.273200
0.280830 5.705730
0.281214 48.487400
0.281598 38.717400
0.281982 21.863500
0.282367 8.198080
0.282751 23.401400
0.283135 22.152200
0.283519 9.224540
0.283903 30.481900
0.284287 11.763300
0.284672 80.888300
0.285056 55.914800
0.285440 47.838000
0.285824 18.946900
0.286208 5.151770
0.286592 24.174400
0.286977 3.733140
0.287361 34.981400
0.287745 51.029700
0.288129 7.710080
0.288513 10.429400
0.288897 26.655700
0.289282 7.577330
0.289666 28.815100
0.290050 8.302170
0.290434 14.740700
0.290818 5.561490
0.291202 43.194500
0.291587 33.427500
0.291971 2.060450
0.292355 12.120300
0.292739 40.975600
0.293123 74.527700
0.293507 31.125400
0.293892 45.507400
0.294276 75.464900
0.294660 7.357860
0.295044 11.677200
0.295428 68.121400
0.295813 64.743100
0.296197 27.779900
0.296581 6.703120
0.296965 47.473800
0.297349 34.877500
0.297733 58.566300
0.298118 21.380200
0.298502 10.843200
0.298886 50.229300
0.299270 7.186200
0.299654 78.980900
0.300038 34.429300
0.300423 24.682400
0.300807 1.702570
0.301191 4.761400
0.301575 74.893700
0.301959 17.029100
0.302343 10.447500
0.302728 45.381600
0.303112 12.935000
0.303496 5.314230
0.303880 23.106400
0.304264 8.863720
0.304648 8.109670
0.305033 16.243500
0.305417 5.439070
0.305801 22.617600
0.306185 5.771730
0.306569 50.017700
0.306954 8.825590
0.307338 69.514800
0.307722 44.938200
0.308106 33.253100
0.308490 61.510700
0.308874 33.073800
0.309259 5.099280
0.309643 16.347600
0.310027 6.695260
0.310411 19.363400
0.310795 5.637600
0.311179 11.326800
0.311564 53.664600
0.311948 25.206700
0.312332 13.490000
0.312716 10.478400
0.313100 9.600140
0.313484 8.273730
0.313869 5.798790
0.314253 17.965900
0.314637 39.479800
0.315021 15.357800
0.315405 8.563700
0.315789 17.239500
0.316174 2.047830
0.316558 51.042900
0.316942 25.792800
0.317326 16.765300
0.317710 6.480380
0.318095 24.257800
0.318479 39.630000
0.318863 47.917100
0.319247 7.387530
0.319631 79.108600
0.320015 41.112200
0.320400 30.002000
0.320784 30.805700
0.321168 20.420600
0.321552 5.604700
0.321936 25.713200
0.322320 19.447100
0.322705 21.500700
0.323089 18.315600
0.323473 27.476300
0.323857 33.479000
0.324241 12.696600
0.324625 48.302400
0.325010 66.803400
0.325394 66.092500
0.325778 11.065500
0.326162 24.197000
0.326546 73.107400
0.326930 31.352500
0.327315 34.031700
0.327699 9.458000
0.328083 13.505300
0.328467 49.879500
0.328851 23.087100
0.329235 40.288400
0.329620 23.123400
0.330004 34.857800
0.330388 3.028420
0.330772 22.674100
0.331156 14.256700
0.331541 26.404100
0.331925 6.377140
0.332309 11.498900
0.332693 47.566000
0.333077 3.746970
0.333461 12.789200
0.333846 12.302000
0.334230 13.829000
0.334614 30.611100
0.334998 9.910930
0.335382 36.547500
0.335766 77.313700
0.336151 7.974770
0.336535 8.359450
0.336919 11.355400
0.337303 13.484100
0.337687 8.268680
0.338071 20.396200
0.338456 12.950000
0.338840 30.457400
0.339224 31.770000
0.339608 17.929200
0.339992 37.378900
0.340376 72.256100
0.340761 63.025300
0.341145 20.109800
0.341529 25.651600
0.341913 11.288200
0.342297 36.092900
0.342682 18.301000
0.343066 5.395240
0.343450 66.979500
0.343834 4.888760
0.344218 48.453700
0.344602 49.187800
0.344987 24.781500
0.345371 2.840100
0.345755 10.378200
0.346139 6.510830
0.346523 31.556800
0.346907 38.063500
0.347292 21.004100
0.347676 24.026400
0.348060 23.061100
0.348444 2.293500
0.348828 8.600480
0.349212 47.715600
0.349597 7.058090
0.349981 38.653800
0.350365 73.974200
0.350749 35.829000
0.351133 4.982370
0.351517 7.068160
0.351902 29.376500
0.352286 36.174900
0.352670 27.260300
0.353054 3.456950
0.353438 14.924300
0.353823 9.948940
0.354207 31.481100
0.354591 54.903000
0.354975 48.432100
0.355359 21.737700
0.355743 46.175300
0.356128 41.776100
0.356512 7.487900
0.356896 51.610500
0.357280 6.805370
0.357664 6.599180
0.358048 27.854600
0.358433 55.495200
0.358817 29.109300
0.359201 18.356400
0.359585 69.434000
0.359969 11.032300
0.360353 55.133800
0.360738 33.204100
0.361122 44.136500
0.361506 9.933220
0.361890 23.016400
0.362274 38.773900
0.362658 20.096300
0.363043 39.888600
0.363427 43.265800
0.363811 12.159000
0.364195 16.375400
0.364579 18.047800
0.364964 11.294600
0.365348 82.919600
0.365732 6.900940
0.366116 4.883620
0.366500 86.439700
0.366884 5.828090
0.367269 34.699000
0.367653 31.922500
0.368037 58.435400
0.368421 49.747800
0.368805 6.541520
0.369189 75.958900
0.369574 48.166200
0.369958 4.802100
0.370342 20.277300
0.370726 70.215900
0.371110 35.024600
0.371494 9.746660
0.371879 24.182200
0.372263 52.565500
0.372647 10.430000
0.373031 39.476200
0.373415 15.371500
0.373799 7.798140
0.374184 7.595900
0.374568 43.950500
0.374952 4.662940
0.375336 36.410500
0.375720 12.339000
0.376104 17.428900
0.376489 26.889900
0.376873 23.896300
0.377257 8.008870
0.377641 4.637300
0.378025 9.840690
0.378410 16.951700
0.378794 15.306300
0.379178 10.570100
0.379562 75.576300
0.379946 16.128800
0.380330 44.469800
0.380715 42.176200
0.381099 17.362100
0.381483 75.476700
0.381867 5.994490
0.382251 1.752300
0.382635 71.203700
0.383020 32.495100
0.383404 21.397400
0.383788 4.602810
0.384172 25.123800
0.384556 58.628600
0.384940 20.481100
0.385325 4.363190
0.385709 16.109500
0.386093 48.680800
0.386477 18.284300
0.386861 37.629500
0.387245 8.320310
0.387630 21.905000
0.388014 35.599300
0.388398 54.825700
0.388782 26.588700
0.389166 52.977500
0.389551 54.084400
0.389935 9.900240
0.390319 9.521740
0.390703 4.725810
0.391087 28.747400
0.391471 60.529500
0.391856 16.704200
0.392240 40.693400
0.392624 11.602500
0.393008 6.216340
0.393392 51.440600
0.393776 19.025100
0.394161 12.227700
0.394545 3.731580
0.394929 42.557300
0.395313 23.704700
0.395697 12.353300
0.396081 45.329200
0.396466 10.160100
0.396850 8.346880
0.397234 21.670500
0.397618 6.054880
0.398002 6.661740
0.398386 13.534000
0.398771 7.526500
0.399155 25.689200
0.399539 10.526400
0.399923 69.505600
0.400307 34.021500
0.400692 6.787500
0.401076 26.111100
0.401460 70.434300
0.401844 17.984800
0.402228 46.199200
0.402612 33.470600
0.402997 8.413560
0.403381 16.479900
0.403765 17.772500
0.404149 30.606900
0.404533 6.100870
0.404917 6.806220
0.405302 8.637640
0.405686 18.935200
0.407607 9.958660
0.407991 61.026300
0.408375 11.455200
0.408759 18.917300
0.409143 30.272100
0.409527 23.422600
0.409912 52.201200
0.410296 37.700600
0.410680 7.973520
0.411064 32.428900
0.411448 9.441240
0.411833 9.218650
0.412217 54.068800
0.412601 24.399600
0.412985 50.013700
0.413369 9.072020
0.413753 7.369290
0.414138 15.384900
0.414522 6.818790
0.414906 42.462700
0.415290 25.513400
0.415674 10.317600
0.416058 5.917750
0.416443 6.660170
0.416827 14.181000
0.417211 30.154100
0.417595 35.640800
0.417979 71.040200
0.418363 39.918900
0.418748 11.078500
0.419132 24.000900
0.419516 17.326900
0.419900 14.705900
0.420284 51.182600
0.420668 17.608700
0.421053 21.917800
0.421437 23.639300
0.421821 60.132300
0.422205 9.266510
0.422589 7.489600
0.422973 24.027600
0.423358 14.313400
0.423742 6.939820
0.424126 61.319700
0.424510 36.493200
0.425279 10.084900
0.425663 11.566500
0.426047 6.405870
0.426431 29.162500
0.426815 14.620000
0.427199 10.231500
0.427584 11.831300
0.427968 75.386400
0.428352 45.222600
0.428736 8.310810
0.429120 12.873500
0.429504 1.653900
0.429889 14.853900
0.430273 9.625070
0.430657 15.645300
0.431041 52.865000
0.431425 4.971680
0.431809 10.083100
0.432194 40.523500
0.432578 35.383100
0.432962 96.209600
0.433346 32.262900
0.433730 9.152620
0.434114 16.246400
0.434499 30.894800
0.434883 35.024400
0.435267 20.836800
0.435651 45.049100
0.436420 22.451000
0.436804 13.776300
0.437188 10.352900
0.437572 19.748400
0.437956 5.230170
0.438340 9.122160
0.438725 16.883900
0.439109 9.475120
0.439493 4.869150
0.439877 8.151850
0.440261 36.271700
0.440645 83.150300
0.441030 48.999600
0.441414 73.964600
0.441798 5.794430
0.442182 20.725200
0.442566 53.656700
0.442950 31.214500
0.443335 7.872900
0.443719 24.024800
0.444103 82.191800
0.444487 20.836300
0.444871 28.246500
0.445255 39.582800
0.445640 1.931640
0.446024 18.319200
0.446408 9.260500
0.446792 13.726500
0.447176 23.319200
0.447561 69.171100
0.447945 10.044100
0.448329 28.524700
0.448713 10.674300
0.449097 8.897200
0.449481 8.829110
0.449866 7.780790
0.450250 49.453500
0.450634 24.516200
0.451018 14.630600
0.451402 9.509200
0.451786 4.172180
0.452171 43.637600
0.452555 33.470100
0.452939 54.156000
0.453323 8.004520
0.453707 27.084300
0.454091 50.377300
0.454476 82.780900
0.454860 20.236700
0.455244 17.625800
0.455628 3.012060
0.456012 5.646210
0.456396 13.256300
0.456781 6.866440
0.457165 58.769900
0.457549 4.931830
0.457933 33.327700
0.458317 13.851800
0.458701 15.073900
0.459086 20.053200
0.459470 12.254400
0.459854 66.069700
0.460238 9.826450
0.460622 29.027100
0.461007 7.172120
0.461391 23.307100
0.461775 10.002500
0.462159 7.958650
0.462543 37.511800
0.462927 10.643400
0.463312 54.887300
0.463696 5.843740
0.464080 33.780100
0.464464 16.240200
0.464848 17.584000
0.465232 22.426300
0.465617 38.066000
0.466001 8.440640
0.466385 32.966800
0.466769 26.964900
0.467153 39.244000
0.467537 12.474900
0.467922 51.140400
0.468306 10.276300
0.468690 34.085700
0.469074 45.462800
0.469458 28.298500
0.469842 11.030100
0.470227 57.593200
0.470611 23.948300
0.470995 85.237600
0.471379 4.103590
0.471763 12.356500
0.472148 14.323600
0.472532 38.690000
0.472916 4.595020
0.473300 36.228800
0.473684 8.142870
0.474068 19.904700
0.474453 25.848300
0.474837 19.633100
0.475221 32.173700
0.475605 14.638000
0.475989 18.318500
0.476373 8.362190
0.476758 26.991200
0.477142 12.733900
0.477526 38.528000
0.477910 24.871900
0.478294 11.065600
0.478678 17.391400
0.479063 22.191300
0.479447 64.855200
0.479831 11.485900
0.480215 13.465000
0.480599 28.642600
0.480983 13.376100
0.481368 4.215630
0.481752 10.848300
0.482136 35.288300
0.482520 18.159200
0.482904 30.160000
0.483289 16.245900
0.484441 67.417800
0.484825 17.311400
0.485209 12.317700
0.485594 23.968500
0.485978 47.875300
0.486362 59.913100
0.486746 9.139550
0.487130 51.027200
0.487514 35.313600
0.487899 5.560270
0.488283 57.801300
0.488667 7.401230
0.489051 17.077400
0.489435 6.407930
0.489819 15.460100
0.490204 81.449200
0.490588 29.265500
0.490972 76.094900
0.491356 11.365800
0.491740 19.205200
0.492124 3.441150
0.492509 22.673700
0.492893 25.034800
0.493277 12.803700
0.493661 19.344800
0.494045 46.387300
0.494430 78.947800
0.494814 30.950800
0.495198 35.551900
0.495582 27.307100
0.495966 33.178700
0.496350 22.319500
0.496735 10.004500
0.497119 10.018200
0.497503 29.386800
0.497887 47.830800
0.498271 10.286900
0.498655 22.883300
0.499040 33.432900
0.499424 8.776500
0.499808 29.294800
0.500192 32.461900
0.500576 15.568900
0.500960 36.327700
0.501345 12.261000
0.501729 71.861600
0.502113 12.884800
0.502497 6.654200
0.502881 35.875700
0.503265 14.128900
0.503650 9.379640
0.504034 15.151100
0.504418 4.216800
0.504802 29.073700
0.505186 5.602800
0.505570 16.682300
0.505955 41.597300
0.506339 8.930560
0.506723 29.749100
0.507107 34.967400
0.507491 7.983830
0.507876 61.276000
0.508260 10.546100
0.508644 21.626800
0.509028 8.940190
0.509412 39.553100
0.509796 17.856400
0.510181 3.408550
0.510565 10.342500
0.510949 26.163000
0.511333 7.596710
0.511717 22.798000
0.512101 38.703600
0.512486 22.658800
0.512870 3.972160
0.513254 38.728500
0.513638 15.025600
0.514406 9.945950
0.514791 7.119540
0.515175 5.008180
0.515559 37.767900
0.515943 58.532600
0.516327 11.583200
0.516711 42.999800
0.517096 6.905500
0.517480 21.577200
0.517864 21.125700
0.518248 7.877780
0.518632 5.064910
0.519017 38.461500
0.519401 8.834450
0.519785 15.483500
0.520169 15.409400
0.520553 5.531910
0.520937 54.752800
0.521322 35.860200
0.521706 41.737200
0.522090 40.517600
0.522474 13.948000
0.522858 36.874700
0.523242 16.784100
0.523627 61.401200
0.524011 9.597870
0.524395 9.880610
0.524779 23.161900
0.525163 41.159600
0.525547 5.545160
0.525932 41.982500
0.526316 10.366400
0.526700 24.003100
0.527084 37.302400
0.527468 8.774570
0.527852 26.649400
0.528237 26.687300
0.528621 22.185900
0.529005 11.052700
0.529389 38.546500
0.529773 20.494800
0.530158 32.795300
0.530542 58.695700
0.530926 35.232900
0.531310 30.615900
0.531694 56.350800
0.532078 15.714000
0.532463 7.163540
0.532847 13.261900
0.533231 13.807200
0.533615 43.328300
0.533999 9.498760
0.534383 7.639070
0.534768 1.734580
0.535152 35.730100
0.535536 35.725400
0.535920 40.733800
0.536304 24.325800
0.536688 10.346300
0.537073 59.725800
0.537457 65.564900
0.537841 7.002790
0.538225 13.106300
0.538609 16.420500
0.538993 31.890000
0.539378 17.461500
0.539762 5.704250
0.540146 38.483100
0.540530 2.777280
0.540914 24.565500
0.541299 19.049600
0.541683 55.302000
0.542067 7.625370
0.542451 13.762400
0.542835 22.854700
0.543219 32.605500
0.543604 36.315900
0.543988 77.658300
0.544372 11.795800
0.544756 29.963300
0.545140 36.803300
0.545524 21.734100
0.545909 40.655000
0.546293 26.824100
0.546677 9.795940
0.547061 37.823200
0.547445 38.415900
0.547829 10.718000
0.548214 6.717150
0.548598 4.009100
0.548982 49.133200
0.549366 22.080000
0.549750 17.921900
0.550134 21.541600
0.550519 27.264100
0.550903 19.863700
0.551287 7.708440
0.551671 32.564800
0.552055 17.477900
0.552439 24.876800
0.552824 15.694900
0.553208 40.277900
0.553592 10.011300
0.553976 48.252400
0.554360 23.039800
0.554745 7.400540
0.555129 45.381900
0.555513 23.232300
0.555897 58.834100
0.556281 8.936200
0.556665 51.207400
0.557050 39.337100
0.557434 33.755000
0.557818 14.688800
0.558202 23.504400
0.558586 39.148900
0.558970 8.417860
0.559355 22.413900
0.559739 8.264840
0.560123 16.057900
0.560507 8.059910
0.560891 34.216400
0.561275 6.284840
0.561660 7.202930
0.562044 3.556920
0.562428 4.311520
0.562812 24.985000
0.563196 35.938000
0.563580 42.966100
0.563965 47.455400
0.564349 3.942160
0.564733 24.329500
0.565117 4.728760
0.565501 17.892800
0.565886 48.346600
0.566270 19.195500
0.566654 5.908230
0.567038 48.593600
0.567422 29.282400
0.567806 19.206000
0.568191 18.192700
0.568575 38.993700
0.568959 14.823400
0.569343 41.341300
0.569727 11.213800
0.570111 49.348000
0.570496 47.971700
0.570880 38.431700
0.571264 69.804200
0.571648 1.807970
0.572032 29.309100
0.572416 34.153600
0.572801 6.626230
0.573185 9.520350
0.573569 60.019000
0.573953 84.498100
0.574337 17.107300
0.574721 5.000470
0.575106 43.975300
0.575490 7.618480
0.575874 10.311300
0.576258 20.368400
0.576642 26.023200
0.577027 20.577600
0.577411 10.554700
0.577795 25.778200
0.578179 9.009360
0.578563 75.169300
0.578947 2.340780
0.579332 11.434900
0.579716 15.918000
0.580100 17.804200
0.580484 8.470450
0.580868 4.500960
0.581252 24.730800
0.581637 53.741900
0.582021 45.614000
0.582405 25.411600
0.582789 45.351600
0.583173 20.435000
0.583557 88.375800
0.583942 1.683350
0.584326 33.418500
0.584710 72.124900
0.585094 13.637100
0.585478 26.627300
0.585862 37.206000
0.586247 33.055300
0.586631 22.862000
0.587015 31.702700
0.587399 6.813040
0.587783 27.531200
0.588167 9.829840
0.588552 4.747570
0.588936 12.012500
0.589320 35.912100
0.589704 62.340200
0.590088 81.693900
0.590473 18.924000
0.590857 17.083700
0.591241 61.454700
0.591625 6.935820
0.592009 21.148300
0.592393 57.440100
0.592778 30.413800
0.593162 24.950500
0.593546 26.113200
0.593930 28.999300
0.594314 19.454600
0.594698 51.301300
0.595083 38.240400
0.595467 6.518610
0.595851 73.831400
0.596235 7.234440
0.596619 10.544400
0.597003 15.419800
0.597388 50.992600
0.597772 13.920900
0.598156 40.884100
0.598540 8.445610
0.598924 71.219800
0.599308 12.000400
0.599693 1.696400
0.600077 23.266900
0.600461 15.103000
0.600845 1.959720
0.601229 13.373200
0.601614 14.264200
0.601998 7.801040
0.602382 8.866110
0.602766 25.164900
0.603150 87.796800
0.603534 31.113100
0.603919 10.594900
0.604303 21.232100
0.604687 62.334500
0.605071 38.957600
0.605455 5.536500
0.605839 21.073800
0.606224 60.995400
0.606608 75.954900
0.606992 7.329030
0.607376 31.210600
0.607760 33.199000
0.608144 27.609500
0.608529 28.817100
0.608913 9.770530
0.609297 4.808190
0.609681 6.514140
0.610065 29.116300
0.610449 24.357500
0.610834 44.085100
0.611218 30.508500
0.611602 14.750500
0.611986 21.524200
0.612370 26.529300
0.612755 15.284100
0.613139 2.385680
0.613523 23.582400
0.613907 5.211340
0.614291 15.978100
0.614675 30.592100
0.615060 12.553400
0.615444 25.752000
0.615828 15.252700
0.616212 15.212300
0.616596 51.614900
0.616980 30.543700
0.617365 12.974700
0.617749 49.341300
0.618133 12.032900
0.618517 8.556810
0.618901 10.740400
0.619285 59.669200
0.619670 7.861590
0.620054 7.087710
0.620438 21.052900
0.620822 3.521940
0.621206 20.365900
0.621590 9.288590
0.621975 8.137040
0.622359 30.886300
0.622743 25.386100
0.623127 30.905400
0.623511 8.075600
0.623896 5.176760
0.624280 77.360900
0.624664 11.156400
0.625048 4.880120
0.625432 23.094400
0.625816 19.347200
0.626201 25.924800
0.626585 23.316100
0.626969 28.667100
0.627353 11.171700
0.627737 8.631860
0.628121 12.831500
0.628506 3.628200
0.628890 25.243800
0.629274 42.254200
0.629658 8.439640
0.630042 13.901000
0.630426 46.176400
0.630811 13.547400
0.631195 8.719150
0.631579 6.187350
0.631963 8.148480
0.632347 40.788400
0.632731 12.074900
0.633116 47.643100
0.633500 13.327600
0.633884 8.032390
0.634268 6.236560
0.634652 33.993200
0.635036 29.907800
0.635421 9.345890
0.635805 23.171400
0.636189 6.720980
0.636573 26.940600
0.636957 43.176700
0.637342 31.897800
0.637726 75.766900
0.638110 76.306500
0.638494 39.113100
0.638878 84.498300
0.639262 20.606200
0.639647 32.375900
0.640031 56.063800
0.640415 1.809340
0.640799 18.031200
0.641183 8.677590
0.641567 11.729200
0.641952 9.404780
0.642336 9.681320
0.642720 40.972900
0.643104 14.440600
0.643488 4.964350
0.643872 84.281200
0.644257 23.361600
0.644641 12.712700
0.645025 4.323520
0.645409 8.197810
0.645793 26.237700
0.646177 15.518100
0.646562 38.758200
0.646946 3.015510
0.647330 18.126700
0.647714 12.405600
0.648098 16.184400
0.648483 53.267300
0.648867 4.777610
0.649251 24.405400
0.649635 9.682510
0.650019 5.862420
0.650403 15.524700
0.650788 13.937100
0.651172 4.489490
0.651556 8.664410
0.651940 32.618400
0.652324 8.252540
0.652708 26.918300
0.653093 8.946730
0.653477 11.580100
0.653861 11.260900
0.654245 13.102900
0.654629 14.145300
0.655013 16.649300
0.655398 20.374800
0.655782 4.095530
0.656166 5.160690
0.656550 42.039600
0.656934 54.185700
0.657318 31.662800
0.657703 17.513000
0.658087 16.125400
0.658471 30.807300
0.658855 19.347600
0.659239 14.735600
0.659624 43.693500
0.660008 44.640900
0.660392 81.809100
0.660776 29.320100
0.661160 33.240300
0.661544 6.062080
0.661929 4.627060
0.662313 34.406800
0.662697 15.186000
0.663081 4.649990
0.663465 20.562900
0.663849 29.066300
0.664234 6.854890
0.664618 40.895100
0.665002 21.948800
0.665386 8.868610
0.665770 9.260990
0.666154 21.007600
0.666539 31.316300
0.666923 6.787850
0.667307 5.438790
0.667691 8.185450
0.668075 10.439100
0.668459 47.185200
0.668844 24.466400
0.669228 24.278900
0.669612 15.846000
0.669996 7.907970
0.670380 51.100300
0.670765 39.387300
0.671149 14.565900
0.671533 7.223800
0.671917 24.649600
0.672301 70.109600
0.672685 79.792300
0.673070 11.036200
0.673454 11.056200
0.673838 5.831740
0.674222 4.242570
0.674606 10.090000
0.674990 7.166200
0.675375 54.987500
0.675759 9.125260
0.676143 50.757900
0.676527 18.375100
0.676911 7.858040
0.677295 33.247300
0.677680 24.272400
0.678064 26.195800
0.678448 9.680780
0.678832 5.356450
0.679216 2.777810
0.679600 14.984900
0.679985 5.656880
0.680369 46.055000
0.680753 64.145700
0.681137 54.803600
0.681521 6.276610
0.681905 37.897400
0.682290 7.796160
0.682674 30.803900
0.683058 26.027300
0.683442 24.650600
0.683826 27.433700
0.684211 29.925700
0.684595 30.241600
0.684979 23.433600
0.685363 15.268300
0.685747 30.138900
0.686131 7.183730
0.686516 27.445600
0.686900 1.843830
0.687284 37.520300
0.687668 12.540000
0.688052 15.139700
0.688436 64.664800
0.688821 40.485100
0.689205 39.377400
0.689589 17.519100
0.689973 17.257500
0.690357 19.195300
0.690741 23.939500
0.691126 7.462500
0.691510 45.876900
0.691894 6.417570
0.692278 28.446800
0.692662 9.295430
0.693046 15.282800
0.693431 18.595400
0.693815 8.280460
0.694199 39.411200
0.694583 18.671500
0.694967 25.717600
0.695352 13.983800
0.695736 20.499300
0.696120 14.191000
0.696504 24.520700
0.696888 10.726900
0.697272 15.930100
0.697657 6.837190
0.698041 3.868780
0.698425 25.406200
0.698809 19.436100
0.699193 11.085600
0.699577 16.636500
0.699962 7.683540
0.700346 34.975200
0.700730 29.177200
0.701114 59.621700
0.701498 15.432500
0.701882 59.382000
0.702267 63.335500
0.702651 48.976500
0.703035 32.126000
0.703419 6.682340
0.703803 7.587100
0.704187 8.900520
0.704572 37.085800
0.704956 40.567500
0.705340 18.143500
0.705724 17.082700
0.706108 15.341500
0.706493 3.623760
0.706877 6.710050
0.707261 13.497400
0.707645 37.006900
0.708029 41.755600
0.708413 11.294700
0.708798 17.824600
0.709182 5.783340
0.709566 13.942700
0.709950 8.108740
0.710334 46.512000
0.710718 82.964800
0.711103 33.187900
0.711487 15.071600
0.711871 25.304500
0.712255 9.102240
0.712639 72.495600
0.713023 37.397600
0.713408 16.040600
0.713792 76.234000
0.714176 11.880900
0.714560 33.801600
0.714944 25.009800
0.715328 58.685100
0.715713 9.579890
0.716097 40.883800
0.716481 17.778900
0.716865 12.647700
0.717249 28.017100
0.717633 47.162000
0.718018 24.651800
0.718402 38.029500
0.718786 40.063000
0.719170 10.108900
0.719554 16.346400
0.719939 8.261960
0.720323 22.846800
0.720707 62.034500
0.721091 29.099700
0.721475 16.656900
0.721859 10.075600
0.722244 24.513700
0.722628 7.303860
0.723012 9.714760
0.723396 38.415400
0.723780 7.657020
0.724164 54.102600
0.724549 15.963500
0.724933 9.412510
0.725317 18.007300
0.725701 12.549900
0.726085 9.739850
0.726469 17.493400
0.726854 4.500940
0.727238 23.502300
0.727622 9.790620
0.728006 4.018890
0.728390 31.181700
0.728774 8.117420
0.729159 58.784800
0.729543 12.191200
0.729927 5.385070
0.730311 7.263010
0.730695 17.568400
0.731080 71.475200
0.731464 54.662900
0.731848 9.043220
0.732232 33.203000
0.732616 13.848500
0.733000 48.393900
0.733385 13.719900
0.733769 67.068900
0.734153 12.024500
0.734537 29.419600
0.734921 9.419070
0.735305 9.554320
0.735690 65.855000
0.736074 57.439900
0.736458 27.460200
0.736842 31.428500
0.737226 42.421100
0.737610 42.619200
0.737995 20.386200
0.738379 45.525100
0.738763 77.242300
0.739147 9.572750
0.739531 6.647340
0.739915 29.692600
0.740300 38.174700
0.740684 14.838400
0.741068 3.567720
0.741452 15.060200
0.741836 32.942100
0.742221 82.222000
0.742605 11.244600
0.742989 8.686550
0.743373 76.215900
0.743757 23.300500
0.744141 25.610500
0.744526 35.730800
0.744910 8.107900
0.745294 30.826600
0.745678 9.560220
0.746062 45.251400
0.746446 8.202100
0.746831 23.027700
0.747215 24.093500
0.747599 47.898600
0.747983 16.213200
0.748367 44.139500
0.748751 22.377900
0.749136 25.640600
0.749520 20.071800
0.749904 38.662900
0.750288 46.519900
0.750672 6.258250
0.751056 32.350200
0.751441 45.813300
0.751825 7.245880
0.752209 17.751100
0.752593 30.306200
0.752977 53.517900
0.753362 37.857100
0.753746 21.241800
0.754130 29.244300
0.754514 41.941300
0.754898 14.530900
0.755282 4.275570
0.755667 16.094500
0.756051 8.852520
0.756435 17.908300
0.756819 42.622200
0.757203 7.001390
0.757587 4.929570
0.757972 18.190900
0.758356 5.169800
0.758740 20.952800
0.759124 21.531100
0.759508 42.853000
0.759892 21.800600
0.760277 9.050470
0.760661 19.100200
0.761045 5.829060
0.761429 19.609000
0.761813 18.027500
0.762197 3.872080
0.762582 30.378400
0.762966 10.341800
0.763350 9.268940
0.763734 32.263200
0.764118 38.417300
0.764502 36.233000
0.764887 70.719900
0.765271 15.554100
0.765655 22.580500
0.766039 20.937400
0.766423 22.076300
0.766808 58.849000
0.767192 57.710800
0.767576 77.945500
0.767960 41.097900
0.768344 4.808830
0.768728 38.256300
0.769113 83.214400
0.769497 8.922690
0.769881 5.505290
0.770265 6.442880
0.770649 12.860300
0.771033 8.373670
0.771418 15.843900
0.771802 23.008700
0.772186 61.002700
0.772570 11.739500
0.772954 44.921200
0.773338 20.936700
0.773723 9.944540
0.774107 15.592400
0.774491 41.289900
0.774875 5.741350
0.775259 54.967200
0.775643 56.767600
0.776028 5.537300
0.776412 36.098400
0.776796 29.908500
0.777180 9.984150
0.777564 27.580400
0.777949 40.055900
0.778333 11.908600
0.778717 13.543200
0.779101 37.348600
0.779485 89.593200
0.779869 83.403100
0.780254 24.862100
0.780638 18.456800
0.781022 36.168900
0.781406 3.716780
0.781790 30.301700
0.782174 25.670500
0.782559 22.008800
0.782943 8.977410
0.783327 49.833800
0.783711 30.647400
0.784095 52.681300
0.784479 4.850360
0.784864 27.492300
0.785248 9.408340
0.785632 64.636800
0.786016 14.357300
0.786400 21.157600
0.786784 35.908300
0.787169 12.109200
0.787553 3.631150
0.787937 31.462300
0.788321 27.535400
0.788705 2.611840
0.789090 47.567300
0.789474 13.716100
0.789858 33.127300
0.790242 65.223800
0.790626 26.620500
0.791010 5.920080
0.791395 6.336930
0.791779 8.416890
0.792163 2.731810
0.792547 22.853200
0.792931 29.146100
0.793315 14.149900
0.793700 17.947700
0.794084 31.617300
0.794468 21.877700
0.794852 7.593720
0.795236 39.679900
0.795620 42.942700
0.796005 60.844400
0.796389 40.124700
0.796773 18.580800
0.797157 25.428100
0.797541 71.480700
0.797925 77.732700
0.798310 5.790700
0.798694 88.049200
0.799078 7.779390
0.799462 7.124520
0.799846 46.907900
0.800231 24.199500
0.800615 6.352370
0.800999 18.022800
0.801383 25.989500
0.801767 8.161390
0.802151 84.761200
0.802536 4.637070
0.802920 15.264400
0.803304 5.737420
0.803688 14.028200
0.804072 8.497460
0.804456 38.328200
0.804841 35.228200
0.805225 32.174500
0.805609 44.245100
0.805993 64.942500
0.806377 45.375900
0.806761 41.698400
0.807146 31.353800
0.807530 8.884210
0.807914 11.544300
0.808298 31.502500
0.808682 11.155200
0.809066 29.644500
0.809451 22.469500
0.809835 36.618200
0.810219 29.034600
0.810603 6.275050
0.810987 9.039520
0.811371 18.654800
0.811756 58.921600
0.812140 10.710700
0.812524 32.635200
0.812908 25.945800
0.813292 4.055440
0.813677 47.044200
0.814061 8.035680
0.814445 11.368200
0.814829 2.742000
0.815213 5.546890
0.815597 44.612200
0.815982 45.048200
0.816366 20.871900
0.816750 7.353340
0.817134 30.481200
0.817518 79.013100
0.817902 21.424600
0.818287 21.146900
0.818671 10.554500
0.819055 37.937500
0.819439 10.042900
0.819823 18.830600
0.820207 9.981410
0.820592 7.015750
0.820976 3.494130
0.821360 29.322400
0.821744 10.475300
0.822128 36.485000
0.822512 18.119600
0.822897 43.698600
0.823281 10.030100
0.823665 19.667100
0.824049 24.655400
0.824433 29.872900
0.824818 20.926200
0.825202 18.821800
0.825586 47.350400
0.825970 22.265300
0.826354 21.559600
0.826738 59.072400
0.827123 3.652030
0.827507 22.368400
0.827891 75.624400
0.828275 21.615900
0.828659 5.494110
0.829043 19.303000
0.829428 6.216370
0.829812 26.396000
0.830196 31.345000
0.830580 54.709000
0.830964 22.815100
0.831348 4.063320
0.831733 82.306100
0.832117 7.013550
0.832501 9.235510
0.832885 54.213300
0.833269 38.602100
0.833653 11.945400
0.834038 8.277470
0.834422 11.271500
0.834806 11.388900
0.835190 11.451300
0.835574 7.295110
0.835959 7.572630
0.836343 34.809800
0.836727 9.385060
0.837111 34.751200
0.837495 18.649600
0.837879 21.560100
0.838264 36.761200
0.838648 19.403500
0.839032 8.328420
0.839416 4.532780
0.839800 17.934900
0.840184 60.302300
0.840569 16.885900
0.840953 64.438800
0.841337 1.740490
0.841721 58.153600
0.842105 23.567500
0.842489 8.639630
0.842874 44.115700
0.843258 4.886790
0.843642 9.601320
0.844026 10.013600
0.844410 6.180680
0.844794 30.302900
0.845179 17.375200
0.845563 16.960400
0.845947 62.714600
0.846331 6.951100
0.846715 2.616670
0.847100 47.076100
0.847484 37.087300
0.847868 66.224400
0.848252 40.947400
0.848636 31.505200
0.849020 4.580860
0.849405 22.648700
0.849789 50.954500
0.850173 40.039800
0.850557 25.667300
0.850941 47.400800
0.851325 42.330400
0.851710 69.303800
0.852094 4.742200
0.852478 48.302000
0.852862 5.346110
0.853246 28.502300
0.853630 20.264900
0.854015 20.803300
0.854399 29.620200
0.854783 12.505800
0.855167 52.854800
0.855551 7.932830
0.855935 8.284070
0.856320 2.278630
0.856704 72.463900
0.857088 35.597100
0.857472 22.290400
0.857856 13.004600
0.858240 30.819700
0.858625 29.169000
0.859009 26.619300
0.859393 13.732100
0.859777 24.696700
0.860161 63.514100
0.860546 42.288300
0.860930 16.025200
0.861314 14.921400
0.861698 20.510200
0.862082 19.319700
0.862466 5.550490
0.862851 65.330500
0.863235 62.601200
0.863619 8.902940
0.864003 7.840060
0.864387 14.163300
0.864771 8.811690
0.865156 67.062000
0.865540 59.313300
0.865924 89.493700
0.866308 28.157400
0.866692 12.034300
0.867076 79.835200
0.867461 47.984600
0.867845 18.656400
0.868229 80.293000
0.868613 58.723900
0.868997 15.869600
0.869381 5.654700
0.869766 5.855020
0.870150 34.496200
0.870534 17.388100
0.870918 8.473560
0.871302 29.372000
0.871687 20.899400
0.872071 26.844700
0.872455 13.409200
0.872839 91.227600
0.873223 33.201700
0.873607 61.347000
0.873992 54.744400
0.874376 9.394380
0.874760 34.597200
0.875144 24.615000
0.875528 17.915700
0.875912 14.596000
0.876297 33.742000
0.876681 14.290900
0.877065 5.714950
0.877449 28.895700
0.877833 34.688500
0.878217 9.889500
0.878602 14.352900
0.878986 37.162200
0.879370 6.367420
0.879754 23.801200
0.880138 31.447000
0.880522 19.421100
0.880907 19.164500
0.881291 17.845600
0.881675 6.450430
0.882059 12.746100
0.882443 34.616600
0.882828 20.670300
0.883212 10.230800
0.883596 5.405010
0.883980 46.994800
0.884364 6.650300
0.884748 6.869080
0.885133 11.994600
0.885517 27.416800
0.885901 6.562920
0.886285 39.050900
0.886669 28.107200
0.887053 5.198170
0.887438 8.165670
0.887822 18.978100
0.888206 7.756250
0.888590 17.079400
0.888974 63.392600
0.889358 4.215980
0.889743 13.218000
0.890127 1.557950
0.890511 15.651900
0.890895 5.427860
0.891279 53.526600
0.891663 19.887500
0.892048 31.404600
0.892432 16.449700
0.892816 2.503790
0.893200 54.006600
0.893584 9.131780
0.893968 71.416500
0.894353 9.083330
0.894737 7.184470
0.895121 23.312600
0.895505 15.215400
0.895889 28.122300
0.896274 36.854700
0.896658 61.021100
0.897042 31.525600
0.897426 41.919900
0.897810 35.127500
0.898194 38.537000
0.898579 6.273020
0.898963 6.722460
0.899347 40.271400
0.899731 8.655390
0.900115 31.571900
0.900499 17.742100
0.900884 35.126400
0.901268 26.746100
0.901652 9.562260
0.902036 11.153700
0.902420 10.173700
0.902804 20.487700
0.903189 44.738100
0.903573 34.992300
0.903957 38.207000
0.904341 12.685600
0.904725 23.187600
0.905109 32.650100
0.905494 9.133710
0.905878 45.216700
0.906262 53.750600
0.906646 44.541700
0.907030 4.948630
0.907415 33.621500
0.907799 32.185400
0.908183 16.322400
0.908567 84.358300
0.908951 29.738900
0.909335 43.605500
0.909720 8.661230
0.910104 10.463500
0.910488 8.589440
0.910872 62.949700
0.911256 65.420500
0.911640 60.905200
0.912025 32.049800
0.912409 31.661200
0.912793 16.258700
0.913177 12.716700
0.913561 4.621830
0.913945 19.631400
0.914330 22.229500
0.914714 4.572410
0.915098 18.945400
0.915482 38.811100
0.915866 10.262800
0.916250 49.907500
0.916635 31.233600
0.917019 67.720900
0.917403 53.101800
0.917787 11.490400
0.918171 11.198800
0.918556 28.957700
0.918940 30.140400
0.919324 18.262200
0.919708 47.101100
0.920092 41.357600
0.920476 50.948200
0.920861 8.758480
0.921245 41.402300
0.921629 15.438600
0.922013 71.221700
0.922397 7.558480
0.922781 12.908500
0.923166 15.477600
0.923550 72.816200
0.923934 4.560400
0.924318 61.661500
0.924702 4.642880
0.925086 1.897210
0.925471 15.099400
0.925855 21.059500
0.926239 45.144700
0.926623 43.619200
0.927007 50.853700
0.927391 12.541600
0.927776 7.600140
0.928160 9.052810
0.928544 50.596400
0.928928 5.041750
0.929312 3.907140
0.929697 54.558500
0.930081 56.270800
0.930465 13.650000
0.930849 13.784600
0.931233 24.872800
0.931617 7.054410
0.932002 31.901900
0.932386 3.462770
0.932770 23.516700
0.933154 4.199840
0.933538 62.817900
0.933922 11.866400
0.934307 23.379000
0.934691 6.042500
0.935075 9.711710
0.935459 9.052250
0.935843 2.920770
0.936227 39.275700
0.936612 6.508640
0.936996 22.393400
0.937380 5.341670
0.937764 37.587000
0.938148 5.429370
0.938532 17.299900
0.938917 81.184300
0.939301 11.125600
0.939685 38.283800
0.940069 16.088700
0.940453 27.269200
0.940837 10.043300
0.941222 27.510800
0.941606 9.483010
0.941990 13.824700
0.942374 55.078100
0.942758 14.170500
0.943143 34.174900
0.943527 9.829350
0.943911 15.522400
0.944295 19.610000
0.944679 10.385200
0.945063 52.981600
0.945448 22.485700
0.945832 67.224300
0.946216 35.630600
0.946600 33.967200
0.946984 69.208500
0.947368 4.892000
0.947753 57.912800
0.948137 3.491720
0.948521 11.633500
0.948905 34.929500
0.949289 32.686800
0.949673 28.942200
0.950058 13.593000
0.950442 34.228100
0.950826 10.465000
0.951210 12.427700
0.951594 83.095200
0.951978 20.350900
0.952363 4.437820
0.952747 32.529700
0.953131 6.645700
0.953515 1.052630
0.953899 5.321660
0.954284 16.914000
0.954668 3.744800
0.955052 11.378900
0.955436 14.950300
0.955820 86.923000
0.956204 16.547000
0.956589 4.409120
0.956973 5.396070
0.957357 17.868000
0.957741 25.931100
0.958125 11.703900
0.958509 55.504400
0.958894 40.119800
0.959278 11.647500
0.959662 17.903100
0.960046 4.206960
0.960430 28.350600
0.960814 47.520400
0.961199 11.876500
0.961583 6.468740
0.961967 9.629670
0.962351 10.087000
0.962735 39.139700
0.963119 12.123200
0.963504 8.678770
0.963888 3.259520
0.964272 19.838900
0.964656 8.790270
0.965040 12.397300
0.965425 25.241500
0.965809 8.116360
0.966193 3.487730
0.966577 20.540000
0.966961 33.386900
0.967345 38.774900
0.967730 25.134500
0.968114 49.754100
0.968498 26.297600
0.968882 41.661400
0.969266 2.208910
0.969650 31.804200
0.970035 13.953300
0.970419 5.995180
0.970803 3.198950
0.971187 17.709500
0.971571 13.392900
0.971955 32.155500
0.972340 41.393700
0.972724 11.289500
0.973108 19.896800
0.973492 9.278270
0.973876 34.400400
0.974260 20.995500
0.974645 27.600400
0.975029 13.551900
0.975413 10.032100
0.975797 6.335200
0.976181 46.734100
0.976566 55.390700
0.976950 50.696800
0.977334 74.496000
0.977718 8.516840
0.978102 46.635000
0.978486 3.417890
0.978871 4.336440
0.979255 10.328200
0.979639 55.718900
0.980023 7.959800
0.980407 42.999900
0.980791 14.415100
0.981176 63.261000
0.981560 35.835300
0.981944 27.849000
0.982328 24.625300
0.982712 19.383800
0.983096 7.517000
0.983481 82.107000
0.983865 17.186000
0.984249 12.930000
0.984633 23.606400
0.985017 14.798600
0.985401 27.485400
0.985786 4.583790
0.986170 1.684940
0.986554 35.951700
0.986938 42.409800
0.987322 38.485800
0.987706 6.942220
0.988091 11.989500
0.988475 9.510860
0.988859 50.897800
0.989243 30.452300
0.989627 28.380300
0.990012 18.630600
0.990396 42.908100
0.990780 12.915900
0.991164 42.711500
0.991548 48.435200
0.991932 9.127750
0.992317 3.563250
0.992701 17.981500
0.993085 20.544700
0.993469 46.083100
0.993853 34.122700
0.994237 92.438200
0.994622 28.118000
0.995006 76.490100
0.995390 19.399800
0.995774 27.203700
0.996158 37.840100
0.996542 11.477500
0.996927 13.239900
0.997311 7.538570
0.997695 29.903000
0.998079 9.897430
0.998463 11.426800
0.998847 9.656480
0.999232 7.729240
0.999616 3.214600
1.000000 33.908500
