0.000186 26.357100
0.008917 59.483000
0.009103 58.163700
0.009289 23.349800
0.009474 7.575230
0.009660 38.904200
0.009846 29.011200
0.010032 84.916600
0.010217 73.959400
0.010403 32.729900
0.010589 5.412120
0.010775 47.449600
0.010960 32.557200
0.011146 6.081020
0.011332 23.207500
0.011518 18.797400
0.011704 57.348100
0.013747 8.324900
0.013933 57.086000
0.014119 5.416910
0.014304 11.416900
0.014490 7.501580
0.028609 8.389800
0.028794 20.649800
0.028980 9.987130
0.029166 43.103100
0.029352 38.230400
0.029537 29.671000
0.029723 58.616200
0.029909 21.798200
0.030095 40.417400
0.030281 33.356400
0.030466 70.621900
0.030652 22.130600
0.030838 78.530600
0.031024 30.661600
0.031209 42.681900
0.031395 48.092100
0.031581 28.688100
0.031767 4.859910
0.031952 16.677900
0.032138 21.888500
0.032324 61.920900
0.032510 9.936570
0.032696 23.077300
0.032881 26.465100
0.033067 6.986450
0.033253 6.401780
0.033439 23.941700
0.033624 53.517400
0.033810 6.294610
0.033996 38.876600
0.034182 6.558480
0.034367 35.678300
0.034553 7.429080
0.034739 23.458200
0.034925 27.110500
0.035111 59.486400
0.035296 21.568700
0.035482 16.124000
0.035668 5.137860
0.035854 12.389200
0.036039 13.508400
0.036225 8.859260
0.036411 71.488300
0.036597 18.016100
0.036782 27.039600
0.036968 68.322600
0.037154 12.206600
0.037340 35.028200
0.037526 46.073300
0.037711 13.947000
0.037897 45.136300
0.038083 17.195000
0.048858 9.691900
0.049043 33.647400
0.049229 66.845200
0.049415 39.846400
0.049601 18.193100
0.049786 2.121820
0.049972 5.828960
0.050158 38.016800
0.050344 15.194900
0.050529 5.260680
0.050715 45.696500
0.050901 17.892800
0.051087 19.122100
0.051273 34.840500
0.051458 7.496190
0.051644 23.136900
0.051830 9.074330
0.052016 43.025300
0.052201 33.021000
0.052387 33.816700
0.052573 14.991000
0.052759 11.764700
0.052944 4.111460
0.053130 8.848050
0.053316 56.039400
0.053502 16.702600
0.053688 8.202170
0.053873 34.314800
0.054059 18.437100
0.054245 15.747000
0.054431 27.192800
0.054616 86.662500
0.054802 31.495500
0.054988 12.624800
0.055174 29.790400
0.055359 18.058600
0.055545 18.871200
0.055731 52.191100
0.055917 58.786000
0.056103 58.885300
0.056288 31.332600
0.056474 27.427900
0.056660 4.339070
0.056846 2.141070
0.057031 19.789700
0.057217 13.062100
0.057403 50.451500
0.057589 12.751400
0.057774 5.553120
0.057960 48.882100
0.058146 73.476700
0.058332 34.529700
0.058518 58.319100
0.058703 39.931700
0.058889 18.361700
0.059075 21.121400
0.059261 29.328900
0.059446 9.358060
0.059632 33.702000
0.059818 6.212710
0.060004 76.184900
0.060189 28.029000
0.060375 18.836200
0.060561 1.780210
0.060747 12.708700
0.060933 5.498590
0.061118 14.674400
0.061304 3.601880
0.061490 23.441600
0.061676 14.471500
0.061861 23.155700
0.062047 40.637400
0.062233 6.543700
0.062419 63.920300
0.062604 5.111890
0.062790 69.023200
0.062976 14.119400
0.063162 9.883140
0.063348 11.520000
0.063533 7.671220
0.063719 18.144800
0.063905 7.348340
0.064091 4.076580
0.064276 61.431600
0.064462 8.143380
0.064648 20.200700
0.064834 68.688400
0.065020 38.172800
0.067063 11.312900
0.067249 2.708620
0.067435 4.631720
0.067620 15.591800
0.067806 9.617660
0.067992 13.724700
0.068178 18.031000
0.068363 22.659900
0.068549 42.547800
0.068735 16.441100
0.068921 31.139400
0.069106 58.258800
0.069292 29.535200
0.069478 18.259700
0.069664 30.112100
0.069850 10.215300
0.070035 25.956200
0.070221 29.850900
0.070407 52.778600
0.070593 16.647900
0.070778 31.182900
0.070964 26.247800
0.071150 40.933200
0.071336 3.906820
0.071521 67.128000
0.071707 12.979900
0.071893 8.558640
0.072079 11.664400
0.072265 22.886000
0.072450 1.704040
0.072636 4.687570
0.072822 42.668200
0.073008 8.930040
0.073193 8.474810
0.073379 16.281000
0.073565 6.476070
0.073751 11.422700
0.073936 12.130300
0.074122 21.984000
0.074308 9.632540
0.074494 33.763000
0.079510 58.116000
0.079695 9.412290
0.079881 1.717570
0.080067 41.259400
0.080253 9.878570
0.080438 12.084600
0.080624 34.402200
0.080810 8.260220
0.080996 21.772800
0.081181 18.938900
0.081367 27.489700
0.081553 7.965250
0.081739 36.864300
0.081925 15.756300
0.082110 30.147300
0.082296 31.575000
0.082482 7.076440
0.082668 54.723800
0.082853 49.507600
0.085083 67.417800
0.085268 15.221500
0.085454 17.502700
0.085640 27.190900
0.085826 39.605400
0.086012 7.399810
0.086197 25.545000
0.086383 17.436200
0.086569 10.381500
0.086755 24.319500
0.086940 26.171500
0.087126 14.143700
0.087312 23.031400
0.087498 51.065500
0.087683 11.226800
0.087869 10.958000
0.088055 6.786690
0.088241 51.155500
0.088427 47.792800
0.088612 33.270000
0.088798 21.209500
0.088984 23.700800
0.089170 45.184700
0.089355 9.350890
0.089541 21.308100
0.089727 25.389100
0.089913 19.284800
0.090098 8.837200
0.090284 14.799200
0.090470 80.191200
0.090656 54.010200
0.090842 58.321400
0.091027 29.780300
0.091213 85.587900
0.091399 7.665590
0.091585 17.429700
0.091770 78.517000
0.091956 49.682400
0.092142 12.701700
0.092328 16.115100
0.092513 5.901140
0.092699 10.220400
0.093814 7.409500
0.094000 8.583570
0.094185 22.527300
0.094371 11.547400
0.094557 40.090700
0.094743 15.432600
0.095300 9.509200
0.095486 16.120100
0.095672 18.214600
0.095857 33.816300
0.096043 21.604400
0.096229 57.952200
0.096415 23.068200
0.096600 70.780900
0.096786 3.601180
0.096972 21.078100
0.097158 30.633500
0.097343 66.886500
0.097529 27.900700
0.097715 16.498600
0.097901 18.094800
0.098087 90.843800
0.098272 19.868900
0.098458 33.503600
0.098644 32.368800
0.098830 15.206900
0.099015 76.630400
0.099201 29.509200
0.099387 19.735100
0.099573 92.758000
0.099758 58.711800
0.099944 21.464600
0.100130 13.064100
0.100316 4.303280
0.100502 8.632050
0.100687 53.953500
0.100873 66.692700
0.101059 23.057600
0.101245 18.070400
0.101430 14.834600
0.101616 13.421000
0.101802 11.419700
0.101988 45.663100
0.102174 46.629900
0.102359 59.873300
0.102545 81.904900
0.102731 8.668280
0.102917 15.810600
0.103102 9.522180
0.103288 10.896600
0.103474 21.721400
0.103660 35.849000
0.103845 11.962700
0.104031 88.547800
0.104217 19.901900
0.104403 8.340550
0.104589 8.437450
0.104774 27.454300
0.104960 5.840710
0.105146 9.298300
0.105332 11.319200
0.105517 43.058400
0.105703 9.625610
0.105889 22.562400
0.106075 62.133400
0.106260 29.989500
0.106446 67.949500
0.106632 41.603900
0.106818 9.170070
0.107004 5.393830
0.107189 21.494000
0.107375 4.746320
0.107561 2.677850
0.107747 9.417860
0.107932 8.600430
0.108118 7.475760
0.108304 26.733400
0.108490 71.283200
0.108675 41.343500
0.108861 79.175500
0.109047 26.746200
0.109233 13.706100
0.109419 9.604540
0.109604 3.957280
0.109790 8.125670
0.109976 81.007500
0.110162 4.426980
0.110347 9.511470
0.110533 24.132200
0.110719 11.366100
0.110905 28.123000
0.111090 4.357570
0.111276 3.425280
0.111462 41.580000
0.111648 17.576800
0.111834 19.793500
0.112019 4.004980
0.112205 15.808100
0.112391 17.022400
0.112577 7.349070
0.112762 16.923800
0.112948 72.092100
0.113134 21.740500
0.113320 32.456500
0.113505 9.229360
0.113691 66.177100
0.113877 46.922300
0.114063 8.628560
0.114249 11.452800
0.114434 10.685600
0.114620 20.129800
0.114806 50.212100
0.114992 5.753950
0.115177 38.613600
0.115363 7.313470
0.115549 36.799500
0.115735 43.985100
0.115920 9.153870
0.116106 30.126900
0.116292 39.327100
0.116478 41.660600
0.116664 18.769800
0.116849 6.379470
0.117035 37.405300
0.117221 27.663100
0.117407 17.952300
0.117592 24.787500
0.117778 14.616600
0.117964 15.777700
0.118150 58.799100
0.118336 15.060700
0.118707 35.453000
0.118893 14.534300
0.119079 46.256100
0.119264 33.858700
0.119450 7.327950
0.119636 23.579100
0.119822 62.178700
0.120007 9.172690
0.120193 38.780000
0.120379 67.376600
0.120565 61.740300
0.120751 21.755800
0.120936 21.615600
0.121122 8.838980
0.121308 59.469400
0.121494 5.252070
0.121679 3.050770
0.121865 11.823500
0.122051 6.076780
0.122237 61.879800
0.122422 20.361400
0.122608 8.025990
0.122794 3.308620
0.122980 15.443300
0.123166 57.830500
0.123351 13.616500
0.123537 8.379740
0.123723 27.823800
0.123909 7.426390
0.124094 53.107700
0.124280 3.804290
0.124466 24.211800
0.124652 35.493900
0.124837 60.710000
0.125023 51.686700
0.125209 6.995470
0.125395 27.388600
0.125581 36.857500
0.125766 42.813700
0.125952 5.403950
0.126138 32.072800
0.126324 17.737700
0.126509 42.317000
0.126695 45.915800
0.126881 6.901840
0.127067 20.694100
0.127252 10.768000
0.127438 43.914400
0.127624 5.429250
0.127810 53.984700
0.127996 14.196400
0.128181 8.886840
0.128367 23.906800
0.128553 28.608700
0.128739 34.362200
0.128924 20.831700
0.129110 58.746500
0.129296 17.257200
0.129482 4.759950
0.129667 14.811800
0.129853 27.215800
0.130039 49.383000
0.130225 39.940900
0.130411 26.012200
0.130596 9.953800
0.130782 9.914790
0.130968 12.353400
0.131154 28.694600
0.131339 13.927100
0.131525 6.302530
0.131711 12.461600
0.131897 6.017710
0.132082 14.160400
0.132268 17.326700
0.132454 24.976900
0.132640 4.578640
0.132826 36.083700
0.133011 14.920800
0.133197 6.820370
0.133383 23.613200
0.133569 66.293500
0.133754 9.735910
0.133940 44.083000
0.134126 46.606000
0.134312 5.225090
0.134497 32.049100
0.134683 23.951600
0.134869 7.001750
0.135055 31.399900
0.135241 2.893900
0.135426 9.535990
0.135612 4.234190
0.135798 16.514200
0.135984 26.816800
0.136169 8.422870
0.136355 43.748300
0.136541 16.742000
0.136727 3.276770
0.136913 21.689700
0.137098 4.940160
0.137284 47.316100
0.137470 36.214200
0.137656 26.441700
0.137841 17.127100
0.138027 5.473960
0.138213 34.023300
0.138399 9.811780
0.138584 22.634100
0.138770 4.504820
0.138956 10.571600
0.139142 19.545800
0.139328 7.724580
0.139513 24.818100
0.139699 18.915700
0.139885 18.343800
0.140071 7.151560
0.140256 38.191900
0.140442 44.782600
0.140628 31.966300
0.140814 5.629190
0.140999 9.897130
0.141185 22.964600
0.141371 65.538400
0.141557 24.963000
0.141743 20.364800
0.141928 24.506600
0.142300 11.104900
0.142486 14.166100
0.142671 42.944600
0.142857 30.784600
0.143043 53.859200
0.143229 14.908900
0.143414 60.651100
0.143600 19.623000
0.143786 67.298600
0.143972 18.321700
0.144158 22.509100
0.144343 19.854900
0.144529 35.386700
0.144715 14.802100
0.144901 37.882500
0.145086 19.476900
0.145272 28.148700
0.145458 55.159200
0.145644 15.830900
0.145829 13.295700
0.146015 4.756400
0.146201 16.191500
0.146387 23.350100
0.146573 4.547690
0.146758 27.226000
0.146944 5.239720
0.147130 17.660500
0.147316 45.024800
0.147501 8.598500
0.147687 9.831630
0.147873 25.731500
0.152331 9.958660
0.152517 13.148200
0.152703 10.646800
0.152889 19.341200
0.153074 8.825010
0.153260 6.845580
0.153446 58.968400
0.153632 77.814300
0.153818 27.792800
0.154003 13.758000
0.154189 6.773040
0.154375 9.553880
0.154561 31.076200
0.154746 57.479000
0.154932 6.749430
0.155118 2.486440
0.155304 23.717300
0.155490 52.009700
0.155675 39.629200
0.155861 4.811020
0.156047 31.467300
0.156233 4.243750
0.156418 45.030600
0.156604 39.060900
0.156790 33.591700
0.156976 10.040700
0.157161 33.733300
0.157347 19.547500
0.157533 3.402270
0.157719 35.174000
0.157905 57.008400
0.158090 30.951400
0.158276 5.125420
0.158462 81.170500
0.158648 22.043900
0.158833 21.504300
0.159019 58.722600
0.159205 13.054400
0.159391 34.357900
0.159576 7.870890
0.159762 60.970200
0.159948 21.311900
0.160134 17.960800
0.160320 15.739900
0.160505 30.650300
0.160691 9.597430
0.160877 8.059950
0.161063 18.094900
0.161248 4.999970
0.161434 60.557900
0.161620 84.575500
0.161806 33.381400
0.161991 62.139500
0.162177 53.819000
0.162363 52.481300
0.162549 29.784400
0.162735 74.840600
0.162920 45.864900
0.163106 13.238700
0.163478 1.772950
0.163663 66.238600
0.163849 26.516200
0.164035 16.472700
0.164221 34.194500
0.164406 24.659600
0.164592 26.136200
0.164778 24.593300
0.164964 56.457800
0.165150 5.766430
0.165335 19.839400
0.165521 22.510800
0.165707 26.124000
0.166078 20.818600
0.166264 84.753500
0.166450 23.226800
0.166636 15.144900
0.166821 15.693000
0.167007 15.714700
0.167193 19.864700
0.167379 15.575900
0.167565 13.598600
0.167750 47.103500
0.167936 5.428990
0.168122 68.058000
0.168308 15.723900
0.168493 18.943500
0.168679 15.611000
0.168865 7.580920
0.169051 8.923820
0.169236 9.869200
0.169422 7.246080
0.169608 25.932000
0.169794 36.901300
0.169980 36.559300
0.170165 20.660600
0.170351 7.103920
0.170537 5.278000
0.170723 10.383100
0.170908 11.874400
0.171094 66.813500
0.171280 19.378500
0.171466 11.150800
0.171651 6.915210
0.171837 5.644780
0.172023 37.568000
0.172209 48.462200
0.172395 8.507770
0.172580 56.146200
0.172766 47.937400
0.172952 6.256980
0.173138 11.598700
0.173509 6.369520
0.173695 7.760140
0.173881 6.085540
0.174067 53.602100
0.174252 5.978130
0.174438 22.232800
0.174624 16.882800
0.174810 6.903570
0.174995 6.357950
0.175181 24.049900
0.175367 22.529200
0.175553 49.050300
0.175738 12.071400
0.175924 31.792400
0.176110 13.616200
0.176296 74.757000
0.176482 31.597400
0.176667 48.245300
0.176853 44.769100
0.177039 6.400280
0.177225 5.383890
0.177410 27.201100
0.177596 10.009400
0.177782 26.441600
0.177968 12.988100
0.178153 23.309800
0.178339 37.336200
0.178525 4.120630
0.178711 13.297300
0.178897 36.653100
0.179082 37.574300
0.179268 52.976100
0.179454 40.645800
0.179640 32.392400
0.179825 1.913230
0.180011 40.722800
0.180197 6.293610
0.180383 9.408450
0.180568 16.137500
0.180754 45.409800
0.180940 34.418200
0.181126 5.239660
0.181312 9.948950
0.181497 7.642680
0.181683 16.254100
0.181869 81.524600
0.182055 18.570900
0.182240 38.598800
0.182426 36.382800
0.182612 13.311000
0.182798 11.355600
0.182983 29.556300
0.183169 56.721800
0.183355 3.452960
0.183541 36.891400
0.183727 4.101710
0.183912 11.657400
0.184098 32.940400
0.184284 49.844500
0.184470 3.683190
0.184655 41.591300
0.185027 13.862400
0.185213 5.016850
0.185398 19.476400
0.185584 17.668500
0.185770 28.700200
0.185956 18.912800
0.186142 21.374900
0.186327 26.590800
0.186513 39.257900
0.186885 69.529000
0.187070 23.152200
0.187256 17.592100
0.187442 15.472700
0.187628 20.349700
0.187813 7.780420
0.187999 17.858000
0.188185 10.095200
0.188371 50.167100
0.188557 6.100830
0.188742 3.967690
0.188928 3.670030
0.189114 11.320600
0.189300 8.031940
0.189485 12.707300
0.189671 15.129300
0.189857 44.934400
0.190043 34.415700
0.190228 44.148700
0.190414 20.292900
0.190600 24.138100
0.190786 2.197360
0.190972 7.994720
0.191157 7.796050
0.191343 59.012900
0.191529 70.051300
0.191715 39.213200
0.191900 12.662800
0.192086 37.234700
0.192272 36.851600
0.192458 6.694360
0.192644 56.292200
0.192829 14.561500
0.193015 26.931400
0.193201 23.115200
0.193387 13.888400
0.193572 10.253400
0.193758 24.743500
0.193944 7.258790
0.194130 14.859900
0.194315 3.086060
0.194501 32.839100
0.194687 43.051400
0.195059 41.020400
0.195244 55.349800
0.195430 33.391500
0.195616 7.841340
0.195802 13.990600
0.195987 17.628500
0.196173 9.141420
0.196359 11.832800
0.196545 19.244900
0.196730 28.663200
0.196916 5.537310
0.197288 16.321600
0.197474 3.879000
0.197659 15.413400
0.197845 34.815800
0.198031 53.683000
0.198217 4.750510
0.198402 15.862800
0.198588 35.878300
0.198774 23.689700
0.198960 52.732800
0.199145 52.745000
0.199331 9.430410
0.199517 10.034200
0.199703 33.268400
0.199889 74.190100
0.200074 33.358300
0.200260 7.227040
0.200446 48.041200
0.200632 47.423900
0.200817 15.195700
0.201003 15.479800
0.201189 60.286000
0.201375 10.723800
0.201560 5.757710
0.201746 49.453900
0.201932 26.232300
0.202118 11.746300
0.202304 17.931700
0.202489 28.895000
0.202675 29.192400
0.202861 39.151500
0.203047 39.595800
0.203232 5.822230
0.203418 7.157980
0.203604 11.529400
0.203790 8.865620
0.203975 15.519400
0.204161 40.376300
0.204347 28.230800
0.204533 30.121200
0.204904 75.915100
0.205090 9.586570
0.205276 39.232900
0.205462 27.497300
0.205647 12.301200
0.205833 60.908300
0.206019 12.008700
0.206205 38.860200
0.206390 7.145600
0.206576 4.953240
0.206762 5.250590
0.206948 11.290200
0.207134 26.316600
0.207319 15.766600
0.207505 48.924100
0.207691 8.719370
0.207877 17.342700
0.208062 7.387060
0.208248 17.792900
0.208434 7.725420
0.208620 30.762500
0.208805 42.146000
0.208991 22.303600
0.209177 80.159200
0.209363 24.404400
0.209549 86.496100
0.209734 25.003100
0.209920 16.859500
0.210106 45.408500
0.210292 5.476250
0.210663 21.854500
0.210849 7.559220
0.211035 28.422100
0.211221 19.367800
0.211406 10.871800
0.211592 8.526470
0.211778 32.973700
0.211964 9.524380
0.212149 10.414900
0.212335 10.033600
0.212521 26.092200
0.212707 7.096040
0.212892 7.595680
0.213078 45.649300
0.213264 52.703700
0.213450 38.793600
0.213636 70.638000
0.213821 5.406240
0.214007 7.534370
0.214193 18.948200
0.214379 70.158300
0.214564 19.226800
0.214750 33.167800
0.214936 32.621400
0.215122 39.863400
0.215307 9.935750
0.215493 23.323600
0.215679 6.967260
0.215865 5.146860
0.216051 18.172600
0.216236 79.812100
0.216422 56.489800
0.216608 20.500800
0.216794 6.095260
0.216979 8.450700
0.217165 20.895500
0.217351 17.649300
0.217537 11.235600
0.217722 8.111410
0.217908 23.852500
0.218094 69.256100
0.218280 5.670720
0.218466 53.757900
0.218651 5.558100
0.218837 11.422900
0.219023 21.390600
0.219209 19.248700
0.219394 52.117100
0.219580 24.705400
0.219766 23.002900
0.219952 20.750100
0.220137 12.101200
0.220323 53.370900
0.220509 58.760000
0.220695 40.242000
0.220881 18.036600
0.221066 24.401100
0.221252 65.731400
0.221438 41.737700
0.221624 20.131000
0.221809 56.950800
0.221995 10.031000
0.222181 8.538650
0.222367 7.876850
0.222552 26.077600
0.222738 28.102600
0.222924 8.690360
0.223110 93.428100
0.223296 45.597600
0.223481 35.725900
0.223667 19.535800
0.223853 9.597690
0.224039 11.560500
0.224224 47.756900
0.224410 77.092300
0.224596 71.107800
0.224782 33.989400
0.224967 35.884800
0.225153 21.237000
0.225339 16.050200
0.225525 9.920060
0.225711 46.275300
0.226082 24.927600
0.226268 90.537800
0.226454 8.871390
0.226639 63.211600
0.226825 26.537100
0.227011 19.859700
0.227197 74.064600
0.227383 30.781700
0.227568 22.777900
0.227754 17.201400
0.227940 29.482900
0.228126 8.160410
0.228311 8.534260
0.228497 2.166490
0.228683 6.197800
0.228869 41.623100
0.229054 1.776330
0.229240 41.001200
0.229426 71.111500
0.229612 37.991500
0.229798 67.231000
0.229983 25.386400
0.230169 31.035000
0.230355 12.276400
0.230541 20.888100
0.230726 21.213800
0.230912 53.469700
0.231098 43.592800
0.231284 5.122530
0.231469 22.775400
0.231655 13.501700
0.231841 34.133800
0.232027 16.641500
0.232213 52.577300
0.232398 29.153400
0.232584 41.971100
0.232770 9.213400
0.232956 6.850400
0.233141 7.623950
0.233327 21.221000
0.233513 5.310110
0.233699 22.990200
0.233884 10.918300
0.234070 33.450000
0.234256 38.120800
0.234442 32.372300
0.234628 23.476700
0.234813 4.904560
0.234999 17.871800
0.235185 60.545900
0.235371 12.408900
0.235556 5.195470
0.235742 18.886500
0.235928 21.121900
0.236114 26.783600
0.236299 13.987200
0.236485 15.628200
0.236671 10.043400
0.236857 18.019700
0.237043 32.273400
0.237228 14.833500
0.237414 71.024400
0.237600 36.538200
0.237786 20.676700
0.237971 69.207800
0.238157 11.134500
0.238343 7.663710
0.238529 26.437700
0.238714 11.735600
0.238900 95.763400
0.239086 10.103300
0.239272 34.789100
0.239458 11.598800
0.239643 58.843700
0.239829 11.688900
0.240015 6.877250
0.240201 7.837230
0.240386 64.529300
0.240572 44.154400
0.240758 47.722900
0.240944 43.104200
0.241129 3.412830
0.241315 53.929300
0.241501 26.022100
0.241687 17.759900
0.241873 53.157000
0.242058 50.043900
0.242244 54.531300
0.242430 21.164400
0.242616 7.170130
0.242801 25.921700
0.242987 6.996910
0.243173 52.223700
0.243359 18.992100
0.243544 1.730560
0.243730 38.755600
0.243916 30.347900
0.244102 41.338200
0.244288 42.005600
0.244473 22.028400
0.244659 17.547900
0.244845 22.826300
0.245031 3.161620
0.245216 8.647420
0.245402 20.363100
0.245588 14.832500
0.245774 44.106300
0.245960 17.936300
0.246145 5.000870
0.246331 19.588400
0.246517 27.172600
0.246703 21.538400
0.246888 12.794900
0.247074 42.341700
0.247260 8.800150
0.247446 10.500100
0.247631 11.260000
0.247817 53.274400
0.248003 5.105390
0.248189 17.951900
0.248375 15.770000
0.248560 38.287700
0.248746 44.639900
0.248932 4.478710
0.249118 41.304700
0.249303 18.490500
0.249489 3.127260
0.249675 28.291000
0.249861 6.265660
0.250046 43.814300
0.250232 89.971300
0.250418 29.708100
0.250604 3.787180
0.250790 28.064100
0.251161 20.985800
0.251347 2.935820
0.251533 51.187500
0.251718 62.096500
0.251904 51.733900
0.252276 10.530600
0.252461 30.375200
0.252647 52.919400
0.252833 44.368500
0.253019 9.212700
0.253205 38.479100
0.253390 42.314400
0.253576 10.813300
0.253762 22.684700
0.253948 60.460200
0.254133 49.718900
0.254319 7.755080
0.254505 12.042100
0.254691 8.041520
0.254876 30.003800
0.255062 36.756400
0.255248 24.475300
0.255434 33.439300
0.255620 30.651900
0.255805 25.000000
0.255991 25.943800
0.256177 12.220800
0.256363 10.764500
0.256548 50.372500
0.256734 5.922430
0.256920 20.253100
0.257106 26.384100
0.257291 49.702100
0.257477 9.169060
0.257663 10.116100
0.257849 37.416200
0.258035 10.712000
0.258220 31.761600
0.258406 9.382770
0.258592 49.209100
0.258778 27.055800
0.258963 7.047010
0.259149 56.421200
0.259335 7.753160
0.259521 1.645430
0.259706 31.630800
0.259892 9.650830
0.260078 9.037280
0.260264 3.098060
0.260450 18.562500
0.260635 18.777800
0.260821 9.632440
0.261007 88.303500
0.261193 7.486100
0.261378 49.446200
0.261564 20.220100
0.261750 31.248200
0.261936 7.510860
0.262121 9.005690
0.262307 13.410700
0.262493 7.786110
0.262679 10.224800
0.262865 22.318800
0.263050 46.503700
0.263236 5.271540
0.263422 31.000400
0.263608 10.102200
0.263793 52.820300
0.263979 4.157110
0.264165 6.374200
0.264351 8.434030
0.264537 34.125000
0.264722 13.646900
0.264908 53.088500
0.265094 6.617670
0.265280 7.371810
0.265465 48.929700
0.265651 20.391600
0.265837 5.680110
0.266023 72.992700
0.266208 53.354300
0.266394 9.540140
0.266580 25.692900
0.266766 48.268900
0.266952 26.798400
0.267137 50.707500
0.267323 33.253600
0.267509 47.283000
0.267695 21.316000
0.267880 2.052850
0.268066 10.796300
0.268252 54.341200
0.268438 4.866150
0.268623 3.673720
0.268809 18.596900
0.268995 68.617200
0.269181 16.502200
0.269367 20.317400
0.269552 45.590400
0.269738 12.713600
0.269924 3.208750
0.270110 44.691600
0.270295 22.366700
0.270481 39.675800
0.270667 24.406100
0.270853 59.674900
0.271038 21.986200
0.271224 69.013500
0.271410 41.067600
0.271596 52.907500
0.271782 47.233200
0.271967 18.672300
0.272153 92.580500
0.272339 1.696530
0.272525 5.649170
0.272710 86.901300
0.273082 35.942000
0.273268 27.372600
0.273453 15.871600
0.273639 37.347400
0.273825 5.700480
0.274011 36.372800
0.274197 10.588600
0.274382 18.740500
0.274568 37.507400
0.274754 42.703100
0.274940 27.673200
0.275125 19.106400
0.275311 89.983500
0.275497 31.196000
0.275683 15.788200
0.275868 10.058800
0.276054 6.596450
0.276240 7.666110
0.276426 34.809600
0.276612 13.471800
0.276797 51.253200
0.276983 47.408600
0.277169 11.761700
0.277355 86.233500
0.277540 26.587900
0.277726 7.870990
0.277912 20.045600
0.278098 9.850810
0.278283 52.510900
0.278469 15.614800
0.278655 75.897900
0.278841 9.190470
0.279027 25.731200
0.279212 24.760200
0.279398 16.241200
0.279584 16.006100
0.279770 6.994710
0.279955 20.429000
0.280141 26.982100
0.280327 47.787500
0.280513 14.334100
0.280698 37.735400
0.280884 61.969100
0.281070 15.663000
0.281256 35.949900
0.281442 32.979500
0.281627 29.172300
0.281813 12.433900
0.281999 18.389300
0.282185 7.140250
0.282370 8.993560
0.282556 6.453600
0.282742 26.550700
0.282928 8.467760
0.283114 9.667990
0.283299 45.302500
0.283485 12.792600
0.283671 21.726900
0.283857 34.555500
0.284042 4.313240
0.284228 1.899850
0.284414 40.156300
0.285157 69.200400
0.285343 6.947320
0.285529 31.498900
0.285714 28.446700
0.285900 7.042500
0.286086 58.980000
0.286272 16.165800
0.286457 27.434000
0.286643 50.300800
0.286829 4.213580
0.287015 25.922800
0.287200 44.759000
0.287386 7.142110
0.287572 13.236700
0.287758 29.507500
0.287944 29.807300
0.288129 53.807600
0.288315 56.680700
0.288501 7.872160
0.288687 36.915900
0.288872 40.201600
0.289058 12.167400
0.289244 35.696400
0.289430 34.199100
0.289615 24.803100
0.289801 9.772550
0.289987 11.629400
0.290173 31.926700
0.290359 77.265400
0.290544 11.997100
0.290730 20.009400
0.290916 13.249900
0.291102 8.365110
0.291287 11.197800
0.291473 4.046870
0.291659 70.720100
0.291845 24.054800
0.292030 55.727200
0.292216 46.606300
0.292402 62.047500
0.292588 11.065700
0.292774 11.203300
0.292959 27.470000
0.293145 65.800500
0.293331 25.258500
0.293517 95.229700
0.293702 22.980400
0.293888 57.219200
0.294074 23.519000
0.294260 3.028340
0.294445 8.839120
0.294631 24.978100
0.294817 6.189080
0.295003 79.640700
0.295189 51.985100
0.295374 26.847600
0.295560 7.178680
0.295932 15.234100
0.296117 14.687100
0.296303 17.668900
0.296489 7.932770
0.296675 4.530970
0.296860 84.447000
0.297046 72.500200
0.297232 8.861650
0.297418 9.937690
0.297975 9.945950
0.298161 9.038600
0.298347 56.658300
0.298532 18.981600
0.298718 3.876940
0.298904 20.271700
0.299090 7.157050
0.299275 4.157730
0.299461 21.443800
0.299647 56.691200
0.299833 11.400300
0.300019 10.693600
0.300204 41.575500
0.300390 24.002200
0.300576 6.587720
0.300762 42.699000
0.300947 37.154100
0.301133 28.093400
0.301319 7.981830
0.301505 9.230030
0.301691 42.815500
0.301876 15.982400
0.302062 29.441700
0.302805 10.198600
0.302991 27.678600
0.303177 68.514700
0.303362 8.536310
0.303548 46.134000
0.303734 32.423700
0.303920 38.416600
0.304106 28.934500
0.304291 18.562300
0.304477 56.034300
0.304663 28.940300
0.304849 48.277500
0.305034 32.283600
0.305220 57.868400
0.305406 15.317700
0.305592 8.143730
0.305777 7.630520
0.305963 26.509800
0.306149 29.258100
0.306335 80.447000
0.306521 60.990900
0.306706 7.543840
0.306892 5.307860
0.307078 13.625700
0.307264 44.855800
0.307449 7.101540
0.307635 19.175000
0.307821 77.405000
0.308007 75.329200
0.308192 21.891800
0.308378 1.105570
0.308564 48.899900
0.308750 27.091300
0.308936 4.457270
0.309121 58.836200
0.309307 15.473000
0.309493 12.759300
0.309679 33.039600
0.309864 40.444200
0.310050 8.984010
0.310236 35.537000
0.310422 55.059700
0.310607 46.950000
0.310793 14.659900
0.310979 22.506500
0.311165 18.757900
0.311351 8.847980
0.311536 7.307100
0.311722 33.448800
0.311908 84.519000
0.312094 45.207700
0.312279 4.616050
0.312465 10.707400
0.312651 12.855700
0.312837 25.887000
0.313022 29.592100
0.313208 38.690400
0.313394 12.158900
0.313580 82.190200
0.313766 5.985700
0.313951 38.578900
0.314137 6.721160
0.314323 17.388300
0.314509 36.148000
0.314694 12.855900
0.314880 77.774200
0.315066 52.070000
0.315252 78.166000
0.315437 21.258600
0.315623 12.104200
0.315809 15.717700
0.315995 9.968000
0.316181 23.958700
0.316366 44.140800
0.316552 8.312140
0.316738 31.052800
0.316924 61.531200
0.317109 7.386700
0.317295 23.626900
0.319339 67.121200
0.319524 19.498500
0.319710 56.197400
0.319896 28.177400
0.320082 42.652600
0.320268 8.486990
0.320453 5.078710
0.320639 13.382300
0.320825 35.959000
0.321011 4.768330
0.321196 5.959630
0.321382 5.027530
0.321568 51.044100
0.321754 8.674910
0.321939 5.472380
0.322125 32.373400
0.322311 29.000800
0.322497 58.146900
0.322683 35.066600
0.322868 55.151000
0.323054 28.029600
0.323240 21.082900
0.323426 31.267700
0.323611 25.928500
0.323797 30.433600
0.323983 10.321900
0.324169 20.831600
0.324354 22.587700
0.324726 39.418300
0.324912 6.256360
0.325098 14.621600
0.325283 10.379700
0.325469 44.243000
0.325655 37.367800
0.325841 7.429800
0.326026 87.941500
0.326212 29.201900
0.326398 8.696090
0.326584 8.307050
0.326769 35.235200
0.326955 5.811400
0.327141 5.941070
0.327327 11.256800
0.327513 8.190970
0.327698 34.053300
0.327884 31.179800
0.328070 50.848300
0.328256 4.763680
0.328441 31.033100
0.328627 37.242600
0.328813 9.015430
0.328999 83.551400
0.329184 25.918700
0.329370 21.774600
0.329556 12.900100
0.329742 31.933300
0.329928 65.261200
0.330113 30.805100
0.330299 37.316600
0.330485 30.497300
0.330671 10.121200
0.330856 39.150500
0.331042 32.358900
0.331228 17.762300
0.331414 42.485800
0.331599 33.495100
0.331785 52.704300
0.331971 9.990540
0.332157 7.090730
0.332343 30.428800
0.332528 13.318400
0.332714 8.164490
0.332900 9.658190
0.333086 48.298500
0.333271 10.491600
0.333457 5.167100
0.333643 50.813800
0.333829 28.864000
0.334014 1.126430
0.334200 20.367900
0.334386 48.607700
0.334572 9.066260
0.334758 10.462900
0.334943 21.518100
0.335129 44.736400
0.335315 57.577200
0.335686 9.621300
0.335872 21.535000
0.336058 41.655200
0.336244 16.890200
0.336430 2.408400
0.336615 14.965100
0.336801 36.578400
0.336987 7.947460
0.337173 7.649290
0.337358 6.980890
0.337544 8.901660
0.337730 80.567500
0.337916 6.539630
0.338101 49.942000
0.338287 22.085100
0.338473 63.333400
0.338659 6.586790
0.338845 71.776000
0.339030 22.394100
0.339216 19.362900
0.339402 64.994400
0.339588 16.525600
0.339773 27.428600
0.339959 52.826700
0.340145 12.941100
0.340331 84.259900
0.340516 13.031300
0.340702 40.204900
0.340888 7.970110
0.341074 11.039300
0.341260 38.120100
0.341445 6.242120
0.341631 15.469300
0.341817 7.386600
0.342003 12.663800
0.342188 39.984100
0.342374 50.119000
0.342560 50.752400
0.342746 9.735160
0.342931 24.068700
0.343117 8.574670
0.343303 10.314300
0.343489 61.971300
0.343675 32.665800
0.343860 26.568100
0.344046 7.268270
0.344232 19.798300
0.344418 28.937700
0.344603 18.124100
0.344789 38.517800
0.344975 29.856400
0.345161 4.967140
0.345346 12.595400
0.345532 6.950760
0.345718 40.350300
0.345904 27.256300
0.346090 8.917280
0.346275 18.257700
0.346461 21.556400
0.346647 62.462700
0.346833 24.161300
0.347018 59.220700
0.347204 4.991940
0.347390 26.648900
0.347576 16.926700
0.347761 14.787100
0.347947 11.852300
0.348133 13.689000
0.348319 9.730260
0.348505 50.204800
0.348690 15.708600
0.348876 14.078000
0.349062 84.638200
0.349248 40.515700
0.349433 51.962500
0.349619 12.704700
0.349805 15.952200
0.349991 18.071300
0.350176 1.782860
0.350362 26.825800
0.350548 52.876500
0.350734 17.191400
0.350920 22.712300
0.351105 5.237720
0.351291 5.550090
0.351477 9.136400
0.351663 28.468000
0.351848 46.574400
0.352034 6.660320
0.352220 10.736000
0.352406 25.587800
0.354078 9.805800
0.354263 30.406600
0.354449 32.034700
0.354635 31.618900
0.354821 19.244200
0.355007 10.908500
0.355192 31.666700
0.355378 9.921500
0.355564 44.563700
0.355750 14.475400
0.355935 46.163900
0.356121 17.020300
0.356307 68.937200
0.356493 9.324470
0.356678 5.076620
0.356864 45.146000
0.357050 37.085100
0.357236 18.941700
0.357422 20.329700
0.357607 35.324700
0.357793 13.413400
0.357979 25.297400
0.358165 4.254790
0.358350 29.081100
0.358536 54.031100
0.358722 46.014500
0.358908 9.241570
0.359093 8.760580
0.359279 20.670700
0.359465 30.190800
0.359651 76.599900
0.359837 4.194100
0.360022 67.624700
0.360208 11.491400
0.360394 38.605800
0.360580 20.409700
0.360765 17.282200
0.360951 44.079000
0.361137 52.554100
0.361323 9.740940
0.361508 5.463700
0.361694 10.894400
0.361880 9.233910
0.362066 37.386300
0.362252 9.959870
0.362437 9.755530
0.362623 23.512300
0.362809 9.705720
0.362995 6.737660
0.363180 41.295300
0.363366 72.396900
0.363552 22.396100
0.363738 9.609070
0.363923 52.294700
0.364109 10.963600
0.364295 5.312520
0.364481 27.652100
0.364667 9.348880
0.364852 71.075700
0.365038 13.253800
0.365224 27.168200
0.365410 89.825200
0.365595 6.286880
0.365781 10.986300
0.365967 18.911300
0.366153 23.733600
0.366338 25.331900
0.366524 29.638300
0.366710 32.080800
0.366896 34.609200
0.367082 25.179400
0.367267 8.615410
0.367453 34.021700
0.367639 65.855200
0.367825 24.575200
0.368010 9.550780
0.368196 41.008100
0.368382 68.430300
0.368568 23.493100
0.368753 16.765000
0.368939 5.439470
0.369125 15.174900
0.369311 18.331600
0.369497 2.930510
0.369682 8.698270
0.369868 9.181970
0.370054 9.841820
0.370240 66.056300
0.370425 19.849700
0.370611 25.419000
0.370797 14.121000
0.370983 8.118340
0.371168 15.626800
0.371354 7.179040
0.371540 34.146000
0.371726 5.398290
0.371912 4.262930
0.372097 14.213400
0.372283 55.814400
0.372469 53.058700
0.372655 87.245200
0.372840 32.535400
0.373026 73.039400
0.373212 3.148110
0.373398 7.600380
0.373584 60.711600
0.373769 14.051500
0.373955 7.565820
0.374141 38.946700
0.374327 25.979800
0.374512 6.491500
0.374698 61.833500
0.374884 49.284000
0.375070 71.435100
0.375255 51.179200
0.375441 22.152400
0.375627 61.919900
0.375813 9.011980
0.375999 17.743600
0.376184 6.571260
0.376370 16.808200
0.376556 49.351100
0.376742 11.833000
0.376927 12.808300
0.377113 6.086050
0.377299 9.220650
0.377485 49.333500
0.377670 24.674200
0.377856 32.569800
0.378042 10.433400
0.378228 9.758920
0.378414 4.305890
0.378599 14.986200
0.378785 86.562400
0.378971 36.535500
0.379157 11.522600
0.379342 20.097700
0.379528 40.604300
0.379714 39.764400
0.379900 7.154740
0.380085 5.267210
0.380271 12.328500
0.380457 44.433100
0.380643 1.743870
0.380829 8.884990
0.381014 36.734500
0.381200 19.783700
0.381386 6.369140
0.381572 22.496200
0.381757 15.686200
0.381943 9.115370
0.382129 13.936700
0.382315 24.849000
0.382500 21.969800
0.382686 37.670600
0.382872 13.821300
0.383058 7.383940
0.383244 14.729900
0.383429 5.652490
0.383615 3.735570
0.383801 24.177500
0.383987 65.231200
0.384172 4.489020
0.384358 9.303770
0.384544 55.046000
0.384730 3.399270
0.384915 10.745000
0.385101 11.718900
0.385287 3.446760
0.385473 32.235400
0.385659 7.822210
0.385844 5.639810
0.386030 3.516410
0.386216 23.394800
0.386402 52.019300
0.386587 20.934300
0.386773 37.201400
0.386959 1.772780
0.387145 53.194900
0.387330 20.955300
0.387516 40.192400
0.387702 23.709300
0.387888 33.078300
0.388074 8.293760
0.388259 18.591600
0.388445 9.937950
0.388631 12.170100
0.388817 6.358440
0.389002 13.464600
0.389188 46.129800
0.389374 59.494000
0.389560 4.738950
0.389745 7.876610
0.389931 15.210500
0.390117 26.153600
0.390303 6.041120
0.390489 49.212700
0.390674 7.902300
0.390860 55.934600
0.391046 9.834640
0.391232 13.639800
0.391417 30.838000
0.391603 68.457100
0.391789 26.923500
0.391975 8.874010
0.392161 44.960100
0.392346 36.798300
0.392532 18.598600
0.392718 19.255400
0.392904 43.052300
0.393089 32.233000
0.393275 9.454180
0.393461 35.501600
0.393647 39.445800
0.393832 57.678400
0.394018 19.524700
0.394204 13.332200
0.394390 5.257800
0.394576 8.277330
0.394761 5.100860
0.394947 76.370200
0.395133 14.040600
0.395319 12.995000
0.395504 7.857670
0.395690 9.292960
0.395876 31.082600
0.396062 21.253700
0.396247 6.494460
0.396433 30.948500
0.396619 61.241300
0.396805 23.981700
0.396991 12.790200
0.397176 34.517000
0.397362 18.360000
0.397548 16.705000
0.397734 44.182200
0.397919 69.046900
0.398105 46.832400
0.398291 52.918000
0.398477 12.390200
0.398662 5.415050
0.398848 6.722300
0.399034 5.091270
0.399220 22.597700
0.399406 11.295400
0.399591 12.897700
0.399777 27.811200
0.399963 7.393780
0.400149 28.305700
0.400334 16.157100
0.400520 16.048200
0.400706 44.885400
0.400892 57.629400
0.401077 23.134000
0.401263 26.545500
0.401449 58.001700
0.401635 3.128690
0.401821 52.341900
0.402006 52.177800
0.402192 6.723850
0.402378 13.609900
0.402564 60.868100
0.402749 46.207500
0.402935 44.204100
0.403121 18.796700
0.403307 29.804000
0.403492 8.486220
0.403678 15.030200
0.403864 28.607000
0.404050 9.224880
0.404236 43.213900
0.404421 5.650900
0.404607 17.297200
0.404793 6.673450
0.404979 26.732200
0.405164 23.771500
0.405350 37.660200
0.405536 30.649500
0.405722 38.067500
0.405907 25.393600
0.406279 60.223700
0.406465 46.154400
0.406651 30.283200
0.406836 67.619500
0.407022 22.758400
0.407208 45.817300
0.407394 70.685100
0.407579 7.597360
0.407765 25.147900
0.407951 43.347100
0.408137 33.308400
0.408322 17.255900
0.408508 47.351600
0.408694 22.734400
0.408880 13.801600
0.409066 13.979000
0.409251 17.793800
0.409437 84.635500
0.409623 81.628700
0.409809 30.563500
0.409994 59.509900
0.410180 28.985900
0.410366 5.436320
0.410552 32.647600
0.410738 18.399100
0.410923 2.733740
0.411109 8.157830
0.411295 26.334200
0.411481 7.472460
0.411666 7.260000
0.411852 6.894530
0.412038 7.349740
0.412224 19.933800
0.412409 41.218000
0.412595 33.625300
0.412781 8.181620
0.412967 6.271080
0.413153 14.608800
0.413338 71.732500
0.413524 30.088800
0.413710 27.530100
0.413896 53.313800
0.414081 25.953100
0.414267 7.585940
0.414453 58.749000
0.414639 25.269500
0.414824 39.447200
0.415010 24.007100
0.415196 3.588390
0.415382 6.505390
0.415568 44.287500
0.415753 33.451600
0.415939 30.068300
0.416125 54.645500
0.416311 11.772700
0.416496 24.880100
0.416682 16.089200
0.416868 33.061800
0.417054 13.624000
0.417239 20.164500
0.417425 10.611100
0.417611 12.793100
0.417797 1.777470
0.417983 9.397000
0.418168 18.780000
0.418354 27.120500
0.418540 14.796200
0.418726 28.078000
0.418911 37.071900
0.419097 7.821360
0.419283 4.541990
0.419469 76.813800
0.419654 6.766240
0.419840 39.490600
0.420026 37.563100
0.420212 17.745000
0.420398 8.007520
0.420583 76.547500
0.420769 36.618800
0.420955 38.528700
0.421141 52.218100
0.421326 30.758000
0.421512 37.881500
0.421698 76.339300
0.421884 1.702700
0.422069 30.758400
0.422255 18.698900
0.422441 57.847300
0.422627 50.938300
0.422813 29.746400
0.422998 16.212700
0.423184 33.904400
0.423370 26.043500
0.423556 21.935000
0.423741 28.709400
0.423927 23.089100
0.424113 49.899000
0.424299 9.929060
0.424484 9.245560
0.424670 8.641900
0.424856 8.571840
0.425042 68.462100
0.425228 5.656620
0.425413 19.221400
0.425599 44.017700
0.425785 17.818900
0.425971 5.569540
0.426156 49.175600
0.426342 30.406100
0.426528 67.613100
0.426714 29.316700
0.426899 35.553000
0.427085 4.186330
0.427271 5.739090
0.427457 18.550100
0.427643 5.230450
0.427828 15.974000
0.428014 25.755800
0.428200 72.686600
0.428386 4.385600
0.428571 3.722650
0.428757 20.458800
0.428943 16.938300
0.429129 14.139100
0.429315 25.742800
0.429500 4.572880
0.429686 6.236390
0.429872 3.610100
0.430058 36.882900
0.430243 29.636900
0.430429 2.729140
0.430615 18.690100
0.430801 40.389800
0.430986 19.502400
0.431172 74.071800
0.431358 24.202000
0.431544 7.183160
0.431730 34.661700
0.431915 13.189200
0.432101 30.825900
0.432287 10.663200
0.432473 33.617700
0.432658 35.735600
0.432844 8.531720
0.433030 2.690570
0.433216 2.795470
0.433401 16.358300
0.433587 7.390450
0.433773 21.736300
0.433959 2.587870
0.434145 82.467300
0.434330 2.146930
0.434516 9.840520
0.434702 9.202180
0.434888 14.867100
0.435073 43.736800
0.435259 24.697700
0.435445 8.150390
0.435631 44.801200
0.435816 6.280760
0.436002 7.427960
0.436188 8.498780
0.436374 17.072900
0.436560 41.569400
0.436745 29.705600
0.436931 16.201900
0.437117 5.878520
0.437303 15.193100
0.437488 17.804800
0.437674 33.465000
0.437860 53.404700
0.438046 49.465700
0.438231 9.539700
0.438417 12.388200
0.438603 23.675600
0.438789 27.853500
0.438975 14.610400
0.439160 1.816240
0.439346 9.998750
0.439532 28.109100
0.439718 22.425200
0.439903 12.755400
0.440089 31.999300
0.440275 27.473400
0.440461 74.068400
0.440646 8.205760
0.440832 17.048100
0.441018 52.540200
0.441204 61.354500
0.441390 8.892340
0.441575 73.693800
0.441761 4.318670
0.441947 29.557800
0.442133 10.750300
0.442318 27.158100
0.442504 43.707600
0.442690 21.696300
0.442876 42.870700
0.443061 11.900800
0.443247 11.938500
0.443433 33.833700
0.443619 40.563300
0.443805 18.187200
0.443990 6.651330
0.444176 15.749100
0.444362 4.783560
0.444548 14.953900
0.444733 29.669800
0.444919 40.966400
0.445105 62.090400
0.445291 64.458200
0.445477 13.757500
0.445662 7.581150
0.445848 48.529100
0.446034 35.021300
0.446220 38.851400
0.446405 5.025490
0.446591 9.850020
0.446777 8.680450
0.446963 10.296600
0.447148 20.175100
0.447334 5.856200
0.447520 45.897200
0.447706 40.570900
0.447892 18.970300
0.448077 75.258000
0.448263 32.954700
0.448449 26.198700
0.448635 10.317600
0.448820 16.126500
0.449006 96.762600
0.449192 31.674200
0.449378 34.358600
0.449563 9.806200
0.449749 36.296100
0.449935 8.343970
0.450121 2.903750
0.450307 4.802240
0.450492 33.908100
0.450678 41.146300
0.450864 22.486000
0.451050 9.663100
0.451235 26.155500
0.451421 36.084800
0.451607 24.736600
0.451793 25.598500
0.451978 26.805500
0.452164 52.720600
0.452350 53.421000
0.452536 39.109500
0.452722 9.841940
0.452907 32.088500
0.453093 47.751300
0.453279 23.360900
0.453465 5.165980
0.453650 53.960200
0.453836 5.864240
0.454022 6.712560
0.454208 22.963900
0.454393 23.291000
0.454579 5.586030
0.454765 6.911170
0.454951 6.798170
0.455137 24.008400
0.455322 37.850100
0.455508 15.589900
0.455694 48.322300
0.455880 18.036100
0.456065 47.830700
0.456251 14.805800
0.456437 11.354700
0.456623 28.654000
0.456808 6.180220
0.456994 20.626000
0.457180 62.687800
0.457366 15.610400
0.457552 61.839000
0.457737 54.720000
0.457923 3.961690
0.458109 9.972640
0.458295 32.989800
0.458480 28.793400
0.458666 13.138500
0.458852 23.341700
0.459038 38.346100
0.459223 36.547800
0.459409 27.630900
0.459595 70.811100
0.459781 15.673500
0.459967 33.871900
0.460152 56.477200
0.460338 15.021100
0.460524 34.583100
0.460710 19.106700
0.460895 10.344400
0.461081 67.607900
0.461267 46.700800
0.461453 6.681650
0.461638 18.675700
0.461824 19.173900
0.462010 36.489500
0.462196 28.837300
0.462382 26.372200
0.462567 10.581700
0.462753 14.865700
0.462939 33.832000
0.463125 4.497550
0.463310 23.072800
0.463496 38.828600
0.463682 36.083600
0.463868 50.728900
0.464054 83.381000
0.464239 6.851580
0.464425 13.758100
0.464611 52.999400
0.464797 70.183700
0.464982 6.974320
0.465168 5.328310
0.465354 2.029670
0.465540 25.267300
0.465725 74.597800
0.465911 44.372300
0.466097 12.037700
0.466283 15.868400
0.466469 10.062900
0.466654 4.077030
0.466840 2.859870
0.467026 8.126780
0.467212 25.591800
0.467397 11.624400
0.467583 10.696000
0.467769 6.223240
0.467955 27.323000
0.468140 50.046000
0.468326 43.487300
0.468512 8.922860
0.468698 26.583500
0.468884 39.606000
0.469069 19.227500
0.469255 21.319900
0.469441 12.888100
0.469627 27.331300
0.469812 7.450940
0.469998 40.180800
0.470184 11.226100
0.470370 8.077610
0.470555 22.051000
0.470741 6.668340
0.470927 27.907700
0.471113 2.737790
0.471299 6.828180
0.471484 25.178300
0.471670 13.541000
0.471856 92.746300
0.472042 21.566800
0.472227 2.735830
0.472413 21.152800
0.472599 31.885900
0.472785 6.994850
0.472970 9.417000
0.473156 51.920200
0.473342 1.663130
0.473528 26.652700
0.473714 6.154090
0.473899 13.207400
0.474085 10.544300
0.474271 16.526300
0.474457 10.624600
0.474642 38.116700
0.474828 33.170700
0.475014 29.588800
0.475200 28.615000
0.475385 9.053530
0.475571 18.367700
0.475757 58.559900
0.475943 57.294100
0.476129 62.359400
0.476314 22.191000
0.476500 7.966820
0.476686 25.625100
0.476872 29.522600
0.477057 3.653860
0.477243 52.079900
0.477429 17.931300
0.477615 19.030500
0.477800 84.445600
0.477986 56.896700
0.478172 22.328800
0.478358 59.404200
0.478544 6.136730
0.478729 7.806110
0.478915 31.880200
0.479101 8.573780
0.479287 18.354400
0.479472 24.240200
0.479658 41.353200
0.479844 14.662400
0.480030 26.465400
0.480215 27.741100
0.480401 43.664000
0.480587 40.279000
0.480773 11.679100
0.480959 21.948000
0.481144 59.500700
0.481330 73.148500
0.481516 20.891900
0.481702 64.609600
0.481887 13.509400
0.482073 6.854790
0.482259 83.237200
0.482445 19.678300
0.482631 9.127030
0.482816 4.572860
0.483002 2.165770
0.483188 12.451300
0.483374 10.195900
0.483559 3.329390
0.483745 28.580100
0.483931 25.868000
0.484117 7.711720
0.484302 10.758300
0.484488 11.142600
0.484674 31.161900
0.484860 9.061500
0.485046 15.695700
0.485231 7.292970
0.485417 25.841100
0.485603 10.799200
0.485789 6.129570
0.485974 26.493900
0.486160 25.402600
0.486346 38.468800
0.486532 20.143700
0.486717 29.694500
0.486903 22.473000
0.487089 37.193500
0.487275 16.064600
0.487461 70.824600
0.487832 8.776500
0.488018 9.044370
0.488204 9.869270
0.488389 10.024400
0.488575 14.282200
0.488761 39.941700
0.488947 43.819700
0.489132 16.496500
0.489318 13.851700
0.489504 75.218400
0.489690 16.847500
0.489876 28.290900
0.490061 22.938100
0.490247 18.896200
0.490433 13.147000
0.490619 20.105500
0.490804 30.493700
0.490990 6.732190
0.491176 6.671560
0.491362 13.758800
0.491547 46.717400
0.491733 5.525820
0.491919 45.965300
0.492105 19.066500
0.492291 6.769410
0.492476 11.936600
0.492662 57.672600
0.492848 7.008020
0.493034 9.369750
0.493219 55.497900
0.493591 30.019500
0.493777 62.355700
0.493962 18.352600
0.494148 76.052400
0.494334 13.734200
0.494520 52.947900
0.494706 52.381100
0.494891 67.040100
0.495077 6.497870
0.495263 80.127600
0.495449 11.162300
0.495634 16.973100
0.495820 14.478500
0.496006 6.288130
0.496192 17.288000
0.496377 9.429550
0.496563 30.301500
0.496749 44.052900
0.496935 5.644730
0.497121 18.392100
0.497306 41.235200
0.497492 66.332400
0.497678 8.037810
0.497864 9.220700
0.498049 2.193590
0.498235 11.145300
0.498421 11.653300
0.498607 29.102900
0.498792 83.794000
0.498978 1.770030
0.499164 52.489400
0.499350 26.889400
0.499536 30.335400
0.499721 18.659200
0.499907 11.000200
0.500093 60.169200
0.500279 54.726400
0.500464 8.787510
0.500650 4.676630
0.500836 26.790700
0.501022 9.343790
0.501208 45.509300
0.501393 30.988100
0.501579 32.883300
0.501765 4.841640
0.501951 8.287470
0.502136 28.401500
0.502322 13.462600
0.502508 2.084950
0.502694 8.336630
0.502879 24.146800
0.503065 63.772500
0.503251 38.828400
0.503437 10.408100
0.503623 7.638420
0.503808 12.997500
0.503994 9.011500
0.504180 46.191200
0.504366 7.584640
0.504551 2.186780
0.504737 9.162190
0.504923 2.175660
0.505109 7.885950
0.505294 6.033570
0.505480 12.547000
0.505666 7.901270
0.505852 3.558040
0.506038 52.945400
0.506223 12.383600
0.506409 86.587500
0.506595 12.039100
0.506781 7.741000
0.506966 19.409900
0.507152 65.628400
0.507338 9.971950
0.507524 6.013190
0.507709 38.267700
0.507895 25.874100
0.508081 8.855770
0.508267 18.685200
0.508453 63.773100
0.508638 3.081190
0.508824 4.674280
0.509010 1.714910
0.509196 8.227820
0.509381 5.248070
0.509567 54.014700
0.509753 38.912300
0.509939 16.725300
0.510124 76.872800
0.510310 35.540400
0.510496 54.543700
0.510682 67.916600
0.510868 5.367580
0.511053 11.529300
0.511239 16.764900
0.511425 38.743900
0.511611 37.408500
0.511796 5.884350
0.511982 55.614000
0.512168 22.558900
0.512354 53.344500
0.512539 6.335660
0.512725 9.671840
0.512911 6.001750
0.513097 9.509930
0.513283 8.628290
0.513468 9.686480
0.513654 63.282100
0.513840 16.550400
0.514026 17.499300
0.514211 6.631610
0.514397 22.737200
0.514583 14.611700
0.514769 8.484710
0.514954 59.898400
0.515140 17.293600
0.515326 8.131480
0.515512 2.725380
0.515698 10.934500
0.515883 24.832800
0.516069 22.045300
0.516255 7.781630
0.516441 5.322410
0.516626 40.635200
0.516812 8.198780
0.516998 70.415200
0.517184 5.491710
0.517369 4.198470
0.517555 6.278390
0.517741 33.495200
0.517927 51.386500
0.518113 8.351470
0.518298 1.941680
0.518484 39.499600
0.518670 30.649200
0.518856 9.947940
0.519041 21.332400
0.519227 27.184500
0.519413 15.714400
0.519599 16.659300
0.519785 10.987300
0.519970 6.634500
0.520156 8.428750
0.520342 28.745900
0.520528 25.655600
0.520713 22.398500
0.520899 7.052000
0.521085 15.753200
0.521271 34.230300
0.521456 23.702700
0.521642 23.342700
0.521828 83.623400
0.522014 20.090000
0.522200 51.808400
0.522385 27.190500
0.522571 54.017600
0.522757 23.919000
0.522943 25.323200
0.523128 35.104000
0.523314 14.222100
0.523500 13.746000
0.523686 13.285600
0.523871 55.721400
0.524057 30.645100
0.524243 8.488400
0.524429 51.352900
0.524615 5.519380
0.524800 5.254150
0.524986 25.760700
0.525172 8.053830
0.525358 14.271700
0.525543 47.647300
0.525729 8.268900
0.525915 53.530900
0.526101 57.299200
0.526286 28.658000
0.526472 6.175600
0.526658 11.573400
0.526844 10.612100
0.527030 18.362500
0.527215 53.312000
0.527401 20.346600
0.527587 5.136100
0.527773 51.745200
0.527958 23.488600
0.528144 37.678800
0.528330 4.570490
0.528516 6.033990
0.528701 42.639600
0.528887 9.011820
0.529073 19.167800
0.529259 8.000180
0.529445 45.478600
0.529630 43.858200
0.529816 19.524800
0.530002 33.744100
0.530188 32.313000
0.530373 9.696790
0.530559 12.089200
0.530745 30.681500
0.530931 7.319620
0.531116 23.321600
0.531302 10.113800
0.531488 15.094300
0.531674 20.029600
0.531860 5.542080
0.532045 46.185800
0.532231 47.727100
0.532417 29.872800
0.532603 7.161280
0.532788 6.384300
0.532974 40.063600
0.533160 18.858700
0.533346 9.795630
0.533531 39.003500
0.533717 65.090900
0.533903 35.683600
0.534089 19.320700
0.534275 5.816220
0.534460 16.511000
0.534646 5.018540
0.534832 8.189800
0.535018 37.324100
0.535203 32.792500
0.535389 82.493800
0.535575 55.679400
0.535761 26.245300
0.535946 24.544600
0.536132 63.132200
0.536318 33.701000
0.536504 7.686590
0.536690 9.444630
0.536875 41.562700
0.537061 35.213400
0.537247 3.481700
0.537433 6.130900
0.537618 11.850300
0.537804 13.090200
0.537990 61.544800
0.538176 50.875800
0.538362 3.262640
0.538547 10.375700
0.538733 35.712300
0.538919 16.142400
0.539105 21.752700
0.539290 33.009000
0.539476 11.362000
0.539662 28.650100
0.539848 63.285200
0.540033 4.050700
0.540219 18.155300
0.540405 77.164900
0.540591 7.026980
0.540777 10.066300
0.540962 71.515200
0.541148 9.228640
0.541334 38.296200
0.541520 42.125200
0.541705 29.874400
0.541891 13.383200
0.542077 11.425000
0.542263 64.995600
0.542448 53.098400
0.542634 22.066500
0.542820 16.436700
0.543006 7.595050
0.543192 47.756700
0.543377 7.340390
0.543563 32.288700
0.543749 1.678090
0.543935 60.346300
0.544120 40.411300
0.544306 48.709600
0.544492 9.402200
0.544678 54.061400
0.544863 4.527940
0.545049 32.346200
0.545235 4.443790
0.545421 8.996040
0.545607 23.368200
0.545792 38.306900
0.545978 7.399020
0.546164 4.248650
0.546350 12.243500
0.546535 72.059100
0.546721 17.881000
0.546907 12.807800
0.547093 62.984100
0.547278 57.900000
0.547464 7.380560
0.547650 4.063510
0.547836 9.778960
0.548022 35.972700
0.548207 62.443700
0.548393 57.726400
0.548579 33.659300
0.548765 22.845200
0.548950 8.022630
0.549136 8.774950
0.549322 1.787640
0.549508 47.164300
0.549693 17.197000
0.549879 3.787190
0.550065 11.279500
0.550251 12.563400
0.550437 19.414100
0.550622 34.857500
0.550808 5.392230
0.550994 37.286000
0.551180 8.728240
0.551365 55.878100
0.551551 17.483200
0.551737 18.739300
0.551923 28.841600
0.552108 14.124400
0.552294 55.883800
0.552480 9.440930
0.552666 27.675900
0.552852 37.125000
0.553037 10.078900
0.553223 7.631490
0.553409 15.832300
0.553595 26.878500
0.553780 54.934300
0.553966 65.612500
0.554152 66.832100
0.554338 8.777260
0.554523 8.426110
0.554709 2.105750
0.554895 9.261810
0.555081 36.003500
0.555267 33.438400
0.555452 51.806000
0.555638 16.799700
0.555824 9.320770
0.556010 10.033900
0.556195 9.347900
0.556381 10.981700
0.556567 25.075600
0.556753 21.540000
0.556939 42.723600
0.557124 47.442300
0.557310 45.632900
0.557496 18.811900
0.557682 47.599800
0.558053 6.581800
0.558239 6.966340
0.558425 7.226120
0.558610 15.117700
0.558796 79.210300
0.558982 49.491600
0.559168 12.908900
0.559354 36.104800
0.559539 11.019100
0.559725 32.051900
0.559911 22.658000
0.560097 25.640700
0.560282 10.018200
0.560468 47.156200
0.560654 23.134800
0.560840 20.855300
0.561025 49.512900
0.561211 27.425800
0.561397 22.245700
0.561583 30.382400
0.561769 13.584900
0.561954 27.579200
0.562140 27.364600
0.562326 30.438800
0.562512 10.233500
0.562697 34.054200
0.562883 27.459900
0.563069 7.188460
0.563255 30.257900
0.563440 32.306200
0.563626 19.535900
0.563812 24.790200
0.563998 59.146500
0.564184 14.093400
0.564369 21.058200
0.564555 26.543500
0.564741 14.969500
0.564927 28.565600
0.565112 45.224500
0.565298 37.062300
0.565484 14.297600
0.565670 20.968400
0.565855 35.828900
0.566041 22.844700
0.566227 60.251000
0.566413 25.141400
0.566599 15.905400
0.566784 30.546300
0.566970 11.263000
0.567156 16.946700
0.567342 20.467900
0.567527 61.938700
0.567713 21.657300
0.567899 35.969700
0.568085 49.789600
0.568270 4.756140
0.568456 5.785140
0.568642 61.011000
0.568828 8.701660
0.569014 28.771200
0.569199 39.355000
0.569385 41.664800
0.569571 18.054000
0.569757 20.545300
0.569942 37.682500
0.570128 15.877000
0.570314 73.691400
0.570500 43.489600
0.570685 40.257900
0.570871 22.177600
0.571057 24.198700
0.571243 19.078000
0.571429 10.944500
0.571614 7.869310
0.571800 55.386500
0.571986 4.180220
0.572172 6.499720
0.572357 54.386500
0.572543 14.958900
0.572729 23.391200
0.572915 30.702700
0.573101 90.795900
0.573286 10.034100
0.573472 12.897600
0.573658 20.076800
0.573844 34.355100
0.574029 31.912600
0.574215 23.048200
0.574401 48.128100
0.574587 25.792300
0.574772 18.417200
0.574958 10.515300
0.575144 8.107510
0.575330 4.079670
0.575516 8.147430
0.575701 10.766100
0.575887 7.975060
0.576073 38.072700
0.576259 10.221700
0.576444 17.058100
0.576630 8.998480
0.576816 10.567000
0.577002 38.361300
0.577187 6.665820
0.577373 69.866900
0.577559 10.015300
0.577745 51.635000
0.577931 29.779600
0.578116 38.146300
0.578302 7.759260
0.578488 50.840400
0.578674 20.036700
0.578859 15.720500
0.579045 43.378200
0.579231 15.934200
0.579417 9.156460
0.579602 31.479800
0.579788 21.098500
0.579974 40.058000
0.580160 9.855020
0.580346 30.760400
0.580531 51.765800
0.580717 36.843700
0.581089 13.977100
0.581274 20.921500
0.581460 35.042500
0.581646 26.420800
0.581832 20.896800
0.582017 3.985090
0.582203 75.509400
0.582389 19.362200
0.582575 20.729400
0.582761 37.796000
0.582946 13.215400
0.583132 26.947200
0.583318 51.817400
0.583504 56.614500
0.583689 41.674300
0.583875 11.365200
0.584061 17.868400
0.584247 42.364200
0.584432 26.166200
0.584618 27.050700
0.584804 19.908700
0.584990 11.816300
0.585176 60.478900
0.585361 18.493100
0.585547 23.253400
0.585733 4.245260
0.585919 31.557600
0.586104 21.679200
0.586290 34.602000
0.586476 18.266500
0.586662 7.720240
0.586847 63.025000
0.587033 2.468300
0.587219 15.582700
0.587405 8.116780
0.587591 11.782300
0.587776 4.824630
0.587962 23.724800
0.588148 23.775000
0.588334 28.274600
0.588519 30.601500
0.588705 78.948400
0.588891 8.361470
0.589077 53.367100
0.589262 22.471900
0.589448 7.386690
0.589634 57.110400
0.589820 9.769330
0.590006 8.069740
0.590191 31.280700
0.590377 9.593630
0.590563 61.392300
0.590749 12.779500
0.590934 8.760270
0.591120 18.477500
0.591306 5.579490
0.591492 13.052200
0.591678 62.943000
0.591863 32.304500
0.592049 41.870300
0.592235 22.193400
0.592421 9.215370
0.592606 14.194600
0.592792 7.990690
0.592978 3.699700
0.593164 58.740900
0.593349 10.281700
0.593535 10.176300
0.593721 24.550400
0.593907 46.677800
0.594093 14.633800
0.594278 13.210700
0.594464 9.161440
0.594650 32.462100
0.594836 32.365000
0.595021 28.137200
0.595207 46.551200
0.595393 48.671800
0.595579 10.422600
0.595764 47.653900
0.595950 11.358000
0.596136 5.334950
0.596322 19.974300
0.596508 18.126100
0.596693 19.659200
0.596879 7.918420
0.597065 9.208040
0.597436 23.790300
0.597622 8.299540
0.597808 11.117500
0.597994 8.735170
0.598179 8.665800
0.598365 3.121730
0.598551 24.264500
0.598737 14.743100
0.598923 55.322100
0.599108 36.759200
0.599294 35.207800
0.599480 34.754700
0.599666 77.869200
0.599851 66.129500
0.600037 48.987400
0.600223 22.114900
0.600409 45.297400
0.600594 36.821300
0.600780 3.864790
0.600966 25.817100
0.601152 81.476000
0.601338 26.812500
0.601523 18.273800
0.601709 8.826020
0.601895 18.871500
0.602081 9.130990
0.602266 4.816970
0.602452 47.979300
0.602638 12.049800
0.602824 8.030180
0.603009 7.975630
0.603195 24.640800
0.603381 16.571000
0.603567 5.724080
0.603753 78.510100
0.603938 8.072550
0.604124 6.598710
0.604310 53.066400
0.604496 49.826800
0.604681 18.345100
0.604867 12.366500
0.605053 5.419370
0.605239 8.672560
0.605424 21.303800
0.605610 24.434700
0.605796 13.521500
0.605982 22.840200
0.606168 27.810700
0.606353 84.169600
0.606539 9.020350
0.606725 26.372700
0.606911 45.607300
0.607096 15.405300
0.607282 22.782900
0.607468 28.522200
0.607654 57.198600
0.607839 30.898900
0.608025 29.260500
0.608211 84.464800
0.608397 9.659370
0.608583 40.331200
0.608768 65.663500
0.608954 34.967400
0.609140 9.952990
0.609326 33.350100
0.609511 27.183500
0.609697 41.151700
0.609883 14.226400
0.610069 52.278400
0.610255 8.245640
0.610440 60.132000
0.610626 18.868200
0.610812 15.059000
0.610998 7.904700
0.611183 27.516700
0.611369 33.424700
0.611555 41.732000
0.611741 3.544660
0.611926 5.142340
0.612112 18.309500
0.612298 61.872800
0.612484 24.319100
0.612670 25.896300
0.612855 9.535940
0.613041 4.015470
0.613227 52.730600
0.613413 35.707300
0.613598 34.830900
0.613784 1.706970
0.613970 8.457570
0.614156 7.791450
0.614341 72.540100
0.614527 9.727480
0.614713 11.000000
0.614899 35.008000
0.615085 16.870900
0.615270 17.448000
0.615456 16.494500
0.615642 57.116000
0.615828 18.504500
0.616013 52.554500
0.616199 11.595300
0.616385 8.084270
0.616571 43.973700
0.616756 6.811310
0.616942 11.155300
0.617128 10.699300
0.617314 7.212390
0.617500 57.679400
0.617685 32.819700
0.617871 55.252900
0.618057 69.269400
0.618243 6.854520
0.618428 23.265000
0.618614 28.736000
0.618800 39.028900
0.618986 7.175990
0.619171 6.211950
0.619357 25.466100
0.619543 17.322700
0.619729 35.018100
0.619915 47.538600
0.620100 26.892500
0.620286 2.646330
0.620472 25.809200
0.620658 15.289900
0.620843 75.942000
0.621029 1.835490
0.621215 6.777100
0.621401 22.892100
0.621586 45.023400
0.621772 27.257400
0.621958 10.145000
0.622144 6.843740
0.622330 3.052210
0.622515 57.767700
0.622701 35.418600
0.622887 8.883030
0.623073 13.034000
0.623258 23.738500
0.623444 55.115800
0.623630 26.307400
0.623816 4.846400
0.624001 15.826000
0.624187 27.458400
0.624373 16.585500
0.624559 6.461980
0.624745 71.717300
0.624930 32.769800
0.625116 48.414500
0.625302 21.049100
0.625488 40.202200
0.625673 46.832600
0.625859 14.884600
0.626045 7.224950
0.626231 17.771500
0.626416 1.737700
0.626602 41.758200
0.626788 28.398500
0.626974 8.833070
0.627160 15.269400
0.627345 25.212300
0.627531 55.941300
0.627717 38.228900
0.627903 23.035800
0.628088 48.277800
0.628274 29.674900
0.628460 53.655600
0.628646 29.396400
0.628832 20.471800
0.629017 47.847400
0.629203 55.224600
0.629389 9.558020
0.629575 16.250100
0.629760 12.979000
0.629946 9.913450
0.630132 44.371400
0.630318 62.311000
0.630503 80.003600
0.630689 77.064200
0.630875 45.193400
0.631061 29.440400
0.631247 9.767670
0.631432 5.138710
0.631618 16.211500
0.631804 50.023500
0.631990 8.700570
0.632175 8.601630
0.632361 4.662070
0.632547 6.154670
0.632733 60.121900
0.632918 11.553700
0.633104 15.415600
0.633290 11.582200
0.633476 38.468900
0.633662 3.294310
0.633847 18.131200
0.634033 58.891900
0.634219 18.090400
0.634405 7.488040
0.634590 30.667300
0.634776 20.917800
0.634962 23.239300
0.635148 7.957900
0.635333 6.515880
0.635519 14.126500
0.635705 19.109200
0.635891 10.249700
0.636077 33.719600
0.636262 5.562460
0.636448 6.570100
0.636634 21.787800
0.636820 40.359800
0.637005 30.909900
0.637191 8.965870
0.637377 17.678900
0.637563 61.507600
0.637748 6.699370
0.637934 27.491000
0.638120 38.439000
0.638306 20.273700
0.638492 14.517200
0.638677 17.679500
0.638863 70.780200
0.639049 11.563200
0.639235 19.007800
0.639420 56.968800
0.639606 19.305800
0.639792 71.051800
0.639978 27.969600
0.640163 7.384800
0.640349 70.750400
0.640535 16.432400
0.640721 16.641300
0.640907 9.940250
0.641092 27.860100
0.641278 10.965200
0.641464 49.379200
0.641650 7.855160
0.641835 25.750700
0.642021 20.107600
0.642207 29.950200
0.642393 16.635700
0.642578 20.336500
0.642764 2.997750
0.642950 43.090200
0.643136 8.055640
0.643322 9.474130
0.643507 52.526300
0.643693 16.953700
0.643879 7.866480
0.644065 8.554140
0.644250 60.941300
0.644436 18.263100
0.644622 41.273300
0.644808 7.839730
0.644993 9.214990
0.645179 31.119000
0.645365 42.016800
0.645551 38.978000
0.645737 43.645600
0.645922 7.534730
0.646108 11.596100
0.646294 49.254600
0.646480 50.203100
0.646665 6.955310
0.646851 38.713100
0.647037 59.955800
0.647223 23.644200
0.647409 30.355000
0.647594 75.463300
0.647780 9.736860
0.647966 47.818700
0.648152 4.051680
0.648337 9.000320
0.648523 48.542600
0.648709 8.564230
0.648895 21.657400
0.649080 10.692900
0.649266 23.169600
0.649452 34.696200
0.649638 31.390300
0.649824 70.868100
0.650009 30.630700
0.650195 8.940560
0.650381 36.559900
0.650567 22.532800
0.650752 2.140880
0.650938 19.473200
0.651124 85.238900
0.651310 7.217440
0.651495 9.597380
0.651681 68.769000
0.651867 44.614300
0.652053 8.889220
0.652239 8.341070
0.652424 29.303100
0.652610 22.438600
0.652796 83.131100
0.652982 18.039500
0.653167 9.772010
0.653353 12.598300
0.653539 14.453600
0.653725 43.538700
0.653910 22.751200
0.654096 28.731300
0.654282 18.517900
0.654468 29.196300
0.654654 29.685100
0.654839 11.155400
0.655025 5.497050
0.655211 16.893200
0.655397 17.523900
0.655582 42.632700
0.655768 19.004200
0.655954 86.334200
0.656140 23.589200
0.656325 19.262800
0.656511 29.474900
0.656697 14.695500
0.656883 8.622420
0.657069 33.231400
0.657254 35.516400
0.657440 26.694300
0.657626 3.151460
0.657812 86.618700
0.657997 15.187100
0.658183 15.051600
0.658369 10.440800
0.658555 6.197310
0.658740 49.673700
0.658926 50.221700
0.659112 32.178200
0.659298 18.101300
0.659484 29.155400
0.659669 56.888600
0.659855 31.184400
0.660041 30.090300
0.660227 87.100000
0.660412 41.556400
0.660598 41.187100
0.660784 30.074200
0.660970 20.293100
0.661155 15.802000
0.661341 39.321700
0.661527 24.334100
0.661713 75.020900
0.661899 55.190400
0.662084 9.635700
0.662270 21.102000
0.662456 30.338300
0.662642 13.406100
0.662827 8.040810
0.663013 8.625540
0.663199 28.341500
0.663385 6.895940
0.663570 28.444200
0.663756 25.816500
0.663942 36.752600
0.664128 23.908100
0.664314 4.978760
0.664499 5.361130
0.664685 13.759400
0.664871 48.602500
0.665057 34.525300
0.665242 21.505200
0.665428 6.063940
0.665614 41.766400
0.665800 18.421300
0.665986 8.363440
0.666171 9.446200
0.666357 9.336100
0.666543 27.531000
0.666729 50.368400
0.666914 55.055300
0.667100 35.614500
0.667286 46.070200
0.667472 22.410600
0.667657 9.021820
0.667843 29.930100
0.668029 7.424520
0.668215 73.655600
0.668401 16.575200
0.668586 71.601400
0.668772 21.652500
0.668958 8.162510
0.669144 7.977720
0.669329 28.139400
0.669515 43.372200
0.669701 24.403800
0.669887 5.717540
0.670072 12.969900
0.670258 9.576340
0.670444 5.844260
0.670630 31.014900
0.670816 33.663000
0.671001 12.282500
0.671187 13.916900
0.671373 5.806320
0.671559 5.852130
0.671744 41.910600
0.671930 93.622100
0.672116 5.096760
0.672302 6.906860
0.672487 4.676410
0.672673 33.812400
0.672859 20.263100
0.673045 9.009380
0.673231 20.441300
0.673416 43.933600
0.673602 26.335800
0.673788 4.787690
0.673974 23.561000
0.674159 35.164100
0.674345 50.653500
0.674531 3.187040
0.674717 6.009070
0.674902 17.878200
0.675088 40.208400
0.675274 20.187500
0.675460 8.310770
0.675646 39.698900
0.675831 54.948900
0.676017 57.974600
0.676203 10.712400
0.676389 11.286800
0.676574 45.697700
0.676760 52.862700
0.676946 24.707200
0.677132 68.772300
0.677317 35.740300
0.677503 14.652600
0.677689 13.753700
0.677875 34.544100
0.678061 43.423100
0.678246 10.580000
0.678432 34.082000
0.678618 25.256900
0.678804 16.285300
0.678989 14.368100
0.679175 57.585200
0.679361 8.044790
0.679547 7.244380
0.679732 40.383600
0.679918 88.531500
0.680104 54.488500
0.680290 40.446400
0.680476 7.460680
0.680661 24.873300
0.680847 21.007600
0.681033 26.703500
0.681219 8.262330
0.681404 7.305890
0.681590 28.885500
0.681776 7.570540
0.681962 37.160500
0.682148 25.466000
0.682333 7.286180
0.682519 18.111100
0.682705 63.696100
0.682891 63.340800
0.683076 12.886300
0.683262 21.054000
0.683448 5.344390
0.683634 9.803400
0.683819 24.132800
0.684005 31.135300
0.684191 6.641270
0.684377 30.269400
0.684563 13.836400
0.684748 12.208200
0.684934 17.011000
0.685120 9.745460
0.685306 7.029270
0.685491 19.465600
0.685677 5.289050
0.685863 26.861800
0.686049 50.815300
0.686234 34.458800
0.686420 31.710700
0.686606 30.454100
0.686792 18.517300
0.686978 27.135400
0.687163 59.469900
0.687349 19.004700
0.687535 9.298310
0.687721 6.334910
0.687906 6.223260
0.688092 27.328700
0.688278 20.961200
0.688464 11.668900
0.688649 51.549300
0.688835 8.684580
0.689021 14.421000
0.689207 4.644310
0.689393 60.491800
0.689578 6.671370
0.689764 22.975500
0.689950 50.552400
0.690136 51.775900
0.690321 11.643600
0.690507 2.621930
0.690693 22.088900
0.690879 25.094700
0.691064 8.019660
0.691250 9.679180
0.691436 17.046500
0.691622 33.469400
0.691808 43.161400
0.691993 8.752060
0.692179 80.975200
0.692365 22.249500
0.692551 18.068200
0.692736 13.412900
0.692922 8.573220
0.693108 51.559300
0.693294 18.873800
0.693479 52.322300
0.693665 12.153900
0.693851 42.584500
0.694037 27.498300
0.694223 10.320100
0.694408 5.916230
0.694594 4.638100
0.694780 77.834900
0.694966 19.130900
0.695151 32.888000
0.695337 27.158200
0.695523 6.541060
0.695709 7.647100
0.695894 91.959000
0.696080 20.574800
0.696266 6.773960
0.696452 44.952500
0.696638 34.594700
0.696823 35.212600
0.697009 17.977300
0.697195 4.678380
0.697381 10.507500
0.697566 5.119020
0.697752 30.918600
0.697938 79.895200
0.698124 43.731600
0.698309 9.826930
0.698495 18.481000
0.698681 16.984800
0.698867 22.267700
0.699053 59.433500
0.699238 52.090300
0.699424 33.466000
0.699610 23.052700
0.699796 4.290260
0.699981 22.008100
0.700167 1.678230
0.700353 36.896600
0.700539 3.579190
0.700725 37.576300
0.700910 28.359200
0.701096 7.700910
0.701282 11.233100
0.701468 18.173200
0.701653 41.357200
0.701839 9.041890
0.702025 22.543100
0.702211 8.648870
0.702396 61.964900
0.702582 6.672780
0.702768 5.968300
0.702954 26.895000
0.703140 53.560000
0.703325 5.758900
0.703511 13.275800
0.703697 28.748400
0.703883 29.109600
0.704068 41.958800
0.704254 7.805290
0.704440 27.479900
0.704626 33.151200
0.704811 27.004000
0.704997 71.727500
0.705183 23.471000
0.705369 89.981000
0.705555 13.036500
0.705740 7.350290
0.705926 48.389800
0.706112 34.229700
0.706298 15.536200
0.706483 1.676420
0.706669 60.458700
0.706855 33.142900
0.707041 21.601500
0.707226 24.770400
0.707412 22.597100
0.707598 5.365270
0.707784 5.296530
0.707970 45.770200
0.708155 88.425900
0.708341 74.511800
0.708527 22.577400
0.708713 5.043500
0.708898 69.104800
0.709084 72.750800
0.709270 26.515000
0.709456 46.047400
0.709641 15.394500
0.709827 8.485410
0.710013 18.232700
0.710199 34.605800
0.710385 15.825700
0.710570 16.239100
0.710756 4.900010
0.710942 16.956800
0.711128 10.672700
0.711313 3.861680
0.711499 2.861690
0.711685 6.645990
0.711871 16.778100
0.712056 19.676100
0.712242 28.790000
0.712428 8.551170
0.712614 18.817200
0.712800 40.338800
0.712985 32.264600
0.713171 40.242300
0.713357 7.896870
0.713543 8.789420
0.713728 27.268900
0.713914 25.657400
0.714100 11.639500
0.714286 37.072400
0.714471 10.439600
0.714657 50.917800
0.714843 44.889200
0.715029 25.922600
0.715215 21.274400
0.715400 24.310300
0.715586 40.188400
0.715772 48.785100
0.715958 30.942900
0.716143 29.628700
0.716329 6.180790
0.716515 18.108500
0.716701 11.170400
0.716886 6.872470
0.717072 78.428800
0.717258 33.975700
0.717444 15.045100
0.717630 24.159900
0.717815 25.849100
0.718001 7.388070
0.718187 54.266900
0.718373 48.667400
0.718558 7.313360
0.718744 5.020420
0.718930 10.242200
0.719116 16.363400
0.719302 65.206200
0.719487 18.732300
0.719673 17.755000
0.719859 4.131940
0.720045 34.031400
0.720230 34.802300
0.720416 13.198600
0.720602 21.643200
0.720788 10.111200
0.720973 31.112200
0.721159 31.644700
0.721345 6.851340
0.721531 17.259000
0.721717 15.910000
0.721902 2.712920
0.722088 7.652590
0.722274 49.006200
0.722460 7.194560
0.722645 49.923800
0.722831 6.508950
0.723017 3.812170
0.723203 24.024100
0.723388 75.879700
0.723574 5.114850
0.723760 8.807570
0.723946 73.048600
0.724132 48.614800
0.724317 3.301970
0.724503 9.891960
0.724689 29.508500
0.724875 28.391100
0.725060 9.947660
0.725246 65.523400
0.725432 22.987100
0.725618 8.995150
0.725803 14.506900
0.725989 21.020300
0.726175 76.745300
0.726361 84.201600
0.726547 38.759500
0.726732 52.212400
0.726918 21.105600
0.727104 8.844540
0.727290 60.589000
0.727475 32.782600
0.727661 26.900300
0.727847 25.128300
0.728033 15.527600
0.728218 18.086700
0.728404 35.279700
0.728590 36.209000
0.728776 33.138700
0.728962 33.287600
0.729147 38.409200
0.729333 11.412900
0.729519 9.676650
0.729705 28.592800
0.729890 6.178520
0.730076 35.836700
0.730262 83.852700
0.730448 20.461100
0.730633 15.215300
0.730819 16.501700
0.731005 7.884130
0.731191 15.611500
0.731377 3.643490
0.731562 23.812500
0.731748 74.375200
0.731934 10.443200
0.732120 21.059000
0.732305 58.166400
0.732491 85.891700
0.732677 36.470600
0.732863 23.748300
0.733048 57.680000
0.733234 87.918400
0.733420 40.122200
0.733606 84.324700
0.733792 19.250500
0.733977 34.840200
0.734163 44.051200
0.734349 23.323000
0.734535 8.455920
0.734720 46.605400
0.734906 7.921010
0.735092 79.046700
0.735278 24.004000
0.735463 15.165000
0.735649 17.376700
0.735835 79.705300
0.736021 5.016790
0.736207 49.102800
0.736392 50.802200
0.736578 27.298200
0.736764 4.915180
0.736950 33.584100
0.737135 44.264400
0.737321 19.075500
0.737507 24.675500
0.737693 23.442700
0.737879 12.290000
0.738064 23.515200
0.738250 12.894900
0.738436 35.612400
0.738622 23.910100
0.738807 6.933810
0.738993 57.038200
0.739179 53.379300
0.739365 61.651300
0.739550 57.189400
0.739736 5.593960
0.739922 6.721940
0.740108 23.239900
0.740294 32.305100
0.740479 41.527000
0.740665 19.858400
0.740851 13.822500
0.741037 44.765400
0.741222 19.206900
0.741408 50.888300
0.741594 28.699700
0.741780 22.301700
0.741965 4.550740
0.742151 27.925600
0.742337 56.776700
0.742523 6.555840
0.742709 14.564600
0.742894 4.841550
0.743080 61.089700
0.743266 23.962700
0.743452 70.111900
0.743637 8.647750
0.743823 41.553000
0.744009 10.685300
0.744195 70.443500
0.744380 34.888300
0.744566 9.284780
0.744752 8.875330
0.744938 29.873900
0.745124 11.617700
0.745309 10.975700
0.745495 5.460890
0.745681 18.888200
0.745867 81.370300
0.746052 5.527860
0.746238 24.108000
0.746424 19.133500
0.746610 46.011500
0.746795 25.909100
0.746981 28.798000
0.747167 62.584500
0.747353 20.509600
0.747539 46.885400
0.747724 8.600820
0.747910 26.093100
0.748096 35.214800
0.748282 13.922100
0.748467 62.546200
0.748653 68.078200
0.748839 40.787300
0.749025 11.642800
0.749210 21.675700
0.749396 63.454600
0.749582 27.177200
0.749768 40.317400
0.749954 17.455900
0.750139 18.566700
0.750325 55.638700
0.750511 17.032900
0.750697 16.486400
0.750882 32.090000
0.751068 48.302300
0.751254 14.407900
0.751440 9.125660
0.751625 9.939640
0.751811 8.736420
0.751997 14.163700
0.752183 60.610000
0.752369 33.971200
0.752554 38.794100
0.752740 47.339800
0.752926 13.521200
0.753112 19.920800
0.753297 50.010800
0.753483 14.741800
0.753669 20.979000
0.753855 25.897900
0.754040 37.296000
0.754226 46.928100
0.754412 64.273500
0.754598 20.276600
0.754784 8.967120
0.754969 7.131360
0.755155 10.284100
0.755341 19.264400
0.755527 9.348440
0.755712 4.939780
0.755898 16.202400
0.756084 8.098980
0.756270 8.357470
0.756456 41.018400
0.756641 38.890400
0.756827 13.451100
0.757013 33.242000
0.757199 14.570900
0.757384 3.138280
0.757570 26.549300
0.757756 17.681200
0.757942 3.813120
0.758127 44.428700
0.758313 7.507960
0.758499 10.698500
0.758685 25.239100
0.758871 30.951700
0.759056 22.080600
0.759242 12.286200
0.759428 10.480400
0.759614 10.707200
0.759799 37.854900
0.759985 40.054800
0.760171 40.737500
0.760357 12.680600
0.760542 67.730600
0.760728 35.639200
0.760914 35.888900
0.761100 21.379900
0.761286 9.867540
0.761471 73.555300
0.761657 29.358500
0.761843 2.083420
0.762029 25.154300
0.762214 12.489700
0.762400 16.471300
0.762586 3.664230
0.762772 16.299200
0.762957 33.493200
0.763143 18.173900
0.763329 34.455900
0.763515 37.761000
0.763701 3.246350
0.763886 20.270400
0.764072 21.345300
0.764258 7.765990
0.764444 4.945530
0.764629 16.664600
0.764815 4.504200
0.765001 24.476400
0.765187 42.613500
0.765372 12.842400
0.765558 26.451400
0.765744 34.336100
0.765930 25.433500
0.766116 51.648600
0.766301 45.947700
0.766487 8.891730
0.766673 25.068200
0.766859 54.957700
0.767044 15.991600
0.767230 29.279600
0.767416 19.248600
0.767602 7.133050
0.767787 11.826900
0.767973 27.839000
0.768159 23.401300
0.768345 68.453300
0.768531 76.165500
0.768716 24.330200
0.768902 36.455500
0.769088 9.995730
0.769274 28.658500
0.769459 6.540810
0.769645 20.717700
0.769831 18.704700
0.770017 2.693970
0.770202 42.383400
0.770388 17.800600
0.770574 11.788700
0.770760 18.205700
0.770946 32.982500
0.771131 30.561400
0.771317 9.450700
0.771503 70.093700
0.771689 8.904620
0.771874 66.938700
0.772060 52.415500
0.772246 14.473700
0.772432 62.487300
0.772617 62.694700
0.772803 5.534270
0.772989 13.289900
0.773175 7.970340
0.773361 13.434600
0.773546 64.190800
0.773732 4.420090
0.773918 55.047100
0.774104 62.298700
0.774289 42.222800
0.774475 18.780200
0.774661 7.296200
0.774847 46.527200
0.775033 31.182100
0.775218 16.808500
0.775404 22.075700
0.775590 9.984150
0.775776 5.844800
0.775961 10.947800
0.776147 57.513800
0.776333 50.129000
0.776519 26.034800
0.776704 7.177700
0.776890 15.265400
0.777076 21.498100
0.777262 19.629300
0.777448 50.997400
0.777633 33.491800
0.777819 43.114800
0.778005 3.229810
0.778191 7.269450
0.778376 16.572100
0.778562 84.002000
0.778748 31.201000
0.778934 56.115400
0.779119 61.358300
0.779305 22.994900
0.779491 49.696000
0.779677 7.356980
0.779863 47.168100
0.780048 10.325900
0.780234 32.014400
0.780420 17.899900
0.780606 32.259200
0.780791 20.951400
0.780977 39.646400
0.781163 20.379400
0.781349 7.610510
0.781534 4.841660
0.781720 49.726000
0.781906 10.196400
0.782092 6.526900
0.782278 22.335500
0.782463 39.384600
0.782649 17.902100
0.782835 26.734700
0.783021 27.480500
0.783206 4.650330
0.783392 23.950400
0.783578 15.608400
0.783764 46.108300
0.783949 12.768800
0.784135 8.781560
0.784321 10.087700
0.784507 8.668550
0.784693 17.353200
0.784878 82.810100
0.785064 17.525700
0.785250 29.172900
0.785436 28.026800
0.785621 21.141000
0.785807 6.208200
0.785993 39.356700
0.786179 22.099200
0.786364 10.614800
0.786550 17.567300
0.786736 17.663400
0.786922 36.134900
0.787108 51.613200
0.787293 54.073100
0.787479 16.159300
0.787665 64.941700
0.787851 71.502900
0.788036 3.841500
0.788222 61.131100
0.788408 46.389900
0.788594 18.206900
0.788779 11.207400
0.788965 17.151000
0.789151 14.833000
0.789337 51.043000
0.789523 25.848300
0.789708 11.748300
0.789894 11.610700
0.790080 4.080600
0.790266 18.869700
0.790451 14.051900
0.790637 38.218700
0.790823 72.032900
0.791009 15.998300
0.791195 8.957540
0.791380 28.400900
0.791566 23.647100
0.791752 28.267100
0.791938 84.334300
0.792123 38.229500
0.792309 36.443200
0.792495 10.987000
0.792681 22.315500
0.792866 5.000110
0.793052 44.838800
0.793238 23.272200
0.793424 81.829500
0.793610 8.515770
0.793795 46.449400
0.793981 29.092500
0.794167 66.570200
0.794353 9.412260
0.794538 28.721200
0.794724 25.100700
0.794910 87.693700
0.795096 57.334500
0.795281 33.112500
0.795467 32.313200
0.795653 53.098300
0.795839 19.289300
0.796025 15.779500
0.796210 43.992300
0.796396 4.972040
0.796582 33.382800
0.796768 58.528900
0.796953 23.866400
0.797139 6.790940
0.797325 43.003100
0.797511 20.754600
0.797696 38.362700
0.797882 69.466600
0.798068 10.195400
0.798254 28.745600
0.798440 83.722400
0.798625 19.882700
0.798811 59.501700
0.798997 80.659600
0.799183 53.184900
0.799368 9.492660
0.799554 33.709600
0.799740 11.649100
0.799926 16.904700
0.800111 31.020900
0.800297 29.154600
0.800483 40.286200
0.800669 75.924500
0.800855 21.325700
0.801040 12.014500
0.801226 37.168000
0.801412 8.219150
0.801598 27.052000
0.801783 15.445000
0.801969 45.575000
0.802155 9.926010
0.802341 9.374470
0.802526 46.902300
0.802712 66.450600
0.802898 23.511600
0.803084 10.919400
0.803270 35.640900
0.803455 71.199200
0.803641 24.656200
0.803827 22.814200
0.804013 4.594840
0.804198 17.221400
0.804384 21.964100
0.804570 11.193200
0.804756 10.120500
0.804941 12.688200
0.805127 38.455800
0.805313 23.791400
0.805499 17.242500
0.805685 75.688600
0.805870 26.389000
0.806056 39.259900
0.806242 7.776480
0.806428 10.494400
0.806613 59.161700
0.806799 22.919300
0.806985 8.925550
0.807171 10.950900
0.807356 5.984970
0.807542 20.424600
0.807728 20.014100
0.807914 34.875700
0.808100 27.373800
0.808285 44.303300
0.808471 65.639800
0.808657 37.352600
0.808843 18.101200
0.809028 26.275100
0.809214 84.926000
0.809400 24.483400
0.809586 10.084100
0.809772 38.445200
0.809957 54.628800
0.810143 5.751560
0.810329 7.664080
0.810515 48.599600
0.810700 6.385150
0.810886 18.860000
0.811072 17.492100
0.811258 62.952700
0.811443 1.753850
0.811629 66.570600
0.811815 5.540270
0.812001 23.847700
0.812187 32.775500
0.812372 45.449700
0.812558 33.255000
0.812744 57.534200
0.812930 17.339200
0.813115 52.255700
0.813301 45.177600
0.813487 7.691870
0.813673 5.441390
0.813858 7.313400
0.814044 21.345100
0.814230 24.312500
0.814416 80.588300
0.814602 6.274600
0.814787 7.347610
0.814973 6.297540
0.815159 7.223800
0.815345 39.898400
0.815530 4.435220
0.815716 37.582300
0.815902 25.482300
0.816088 18.852900
0.816273 45.990600
0.816459 27.415800
0.816645 9.729430
0.816831 33.908000
0.817017 33.918900
0.817202 17.253900
0.817388 12.664800
0.817574 7.788950
0.817760 7.393710
0.817945 18.771800
0.818131 5.198550
0.818317 29.266800
0.818503 28.695300
0.818688 57.695200
0.818874 9.007710
0.819060 40.163500
0.819246 33.104000
0.819432 20.532400
0.819617 7.464150
0.819803 8.594470
0.819989 26.950500
0.820175 4.736880
0.820360 15.274700
0.820546 22.649000
0.820732 17.485500
0.820918 13.954300
0.821103 51.707400
0.821289 33.492800
0.821475 66.847800
0.821661 88.610800
0.821847 77.544200
0.822032 60.529600
0.822218 18.828200
0.822404 10.598100
0.822590 46.297800
0.822775 16.044000
0.822961 72.345100
0.823147 14.279000
0.823333 17.944100
0.823518 23.004400
0.823704 19.675200
0.823890 12.812000
0.824076 42.477300
0.824262 6.170300
0.824447 36.916200
0.824633 31.641900
0.824819 75.953900
0.825005 39.880900
0.825190 27.194000
0.825376 30.852900
0.825562 18.392300
0.825748 20.188100
0.825933 68.828300
0.826119 29.494100
0.826305 7.680840
0.826491 9.993850
0.826677 14.665100
0.826862 38.413600
0.827048 28.223200
0.827234 35.107400
0.827420 32.848800
0.827605 76.425700
0.827791 5.068540
0.827977 18.740300
0.828163 11.887800
0.828349 27.838200
0.828534 5.598930
0.828720 9.475440
0.828906 20.585700
0.829092 3.264020
0.829277 21.283700
0.829463 64.248100
0.829649 39.632000
0.829835 29.348600
0.830020 18.538800
0.830206 62.435900
0.830392 67.552700
0.830578 36.415800
0.830764 53.025800
0.830949 40.259500
0.831135 12.410200
0.831321 47.050600
0.831507 44.191900
0.831692 35.096500
0.831878 25.140600
0.832064 24.395200
0.832250 13.330400
0.832435 26.242900
0.832621 27.594100
0.832807 13.845300
0.832993 42.834700
0.833179 15.665900
0.833364 78.347200
0.833550 7.432970
0.833736 3.579700
0.833922 19.200700
0.834107 57.282300
0.834293 3.915950
0.834479 48.261200
0.834665 20.563900
0.834850 5.720970
0.835036 19.077900
0.835222 29.221300
0.835408 6.691490
0.835594 33.022700
0.835779 13.095500
0.835965 56.998800
0.836151 36.692300
0.836337 24.440700
0.836522 24.023600
0.836708 8.304530
0.836894 30.229400
0.837080 7.749840
0.837265 9.450370
0.837451 11.526100
0.837637 22.965000
0.837823 32.483800
0.838009 30.763600
0.838194 13.379200
0.838380 12.163300
0.838566 8.466100
0.838752 32.875000
0.838937 24.409000
0.839123 16.210200
0.839309 39.491300
0.839495 25.642900
0.839680 25.412600
0.839866 34.215800
0.840052 54.471700
0.840238 8.448640
0.840424 39.423800
0.840609 3.388630
0.840795 20.847400
0.840981 43.078700
0.841167 54.958700
0.841352 6.427380
0.841538 12.274200
0.841724 10.850600
0.841910 5.627330
0.842095 7.675770
0.842281 61.970200
0.842467 74.430900
0.842653 27.187100
0.842839 44.440400
0.843024 46.113600
0.843210 4.314690
0.843396 33.845400
0.843582 30.527500
0.843767 49.353000
0.843953 35.188600
0.844139 30.250900
0.844325 8.013440
0.844510 23.847800
0.844696 7.717870
0.844882 13.178300
0.845068 12.653000
0.845254 16.366400
0.845439 27.091600
0.845625 3.237830
0.845811 4.813990
0.845997 22.594000
0.846182 92.439500
0.846368 49.771300
0.846554 15.880900
0.846740 39.962600
0.846926 76.835200
0.847111 9.137760
0.847297 3.749120
0.847483 26.729600
0.847669 14.338500
0.847854 4.330930
0.848040 16.429000
0.848226 4.647160
0.848412 20.814500
0.848597 25.379400
0.848783 56.819900
0.848969 33.046200
0.849155 12.656400
0.849341 53.590400
0.849526 10.370200
0.849712 2.599910
0.849898 8.133190
0.850084 26.110200
0.850269 6.862470
0.850455 40.101700
0.850641 11.519800
0.850827 35.174100
0.851012 6.102120
0.851198 32.606300
0.851384 20.388000
0.851570 13.856000
0.851756 21.151800
0.851941 25.716800
0.852127 51.646300
0.852313 36.539500
0.852499 21.525300
0.852684 5.747080
0.852870 32.254800
0.853056 19.307700
0.853242 58.767500
0.853427 54.423400
0.853613 82.078700
0.853799 19.062000
0.853985 43.482400
0.854171 7.710710
0.854356 6.486750
0.854542 28.474400
0.854728 61.333000
0.854914 7.030010
0.855099 3.308010
0.855285 6.751170
0.855471 6.946980
0.855657 4.478940
0.855842 44.217800
0.856028 15.839400
0.856214 10.967700
0.856400 24.386300
0.856586 46.522700
0.856771 25.912500
0.856957 24.189200
0.857143 22.355000
0.857329 27.195000
0.857514 19.651300
0.857700 10.154900
0.857886 12.105500
0.858072 23.474700
0.858257 8.897100
0.858443 7.221580
0.858629 66.584600
0.858815 13.148300
0.859001 16.140200
0.859186 33.056000
0.859372 39.410400
0.859558 67.085300
0.859744 28.203600
0.859929 31.012100
0.860115 10.874000
0.860301 13.770200
0.860487 7.513270
0.860672 22.105200
0.860858 6.882230
0.861044 11.090200
0.861230 17.251800
0.861416 2.654090
0.861601 14.865100
0.861787 17.053200
0.861973 6.663890
0.862159 25.593300
0.862344 14.788200
0.862530 8.297450
0.862716 77.855800
0.862902 12.182600
0.863087 13.405200
0.863273 13.085300
0.863459 37.361300
0.863645 40.776100
0.863831 2.190230
0.864016 10.315300
0.864202 30.884600
0.864388 9.770760
0.864574 36.209400
0.864759 68.866600
0.864945 30.131000
0.865131 27.852600
0.865317 24.031000
0.865503 11.957000
0.865688 25.792100
0.865874 12.980500
0.866060 3.407830
0.866246 45.541900
0.866431 18.139900
0.866617 53.035500
0.866803 1.970020
0.866989 6.333340
0.867174 47.244600
0.867360 12.310500
0.867546 9.662180
0.867732 16.568500
0.867918 11.457600
0.868103 5.732890
0.868289 8.912190
0.868475 16.071600
0.868661 59.043800
0.868846 14.628800
0.869032 18.445300
0.869218 52.518200
0.869404 56.714900
0.869589 74.550000
0.869775 36.359400
0.869961 10.873800
0.870147 48.587700
0.870333 20.355400
0.870518 18.250300
0.870704 13.650700
0.870890 5.927910
0.871076 6.829290
0.871261 49.760700
0.871447 47.603900
0.871633 30.737600
0.871819 29.817000
0.872004 8.031670
0.872190 10.968200
0.872376 5.724830
0.872562 52.537100
0.872748 29.086000
0.872933 24.325200
0.873119 10.275500
0.873305 72.078500
0.873491 22.296100
0.873676 40.383000
0.873862 18.619900
0.874048 36.766100
0.874234 4.358810
0.874419 53.023400
0.874605 13.398800
0.874791 63.121700
0.874977 19.647800
0.875163 25.232200
0.875348 63.676100
0.875534 40.885000
0.875720 51.984700
0.875906 8.860840
0.876091 31.839100
0.876277 15.480800
0.876463 11.039400
0.876649 33.443100
0.876834 5.570780
0.877020 5.177990
0.877206 35.937400
0.877392 14.288400
0.877578 51.264600
0.877763 14.062300
0.877949 19.898300
0.878135 58.766800
0.878321 21.647100
0.878506 42.808800
0.878692 15.195200
0.878878 3.858480
0.879064 23.712100
0.879249 13.064500
0.879435 4.859300
0.879621 28.009300
0.879807 50.587700
0.879993 38.077200
0.880178 23.746000
0.880364 33.496500
0.880550 48.202200
0.880736 1.792450
0.880921 11.877300
0.881107 16.791500
0.881293 16.217100
0.881479 20.549700
0.881664 25.876500
0.881850 4.647380
0.882036 51.913400
0.882222 34.298200
0.882408 8.744080
0.882593 19.269500
0.882779 23.699100
0.882965 18.728200
0.883151 2.916390
0.883336 8.509200
0.883522 17.046000
0.883708 57.917200
0.883894 33.517400
0.884080 11.432000
0.884265 32.076500
0.884451 25.911000
0.884637 66.448100
0.884823 1.769720
0.885008 5.034150
0.885194 21.769800
0.885380 14.305700
0.885566 23.684700
0.885751 68.486200
0.885937 52.341800
0.886123 44.918800
0.886309 35.584300
0.886495 57.898400
0.886680 55.617600
0.886866 9.152460
0.887052 6.241030
0.887238 17.242600
0.887423 8.917220
0.887609 21.827400
0.887795 10.014400
0.887981 24.403500
0.888166 2.998330
0.888352 21.189200
0.888538 25.461700
0.888724 8.849380
0.888910 27.335800
0.889095 45.799900
0.889281 6.825610
0.889467 21.069900
0.889653 28.740800
0.889838 7.521260
0.890024 17.510600
0.890210 11.083800
0.890396 36.564000
0.890581 32.060500
0.890767 38.097500
0.890953 6.904410
0.891139 16.245500
0.891325 40.327700
0.891510 14.711800
0.891696 34.358300
0.891882 23.440300
0.892068 17.246900
0.892253 66.982200
0.892439 50.708100
0.892625 19.190100
0.892811 5.963840
0.892996 2.538660
0.893182 67.788700
0.893368 37.029400
0.893554 46.797000
0.893740 65.060400
0.893925 47.389500
0.894111 6.434100
0.894297 70.366800
0.894483 5.255470
0.894668 35.967900
0.894854 4.054730
0.895040 20.416500
0.895226 23.370400
0.895411 84.787400
0.895597 9.855980
0.895783 10.842600
0.895969 9.692610
0.896155 11.665000
0.896340 28.810300
0.896526 74.038700
0.896712 2.548730
0.896898 16.841600
0.897083 6.665420
0.897269 4.630410
0.897455 66.299700
0.897641 18.859000
0.897826 33.302200
0.898012 12.364800
0.898198 27.498900
0.898384 23.759400
0.898570 15.384300
0.898755 21.074800
0.898941 8.305580
0.899127 13.994200
0.899313 89.362300
0.899498 16.895100
0.899684 54.024600
0.899870 24.452200
0.900056 23.271900
0.900242 10.105200
0.900427 4.545160
0.900613 5.466950
0.900799 20.026200
0.900985 28.401100
0.901170 64.390200
0.901356 39.002900
0.901542 23.125200
0.901728 14.245000
0.901913 2.527700
0.902099 65.311400
0.902285 40.430800
0.902471 48.931800
0.902657 8.156060
0.902842 32.414300
0.903028 30.596300
0.903214 11.926300
0.903400 44.765500
0.903585 7.182740
0.903771 34.676800
0.903957 14.116400
0.904143 53.530500
0.904328 52.220400
0.904514 3.744690
0.904700 82.697400
0.904886 8.601740
0.905072 27.521100
0.905257 5.851120
0.905443 16.980000
0.905629 7.871680
0.905815 39.864900
0.906000 20.919100
0.906186 75.664100
0.906372 22.460600
0.906558 19.152600
0.906743 78.673100
0.906929 6.402170
0.907115 3.368570
0.907301 17.914800
0.907487 8.580560
0.907672 54.175900
0.907858 17.831500
0.908044 6.779550
0.908230 23.089300
0.908415 70.478100
0.908601 29.579500
0.908787 54.110600
0.908973 55.509000
0.909158 64.858300
0.909344 34.540000
0.909530 9.468230
0.909716 21.302600
0.909902 16.829300
0.910087 23.541400
0.910273 61.807100
0.910459 43.403900
0.910645 7.995620
0.910830 20.983600
0.911016 86.642800
0.911202 44.897800
0.911388 28.294300
0.911573 8.942180
0.911759 19.169600
0.911945 5.292790
0.912131 6.575230
0.912317 15.976400
0.912502 18.852500
0.912688 16.594500
0.912874 54.374300
0.913060 32.443600
0.913245 39.915100
0.913431 25.901700
0.913617 50.741300
0.913803 23.974500
0.913988 3.860060
0.914174 30.752900
0.914360 9.847110
0.914546 27.806400
0.914732 43.891400
0.914917 36.281400
0.915103 11.796700
0.915289 9.338110
0.915475 8.197210
0.915660 41.164000
0.915846 17.364300
0.916032 42.002500
0.916218 7.298290
0.916403 52.742500
0.916589 45.535100
0.916775 7.218720
0.916961 42.682400
0.917147 12.124900
0.917332 69.199800
0.917518 16.178700
0.917704 21.434300
0.917890 35.399400
0.918075 22.942000
0.918261 8.984490
0.918447 34.632100
0.918633 19.454300
0.918819 19.906100
0.919004 35.318800
0.919190 31.880700
0.919376 8.358040
0.919562 15.567700
0.919747 44.205600
0.919933 9.202620
0.920119 13.526100
0.920305 10.310900
0.920490 58.085000
0.920676 22.530300
0.920862 79.073100
0.921048 53.944700
0.921234 42.067000
0.921419 2.267810
0.921605 9.127670
0.921791 50.104000
0.921977 35.668700
0.922162 24.549700
0.922348 5.822650
0.922534 4.831570
0.922720 19.738600
0.922905 8.246320
0.923091 6.974920
0.923277 59.110400
0.923463 8.293530
0.923649 9.253110
0.923834 32.706300
0.924020 15.508500
0.924206 6.074380
0.924392 41.692700
0.924577 8.348030
0.924763 20.590100
0.924949 12.679700
0.925135 11.538700
0.925320 26.556500
0.925506 12.197300
0.925692 4.144480
0.925878 38.042900
0.926064 31.696900
0.926249 22.614600
0.926435 40.603400
0.926621 47.752200
0.926807 28.040000
0.926992 7.663690
0.927178 75.196700
0.927364 30.529500
0.927550 40.772600
0.927735 68.781000
0.927921 46.273900
0.928107 53.878800
0.928293 27.382200
0.928479 52.735300
0.928664 14.096600
0.928850 14.962000
0.929036 20.947000
0.929222 12.349100
0.929407 23.271600
0.929593 5.475300
0.929779 13.902900
0.929965 19.187500
0.930150 9.747010
0.930336 21.018400
0.930522 7.727640
0.930708 3.812030
0.930894 54.806900
0.931079 12.348700
0.931265 14.133300
0.931451 12.785100
0.931637 18.271400
0.931822 20.339600
0.932008 7.374120
0.932194 11.186700
0.932380 39.762400
0.932565 16.622800
0.932751 25.230600
0.932937 25.657000
0.933123 22.220700
0.933309 4.570290
0.933494 31.673300
0.933680 11.295000
0.933866 29.431200
0.934052 37.642700
0.934237 35.022600
0.934423 30.357600
0.934609 16.548400
0.934795 26.170700
0.934980 9.835990
0.935166 60.209400
0.935352 69.027800
0.935538 85.665900
0.935724 53.528400
0.935909 27.249300
0.936095 8.285670
0.936281 7.535610
0.936467 65.533400
0.936652 10.103000
0.936838 17.691500
0.937024 5.299730
0.937210 18.986400
0.937396 33.086300
0.937581 5.159010
0.937767 21.494400
0.937953 32.290900
0.938139 16.965100
0.938324 40.827800
0.938510 29.260900
0.938696 49.278800
0.938882 22.687100
0.939067 44.142300
0.939253 3.232620
0.939439 22.387800
0.939625 48.997000
0.939811 32.011300
0.939996 8.975070
0.940182 14.541800
0.940368 50.497300
0.940554 14.470800
0.940739 7.788300
0.940925 9.361360
0.941111 20.802200
0.941297 37.041800
0.941482 41.311800
0.941668 26.616900
0.941854 8.206670
0.942040 28.931800
0.942226 29.504000
0.942411 9.523620
0.942597 23.202200
0.942783 19.147800
0.942969 29.998100
0.943154 58.569400
0.943340 16.391500
0.943526 6.703570
0.943712 9.712960
0.943897 34.970200
0.944083 12.459700
0.944269 27.814400
0.944455 30.627300
0.944641 24.075100
0.944826 16.700600
0.945012 19.901500
0.945198 6.610210
0.945384 51.222000
0.945569 31.792600
0.945755 44.975500
0.945941 66.751000
0.946127 18.513500
0.946312 24.461500
0.946498 19.670200
0.946684 34.233500
0.946870 11.715900
0.947056 11.991700
0.947241 18.044700
0.947427 13.125800
0.947613 44.864000
0.947799 55.168600
0.947984 16.672800
0.948170 10.894200
0.948356 7.552590
0.948542 3.876050
0.948727 93.671000
0.948913 52.603800
0.949099 8.673700
0.949285 5.715050
0.949471 55.899500
0.949656 33.690300
0.949842 58.425500
0.950028 8.297680
0.950214 14.157500
0.950399 15.889000
0.950585 9.154450
0.950771 7.725150
0.950957 26.816500
0.951142 58.831800
0.951328 17.659800
0.951514 6.480600
0.951700 9.907310
0.951886 19.008900
0.952071 27.270700
0.952257 11.033500
0.952443 15.595900
0.952629 45.930300
0.952814 23.822000
0.953000 27.062700
0.953186 47.247200
0.953372 61.774800
0.953557 58.669200
0.953743 25.406300
0.953929 28.442100
0.954115 15.013100
0.954301 20.256700
0.954486 20.240300
0.954672 10.923600
0.954858 6.342660
0.955044 32.752000
0.955229 11.977000
0.955415 13.960600
0.955601 39.828800
0.955787 25.230300
0.955973 75.913300
0.956158 61.606800
0.956344 9.404470
0.956530 48.002700
0.956716 26.973300
0.956901 30.584100
0.957087 57.040800
0.957273 27.406400
0.957459 19.864900
0.957644 45.678600
0.957830 24.481600
0.958016 24.175200
0.958202 37.847800
0.958388 26.581600
0.958573 3.362740
0.958759 5.637820
0.958945 36.454500
0.959131 19.523300
0.959316 13.432300
0.959502 10.782300
0.959688 10.367000
0.959874 13.511900
0.960059 25.873800
0.960245 27.212700
0.960431 47.672600
0.960617 33.179700
0.960803 6.749990
0.960988 31.711000
0.961174 21.158100
0.961360 40.111800
0.961546 18.171100
0.961731 26.365200
0.961917 1.669030
0.962103 11.762000
0.962289 19.830500
0.962474 18.535000
0.962660 15.039600
0.962846 17.363900
0.963032 47.462000
0.963218 10.822400
0.963403 33.771500
0.963589 25.314600
0.963775 14.909500
0.963961 51.509000
0.964146 8.026500
0.964332 12.798600
0.964518 30.071000
0.964704 4.802410
0.964889 32.560700
0.965075 21.301600
0.965261 4.587300
0.965447 70.452500
0.965633 23.444000
0.965818 16.113700
0.966004 51.508900
0.966190 87.229400
0.966376 18.259500
0.966561 22.892600
0.966747 11.817000
0.966933 18.741800
0.967119 31.218200
0.967304 48.653400
0.967490 53.479800
0.967676 22.893900
0.967862 7.792780
0.968048 14.158500
0.968233 47.459800
0.968419 9.958260
0.968605 25.281100
0.968791 30.107100
0.968976 12.373000
0.969162 19.802400
0.969348 57.764000
0.969534 1.686740
0.969719 34.342800
0.969905 48.294700
0.970091 16.073100
0.970277 12.730000
0.970463 12.753500
0.970648 26.114300
0.970834 36.841400
0.971020 10.141200
0.971206 26.303800
0.971391 7.876730
0.971577 1.798810
0.971763 8.014810
0.971949 80.430900
0.972134 16.659500
0.972320 44.471200
0.972506 5.526830
0.972692 26.104900
0.972878 41.077600
0.973063 26.233700
0.973249 27.488300
0.973435 14.328900
0.973621 70.190900
0.973806 66.311200
0.973992 58.080800
0.974178 7.101310
0.974364 22.785700
0.974550 30.691700
0.974735 22.444600
0.974921 42.659000
0.975107 8.278830
0.975293 69.287200
0.975478 29.597700
0.975664 70.445600
0.975850 15.968700
0.976036 21.680600
0.976221 8.234660
0.976407 33.296800
0.976593 17.406600
0.976779 17.254200
0.976965 13.698800
0.977150 30.815600
0.977336 26.942600
0.977522 31.284600
0.977708 57.351200
0.977893 6.361860
0.978079 12.451200
0.978265 14.495700
0.978451 4.870480
0.978636 32.427200
0.978822 9.153480
0.979008 33.500900
0.979194 32.822900
0.979380 37.408400
0.979565 54.228800
0.979751 47.326200
0.979937 85.351800
0.980123 33.629000
0.980308 25.312500
0.980494 6.880080
0.980680 33.825600
0.980866 8.863830
0.981051 17.760400
0.981237 6.487970
0.981423 23.033500
0.981609 5.793920
0.981795 3.207180
0.981980 4.795350
0.982166 5.007280
0.982352 30.860000
0.982538 14.721900
0.982723 20.661000
0.982909 43.140900
0.983095 31.268800
0.983281 15.986500
0.983466 53.102900
0.983652 11.749600
0.983838 41.922000
0.984024 4.285520
0.984210 31.054700
0.984395 35.068200
0.984581 7.865470
0.984767 59.802000
0.984953 39.357700
0.985138 12.080200
0.985324 11.036100
0.985510 46.624700
0.985696 17.692900
0.985881 9.172730
0.986067 6.625960
0.986253 43.681500
0.986439 39.414500
0.986625 9.165780
0.986810 23.640700
0.986996 60.077000
0.987182 6.486720
0.987368 44.970200
0.987553 26.658400
0.987739 18.071700
0.987925 18.093300
0.988111 12.298900
0.988296 6.286420
0.988482 18.699200
0.988668 72.471700
0.988854 13.818100
0.989040 64.155200
0.989225 23.451100
0.989411 23.106100
0.989597 71.659400
0.989783 7.159560
0.989968 63.232600
0.990154 3.956690
0.990340 29.316300
0.990526 12.907300
0.990711 8.083090
0.990897 59.128200
0.991083 12.406800
0.991269 72.491100
0.991455 9.247430
0.991640 7.762540
0.991826 19.619200
0.992012 5.785340
0.992198 29.146900
0.992383 14.637800
0.992569 27.346600
0.992755 23.093400
0.992941 28.936100
0.993127 32.015800
0.993312 7.767360
0.993498 7.289340
0.993684 36.371500
0.993870 16.788600
0.994055 6.269420
0.994241 9.598350
0.994427 13.265600
0.994613 9.896320
0.994798 15.454500
0.994984 5.619300
0.995170 7.468520
0.995356 17.545800
0.995542 67.739700
0.995727 19.580600
0.995913 41.799700
0.996099 17.415800
0.996285 13.284600
0.996470 17.762600
0.996656 22.616900
0.996842 44.566900
0.997028 18.055600
0.997213 9.961840
0.997399 12.439100
0.997585 19.246600
0.997771 25.831800
0.997957 8.177680
0.998142 16.696800
0.998328 42.568500
0.998514 34.322400
0.998700 76.139300
0.998885 3.775540
0.999071 3.956160
0.999257 73.203300
0.999443 9.815900
0.999628 13.613700
0.999814 13.800300
1.000000 42.477200
