0.000436 6.509690
0.000871 34.680800
0.001307 2.784730
0.015679 9.691900
0.016115 8.809560
0.016551 17.781000
0.016986 7.779090
0.017422 9.546640
0.017857 8.494370
0.018293 3.701990
0.018728 5.305620
0.019164 15.399000
0.019599 24.057100
0.020035 39.054900
0.020470 13.927000
0.020906 7.663850
0.021341 46.046600
0.035279 8.389800
0.035714 3.109860
0.036150 8.918480
0.036585 56.440700
0.037021 28.585800
0.037456 7.912940
0.037892 6.752400
0.038328 28.915900
0.038763 18.068300
0.039199 80.933800
0.039634 9.553220
0.040070 36.790200
0.040505 50.094000
0.040941 10.420000
0.041376 40.799100
0.043118 8.324900
0.043554 26.176100
0.043990 52.848000
0.044425 13.352500
0.044861 6.290900
0.045296 8.885160
0.045732 26.061000
0.046167 30.727800
0.046603 31.368200
0.047038 1.627500
0.047474 12.921700
0.047909 45.679000
0.048345 34.380400
0.048780 74.354300
0.049216 18.273700
0.049652 9.015690
0.050087 9.804630
0.050523 25.266600
0.050958 36.566800
0.051394 8.849600
0.051829 28.763100
0.052265 49.594700
0.052700 9.544820
0.053136 22.897200
0.053571 9.478070
0.054007 48.444200
0.054443 59.693500
0.054878 28.737000
0.055314 83.822600
0.055749 41.703000
0.056185 43.796100
0.056620 7.153220
0.057056 36.832200
0.057491 60.524000
0.057927 30.630500
0.058362 6.078370
0.058798 29.221200
0.059233 7.137950
0.059669 35.664500
0.060105 11.377900
0.060540 63.068700
0.060976 1.677570
0.061411 16.193600
0.061847 12.046900
0.066202 58.116000
0.066638 8.040140
0.067073 8.848170
0.067509 12.365000
0.067944 16.095500
0.068380 4.463840
0.068815 72.267000
0.069251 10.147500
0.069686 5.100750
0.070122 10.340700
0.070557 7.963870
0.070993 3.417910
0.071429 45.745800
0.071864 5.246450
0.072300 72.975500
0.072735 11.843000
0.073171 46.004600
0.073606 10.755100
0.074042 15.477500
0.074477 28.985800
0.074913 4.976780
0.075348 6.038640
0.075784 33.508300
0.076220 30.489100
0.076655 16.937100
0.077091 10.271000
0.077526 9.686070
0.077962 33.917400
0.078397 27.818900
0.078833 5.014730
0.079268 5.604630
0.079704 65.309500
0.080139 27.043000
0.080575 32.949600
0.081010 16.739800
0.081446 2.557350
0.081882 15.193900
0.082317 20.381300
0.082753 76.884900
0.083188 37.199700
0.083624 29.904400
0.084059 10.158700
0.084495 35.103500
0.084930 16.391100
0.085366 33.741200
0.085801 20.707800
0.086237 9.093770
0.086672 15.701800
0.087108 7.221780
0.087544 6.950610
0.087979 8.383240
0.088415 50.586700
0.088850 8.419030
0.089286 7.303220
0.089721 14.844600
0.090157 12.065000
0.090592 18.711300
0.091028 40.478100
0.091463 27.196000
0.091899 26.176600
0.092334 9.290300
0.092770 21.403600
0.094077 7.409500
0.094512 6.303850
0.094948 38.861000
0.095383 74.041800
0.095819 18.961800
0.097561 11.312900
0.097997 8.563590
0.098432 82.184400
0.098868 9.846780
0.110627 59.483000
0.111063 34.923500
0.111498 27.081700
0.111934 75.799900
0.112805 4.410440
0.113240 33.258200
0.113676 66.919400
0.114111 5.071970
0.114547 28.701000
0.114983 32.224400
0.115418 43.007100
0.115854 21.471600
0.116289 9.300640
0.116725 25.338400
0.117160 59.764100
0.117596 45.855400
0.118031 44.993800
0.118467 29.912800
0.118902 92.736200
0.119338 5.868270
0.119774 11.795400
0.120209 23.764500
0.120645 31.214000
0.121080 28.090100
0.121516 3.271020
0.121951 10.124400
0.122387 17.440600
0.122822 39.496600
0.123258 8.784120
0.123693 2.751060
0.124129 19.465500
0.124564 13.194600
0.125000 71.151500
0.125436 13.745300
0.125871 13.509300
0.126307 26.130700
0.126742 20.416900
0.127178 4.806950
0.127613 6.609070
0.128049 20.349000
0.128484 15.250100
0.128920 14.399600
0.129355 39.447400
0.129791 27.823300
0.130226 8.064540
0.130662 7.879340
0.131098 6.257530
0.131533 16.295000
0.131969 22.902800
0.132404 42.914100
0.132840 28.969500
0.133711 20.808100
0.134146 8.964850
0.134582 10.168300
0.135017 24.561900
0.135889 69.269400
0.136324 18.948700
0.136760 22.101900
0.137195 51.765800
0.137631 22.801300
0.138066 6.217640
0.138502 26.264100
0.138937 18.999200
0.139373 7.615590
0.139808 13.897800
0.140244 15.070300
0.140679 6.623560
0.141115 61.171000
0.141551 28.265400
0.141986 6.258820
0.142422 59.062800
0.142857 20.431900
0.143293 57.097100
0.143728 44.957000
0.144164 19.660700
0.144599 28.563400
0.145035 40.662900
0.145470 25.843800
0.145906 9.610780
0.146341 17.336600
0.146777 21.321300
0.147213 29.451900
0.147648 6.375580
0.148084 8.037330
0.148519 40.011100
0.148955 38.138800
0.149390 17.790000
0.149826 23.520600
0.150261 46.887800
0.150697 34.460000
0.151132 33.229400
0.151568 9.997620
0.152003 44.400900
0.152439 40.045100
0.152875 9.255430
0.153310 45.023200
0.153746 26.958300
0.154181 15.990800
0.154617 47.090600
0.155052 25.940300
0.155488 9.463510
0.155923 6.868820
0.156359 63.705400
0.156794 39.467300
0.157230 54.290500
0.157666 28.011400
0.158101 34.602800
0.158537 15.162100
0.158972 24.867200
0.159408 75.108200
0.159843 6.492300
0.160279 37.610200
0.160714 9.075820
0.161150 10.164400
0.161585 18.126700
0.162021 18.023500
0.162456 24.070600
0.162892 8.257050
0.163328 6.261220
0.163763 79.675700
0.164199 30.638400
0.164634 65.781900
0.165070 23.729800
0.165505 14.865500
0.165941 10.073700
0.166376 11.430300
0.166812 24.490300
0.167247 61.232100
0.167683 18.928000
0.168118 9.908580
0.168554 60.299700
0.168990 25.011100
0.169425 7.590110
0.169861 63.163600
0.170296 47.443000
0.170732 86.438600
0.171167 6.187270
0.171603 24.683900
0.172038 16.954900
0.172474 18.088500
0.172909 3.367790
0.173345 9.910840
0.173780 19.345300
0.174216 11.754900
0.174652 7.542230
0.175087 25.120100
0.175523 7.550890
0.175958 18.953000
0.176394 8.286170
0.176829 6.045510
0.177265 76.352000
0.177700 5.139090
0.178136 46.401900
0.178571 5.882500
0.179007 7.833580
0.179443 19.576400
0.179878 3.424200
0.180314 50.926500
0.180749 10.768800
0.181185 28.323400
0.181620 18.570400
0.182056 16.269800
0.182491 30.319000
0.182927 5.408350
0.183362 23.791300
0.183798 40.911600
0.184233 62.979800
0.184669 43.781200
0.185105 21.063200
0.185540 27.278000
0.185976 43.265700
0.186411 7.124110
0.186847 13.045500
0.187282 36.108700
0.187718 43.963800
0.188153 15.715100
0.188589 9.567050
0.189024 5.148790
0.189460 23.593900
0.189895 25.967700
0.190331 17.825100
0.190767 18.725300
0.191202 12.101300
0.191638 13.237100
0.192073 10.331700
0.192509 2.565530
0.192944 21.090700
0.193380 11.771700
0.193815 2.889210
0.194251 32.021200
0.194686 12.321400
0.195122 41.098100
0.195557 30.631900
0.195993 9.157670
0.196429 4.088760
0.196864 40.494600
0.197300 16.688200
0.197735 9.765520
0.198171 11.042100
0.198606 24.532200
0.199042 23.650400
0.199477 4.046970
0.199913 22.858400
0.200348 5.444720
0.200784 5.378370
0.201220 8.207340
0.201655 51.830100
0.202091 4.769400
0.202526 6.664020
0.202962 45.208000
0.203397 32.738700
0.203833 48.076400
0.204268 16.095900
0.204704 32.225700
0.205139 21.041200
0.205575 22.102800
0.206010 20.614300
0.206446 19.717700
0.206882 2.707170
0.207317 51.440200
0.207753 22.080300
0.208188 31.160400
0.208624 36.796700
0.209059 42.862400
0.209495 11.620500
0.209930 4.118510
0.210366 10.936100
0.210801 6.870340
0.211237 26.113500
0.211672 10.318600
0.212108 24.139200
0.212544 24.803700
0.212979 19.498800
0.213415 82.157900
0.213850 44.905800
0.214286 16.657300
0.214721 48.411900
0.215157 4.371580
0.215592 26.392800
0.216028 4.946580
0.216463 56.778400
0.216899 27.620400
0.217334 79.408200
0.217770 3.391000
0.218206 20.199800
0.218641 41.844400
0.219077 27.654600
0.219512 23.964000
0.219948 61.570800
0.220383 17.787400
0.220819 58.644700
0.221254 11.299800
0.221690 7.828250
0.222125 57.259300
0.222561 21.383400
0.222997 21.285600
0.223432 17.312100
0.223868 13.508800
0.224303 19.638300
0.224739 19.510300
0.225174 23.032500
0.225610 55.147500
0.226045 27.501900
0.226481 13.319800
0.226916 16.231700
0.227352 34.581200
0.227787 11.390100
0.228223 39.700600
0.228659 4.233330
0.229094 8.808290
0.229530 9.459610
0.229965 20.816500
0.230401 33.108800
0.230836 34.226000
0.231272 15.490800
0.231707 22.702400
0.232143 11.646100
0.232578 21.644600
0.233014 63.721800
0.233449 18.718100
0.233885 28.958900
0.234321 50.240300
0.234756 2.841380
0.235192 25.061800
0.235627 20.003500
0.236063 76.233300
0.236498 16.025800
0.236934 39.474300
0.237369 10.072400
0.237805 41.969300
0.238240 9.301800
0.238676 10.378900
0.239111 14.772600
0.239547 18.337000
0.239983 47.638800
0.240418 11.184300
0.240854 21.459900
0.241289 15.551900
0.241725 32.794800
0.242160 1.712250
0.242596 52.594000
0.243031 8.947720
0.243467 39.148300
0.243902 48.590000
0.244338 14.345700
0.244774 9.841790
0.245209 78.242200
0.245645 16.024600
0.246080 7.790150
0.246516 35.606700
0.246951 20.882600
0.247387 6.907420
0.247822 65.460600
0.248258 20.995600
0.248693 9.072890
0.249129 27.011000
0.249564 17.429800
0.250000 29.592700
0.250436 40.598700
0.250871 13.870400
0.251307 10.001300
0.251742 27.131200
0.252178 77.525800
0.252613 34.340500
0.253049 13.537100
0.253484 14.564300
0.253920 41.593100
0.254355 44.237400
0.254791 61.021800
0.255226 27.190400
0.255662 35.615000
0.256098 15.407500
0.256533 11.009700
0.256969 18.050500
0.257404 24.842600
0.257840 37.705400
0.258275 9.944870
0.258711 8.409810
0.259146 28.165400
0.259582 27.363100
0.260017 26.735300
0.260453 17.616300
0.260889 14.535700
0.261324 69.129700
0.261760 5.491410
0.262195 9.418770
0.262631 57.950000
0.263066 41.418100
0.263502 31.606100
0.263937 24.134700
0.264373 19.645800
0.264808 37.499000
0.265244 8.719540
0.265679 18.044500
0.266115 37.541500
0.266551 49.167500
0.270470 9.958660
0.270906 33.618300
0.271341 14.949700
0.271777 6.758430
0.272213 23.684300
0.272648 13.884500
0.273084 16.597900
0.273519 60.012600
0.273955 20.506900
0.274390 15.679000
0.274826 43.754700
0.275261 54.760400
0.275697 41.122600
0.276132 26.862200
0.276568 4.502990
0.277003 10.581100
0.277439 13.013200
0.277875 67.093500
0.278310 1.736520
0.278746 16.151900
0.279181 42.645900
0.279617 12.294100
0.280052 32.907300
0.280488 22.993100
0.280923 25.142300
0.281359 19.198500
0.281794 43.674800
0.282230 17.750500
0.282666 63.450800
0.283101 6.617570
0.283537 30.255100
0.283972 6.358850
0.284408 1.835230
0.284843 5.581800
0.285279 23.882100
0.285714 28.192900
0.286150 22.548200
0.286585 11.446600
0.287021 37.566800
0.287456 8.539680
0.287892 28.168600
0.288328 2.201300
0.288763 32.244000
0.289199 18.736100
0.289634 8.342750
0.290070 17.021300
0.290505 86.347300
0.290941 16.601800
0.291376 9.567280
0.291812 26.095800
0.293118 67.417800
0.293554 9.349550
0.293990 62.023000
0.294425 10.053800
0.294861 81.343000
0.295296 24.821600
0.295732 14.651300
0.296167 14.821200
0.296603 30.885300
0.297038 83.098500
0.297474 14.566200
0.297909 23.174200
0.298345 11.508100
0.298780 4.309830
0.299216 12.194000
0.299652 64.953200
0.300087 36.625000
0.300523 4.828020
0.300958 78.548800
0.301394 2.040260
0.301829 30.736900
0.302265 60.183600
0.302700 43.542300
0.303136 9.353170
0.303571 19.726500
0.304007 8.322180
0.304443 35.530300
0.304878 19.047900
0.305314 8.881310
0.305749 25.996100
0.306185 4.661150
0.306620 21.989800
0.307056 2.456290
0.307491 45.435400
0.307927 17.642000
0.308362 47.960500
0.308798 28.896300
0.309233 34.647500
0.309669 37.678700
0.310105 5.791460
0.310540 41.396000
0.310976 33.843200
0.311411 58.448600
0.311847 6.921700
0.312282 34.847500
0.312718 16.837200
0.313153 15.313500
0.313589 26.987300
0.314024 14.653700
0.314460 5.651050
0.314895 6.705130
0.315331 8.703590
0.315767 9.389700
0.316202 27.456600
0.316638 26.398700
0.317073 55.693500
0.317944 11.461400
0.318380 10.911400
0.318815 30.686100
0.319251 46.124400
0.319686 54.298900
0.320122 26.654300
0.320557 11.326500
0.320993 16.068000
0.321429 71.232500
0.321864 5.156220
0.322300 7.763290
0.322735 43.188600
0.323171 16.467500
0.323606 4.475090
0.326220 9.805800
0.326655 27.685100
0.327091 50.460400
0.327526 5.924840
0.327962 15.183400
0.328397 10.302200
0.328833 26.648900
0.329268 7.279860
0.329704 2.189490
0.330139 57.635400
0.330575 13.414300
0.331010 2.159620
0.331446 17.847300
0.331882 8.579950
0.332317 13.599900
0.332753 40.449100
0.333188 78.774500
0.333624 8.096870
0.334059 25.205800
0.334495 4.682590
0.334930 29.672000
0.335366 8.495710
0.335801 17.499800
0.336237 5.552910
0.336672 29.273700
0.337108 51.785500
0.337544 29.225500
0.337979 37.195300
0.338415 9.604760
0.338850 12.679200
0.339286 21.609500
0.339721 10.991500
0.340157 18.966900
0.340592 19.565800
0.341028 24.855700
0.341463 77.415200
0.341899 54.383700
0.342334 5.075700
0.342770 9.514500
0.343206 30.231100
0.343641 58.113100
0.344077 23.036900
0.344512 45.154500
0.344948 8.109680
0.345383 28.125500
0.345819 19.477600
0.346254 10.776800
0.346690 67.121200
0.347125 24.777300
0.347561 5.441300
0.347997 59.236200
0.348432 29.947500
0.348868 9.509200
0.349303 17.886100
0.349739 44.661700
0.350174 23.081100
0.350610 32.280300
0.351045 20.091800
0.351481 15.923900
0.351916 4.541910
0.352352 10.995200
0.352787 10.367900
0.353223 23.324400
0.353659 5.235770
0.354094 27.527300
0.354530 27.998200
0.354965 12.325400
0.355401 50.493100
0.355836 3.990440
0.356272 37.570800
0.356707 16.049100
0.357143 94.022100
0.357578 31.465100
0.358014 43.479500
0.358449 34.855900
0.358885 7.718780
0.359321 3.439310
0.359756 5.004260
0.360192 59.717800
0.360627 33.823300
0.361063 30.762000
0.361498 41.669400
0.361934 61.557600
0.362369 50.874700
0.362805 7.073580
0.363240 8.522790
0.363676 15.068800
0.364111 23.550100
0.364547 5.694760
0.364983 8.832230
0.365418 18.664900
0.365854 9.824420
0.366289 10.801600
0.366725 41.117700
0.367160 5.104940
0.367596 56.482700
0.368031 25.207000
0.368467 22.370000
0.368902 16.057700
0.369338 34.169700
0.369774 24.874500
0.370209 34.955000
0.370645 46.778300
0.371080 36.790100
0.371516 48.497700
0.371951 6.354330
0.372387 13.199100
0.372822 7.288550
0.373258 18.544000
0.373693 5.993750
0.374129 7.616890
0.374564 62.048800
0.375000 14.764300
0.375436 30.704300
0.375871 31.963100
0.376307 22.371800
0.376742 19.251300
0.377178 7.446310
0.377613 26.856300
0.378049 5.609140
0.378484 18.863700
0.378920 20.555100
0.379355 26.045000
0.379791 11.146100
0.380226 30.545000
0.380662 12.720300
0.381098 29.299100
0.381533 56.060800
0.381969 40.253900
0.382404 23.655300
0.382840 16.145600
0.383275 10.467000
0.383711 36.802900
0.384146 19.690600
0.384582 56.878100
0.385017 67.872800
0.385453 33.466700
0.385889 10.804500
0.386324 11.326100
0.386760 3.878870
0.387631 18.243600
0.388066 28.542800
0.388502 29.313500
0.388937 77.996900
0.389373 13.041700
0.389808 3.715980
0.390244 12.458300
0.390679 46.529700
0.391115 11.892200
0.391551 54.524900
0.391986 47.262800
0.392422 4.905810
0.392857 8.083130
0.393293 45.967600
0.393728 22.225000
0.394164 30.818000
0.394599 30.827800
0.395035 51.253000
0.395470 11.680500
0.395906 57.972700
0.396341 22.803900
0.396777 23.936300
0.397213 12.668300
0.397648 11.117500
0.398084 14.845800
0.398519 8.249700
0.398955 5.183420
0.399390 15.629400
0.399826 34.701100
0.400261 8.883010
0.400697 6.877320
0.401132 13.638100
0.401568 8.156310
0.402003 20.381700
0.402439 16.310700
0.402875 9.820440
0.403310 76.793100
0.403746 10.642500
0.404181 21.883100
0.404617 47.099100
0.405052 22.995300
0.405488 25.030300
0.405923 12.440600
0.406359 46.079700
0.406794 50.387000
0.407230 8.680720
0.407666 15.112200
0.408101 4.978310
0.408537 53.002000
0.408972 44.383600
0.409408 23.802100
0.409843 38.519600
0.410279 32.978300
0.410714 25.184100
0.411150 47.891000
0.411585 39.854900
0.412021 77.125300
0.412456 15.534000
0.412892 8.232920
0.413328 15.297000
0.413763 20.046200
0.414199 54.839900
0.414634 53.347200
0.415070 35.156900
0.415505 35.821000
0.415941 16.345800
0.416376 71.815300
0.416812 8.854830
0.417247 20.492900
0.417683 69.488100
0.418118 32.613300
0.418554 31.887900
0.418990 22.495500
0.419425 59.805300
0.419861 3.476920
0.420296 41.859200
0.420732 36.866100
0.421167 8.126540
0.421603 7.645060
0.422038 23.663600
0.422474 7.524810
0.422909 11.010500
0.423345 7.887920
0.423780 34.748800
0.424216 8.041240
0.424652 15.814500
0.425087 34.146800
0.425523 5.654500
0.425958 82.651100
0.426394 5.168340
0.426829 8.649080
0.427265 38.948900
0.427700 9.902060
0.428136 16.509900
0.428571 16.098300
0.429007 26.065100
0.429443 8.562340
0.429878 32.311700
0.430314 56.335400
0.430749 6.117160
0.431185 40.662700
0.431620 69.223100
0.432056 5.902300
0.432491 10.431800
0.432927 24.660900
0.433362 29.869600
0.433798 15.963600
0.434233 22.870800
0.434669 49.821100
0.435105 10.051100
0.435540 15.616500
0.435976 13.533900
0.436411 23.311300
0.436847 12.240300
0.437282 11.131500
0.437718 11.343600
0.438153 8.414490
0.438589 28.419500
0.439024 1.680260
0.439460 55.997000
0.439895 34.312400
0.440331 21.453900
0.440767 47.412900
0.441202 7.121790
0.441638 8.643820
0.442073 7.683600
0.442509 1.797280
0.442944 23.291100
0.443380 45.795800
0.443815 44.859900
0.444251 8.504690
0.444686 18.831400
0.445122 16.290200
0.445557 26.426500
0.445993 7.811090
0.446429 20.512000
0.446864 19.982000
0.447300 9.276780
0.447735 37.539900
0.448171 28.364100
0.448606 15.485400
0.449042 26.649500
0.449477 76.626200
0.449913 4.035520
0.450348 2.024490
0.450784 47.792200
0.451220 11.863600
0.451655 18.532800
0.452091 13.277400
0.452526 73.351400
0.452962 16.920600
0.453397 6.889510
0.453833 53.188400
0.454268 10.080100
0.454704 25.578200
0.455139 8.786000
0.455575 61.817200
0.456010 8.374250
0.456446 16.172300
0.456882 20.638700
0.457317 11.026400
0.457753 75.790700
0.458188 5.806610
0.458624 61.992300
0.459059 12.521200
0.459495 9.138950
0.459930 4.338040
0.460366 25.529600
0.460801 9.791270
0.461237 4.003810
0.461672 18.947900
0.462108 51.596900
0.462544 18.224700
0.462979 22.558100
0.463415 24.667100
0.463850 22.540700
0.464286 24.077700
0.464721 1.791530
0.465157 10.287300
0.465592 35.337800
0.466028 76.020100
0.466463 37.440600
0.466899 9.557800
0.467334 20.698600
0.467770 70.006900
0.468206 4.131550
0.468641 50.686600
0.469077 59.261600
0.469512 7.562950
0.469948 49.946600
0.470383 46.265200
0.470819 21.524100
0.471254 8.246130
0.471690 34.341800
0.472125 14.547100
0.472561 14.707200
0.472997 9.696810
0.473432 24.308300
0.473868 4.537310
0.474303 8.457330
0.474739 38.443600
0.475174 31.280500
0.475610 27.154500
0.476045 12.993000
0.476481 27.025500
0.476916 15.915800
0.477352 12.882100
0.477787 26.655700
0.478223 15.413400
0.478659 35.112200
0.479094 87.278100
0.479530 49.053900
0.479965 84.493400
0.480401 48.319400
0.480836 60.280800
0.481272 5.711710
0.481707 14.940200
0.482143 17.874800
0.482578 45.718700
0.483014 19.761100
0.483449 15.745000
0.483885 12.096300
0.484321 24.421600
0.484756 16.267200
0.485192 44.848700
0.485627 11.014400
0.486063 7.686470
0.486498 36.719200
0.486934 35.627200
0.487369 42.727800
0.487805 43.449800
0.488240 23.504100
0.488676 34.295200
0.489111 35.409200
0.489547 1.115860
0.489983 27.555100
0.490418 24.561600
0.490854 13.624000
0.491289 21.661800
0.491725 39.058900
0.492160 19.133300
0.492596 2.032130
0.493031 8.188570
0.493467 41.314300
0.493902 30.595000
0.494338 10.988300
0.494774 22.938900
0.495209 22.256900
0.495645 18.664500
0.496080 16.457000
0.496516 28.464400
0.496951 52.246900
0.497387 11.724600
0.497822 64.266000
0.498258 6.480350
0.498693 54.728900
0.499129 5.285420
0.499564 20.275500
0.500000 52.185800
0.500436 7.740870
0.500871 7.442930
0.501307 21.478900
0.501742 25.099900
0.502178 9.305870
0.502613 17.163600
0.503049 12.726700
0.503484 84.509300
0.503920 20.238300
0.504355 19.956800
0.504791 40.768300
0.505226 27.371700
0.505662 81.917600
0.506098 60.244500
0.506533 27.237300
0.506969 17.177800
0.507404 12.755900
0.507840 16.998100
0.508275 17.594500
0.508711 11.522500
0.509146 6.345720
0.509582 16.979500
0.510017 43.196400
0.510453 10.066700
0.510889 17.757900
0.511324 69.977600
0.511760 5.743190
0.512195 29.320000
0.512631 14.864600
0.513066 5.645900
0.513502 45.818900
0.513937 33.101900
0.514373 8.133040
0.514808 20.015100
0.515244 22.962400
0.515679 24.549700
0.516115 35.748700
0.516551 18.563500
0.516986 5.265870
0.517422 25.267900
0.517857 16.634800
0.518293 7.533790
0.518728 11.461300
0.519164 8.090610
0.519599 61.943200
0.520035 15.225900
0.520470 1.783830
0.520906 11.978800
0.521341 64.728600
0.521777 53.383700
0.522213 34.437200
0.522648 6.461490
0.523084 46.005500
0.523519 6.303680
0.523955 13.806700
0.524390 35.680700
0.524826 23.711400
0.525261 38.000400
0.525697 8.745980
0.526132 11.373300
0.526568 3.494790
0.527003 24.192300
0.527439 36.588100
0.527875 33.002900
0.528310 51.713900
0.528746 6.221640
0.529181 67.198900
0.529617 24.970500
0.530052 9.186830
0.530488 6.162970
0.530923 9.154680
0.531359 48.387700
0.531794 26.717100
0.532230 64.947700
0.532666 14.723000
0.533101 75.718200
0.533537 15.117700
0.533972 23.443400
0.534408 15.531600
0.534843 16.783100
0.535279 11.317600
0.535714 11.023000
0.536150 7.190930
0.536585 6.196880
0.537021 16.485500
0.537456 5.505930
0.537892 54.706800
0.538328 7.381420
0.538763 13.330800
0.539199 7.019730
0.539634 20.817900
0.540070 5.659240
0.540505 20.430300
0.540941 11.864300
0.541376 46.634700
0.541812 13.118300
0.542247 60.824800
0.542683 28.076900
0.543118 12.161800
0.543554 18.887900
0.543990 24.391500
0.544425 7.917190
0.544861 18.987300
0.545296 6.860670
0.545732 55.449500
0.546167 4.528930
0.546603 16.615500
0.547038 4.820710
0.547474 44.297000
0.547909 51.457000
0.548345 19.643100
0.548780 26.131700
0.549216 14.273600
0.549652 8.520210
0.550087 2.482990
0.550523 14.084100
0.550958 25.884200
0.551394 12.567300
0.551829 25.334200
0.552265 51.309900
0.552700 14.340700
0.553136 36.984400
0.553571 27.145100
0.554007 33.026900
0.554443 24.786900
0.554878 15.936100
0.555314 93.987900
0.555749 9.829270
0.556185 21.397800
0.556620 91.139300
0.557056 14.803300
0.557491 16.991200
0.557927 87.804300
0.558362 45.066700
0.558798 17.642800
0.559233 14.833600
0.559669 6.654820
0.560105 12.740400
0.560540 30.439600
0.560976 52.720800
0.561411 3.210380
0.561847 21.968300
0.562282 2.109140
0.562718 1.900550
0.563153 7.408660
0.563589 30.747800
0.564024 11.898500
0.564460 32.860700
0.564895 8.119800
0.565331 14.640800
0.565767 82.311800
0.566202 10.450700
0.566638 11.710900
0.567073 22.475100
0.567509 55.667100
0.567944 31.758900
0.568380 17.748600
0.568815 30.283900
0.569251 22.299000
0.569686 11.768800
0.570122 6.559360
0.570557 7.187020
0.570993 61.446800
0.571429 38.613000
0.571864 14.987000
0.572300 18.337200
0.572735 5.960070
0.573171 69.391800
0.573606 34.228200
0.574042 17.505600
0.574477 49.064800
0.574913 18.114800
0.575348 15.693700
0.575784 13.551200
0.576220 10.852800
0.576655 41.960800
0.577091 13.315500
0.577526 18.972800
0.577962 34.165700
0.578397 7.445170
0.578833 14.304000
0.579268 39.604700
0.579704 28.036300
0.580139 24.264900
0.580575 4.136340
0.581010 9.021740
0.581446 7.808000
0.581882 4.777950
0.582317 49.367000
0.582753 11.152300
0.583188 18.251000
0.583624 23.118600
0.584059 6.787270
0.584495 22.740200
0.584930 49.769100
0.585366 31.838700
0.585801 13.977900
0.586237 4.181180
0.586672 54.547800
0.587108 73.030600
0.587544 26.612800
0.587979 18.957400
0.588415 11.962400
0.588850 7.492930
0.589286 4.976870
0.589721 48.229900
0.590157 26.485100
0.590592 17.824300
0.591028 53.122100
0.591463 12.659000
0.591899 31.843200
0.592334 20.735700
0.592770 26.567300
0.593206 31.986500
0.593641 37.274300
0.594077 14.705600
0.594512 42.197400
0.594948 78.707900
0.595383 62.023300
0.595819 7.213190
0.596254 5.802540
0.596690 26.361400
0.597125 60.242700
0.597561 6.637770
0.597997 11.763300
0.598432 36.868200
0.598868 22.182400
0.599303 18.376200
0.599739 56.458400
0.600174 33.655900
0.600610 9.062220
0.601045 18.646400
0.601481 9.727220
0.601916 6.779190
0.602352 24.043100
0.602787 6.842110
0.603223 9.647860
0.603659 24.482200
0.604094 13.634100
0.604530 43.476200
0.604965 44.756400
0.605401 80.601900
0.605836 18.907800
0.606272 15.990600
0.606707 35.420800
0.607143 42.028800
0.607578 33.242800
0.608014 65.011200
0.608449 43.550600
0.608885 55.655900
0.609321 47.367300
0.609756 5.298090
0.610192 39.567600
0.610627 28.388600
0.611063 5.499250
0.611498 11.074100
0.611934 14.658000
0.612369 17.798700
0.612805 50.901600
0.613240 18.330200
0.613676 9.543010
0.614111 31.453700
0.614547 26.565100
0.614983 9.154110
0.615418 31.893300
0.615854 22.316000
0.616289 5.516100
0.616725 29.984600
0.617160 9.435040
0.617596 49.064900
0.618031 10.800000
0.618467 16.465100
0.618902 20.966100
0.619338 5.695680
0.619774 35.726900
0.620209 5.952110
0.620645 57.631000
0.621080 36.705800
0.621516 28.765000
0.621951 35.523000
0.622387 67.121300
0.622822 32.675100
0.623258 14.044400
0.623693 8.968480
0.624129 24.309900
0.624564 35.557200
0.625000 4.546250
0.625436 30.641300
0.625871 24.493100
0.626307 58.943800
0.626742 9.159490
0.627178 7.801320
0.627613 2.831840
0.628049 80.926300
0.628484 39.613800
0.628920 27.228800
0.629355 49.296200
0.629791 30.244500
0.630226 46.644300
0.630662 11.288100
0.631098 6.425090
0.631533 65.716800
0.631969 8.392080
0.632404 13.545100
0.632840 16.315300
0.633275 16.927100
0.633711 13.936900
0.634146 11.548700
0.634582 60.978000
0.635017 8.399230
0.635453 10.157800
0.635889 25.497500
0.636324 6.463190
0.636760 9.147440
0.637195 14.320500
0.637631 72.371500
0.638066 38.760000
0.638502 39.833600
0.638937 13.833400
0.639373 87.645700
0.639808 81.526600
0.640244 17.528200
0.640679 3.336150
0.641115 44.144400
0.641551 34.276000
0.641986 19.929800
0.642422 6.207130
0.642857 38.415300
0.643293 28.045700
0.643728 43.506800
0.644164 5.286220
0.644599 15.008700
0.645035 39.220400
0.645470 36.781400
0.645906 6.715830
0.646341 2.822640
0.646777 8.743050
0.647213 19.166600
0.647648 10.832000
0.648084 14.683100
0.648955 16.646000
0.649390 21.616700
0.649826 6.841810
0.650261 54.049800
0.650697 40.899000
0.651132 5.549700
0.651568 21.256600
0.652003 5.784870
0.652439 5.956850
0.652875 25.844300
0.653310 11.501600
0.653746 38.012400
0.654181 36.281000
0.654617 15.817200
0.655052 19.550400
0.655488 20.731500
0.655923 19.497600
0.656359 40.757800
0.656794 36.962100
0.657230 27.047000
0.657666 3.176040
0.658101 19.728300
0.658537 6.350490
0.658972 11.400900
0.659408 4.784680
0.659843 3.825480
0.660279 11.071800
0.660714 34.412000
0.661150 30.059300
0.661585 15.290500
0.662021 14.735400
0.662456 5.273350
0.662892 15.697300
0.663328 18.366000
0.663763 21.891100
0.664199 28.157100
0.664634 60.943000
0.665070 46.436800
0.665505 15.786200
0.665941 13.661700
0.666376 7.835580
0.666812 61.754500
0.667247 18.032400
0.667683 40.966300
0.668118 11.019400
0.668554 6.341550
0.668990 10.513500
0.669425 23.376200
0.669861 81.588400
0.670296 9.338860
0.670732 22.595200
0.671167 11.189900
0.671603 7.606830
0.672038 16.615300
0.672474 33.136700
0.672909 28.894900
0.673345 15.366700
0.673780 30.665700
0.674216 44.616400
0.674652 45.744900
0.675087 19.323100
0.675523 15.439300
0.675958 5.013230
0.676394 8.966960
0.676829 40.217800
0.677265 6.400740
0.677700 47.064100
0.678136 29.472900
0.678571 2.618170
0.679007 27.655100
0.679443 3.527540
0.679878 19.713100
0.680314 9.735100
0.680749 35.436300
0.681185 66.557800
0.681620 40.832100
0.682056 23.118000
0.682491 8.567350
0.682927 48.897300
0.683362 8.479680
0.683798 53.359300
0.684233 22.201400
0.684669 13.711100
0.685105 10.990100
0.685540 71.091000
0.685976 5.053140
0.686411 7.935040
0.686847 7.683870
0.687282 34.720600
0.687718 7.029300
0.688153 19.186700
0.688589 1.787390
0.689024 54.551700
0.689460 43.975300
0.689895 64.792900
0.690331 2.693180
0.690767 28.287300
0.691202 37.799100
0.691638 9.964440
0.692073 3.872140
0.692509 24.253600
0.692944 18.579300
0.693380 31.280000
0.693815 3.622550
0.694251 7.811340
0.694686 20.058500
0.695122 20.677800
0.695557 18.262700
0.695993 21.423300
0.696429 32.139100
0.696864 53.110500
0.697300 8.108830
0.697735 30.518700
0.698171 10.466800
0.698606 9.288400
0.699042 10.046000
0.699477 5.751530
0.699913 19.002700
0.700348 12.691100
0.700784 13.777000
0.701220 5.557600
0.701655 2.558180
0.702091 55.107600
0.702526 76.546400
0.702962 5.936070
0.703397 7.786310
0.703833 25.947300
0.704268 6.801860
0.704704 11.823400
0.705139 44.546800
0.705575 5.916370
0.706010 32.986900
0.706446 10.252600
0.706882 41.896000
0.707317 23.271400
0.707753 5.539270
0.708188 18.101300
0.708624 6.675950
0.709059 33.865500
0.709495 41.499000
0.709930 16.725400
0.710366 26.502600
0.710801 45.089200
0.711237 7.054090
0.711672 29.275800
0.712108 27.946500
0.712544 25.702800
0.712979 17.097300
0.713415 24.904400
0.713850 2.224450
0.714286 6.636740
0.714721 28.333600
0.715157 55.415800
0.715592 22.616000
0.716028 22.343700
0.716463 7.223470
0.716899 28.171500
0.717334 4.517410
0.717770 11.443800
0.718206 18.564300
0.718641 12.432700
0.719077 18.943200
0.719512 14.597000
0.719948 25.560200
0.720383 17.802000
0.720819 49.648100
0.721254 24.608900
0.721690 28.328700
0.722125 8.919180
0.722561 38.153100
0.722997 22.950500
0.723432 65.490600
0.723868 10.468300
0.724303 27.493300
0.724739 41.714000
0.725174 27.068700
0.725610 19.757700
0.726045 47.634400
0.726481 22.777900
0.726916 7.291130
0.727352 26.964900
0.727787 38.714300
0.728223 22.658900
0.728659 28.903300
0.729094 41.786400
0.729530 35.833500
0.729965 6.759180
0.730401 20.286600
0.730836 29.237700
0.731272 32.963700
0.731707 21.885400
0.732143 13.803600
0.732578 7.805630
0.733014 1.637280
0.733449 22.909100
0.733885 36.496000
0.734321 8.999420
0.734756 24.155100
0.735192 22.687200
0.735627 31.794900
0.736063 16.195200
0.736498 13.515000
0.736934 46.257600
0.737369 17.865600
0.737805 63.386300
0.738240 67.972500
0.738676 13.694400
0.739111 10.729900
0.739547 26.492300
0.739983 11.363800
0.740418 6.996130
0.740854 4.611640
0.741289 39.762900
0.741725 58.842900
0.742160 6.728020
0.742596 6.414570
0.743031 24.407900
0.743467 50.734800
0.743902 43.697000
0.744338 32.766200
0.744774 8.366880
0.745209 25.549900
0.745645 44.990500
0.746080 38.904900
0.746516 22.810700
0.746951 12.929800
0.747387 19.256700
0.747822 38.356400
0.748258 39.315600
0.748693 49.108900
0.749129 40.012400
0.749564 32.979800
0.750000 44.608700
0.750436 13.319000
0.750871 17.331900
0.751307 3.536990
0.751742 44.081000
0.752178 1.738230
0.752613 2.872200
0.753049 31.840200
0.753484 36.081600
0.753920 27.342400
0.754355 18.854900
0.754791 21.657700
0.755226 15.780500
0.755662 10.100500
0.756098 9.053900
0.756533 8.931980
0.756969 5.761190
0.757404 7.892370
0.757840 20.102900
0.758275 11.420300
0.758711 22.098200
0.759146 9.087580
0.759582 26.235600
0.760017 21.799100
0.760453 10.387900
0.760889 33.500600
0.761324 56.268300
0.761760 7.602360
0.762195 25.156200
0.762631 15.812800
0.763066 46.068100
0.763502 74.591400
0.763937 4.660050
0.764373 67.452500
0.764808 5.319720
0.765244 11.896500
0.765679 23.072100
0.766115 13.273500
0.766551 20.009200
0.766986 15.261400
0.767422 71.267600
0.767857 26.403100
0.768293 9.725780
0.768728 32.508200
0.769164 7.808560
0.769599 10.070700
0.770035 7.584240
0.770470 89.986300
0.770906 54.005800
0.771341 64.886300
0.771777 44.683200
0.772213 64.411800
0.772648 6.281120
0.773084 12.118900
0.773519 27.178700
0.773955 5.850730
0.774390 16.007200
0.774826 1.646870
0.775697 19.866900
0.776132 40.873400
0.776568 6.070070
0.777003 21.491200
0.777439 9.817280
0.777875 35.870200
0.778310 7.286370
0.778746 2.210850
0.779181 11.294400
0.779617 36.020200
0.780052 5.814030
0.780488 42.756600
0.780923 19.125700
0.781359 8.381310
0.781794 1.829990
0.782230 73.450200
0.782666 30.980300
0.783101 18.495700
0.783537 11.651000
0.783972 5.762500
0.784408 32.340200
0.784843 29.088300
0.785279 8.675480
0.785714 6.292140
0.786150 5.104970
0.786585 16.148000
0.787021 78.140000
0.787456 42.589500
0.787892 16.275900
0.788328 6.871000
0.788763 15.570200
0.789199 46.104700
0.789634 16.259600
0.790070 15.539500
0.790505 9.480750
0.790941 68.635600
0.791376 36.044500
0.791812 27.965600
0.792247 21.167200
0.792683 23.514300
0.793118 15.324500
0.793554 11.225000
0.793990 23.353700
0.794425 13.914300
0.794861 21.958900
0.795296 33.757000
0.795732 5.011420
0.796167 9.044400
0.796603 7.499410
0.797038 13.337700
0.797474 54.466700
0.797909 44.877600
0.798345 10.852900
0.798780 9.745660
0.799216 3.660170
0.799652 56.848800
0.800087 5.663600
0.800523 25.416300
0.800958 4.772370
0.801394 20.330900
0.801829 28.501100
0.802265 30.457000
0.802700 20.034000
0.803136 35.798400
0.803571 30.502700
0.804007 8.237570
0.804443 30.514200
0.804878 18.930700
0.805314 39.175500
0.805749 32.244400
0.806185 19.133500
0.806620 16.125300
0.807056 18.958100
0.807491 10.937600
0.807927 42.580500
0.808362 6.726780
0.808798 42.419600
0.809233 28.472600
0.809669 13.130200
0.810105 51.354700
0.810540 8.193130
0.810976 49.146000
0.811411 69.340200
0.811847 80.313100
0.812282 3.773020
0.812718 21.937400
0.813153 31.168200
0.813589 15.367700
0.814024 11.620300
0.814460 6.720970
0.814895 18.406900
0.815331 17.613600
0.815767 6.995150
0.816202 29.445200
0.816638 8.327970
0.817073 25.130400
0.817944 46.453900
0.818380 8.804090
0.818815 3.302640
0.819251 4.523290
0.819686 18.279900
0.820122 6.239040
0.820557 18.801900
0.820993 8.380180
0.821429 44.674500
0.821864 9.546700
0.822300 7.581130
0.822735 54.773600
0.823171 31.247300
0.823606 50.408700
0.824042 43.548300
0.824477 47.926100
0.824913 27.500300
0.825348 13.834500
0.825784 6.843310
0.826220 3.466490
0.826655 5.724520
0.827091 16.417900
0.827526 14.447000
0.827962 12.136700
0.828397 73.449300
0.828833 5.924850
0.829268 58.424800
0.829704 8.327610
0.830139 41.525500
0.830575 24.307200
0.831010 14.637900
0.831446 18.437700
0.831882 33.945800
0.832317 35.710000
0.832753 43.052700
0.833188 8.299930
0.833624 35.336100
0.834059 11.001100
0.834495 11.104000
0.834930 44.744600
0.835366 5.131800
0.835801 25.313500
0.836237 33.611800
0.836672 73.873400
0.837108 24.742600
0.837544 6.218280
0.837979 47.289400
0.838415 16.928300
0.838850 9.885390
0.839286 8.488950
0.839721 7.105740
0.840157 44.230800
0.840592 16.668000
0.841028 83.621600
0.841463 5.497030
0.841899 6.478880
0.842334 11.212300
0.842770 14.079100
0.843206 20.544300
0.843641 60.462500
0.844077 7.586420
0.844512 8.741440
0.844948 17.131600
0.845383 5.872900
0.845819 69.218900
0.846254 9.737780
0.846690 23.990400
0.847125 13.951800
0.847561 57.061900
0.847997 45.413600
0.848432 43.099800
0.848868 8.464980
0.849303 18.514400
0.849739 25.914100
0.850174 7.927960
0.850610 8.762500
0.851045 76.968400
0.851481 33.991900
0.851916 18.666000
0.852352 4.100350
0.852787 31.599100
0.853223 5.174530
0.853659 28.751800
0.854094 9.052670
0.854530 4.284470
0.854965 13.739100
0.855401 10.596700
0.855836 43.820100
0.856272 39.520200
0.856707 9.439950
0.857143 30.472800
0.857578 35.483700
0.858014 24.879200
0.858449 9.132120
0.858885 14.087400
0.859321 63.416000
0.859756 21.062000
0.860192 38.910100
0.860627 10.014800
0.861063 3.273750
0.861498 65.365400
0.861934 53.875000
0.862369 14.557800
0.862805 32.137800
0.863240 7.599100
0.863676 25.121200
0.864111 22.061600
0.864547 38.676200
0.864983 17.352000
0.865418 9.611690
0.865854 47.978700
0.866289 14.272200
0.866725 4.947930
0.867160 19.543100
0.867596 5.545370
0.868031 4.840280
0.868467 35.065600
0.868902 8.549030
0.869338 5.330820
0.869774 11.019500
0.870209 41.824800
0.870645 1.691800
0.871080 11.096700
0.871516 49.629700
0.871951 9.324610
0.872387 12.255000
0.872822 87.853400
0.873258 10.255700
0.873693 57.761600
0.874129 49.730800
0.874564 9.930330
0.875000 26.727700
0.875436 34.209700
0.875871 70.550000
0.876307 8.671660
0.876742 8.538940
0.877178 8.130970
0.877613 16.103100
0.878049 90.957200
0.878484 5.573340
0.878920 10.352600
0.879355 32.095700
0.879791 26.913200
0.880226 40.201500
0.880662 11.222000
0.881098 50.380300
0.881533 20.957700
0.881969 32.101700
0.882404 4.275810
0.882840 70.672800
0.883275 3.792250
0.883711 9.483900
0.884146 14.998700
0.884582 77.542400
0.885017 11.429900
0.885453 16.541900
0.885889 10.509000
0.886324 6.930960
0.886760 49.445700
0.887195 8.936450
0.887631 34.317200
0.888066 32.187400
0.888502 19.235700
0.888937 9.505100
0.889373 9.388250
0.889808 25.625700
0.890244 11.165100
0.890679 14.660400
0.891115 44.316400
0.891551 6.349160
0.891986 16.985700
0.892422 17.285400
0.892857 58.369500
0.893293 72.574500
0.893728 24.870200
0.894164 8.441490
0.894599 85.579900
0.895035 10.503900
0.895470 47.402400
0.895906 13.116900
0.896341 6.834920
0.896777 45.983800
0.897213 1.717080
0.897648 13.439300
0.898084 45.254200
0.898519 41.736900
0.898955 9.338530
0.899390 30.013000
0.899826 15.056000
0.900261 5.111630
0.900697 6.585830
0.901132 5.631140
0.901568 25.431300
0.902003 14.961900
0.902439 6.237090
0.902875 5.583620
0.903310 26.124500
0.903746 12.018500
0.904181 36.534400
0.904617 2.580910
0.905052 55.134700
0.905488 17.296100
0.905923 18.638100
0.906359 47.759100
0.906794 46.095000
0.907230 96.279100
0.907666 5.957160
0.908101 8.546270
0.908537 17.100200
0.908972 6.973360
0.909408 78.069100
0.909843 14.897700
0.910279 11.657400
0.910714 6.713230
0.911150 52.676900
0.911585 21.849800
0.912021 5.225740
0.912456 16.952300
0.912892 13.914700
0.913328 34.243000
0.913763 21.344000
0.914199 1.653810
0.914634 37.058200
0.915070 7.817680
0.915505 33.371800
0.915941 12.052400
0.916376 11.352200
0.916812 18.254300
0.917247 17.090400
0.917683 22.586000
0.918118 9.411800
0.918554 38.125800
0.918990 7.538870
0.919425 35.732100
0.919861 8.077560
0.920296 76.334600
0.920732 19.607400
0.921167 12.927900
0.921603 18.415100
0.922038 62.800100
0.922474 30.098500
0.922909 14.605700
0.923345 50.421300
0.923780 32.306100
0.924216 33.307700
0.924652 41.830900
0.925087 6.116840
0.925523 17.960700
0.925958 4.303690
0.926394 18.983300
0.926829 9.623490
0.927265 26.331900
0.927700 12.914600
0.928136 38.607100
0.928571 8.247220
0.929007 20.783800
0.929443 11.759400
0.929878 5.726000
0.930314 8.864790
0.930749 32.267400
0.931185 73.605100
0.931620 13.528000
0.932056 4.892310
0.932491 10.201400
0.932927 14.376300
0.933362 39.624600
0.933798 20.743800
0.934233 34.048400
0.934669 8.382130
0.935105 38.350100
0.935540 30.224400
0.935976 60.179800
0.936411 23.011500
0.936847 34.819800
0.937282 31.581000
0.937718 45.323200
0.938153 29.969200
0.938589 49.890300
0.939024 2.843980
0.939460 21.109000
0.939895 10.200300
0.940331 40.002500
0.940767 9.511440
0.941202 24.816800
0.941638 3.825700
0.942073 30.700800
0.942509 7.516670
0.942944 54.323100
0.943380 55.994300
0.943815 13.232700
0.944251 20.710900
0.944686 10.827600
0.945122 11.411500
0.945557 36.727500
0.945993 27.665800
0.946429 8.209410
0.946864 37.532000
0.947300 10.192800
0.947735 2.631300
0.948171 13.438500
0.948606 42.333300
0.949042 4.511410
0.949477 23.871100
0.949913 45.072800
0.950348 6.886650
0.950784 34.009800
0.951220 33.884700
0.951655 14.850300
0.952091 42.460500
0.952526 13.015500
0.952962 28.084500
0.953397 22.650800
0.953833 17.135300
0.954268 2.660710
0.954704 41.116200
0.955139 44.205500
0.955575 42.578100
0.956010 15.196800
0.956446 12.558100
0.956882 22.981500
0.957317 6.015260
0.957753 32.889100
0.958188 44.483800
0.958624 5.847200
0.959059 14.076700
0.959495 4.171140
0.959930 15.918600
0.960366 70.172100
0.960801 8.643720
0.961237 33.583200
0.961672 10.129500
0.962108 31.937900
0.962544 79.987200
0.962979 16.930000
0.963415 32.332300
0.963850 4.999380
0.964286 77.670700
0.964721 5.854980
0.965157 34.984600
0.965592 12.044500
0.966028 18.205700
0.966463 14.544000
0.966899 58.378900
0.967334 51.883000
0.967770 23.657600
0.968206 24.128000
0.968641 12.606800
0.969077 11.184100
0.969512 3.817980
0.969948 28.744400
0.970383 11.935000
0.970819 25.916200
0.971254 21.337800
0.971690 12.244900
0.972125 4.658590
0.972561 42.865700
0.972997 18.495300
0.973432 10.741300
0.973868 44.156800
0.974303 48.148400
0.974739 20.880300
0.975174 11.544600
0.975610 69.353800
0.976045 23.481400
0.976481 9.463080
0.976916 4.179110
0.977352 5.682140
0.977787 7.281530
0.978223 24.651200
0.978659 9.749660
0.979094 39.667500
0.979530 62.461700
0.979965 12.413500
0.980401 6.018820
0.980836 16.555800
0.981272 9.238430
0.981707 23.099900
0.982143 29.353700
0.982578 9.334020
0.983014 90.725300
0.983449 46.345000
0.983885 26.009900
0.984321 12.048000
0.984756 7.404200
0.985192 7.736050
0.985627 4.745390
0.986063 17.081600
0.986498 9.455410
0.986934 49.055400
0.987369 2.226270
0.987805 3.761250
0.988240 18.968700
0.988676 81.296900
0.989111 29.361700
0.989547 4.385410
0.989983 68.233500
0.990418 4.745480
0.990854 65.276800
0.991289 22.090300
0.991725 12.251700
0.992160 26.147400
0.992596 32.580400
0.993031 4.763830
0.993467 36.704200
0.993902 21.741700
0.994338 21.725000
0.994774 9.436650
0.995209 18.183000
0.995645 33.125300
0.996080 15.486200
0.996516 10.360000
0.996951 59.856000
0.997387 7.842740
0.997822 38.535600
0.998258 6.706230
0.998693 17.859100
0.999129 4.079800
0.999564 4.160500
1.000000 11.199100
