0.000297 17.161000
0.000595 7.237120
0.000892 32.511700
0.001189 3.516710
0.001486 8.307020
0.001784 19.241400
0.002081 36.589200
0.002378 55.096300
0.002675 8.780940
0.002973 45.154400
0.003270 7.525070
0.003567 29.282600
0.003864 46.733300
0.004162 7.205970
0.004459 12.046800
0.004756 71.885900
0.005054 71.134200
0.005351 27.074000
0.005648 22.856900
0.005945 9.266440
0.006243 34.177800
0.006540 6.734440
0.006837 8.994900
0.008026 11.312900
0.008323 4.528470
0.008621 46.727900
0.008918 18.930900
0.009215 8.036080
0.009512 10.133900
0.009810 11.279000
0.016944 59.483000
0.017241 44.946700
0.017539 34.524100
0.017836 23.517600
0.019322 9.509200
0.019620 30.472500
0.019917 14.881900
0.020214 2.534720
0.020511 5.637500
0.020809 8.754350
0.021106 30.102100
0.021403 47.311700
0.021700 14.134200
0.039536 8.389800
0.039834 3.158370
0.040131 28.831400
0.040428 35.108800
0.040725 28.280300
0.041023 7.003620
0.041320 24.826400
0.041617 27.137600
0.041914 15.052100
0.042212 38.084700
0.042509 39.452700
0.055291 9.691900
0.055589 29.707900
0.055886 49.805400
0.056183 9.236550
0.056480 18.020700
0.056778 18.026800
0.057075 20.033700
0.057372 35.973800
0.057669 52.522300
0.057967 31.505800
0.058264 13.938500
0.058561 17.894500
0.058859 20.373100
0.059156 29.862100
0.059453 17.435700
0.059750 16.844700
0.065101 58.116000
0.065398 61.602300
0.065696 30.226800
0.065993 26.244400
0.066290 17.783200
0.066587 6.210620
0.066885 16.156700
0.067182 4.380410
0.067479 18.093200
0.067776 7.106230
0.068074 18.680200
0.068371 16.473100
0.068668 33.340800
0.068966 32.459000
0.069263 19.393200
0.069560 16.885700
0.069857 40.837000
0.070155 7.574360
0.070452 5.281860
0.070749 27.124300
0.071046 15.096900
0.071344 8.002170
0.071641 41.915700
0.071938 20.619400
0.072235 10.104100
0.072533 7.256850
0.072830 21.832900
0.073127 13.184100
0.073424 3.371050
0.073722 11.809400
0.074019 62.138100
0.074316 34.156000
0.074614 11.328800
0.074911 20.895400
0.075208 10.577600
0.075505 12.077400
0.075803 41.281800
0.076100 54.875700
0.076397 61.308100
0.076694 25.320600
0.076992 23.937600
0.077289 12.115800
0.077883 19.595300
0.078181 41.796000
0.078478 4.508340
0.078775 77.286300
0.079073 6.212420
0.079370 18.580300
0.079667 23.357100
0.083234 9.958660
0.083532 19.623500
0.083829 8.373760
0.084126 70.353400
0.084423 13.357000
0.084721 40.649200
0.085018 8.697660
0.085315 4.734130
0.085612 42.912600
0.085910 21.652600
0.086207 40.258500
0.086504 7.605150
0.086801 9.426460
0.087099 9.267010
0.087396 18.410000
0.087693 6.152120
0.087990 31.307600
0.088288 6.112940
0.088585 37.007400
0.088882 39.236000
0.089180 44.592700
0.089477 20.827900
0.089774 43.535100
0.090071 7.286060
0.090369 7.833950
0.090666 52.766200
0.090963 32.447200
0.091260 74.264400
0.091558 57.587800
0.091855 39.911000
0.092152 63.341500
0.092449 25.082300
0.092747 6.302090
0.093044 3.818610
0.093341 14.774900
0.093639 17.869700
0.093936 20.952300
0.094233 5.785810
0.094530 8.559660
0.094828 31.947700
0.095125 12.017800
0.095422 47.452200
0.095719 11.739100
0.096017 28.248900
0.096314 21.943400
0.096611 8.958570
0.096908 7.965800
0.097206 7.813000
0.097503 5.938650
0.097800 58.479900
0.098098 23.305400
0.098395 35.526800
0.098692 13.989400
0.098989 24.078900
0.099287 48.023900
0.099584 27.330700
0.099881 35.384800
0.100178 7.139830
0.100476 25.873600
0.100773 13.697900
0.101070 50.874600
0.101367 67.321000
0.101665 11.051700
0.101962 36.759100
0.102259 14.943900
0.102556 13.860300
0.102854 55.322700
0.103151 21.221800
0.103448 46.229000
0.103746 6.330120
0.104043 7.365840
0.104340 49.460600
0.104637 12.537500
0.104935 44.677000
0.105232 29.005800
0.105529 36.300900
0.105826 4.529470
0.106124 15.377500
0.106421 9.160610
0.106718 11.899600
0.107015 11.358300
0.107313 8.378770
0.107610 5.418110
0.107907 11.045600
0.108205 9.155820
0.108502 19.271200
0.108799 74.651400
0.109096 20.902800
0.111474 8.324900
0.111772 30.357100
0.112069 9.945570
0.112366 45.680200
0.112663 10.945500
0.112961 12.411700
0.113258 16.974500
0.113555 9.651390
0.113853 6.603680
0.114150 9.377580
0.114447 12.609400
0.114744 32.230500
0.115042 9.463940
0.115339 7.966410
0.115636 9.706790
0.115933 23.630300
0.116231 36.670900
0.116528 18.866400
0.116825 21.413200
0.117122 74.827100
0.117420 19.467300
0.117717 14.991800
0.118014 3.708580
0.118312 15.198000
0.118609 35.831400
0.118906 34.629700
0.119203 4.398840
0.119501 47.519100
0.119798 1.284270
0.120095 7.041010
0.120392 33.000100
0.120690 49.124600
0.120987 29.094800
0.121284 31.776800
0.121581 6.130840
0.121879 9.152530
0.122176 10.384200
0.122473 9.301800
0.122771 11.225900
0.123068 11.954900
0.123365 32.936900
0.123662 31.395700
0.123960 80.994000
0.124257 87.199400
0.124554 37.164400
0.124851 32.430400
0.125149 21.495700
0.125446 62.872000
0.125743 1.673250
0.126040 31.673600
0.126338 21.201300
0.126635 15.040200
0.126932 42.772100
0.127229 5.621290
0.127527 40.248700
0.127824 28.906100
0.128121 19.626300
0.128419 13.159500
0.128716 6.611970
0.129013 22.016500
0.129310 23.347700
0.129608 16.199800
0.129905 9.553460
0.130202 33.682600
0.130499 43.490600
0.130797 7.601210
0.131094 47.923200
0.131391 12.813400
0.131688 13.029200
0.131986 41.228700
0.132283 25.664500
0.132580 11.461100
0.132878 15.827000
0.133175 28.901200
0.133472 27.603300
0.133769 28.007700
0.134067 63.953600
0.134364 13.821900
0.134661 12.302400
0.134958 29.592300
0.135256 24.691300
0.135553 60.085000
0.135850 39.187400
0.136147 13.037300
0.136445 47.058700
0.136742 16.375700
0.137039 17.126400
0.137337 13.671900
0.137634 19.656300
0.137931 14.686600
0.138228 46.794000
0.138526 8.004290
0.138823 8.093090
0.139120 65.725200
0.139417 23.844300
0.139715 11.873200
0.140012 6.203510
0.140309 2.762280
0.140606 20.133800
0.140904 21.516200
0.141201 14.948100
0.141498 28.720600
0.141795 17.635900
0.142093 37.422500
0.142390 40.386000
0.142687 10.632800
0.142985 71.795900
0.143282 60.372400
0.143579 27.973100
0.143876 4.387680
0.144174 8.591690
0.144471 16.485100
0.144768 10.261000
0.145065 67.722400
0.145363 4.232580
0.145660 12.153100
0.145957 10.374500
0.146254 47.883700
0.146552 36.018400
0.146849 17.068300
0.147146 34.543700
0.147444 27.501100
0.147741 71.276700
0.148038 23.986700
0.148335 17.883300
0.148633 6.951330
0.148930 13.073900
0.149227 13.391100
0.149524 9.654960
0.150713 67.121200
0.151011 6.449890
0.151308 9.551500
0.151605 31.954300
0.151902 8.093670
0.152200 18.764100
0.152497 4.430600
0.152794 6.038750
0.153092 3.053550
0.153389 32.117900
0.153686 31.664400
0.153983 38.543400
0.154281 13.118900
0.154578 39.592100
0.154875 15.940100
0.155172 35.964300
0.155470 6.717300
0.155767 5.318940
0.156064 48.926300
0.156659 11.237500
0.156956 21.876000
0.157253 10.162600
0.157551 13.974600
0.157848 40.111100
0.158145 13.806600
0.158442 18.705200
0.158740 30.047000
0.159037 27.737400
0.159334 37.985500
0.159631 7.116790
0.159929 42.498800
0.160226 7.862650
0.160523 43.599900
0.160820 5.538970
0.161118 4.611510
0.161415 40.087300
0.161712 20.845100
0.162010 12.593100
0.162307 69.046100
0.162604 22.572800
0.162901 17.898700
0.163199 25.439700
0.163496 10.112300
0.163793 25.358600
0.164090 7.601090
0.164388 22.598300
0.164685 8.069380
0.164982 11.171700
0.165279 49.858000
0.165577 14.309500
0.165874 12.229700
0.166171 5.307690
0.166468 44.424500
0.166766 20.701600
0.167063 22.271900
0.167360 26.593900
0.167658 62.822000
0.167955 40.994800
0.168252 35.301800
0.168549 9.832650
0.168847 19.711700
0.169144 16.247200
0.169441 5.011760
0.169738 7.406610
0.170036 49.812900
0.170333 4.204810
0.170630 63.525500
0.170927 53.586400
0.171225 4.509210
0.171522 3.096600
0.171819 82.118600
0.172117 28.020300
0.172414 13.794600
0.172711 86.032500
0.173008 5.051740
0.173306 61.122200
0.173603 4.111360
0.173900 4.614380
0.174197 15.732900
0.174495 27.919700
0.174792 4.616590
0.175089 47.202300
0.175684 28.290300
0.175981 18.080500
0.176576 67.417800
0.176873 11.468800
0.177170 22.337500
0.177467 9.154650
0.177765 81.691500
0.178062 16.573300
0.178359 30.226900
0.178656 5.442950
0.178954 5.539100
0.179251 21.847500
0.179845 11.657400
0.180143 45.914000
0.180440 10.033400
0.180737 23.078300
0.181034 10.350000
0.181332 6.684260
0.181629 58.556300
0.181926 31.971500
0.182224 4.410480
0.182521 37.553500
0.182818 8.022610
0.183115 62.525600
0.183413 10.439500
0.183710 23.049800
0.184007 20.248900
0.184304 31.323300
0.184602 26.304500
0.184899 16.075000
0.185196 19.029100
0.185493 50.388200
0.185791 29.320000
0.186088 11.615100
0.186385 11.054100
0.186683 19.898500
0.186980 2.883280
0.187277 9.492230
0.187574 5.868750
0.187872 19.255700
0.188169 11.101300
0.188466 57.603200
0.188763 50.346000
0.189061 6.731950
0.189358 11.857300
0.189655 58.181800
0.189952 21.896600
0.190250 9.362880
0.190547 8.390660
0.190844 66.989100
0.191141 12.700000
0.191439 28.885900
0.191736 39.521200
0.192033 3.849400
0.192331 44.273300
0.192628 6.306550
0.192925 10.776100
0.193222 11.831800
0.193520 48.110100
0.193817 7.940070
0.194114 46.242300
0.194411 57.956100
0.194709 41.115900
0.195006 14.844100
0.195303 20.099200
0.195600 32.420600
0.195898 43.865300
0.196195 6.363050
0.196492 8.194090
0.196790 14.941700
0.197087 5.833060
0.197384 7.495920
0.197681 12.143800
0.197979 27.657700
0.198276 47.388100
0.198573 37.569000
0.198870 55.299400
0.199168 64.907500
0.199465 7.371060
0.199762 13.950700
0.200059 6.984520
0.200357 22.973900
0.200654 15.313700
0.200951 62.317700
0.201249 13.081800
0.201546 19.315400
0.201843 9.430340
0.202140 8.333430
0.202438 41.592200
0.202735 50.154200
0.203032 9.077840
0.203329 7.081160
0.203627 32.886000
0.203924 8.608720
0.204221 7.483350
0.204518 44.251900
0.204816 32.145200
0.205113 9.505830
0.205410 22.547500
0.205707 8.008700
0.206005 54.790900
0.206302 10.809900
0.206599 9.206070
0.206897 11.972000
0.207194 4.454250
0.207491 20.481000
0.207788 67.421500
0.208086 8.342350
0.208383 14.097400
0.208680 31.720300
0.208977 1.673810
0.209275 47.341100
0.209572 36.084200
0.209869 33.794500
0.210166 19.366200
0.210464 14.557500
0.210761 30.140900
0.211058 11.483000
0.211356 26.589800
0.211653 9.188470
0.211950 8.341630
0.212247 67.807300
0.212545 22.723100
0.212842 67.790700
0.213139 19.864600
0.213436 6.529070
0.213734 4.381240
0.214031 11.164400
0.214328 10.333600
0.214625 54.111000
0.214923 35.981300
0.215220 50.779000
0.215517 6.044570
0.215815 6.311350
0.216112 2.459020
0.216409 11.983200
0.216706 35.406900
0.217004 42.868600
0.217301 8.691740
0.217598 34.488300
0.218193 9.805800
0.218490 2.674100
0.218787 28.767800
0.219084 45.855700
0.219382 25.615100
0.219679 12.164100
0.219976 19.915200
0.220273 13.300900
0.220571 31.009400
0.220868 8.318920
0.221165 1.781980
0.221463 24.065800
0.221760 56.650700
0.222057 41.154200
0.222354 28.631700
0.222652 8.053520
0.222949 16.021700
0.223246 48.651600
0.223543 18.842200
0.223841 15.602100
0.224138 10.424900
0.224435 16.231300
0.224732 27.293000
0.225030 37.911300
0.225327 13.307600
0.225624 5.623700
0.225922 47.015900
0.226219 8.371010
0.226516 11.516000
0.226813 40.462200
0.227111 7.829180
0.227408 41.304800
0.227705 7.484270
0.228002 63.865400
0.228300 31.186500
0.228597 31.150700
0.228894 39.523800
0.229191 34.915000
0.229489 15.230300
0.229786 24.959000
0.230083 10.471900
0.230380 17.169800
0.230678 14.859300
0.230975 18.872000
0.231272 81.498300
0.231570 31.849100
0.231867 20.452300
0.232164 61.660800
0.232461 6.120140
0.232759 5.894850
0.233056 14.027700
0.233353 19.533000
0.233650 75.501400
0.233948 31.990800
0.234245 28.668900
0.234542 52.680500
0.234839 54.018700
0.235137 28.363500
0.235434 8.340250
0.235731 5.269490
0.236029 12.819300
0.236326 5.139360
0.236623 6.305020
0.236920 14.862600
0.237218 7.189530
0.237515 54.260100
0.237812 9.415910
0.238109 22.508100
0.238407 3.809080
0.238704 17.415800
0.239001 28.868700
0.239298 40.341300
0.239596 14.468300
0.239893 8.728690
0.240190 7.459710
0.240488 70.343500
0.240785 23.243100
0.241082 59.570500
0.241379 9.734780
0.241677 88.600700
0.241974 32.231200
0.242271 86.004300
0.242568 5.039740
0.242866 7.933750
0.243163 9.077110
0.243460 9.389920
0.243757 7.827150
0.244055 14.012400
0.244352 5.626610
0.244649 24.986100
0.244946 13.637200
0.245244 26.558800
0.245541 38.661400
0.245838 6.470940
0.246136 17.884100
0.246433 5.663300
0.246730 34.204400
0.247027 42.584000
0.247325 21.432800
0.247622 9.844220
0.247919 18.008200
0.248216 17.099700
0.248514 31.134200
0.248811 39.519200
0.249108 27.168500
0.249405 23.942500
0.249703 74.697900
0.250000 21.781500
0.250297 30.429900
0.250595 7.148750
0.250892 11.011700
0.251189 19.667700
0.251486 28.875700
0.251784 18.461900
0.252081 32.087200
0.252378 5.456420
0.252675 6.320950
0.252973 23.702100
0.253270 27.081600
0.253567 10.649100
0.253864 17.862500
0.254162 56.211500
0.254459 26.970500
0.254756 62.164900
0.255054 9.173130
0.255351 47.306000
0.255648 34.870900
0.256837 7.409500
0.257134 53.681900
0.257432 69.069300
0.257729 8.540480
0.258026 39.503700
0.258323 5.749440
0.258621 16.129300
0.258918 8.329970
0.259215 18.007700
0.259512 20.626800
0.259810 73.099700
0.260107 15.268800
0.260404 8.272960
0.260702 4.641180
0.260999 31.272600
0.261296 23.257700
0.261593 41.013700
0.261891 31.998500
0.262188 10.552300
0.262485 6.317950
0.262782 13.635700
0.263080 50.307300
0.263377 32.649700
0.263674 25.816700
0.264863 1.772950
0.265161 26.382800
0.265458 20.101100
0.265755 12.695200
0.266052 8.026040
0.266350 80.353100
0.266647 31.224100
0.266944 14.305900
0.267241 20.239300
0.267539 75.268000
0.267836 59.927800
0.268133 11.753200
0.268430 10.873800
0.268728 3.117040
0.269025 19.106200
0.269322 27.081100
0.269620 19.414100
0.269917 50.951800
0.270214 8.102820
0.270511 60.683000
0.270809 5.839240
0.271106 18.291500
0.271403 34.655000
0.271700 11.133500
0.271998 6.264490
0.272295 5.259350
0.272592 66.910400
0.272889 21.995200
0.273187 9.108690
0.273484 6.520550
0.273781 25.473400
0.274078 74.151400
0.274376 18.132400
0.274673 13.153800
0.274970 9.331370
0.275268 16.773000
0.275565 34.725900
0.275862 72.578200
0.276159 26.017000
0.276457 15.634300
0.276754 33.467600
0.277051 54.735100
0.277348 46.466200
0.277646 30.089400
0.277943 23.053900
0.278240 11.798600
0.278537 26.146100
0.278835 37.895700
0.279132 30.716000
0.279429 21.178300
0.279727 39.700900
0.280024 18.237000
0.280321 27.402900
0.280618 85.282300
0.280916 59.862500
0.281213 31.144100
0.281510 78.345000
0.281807 9.837760
0.282105 4.550240
0.282402 21.639500
0.282699 12.620500
0.282996 46.003400
0.283294 8.994910
0.283591 19.618400
0.283888 39.767900
0.284185 21.662900
0.284483 24.033000
0.284780 23.989100
0.285077 34.917200
0.285375 15.618900
0.285672 14.880500
0.285969 3.753560
0.286266 77.166500
0.286564 14.278800
0.286861 50.296600
0.287158 18.629800
0.287455 11.916500
0.287753 7.544870
0.288050 21.108500
0.288347 13.570800
0.288644 64.839000
0.288942 31.810400
0.289239 34.585200
0.289536 11.249800
0.289834 88.889600
0.290131 28.898900
0.290428 49.477000
0.290725 8.410260
0.291023 10.592800
0.291320 49.217300
0.291617 21.051900
0.291914 34.206700
0.292212 32.500300
0.292509 2.944330
0.292806 21.286900
0.293103 31.039600
0.293401 43.272300
0.293698 32.128600
0.293995 47.521900
0.294293 14.012900
0.294590 26.643600
0.294887 17.778300
0.295184 33.477300
0.295482 36.616500
0.295779 32.788000
0.296076 12.967800
0.296373 24.866700
0.296671 37.427400
0.296968 35.698100
0.297265 14.271900
0.297562 23.993300
0.297860 19.474800
0.298157 1.736340
0.298454 37.926900
0.298751 69.440300
0.299049 11.340700
0.299346 8.625750
0.299643 8.947390
0.299941 32.689300
0.300238 8.480530
0.300535 41.059700
0.300832 16.128000
0.301130 34.450900
0.301427 43.093200
0.301724 75.571500
0.302021 10.639600
0.302319 38.151100
0.302616 2.382530
0.302913 46.361500
0.303210 56.246800
0.303508 13.480000
0.303805 15.138000
0.304102 34.429300
0.304400 32.073300
0.304697 57.486500
0.304994 12.893300
0.305291 24.484100
0.305589 7.809330
0.305886 6.575800
0.306183 13.118500
0.306480 34.050000
0.306778 21.802900
0.307075 57.422300
0.307372 6.243400
0.307669 4.001050
0.307967 25.015000
0.308264 38.079900
0.308561 55.474600
0.308859 20.708800
0.309156 7.331510
0.309453 17.911200
0.309750 46.764000
0.310048 26.308600
0.310345 73.542300
0.310642 7.845670
0.310939 12.915600
0.311237 52.766600
0.311534 23.311000
0.311831 52.800700
0.312128 23.849800
0.312426 83.774800
0.312723 19.701500
0.313020 23.848100
0.313317 18.789100
0.313615 42.811200
0.313912 21.979000
0.314209 28.585300
0.314507 45.126800
0.314804 41.676700
0.315101 6.992950
0.315398 13.324300
0.315696 23.554700
0.315993 30.484100
0.316290 24.944200
0.316587 7.863670
0.316885 51.530900
0.317182 5.829240
0.317479 95.037500
0.317776 8.776500
0.318074 40.056500
0.318371 31.214800
0.318668 12.158500
0.318966 31.006500
0.319263 32.372400
0.319560 19.390300
0.319857 29.110200
0.320155 29.193800
0.320452 17.546600
0.320749 9.737410
0.321046 9.816640
0.321344 6.201640
0.321641 84.127600
0.321938 29.770000
0.322235 25.741400
0.322533 33.341200
0.322830 78.487100
0.323127 32.777100
0.323424 29.152000
0.323722 41.400600
0.324019 19.465000
0.324316 16.298700
0.324614 9.308080
0.324911 15.753000
0.325208 15.966100
0.325505 20.500600
0.325803 6.982200
0.326100 11.921200
0.326397 4.131960
0.326694 8.533700
0.326992 15.101900
0.327289 11.579300
0.327586 15.683300
0.327883 7.780480
0.328181 46.992900
0.328478 5.506150
0.328775 9.645360
0.329073 3.403930
0.329370 7.060800
0.329667 63.111500
0.329964 67.872800
0.330262 7.356660
0.330559 27.030900
0.330856 35.696800
0.331153 13.065900
0.331451 13.845000
0.331748 41.197800
0.332045 46.683700
0.332342 13.536300
0.332640 24.155100
0.332937 75.912800
0.333234 66.002400
0.333532 68.240200
0.333829 59.322300
0.334126 35.346900
0.334423 13.661700
0.334721 6.738490
0.335018 26.082200
0.335315 41.914300
0.335612 15.483100
0.335910 7.390580
0.336207 33.549100
0.336504 21.275400
0.336801 14.702300
0.337099 9.245720
0.337396 23.315100
0.337693 4.487920
0.337990 94.010400
0.338288 22.586600
0.338585 76.183300
0.338882 13.755200
0.339180 39.224400
0.339477 48.255100
0.339774 6.653040
0.340071 51.374700
0.340369 8.977850
0.340666 5.805730
0.340963 52.551300
0.341260 18.855700
0.341558 35.275700
0.341855 27.726200
0.342152 41.813600
0.342449 10.952100
0.342747 7.136290
0.343044 34.067200
0.343341 19.788700
0.343639 5.678740
0.343936 9.078570
0.344233 33.402500
0.344530 22.388200
0.344828 17.877100
0.345125 6.843380
0.345422 15.630700
0.345719 19.502100
0.346017 62.351200
0.346314 46.440500
0.346611 9.393240
0.346908 24.214700
0.347206 9.655900
0.347503 3.734730
0.347800 18.814300
0.348098 24.042300
0.348395 33.019200
0.348692 52.303500
0.348989 30.038100
0.349287 53.759300
0.349584 13.481200
0.349881 70.270800
0.350178 38.897300
0.350476 15.281300
0.350773 5.937870
0.351070 54.193200
0.351367 41.702200
0.351665 20.347100
0.351962 7.474140
0.352259 5.243970
0.352556 37.771200
0.352854 30.971200
0.353151 24.982800
0.353448 15.164900
0.353746 6.152020
0.354043 30.172700
0.354340 8.183820
0.354637 20.687800
0.354935 34.097200
0.355232 10.787600
0.355529 65.799500
0.355826 33.526400
0.356124 49.003700
0.356421 28.199700
0.356718 59.447600
0.357015 9.417280
0.357313 18.247400
0.357610 17.825200
0.357907 23.233500
0.358205 8.885290
0.358502 31.430800
0.358799 6.169730
0.359096 11.527600
0.359394 27.228100
0.359691 26.535200
0.359988 5.367690
0.360285 5.912700
0.360583 36.044100
0.360880 10.543400
0.361177 30.288300
0.361474 9.989490
0.361772 34.583400
0.362069 4.903980
0.362366 79.559700
0.362663 32.835100
0.362961 35.381800
0.363258 35.307800
0.363555 30.114700
0.363853 7.977710
0.364150 9.985360
0.364447 9.415860
0.364744 41.363200
0.365042 22.991200
0.365339 34.266000
0.365636 7.151930
0.365933 10.468200
0.366231 44.275500
0.366528 46.067700
0.366825 9.507340
0.367122 10.587300
0.367420 3.855240
0.367717 20.043600
0.368014 9.805160
0.368312 50.356600
0.368609 27.917900
0.368906 8.392960
0.369203 50.323000
0.369501 16.508200
0.369798 38.094900
0.370095 6.067870
0.370392 32.788100
0.370690 6.398200
0.371284 17.925300
0.371581 71.269400
0.371879 12.914700
0.372176 18.904800
0.372473 36.978500
0.372771 26.567200
0.373068 17.000900
0.373365 25.076400
0.373662 8.087760
0.373960 17.070100
0.374257 6.800220
0.374554 10.605800
0.374851 19.300100
0.375149 11.430900
0.375446 7.728010
0.375743 13.478300
0.376040 35.264600
0.376338 6.362650
0.376635 10.040700
0.376932 10.616800
0.377229 8.562250
0.377527 32.611900
0.377824 60.971200
0.378121 21.431800
0.378419 25.889400
0.378716 23.756100
0.379013 46.254300
0.379310 9.285350
0.379608 58.943600
0.379905 60.032700
0.380202 11.799400
0.380499 38.244100
0.380797 32.255400
0.381094 53.871000
0.381391 47.138500
0.381688 39.296000
0.381986 34.749100
0.382283 23.144300
0.382580 20.449900
0.382878 10.878000
0.383175 13.284200
0.383472 10.046600
0.383769 37.182700
0.384067 3.302430
0.384364 96.098500
0.384661 6.323970
0.384958 36.152900
0.385256 30.469600
0.385553 16.079500
0.385850 3.656430
0.386147 7.698320
0.386445 58.778700
0.386742 39.930600
0.387039 13.796500
0.387337 7.895860
0.387634 38.064600
0.387931 13.517700
0.388228 36.995500
0.388526 23.542000
0.388823 24.692800
0.389120 11.886600
0.389417 68.225000
0.389715 16.605700
0.390012 41.953900
0.390309 60.934000
0.390606 41.288800
0.390904 17.014300
0.391201 3.504630
0.391498 34.134000
0.391795 51.479000
0.392093 18.731100
0.392390 27.418900
0.392687 38.167000
0.392985 3.165610
0.393282 11.196900
0.393579 90.557900
0.393876 4.989640
0.394174 23.865300
0.394471 11.500200
0.394768 35.955600
0.395065 56.475200
0.395363 17.675500
0.395660 2.853180
0.395957 22.913300
0.396254 13.238600
0.396552 12.581500
0.396849 13.889900
0.397146 29.309700
0.397444 66.537600
0.397741 8.618490
0.398038 19.383300
0.398335 24.211900
0.398633 43.200200
0.398930 40.260400
0.399227 52.357800
0.399524 9.867670
0.399822 28.444000
0.400119 8.246580
0.400416 20.860600
0.400713 5.863920
0.401011 14.300800
0.401308 36.545200
0.401605 8.898200
0.401902 63.091200
0.402200 29.254500
0.402497 27.623700
0.402794 51.261400
0.403092 10.646100
0.403389 4.587270
0.403686 31.239700
0.403983 28.126000
0.404281 10.120900
0.404578 20.261600
0.404875 67.869500
0.405172 34.321700
0.405470 7.354470
0.405767 46.578900
0.406064 17.365500
0.406361 19.734300
0.406659 24.445700
0.406956 49.460100
0.407253 11.882600
0.407551 5.707580
0.407848 5.953610
0.408145 39.209800
0.408442 38.703000
0.408740 15.038800
0.409037 3.432970
0.409334 33.820100
0.409631 10.757800
0.409929 13.903600
0.410226 71.976700
0.410523 33.305000
0.410820 7.539640
0.411118 13.777400
0.411415 26.499600
0.411712 32.744600
0.412010 20.041200
0.412307 20.262700
0.412604 13.205000
0.412901 2.389690
0.413199 55.089300
0.413496 40.538600
0.413793 27.717100
0.414090 26.034900
0.414388 6.704050
0.414685 51.124200
0.414982 51.665700
0.415279 9.785420
0.415577 37.509400
0.415874 9.912820
0.416171 43.723600
0.416468 23.976900
0.416766 38.936300
0.417063 29.711600
0.417360 12.016600
0.417658 8.013650
0.417955 19.251800
0.418252 42.139600
0.418549 6.497140
0.418847 12.169700
0.419144 73.480900
0.419441 43.815900
0.419738 7.222710
0.420036 11.559100
0.420333 36.926300
0.420630 25.733900
0.420927 18.479100
0.421225 38.340000
0.421522 19.205800
0.421819 5.251920
0.422117 20.908500
0.422414 10.110400
0.422711 12.993000
0.423008 3.424250
0.423306 11.817100
0.423603 21.747500
0.423900 1.791630
0.424197 31.700200
0.424495 19.156400
0.424792 75.803500
0.425089 52.633600
0.425386 8.845290
0.425684 10.092000
0.425981 28.139000
0.426278 79.074700
0.426576 24.961600
0.426873 23.732000
0.427170 16.767900
0.427467 16.123500
0.427765 5.657100
0.428062 9.508960
0.428359 16.669800
0.428656 6.849630
0.428954 10.172300
0.429251 4.924400
0.429548 10.657300
0.429845 42.607400
0.430143 11.911600
0.430440 1.832800
0.430737 12.659600
0.431034 18.417600
0.431332 48.374500
0.431629 7.176480
0.431926 30.953800
0.432818 69.269400
0.433115 55.858900
0.433413 27.479900
0.433710 10.137500
0.434007 33.451400
0.434304 5.759300
0.434602 20.687200
0.434899 6.515360
0.435196 5.273080
0.435493 15.276700
0.435791 51.305200
0.436088 2.251750
0.436385 13.848700
0.436683 49.149300
0.436980 17.868900
0.437277 20.250500
0.437574 22.362700
0.437872 12.002600
0.438169 65.868100
0.438466 10.980800
0.438763 5.189770
0.439061 31.073200
0.439358 9.521620
0.439655 5.452850
0.439952 9.179570
0.440250 26.445300
0.440547 2.375730
0.440844 17.787300
0.441141 10.704600
0.441439 23.926000
0.441736 38.879800
0.442033 13.785300
0.442331 5.195210
0.442628 7.597210
0.442925 56.005800
0.443222 18.395900
0.443520 17.044500
0.443817 9.206870
0.444114 76.163400
0.444411 33.465700
0.444709 10.575300
0.445006 65.709100
0.445303 9.475640
0.445600 14.191400
0.445898 3.481120
0.446195 21.815400
0.446492 17.986800
0.446790 13.692200
0.447087 13.556900
0.447384 24.599600
0.447681 45.035800
0.447979 24.980000
0.448276 17.857700
0.448573 24.057700
0.448870 8.875440
0.449168 8.405680
0.449465 19.038700
0.449762 9.373170
0.450059 13.312800
0.450357 9.683210
0.450654 7.285100
0.450951 12.819900
0.451249 1.884590
0.451546 34.350800
0.451843 11.733200
0.452140 1.666830
0.452438 16.555100
0.452735 13.941900
0.453032 3.476230
0.453329 7.662180
0.453627 14.240600
0.453924 12.914900
0.454221 88.210400
0.454518 17.620200
0.454816 22.851800
0.455113 54.366300
0.455410 11.931800
0.455707 56.530000
0.456005 46.868500
0.456302 73.989700
0.456599 15.457600
0.456897 56.325000
0.457194 5.946000
0.457491 27.633000
0.457788 42.002000
0.458086 5.790240
0.458383 43.975300
0.458680 7.555270
0.458977 4.442730
0.459275 36.702600
0.459572 8.103440
0.459869 74.134100
0.460166 14.115200
0.460464 32.102800
0.460761 28.784100
0.461058 59.115700
0.461356 2.772210
0.461653 4.750140
0.461950 27.505400
0.462247 8.546480
0.462545 24.826300
0.462842 26.216300
0.463139 16.141100
0.463436 9.716580
0.463734 25.879500
0.464031 24.231300
0.464328 26.468100
0.464625 18.419500
0.464923 7.902190
0.465220 64.252700
0.465517 63.312300
0.465815 3.527510
0.466112 18.412200
0.466409 24.628400
0.466706 16.290300
0.467004 8.183070
0.467301 4.205360
0.467598 10.978800
0.467895 26.523300
0.468193 7.604050
0.468490 6.183160
0.468787 16.325400
0.469084 37.829300
0.469382 30.611700
0.469679 50.967200
0.469976 10.374200
0.470273 28.596200
0.470571 10.632600
0.470868 38.193000
0.471165 6.932400
0.471463 26.001300
0.471760 24.310900
0.472057 8.959070
0.472354 31.517900
0.472652 14.298800
0.472949 16.323500
0.473246 6.571450
0.473543 7.300690
0.473841 10.273500
0.474138 1.828660
0.474435 25.492400
0.474732 8.264850
0.475030 5.458230
0.475327 26.063200
0.475624 13.715800
0.476219 14.124500
0.476516 6.912320
0.476813 3.393900
0.477111 14.531600
0.477408 5.926430
0.477705 17.384800
0.478002 36.750400
0.478300 9.911450
0.478597 15.071900
0.478894 28.150400
0.479191 30.877200
0.479489 5.140220
0.479786 29.219200
0.480083 13.088400
0.480380 78.891900
0.480678 66.285700
0.480975 6.166470
0.481272 3.878560
0.481570 8.027530
0.481867 17.765600
0.482164 9.774140
0.482461 23.805000
0.482759 26.531100
0.483056 21.218100
0.483353 48.833300
0.483650 9.767880
0.483948 10.606500
0.484245 6.576520
0.484542 11.297600
0.484839 41.717000
0.485137 4.742320
0.485434 15.460900
0.485731 33.447900
0.486029 20.565700
0.486326 17.528200
0.486623 27.855100
0.486920 15.370000
0.487218 18.565200
0.487515 8.855040
0.487812 18.600300
0.488109 5.308790
0.488407 15.352000
0.488704 35.044300
0.489001 6.832180
0.489298 5.633180
0.489596 79.567300
0.489893 40.544700
0.490190 72.287800
0.490488 13.340600
0.490785 11.562200
0.491082 52.768900
0.491379 27.376300
0.491677 38.819900
0.491974 29.810700
0.492271 70.690900
0.492568 79.460000
0.492866 34.055700
0.493163 8.707860
0.493460 11.220100
0.493757 18.321100
0.494055 33.032900
0.494352 23.879600
0.494649 19.609200
0.494946 25.501500
0.495244 33.579100
0.495541 29.037800
0.495838 15.821300
0.496136 8.423850
0.496433 12.247900
0.496730 17.218300
0.497027 25.869000
0.497325 51.918500
0.497622 15.393900
0.497919 12.826200
0.498216 41.809900
0.498514 19.136500
0.498811 34.789700
0.499108 5.200650
0.499405 35.411000
0.499703 27.474600
0.500000 28.010700
0.500297 18.366400
0.500595 89.500200
0.500892 40.234000
0.501189 40.422500
0.501486 18.034100
0.501784 17.331200
0.502081 59.794800
0.502378 5.593600
0.502675 24.802300
0.502973 56.482000
0.503270 13.692000
0.503567 34.948300
0.503864 39.530600
0.504162 27.654800
0.504459 3.609290
0.504756 71.516800
0.505054 26.417600
0.505351 9.677810
0.505648 17.150000
0.505945 6.258950
0.506243 88.728900
0.506540 4.781460
0.506837 10.846200
0.507134 40.559100
0.507432 43.842300
0.507729 13.645800
0.508026 14.695900
0.508323 26.217300
0.508621 29.247900
0.508918 22.162800
0.509215 14.919000
0.509512 11.768800
0.509810 10.628800
0.510107 9.713900
0.510404 11.876600
0.510702 42.298400
0.510999 13.949400
0.511296 6.037210
0.511593 34.095700
0.511891 16.883400
0.512188 44.507300
0.512485 34.970900
0.512782 24.179300
0.513080 18.799400
0.513377 17.414900
0.513674 8.237040
0.513971 15.872500
0.514269 12.882400
0.514566 13.325300
0.514863 11.263800
0.515161 50.311100
0.515458 46.554700
0.515755 37.586800
0.516052 6.309450
0.516350 26.346900
0.516647 47.915600
0.516944 4.828980
0.517241 63.747000
0.517539 32.254200
0.517836 20.284200
0.518133 7.256210
0.518430 91.425400
0.518728 17.073600
0.519025 48.014600
0.519322 8.580350
0.519620 30.692600
0.519917 22.893700
0.520214 59.878000
0.520511 6.257450
0.520809 19.173700
0.521106 60.434500
0.521403 17.197400
0.521700 11.453900
0.521998 29.992500
0.522295 7.736150
0.522592 30.657500
0.522889 16.214500
0.523187 38.465100
0.523484 5.055920
0.523781 17.601800
0.524078 19.345700
0.524673 26.215800
0.524970 7.108580
0.525268 27.493600
0.525565 54.927100
0.525862 5.507940
0.526159 22.196200
0.526457 24.063000
0.526754 17.784700
0.527051 8.477780
0.527348 7.691360
0.527646 11.456700
0.527943 41.850100
0.528240 5.352750
0.528537 9.850400
0.528835 21.479600
0.529132 11.151100
0.529429 18.891700
0.529727 26.690000
0.530024 28.360000
0.530321 28.508700
0.530618 20.638000
0.530916 21.402400
0.531213 5.712880
0.531510 17.295200
0.531807 21.383800
0.532105 14.676900
0.532402 13.602100
0.532699 4.951450
0.532996 17.861100
0.533294 22.216100
0.533591 69.499600
0.533888 6.451740
0.534185 34.249600
0.534483 35.310500
0.534780 11.805500
0.535077 13.853000
0.535375 9.438980
0.535672 5.113320
0.535969 15.565600
0.536266 13.833200
0.536564 68.193900
0.536861 29.061800
0.537158 8.792610
0.537455 11.927200
0.537753 44.908000
0.538050 22.026600
0.538347 18.372500
0.538644 7.915820
0.538942 21.964900
0.539239 46.264400
0.539536 11.292500
0.539834 16.983900
0.540131 7.779990
0.540428 4.814080
0.540725 9.129240
0.541023 54.663400
0.541320 36.350600
0.541617 19.901100
0.541914 20.620500
0.542212 24.371600
0.542509 30.191900
0.542806 24.661100
0.543103 65.756700
0.543401 23.874600
0.543698 35.138800
0.543995 43.926800
0.544293 24.308500
0.544590 5.090080
0.544887 4.623020
0.545184 14.413700
0.545482 22.872300
0.546373 9.945950
0.546671 44.508700
0.546968 6.463530
0.547265 9.133930
0.547562 58.090000
0.547860 9.981070
0.548157 28.677200
0.548454 59.836900
0.548751 16.708000
0.549049 12.804000
0.549346 8.140550
0.549643 18.843500
0.549941 46.081300
0.550238 10.300700
0.550535 14.270400
0.550832 26.940000
0.551130 40.836100
0.551427 28.960600
0.551724 18.214600
0.552021 5.780540
0.552319 12.093800
0.552616 31.522300
0.552913 9.188950
0.553210 11.487900
0.553508 30.098100
0.553805 9.298440
0.554102 32.859400
0.554400 18.764400
0.554697 17.159900
0.554994 25.174200
0.555291 61.207900
0.555589 13.759500
0.555886 20.413300
0.556183 9.800860
0.556480 7.061340
0.556778 34.232800
0.557075 4.897120
0.557372 1.198540
0.557669 18.000300
0.557967 12.110000
0.558264 79.558100
0.558561 8.637350
0.558859 35.021000
0.559156 20.246500
0.559453 7.409510
0.559750 29.584300
0.560048 36.302200
0.560345 14.792800
0.560642 30.096700
0.560939 38.526300
0.561237 33.932600
0.561534 5.642670
0.561831 11.052000
0.562128 35.597700
0.562426 20.697100
0.562723 13.212600
0.563020 9.877180
0.563317 18.711900
0.563615 9.351960
0.563912 10.841700
0.564209 12.991900
0.564507 8.192320
0.564804 28.079400
0.565101 6.483080
0.565398 2.257880
0.565696 9.935370
0.565993 24.428200
0.566290 8.637160
0.566587 20.652600
0.566885 13.136900
0.567182 21.460600
0.567479 18.488100
0.567776 6.655660
0.568074 19.878000
0.568371 11.710700
0.568668 1.855420
0.568966 8.290220
0.569263 39.635100
0.569560 9.049740
0.569857 22.338600
0.570155 58.086500
0.570452 9.338910
0.570749 39.809800
0.571046 12.609800
0.571344 21.123600
0.571641 30.682800
0.571938 20.239600
0.572235 35.146900
0.572533 22.023400
0.572830 47.999300
0.573127 8.194110
0.573424 6.055340
0.573722 13.215800
0.574019 10.798300
0.574316 3.867390
0.574614 24.659900
0.574911 11.197700
0.575208 12.534800
0.575505 28.439300
0.575803 15.086000
0.576100 38.804800
0.576397 59.085100
0.576694 22.029800
0.577289 37.308100
0.577586 16.423600
0.577883 5.143960
0.578181 26.557600
0.578478 18.988900
0.578775 9.600330
0.579073 45.067000
0.579370 6.676840
0.579667 10.151400
0.579964 45.475500
0.580262 10.316200
0.580559 46.942700
0.580856 29.261500
0.581153 16.655000
0.581451 17.644500
0.581748 24.108800
0.582045 16.222600
0.582342 19.813400
0.582640 7.731100
0.582937 33.869300
0.583234 28.227300
0.583532 37.223700
0.583829 35.321600
0.584126 21.768800
0.584423 12.705500
0.584721 54.883400
0.585018 73.749300
0.585315 50.996400
0.585612 20.231200
0.585910 26.390200
0.586207 27.562700
0.586504 55.708900
0.586801 23.265000
0.587099 53.362600
0.587396 7.680250
0.587693 47.734200
0.587990 29.481800
0.588288 33.288100
0.588585 5.692810
0.588882 18.629300
0.589180 32.379600
0.589477 17.536300
0.589774 12.103300
0.590071 23.572100
0.590369 6.128460
0.590666 6.358370
0.590963 2.788570
0.591260 6.959810
0.591558 92.231800
0.591855 3.218520
0.592152 11.067900
0.592449 10.962400
0.592747 4.031190
0.593044 7.160890
0.593341 11.840900
0.593639 17.946000
0.593936 13.816900
0.594233 16.758600
0.594530 23.597100
0.594828 41.984500
0.595125 26.546400
0.595422 6.241560
0.595719 27.695300
0.596017 21.346400
0.596314 21.977000
0.596611 44.174900
0.596908 22.762000
0.597206 5.872830
0.597503 5.814780
0.597800 15.934400
0.598098 32.854800
0.598395 28.374300
0.598692 9.409250
0.598989 5.246850
0.599287 25.241200
0.599584 62.010100
0.599881 30.815700
0.600178 46.688200
0.600476 40.007400
0.600773 63.548400
0.601070 27.398700
0.601367 39.901500
0.601665 2.219480
0.601962 69.778500
0.602259 12.576800
0.602556 11.101200
0.602854 43.823900
0.603151 26.027100
0.603448 28.226900
0.603746 69.089100
0.604043 21.654400
0.604340 21.547000
0.604637 5.147660
0.604935 69.043700
0.605232 60.749400
0.605529 26.661500
0.605826 10.497000
0.606124 23.039000
0.606421 15.850700
0.606718 16.847700
0.607015 34.786100
0.607313 58.382800
0.607610 49.738300
0.607907 40.361600
0.608205 8.311730
0.608502 20.623000
0.608799 14.966900
0.609096 16.907300
0.609394 49.041800
0.609691 52.747300
0.609988 29.651600
0.610285 38.168000
0.610583 8.225120
0.610880 20.938700
0.611177 24.048500
0.611474 29.836500
0.611772 10.741000
0.612069 17.176600
0.612366 16.812600
0.612663 63.034800
0.613258 13.194700
0.613555 11.878600
0.613853 8.140370
0.614150 59.953100
0.614447 7.968550
0.614744 30.484500
0.615042 18.419200
0.615339 19.250700
0.615636 30.935300
0.615933 39.817300
0.616231 11.216800
0.616528 26.857000
0.616825 48.927700
0.617122 28.107800
0.617420 29.604300
0.617717 48.872700
0.618014 15.811900
0.618312 10.399800
0.618609 15.383100
0.618906 18.618000
0.619203 7.051670
0.619501 9.749820
0.619798 6.895600
0.620095 38.299000
0.620392 31.267900
0.620690 18.051800
0.620987 9.564100
0.621284 29.912900
0.621581 27.991200
0.621879 52.493500
0.622176 12.434100
0.622473 14.634800
0.622771 3.993740
0.623068 28.372700
0.623365 37.607100
0.623662 28.399800
0.623960 26.910200
0.624257 24.530000
0.624554 24.756700
0.624851 11.432900
0.625149 34.650100
0.625446 16.526200
0.625743 29.895100
0.626040 8.240630
0.626338 63.443600
0.626635 21.693300
0.626932 18.817000
0.627229 7.545990
0.627527 3.723450
0.627824 17.032800
0.628121 21.535200
0.628419 13.716700
0.628716 15.573600
0.629013 9.438860
0.629310 5.814570
0.629608 9.236410
0.629905 12.461600
0.630202 22.977700
0.630499 73.537900
0.630797 16.005300
0.631094 61.522500
0.631391 30.063700
0.631688 9.198430
0.631986 13.260300
0.632283 27.279400
0.632580 13.028300
0.632878 3.205550
0.633175 9.036820
0.633472 5.825090
0.633769 8.761030
0.634067 6.209770
0.634364 12.579100
0.634661 5.555040
0.634958 58.665500
0.635256 15.458300
0.635553 18.111800
0.635850 7.973860
0.636147 5.990730
0.636445 39.363100
0.636742 19.327000
0.637039 21.984300
0.637337 21.987000
0.637634 48.632700
0.637931 21.020800
0.638228 28.726000
0.638526 21.484200
0.638823 19.970100
0.639120 26.745300
0.639417 4.679260
0.639715 35.745000
0.640012 13.234700
0.640309 52.161400
0.640606 11.773600
0.640904 5.899640
0.641201 24.614900
0.641498 14.192900
0.641795 26.370700
0.642093 28.624200
0.642390 28.048600
0.642687 28.814500
0.642985 3.473760
0.643282 17.495000
0.643579 9.653320
0.643876 18.416200
0.644174 5.206740
0.644471 15.439500
0.644768 34.983100
0.645065 20.047500
0.645363 45.394700
0.645660 28.842300
0.645957 7.840690
0.646254 16.604900
0.646552 13.405000
0.646849 27.303600
0.647146 18.459300
0.647444 8.610720
0.647741 11.299800
0.648038 17.163800
0.648335 13.443700
0.648633 45.284700
0.648930 9.477440
0.649227 16.906900
0.649524 9.864600
0.649822 14.083600
0.650119 6.652310
0.650416 71.749100
0.650713 27.861500
0.651011 3.579210
0.651308 48.217200
0.651605 25.574900
0.651902 25.180300
0.652200 25.483600
0.652497 19.036700
0.652794 4.920890
0.653092 20.583100
0.653389 31.589400
0.653686 4.988230
0.653983 89.031500
0.654281 42.313000
0.654578 7.921750
0.654875 8.695710
0.655172 48.976200
0.655470 35.668900
0.655767 10.063000
0.656064 20.849600
0.656361 47.619800
0.656659 38.895700
0.656956 6.141430
0.657253 7.181690
0.657551 29.835600
0.657848 61.501600
0.658145 33.624500
0.658442 27.834100
0.658740 54.614900
0.659037 9.620620
0.659334 20.652800
0.659631 12.482400
0.659929 25.064500
0.660226 7.952020
0.660523 16.884400
0.660820 34.847900
0.661118 57.422900
0.661415 21.502700
0.661712 22.132600
0.662010 54.546500
0.662307 27.967500
0.662604 9.453420
0.662901 81.239800
0.663199 42.762000
0.663496 53.754500
0.663793 21.921100
0.664090 46.078600
0.664388 17.259700
0.664685 86.149000
0.664982 28.840800
0.665279 10.401200
0.665577 61.341700
0.665874 45.432200
0.666171 30.508300
0.666468 12.128900
0.666766 16.185700
0.667063 49.252700
0.667360 15.208200
0.667658 25.535600
0.667955 69.975600
0.668252 7.065990
0.668549 14.955000
0.668847 50.248600
0.669144 1.687090
0.669441 6.178960
0.669738 63.630500
0.670036 8.674460
0.670333 9.908400
0.670630 31.576000
0.670927 7.929970
0.671225 20.240800
0.671522 5.545200
0.671819 14.056500
0.672117 16.119400
0.672414 26.691200
0.672711 31.261500
0.673008 31.936000
0.673306 36.563400
0.673603 9.815150
0.673900 1.808200
0.674197 5.962500
0.674495 21.374300
0.674792 8.977550
0.675089 34.889500
0.675386 28.789800
0.675684 6.343230
0.675981 45.575600
0.676278 14.145200
0.676576 4.275300
0.676873 44.359000
0.677170 13.787500
0.677467 19.709900
0.677765 94.048500
0.678062 6.120120
0.678359 30.394100
0.678656 15.626700
0.678954 63.425600
0.679251 8.853550
0.679548 63.521500
0.679845 35.192900
0.680143 7.602140
0.680440 50.629000
0.680737 23.548500
0.681034 39.304000
0.681332 3.952480
0.681629 6.341360
0.681926 25.507100
0.682224 20.818900
0.682521 10.010400
0.682818 37.661800
0.683115 6.329220
0.683413 1.435030
0.683710 21.818400
0.684007 7.929070
0.684304 26.953100
0.684602 33.305800
0.684899 11.647600
0.685196 44.119100
0.685493 27.713100
0.685791 6.973810
0.686088 14.889700
0.686385 20.479500
0.686683 33.307700
0.686980 5.900920
0.687277 65.298800
0.687574 21.518200
0.687872 52.290700
0.688169 7.078520
0.688466 11.590500
0.688763 27.173600
0.689061 25.020100
0.689358 23.901400
0.689655 12.511300
0.689952 18.788400
0.690250 25.634300
0.690547 25.821100
0.690844 7.871660
0.691141 7.871020
0.691439 1.460080
0.691736 13.158600
0.692033 53.924100
0.692331 33.644300
0.692628 36.948900
0.692925 7.627150
0.693222 59.033100
0.693520 31.595900
0.693817 33.816800
0.694114 18.135200
0.694411 8.969500
0.694709 22.658500
0.695006 7.781820
0.695303 16.722600
0.695600 14.573100
0.695898 8.953280
0.696195 27.935800
0.696492 12.470600
0.696790 4.985790
0.697087 6.090730
0.697384 27.030500
0.697681 10.373300
0.697979 50.047400
0.698276 7.961150
0.698573 7.201380
0.698870 35.913900
0.699168 27.447700
0.699465 16.791200
0.699762 7.565860
0.700059 26.310300
0.700357 53.636000
0.700654 27.263600
0.700951 28.176500
0.701249 6.804170
0.701546 56.665100
0.701843 12.842600
0.702140 13.893000
0.702438 8.412490
0.702735 4.575770
0.703032 50.691100
0.703329 48.854700
0.703627 16.653200
0.703924 20.336300
0.704221 58.805600
0.704518 54.433800
0.704816 9.319480
0.705113 11.070900
0.705410 63.328200
0.705707 20.217100
0.706005 5.936840
0.706302 17.623500
0.706599 27.452100
0.706897 8.891940
0.707194 7.104420
0.707491 7.280120
0.707788 26.612100
0.708086 15.315100
0.708383 8.657870
0.708680 75.375300
0.708977 14.169000
0.709275 21.186900
0.709572 9.473770
0.709869 33.324800
0.710166 25.709800
0.710464 28.552000
0.710761 26.485200
0.711058 39.590600
0.711356 69.118400
0.711653 59.637700
0.711950 48.451100
0.712247 35.149700
0.712545 19.302600
0.712842 5.703710
0.713139 7.320080
0.713436 10.716500
0.713734 6.919840
0.714031 6.026980
0.714328 21.302600
0.714625 19.917500
0.714923 56.640900
0.715220 9.820040
0.715517 7.547910
0.715815 47.718400
0.716112 53.853800
0.716409 8.478310
0.716706 42.554400
0.717004 46.702800
0.717301 1.842520
0.717598 10.458000
0.717895 67.519700
0.718193 19.194900
0.718490 23.701600
0.718787 35.880200
0.719084 10.275100
0.719382 16.546900
0.719679 9.434090
0.719976 8.282870
0.720273 10.454200
0.720571 1.746120
0.720868 23.065200
0.721165 19.642600
0.721463 26.810900
0.721760 67.477800
0.722057 4.593520
0.722354 53.087300
0.722652 5.561040
0.722949 2.263120
0.723246 23.333500
0.723543 11.033000
0.723841 30.517300
0.724138 49.520300
0.724435 88.527400
0.724732 33.754400
0.725030 30.345700
0.725327 40.025400
0.725624 21.205900
0.725922 26.315600
0.726219 6.816160
0.726516 28.574000
0.726813 20.664800
0.727111 12.400600
0.727408 7.725950
0.727705 17.748100
0.728002 17.587500
0.728300 26.641100
0.728597 33.939700
0.728894 7.997150
0.729191 34.640900
0.729489 4.514160
0.729786 37.296700
0.730083 5.306330
0.730380 19.602800
0.730678 46.973700
0.730975 8.081310
0.731272 14.673000
0.731570 8.872240
0.731867 30.775000
0.732164 17.881400
0.732461 19.987400
0.732759 83.591000
0.733056 30.651100
0.733353 41.828100
0.733650 21.068200
0.733948 9.412560
0.734245 46.441000
0.734542 7.872790
0.734839 28.320500
0.735137 38.966300
0.735434 56.499200
0.735731 6.445750
0.736029 4.587130
0.736326 11.039400
0.736623 12.781400
0.736920 5.750290
0.737218 44.383000
0.737515 64.223400
0.737812 46.726800
0.738109 19.712100
0.738407 44.297000
0.738704 7.263990
0.739001 44.454300
0.739298 8.525100
0.739596 7.908300
0.739893 64.638100
0.740190 27.309700
0.740488 88.446400
0.740785 10.003200
0.741082 12.507500
0.741379 15.073600
0.741677 53.451200
0.741974 8.357360
0.742271 36.279000
0.742568 2.763260
0.742866 7.101880
0.743163 31.487100
0.743460 47.354600
0.743757 55.691100
0.744055 9.836000
0.744352 17.409800
0.744649 3.422290
0.744946 64.474100
0.745244 31.013000
0.745541 24.060500
0.745838 6.384340
0.746136 10.070900
0.746433 42.144500
0.746730 12.758400
0.747027 18.846000
0.747325 18.802200
0.747622 12.150100
0.747919 40.035300
0.748216 7.877810
0.748514 69.231700
0.748811 13.500900
0.749108 17.693200
0.749405 43.693400
0.749703 13.058800
0.750000 25.262600
0.750297 9.478760
0.750595 4.813930
0.750892 16.660000
0.751189 41.762000
0.751486 15.141100
0.751784 15.239600
0.752081 10.982500
0.752378 4.646640
0.752675 7.250500
0.752973 7.705040
0.753270 9.603860
0.753567 4.586740
0.753864 5.822760
0.754162 33.909600
0.754459 36.957500
0.754756 42.760400
0.755054 50.880900
0.755351 6.538380
0.755648 13.912900
0.755945 4.038060
0.756243 23.203100
0.756540 46.331400
0.756837 17.149500
0.757134 21.318300
0.757432 4.676830
0.757729 20.939000
0.758026 22.901900
0.758323 21.264700
0.758621 21.676800
0.758918 12.622900
0.759215 68.571400
0.759512 42.106400
0.759810 17.405400
0.760107 6.964170
0.760404 15.719100
0.760702 56.205400
0.760999 11.252700
0.761296 7.038220
0.761593 15.987700
0.761891 10.887600
0.762188 9.539600
0.762485 25.480900
0.762782 73.182600
0.763080 6.189090
0.763377 19.464500
0.763674 24.914900
0.763971 44.919200
0.764269 5.841670
0.764566 28.723100
0.764863 18.505200
0.765161 29.564100
0.765458 31.890000
0.765755 15.565300
0.766052 21.861300
0.766350 5.890980
0.766647 9.344050
0.766944 45.323900
0.767241 45.128000
0.767539 51.286100
0.767836 33.153500
0.768133 5.401570
0.768430 4.260470
0.768728 9.495690
0.769025 5.278240
0.769322 22.120800
0.769620 13.230800
0.769917 33.461000
0.770214 69.566100
0.770511 3.092580
0.770809 18.099700
0.771106 43.546400
0.771403 9.419520
0.771700 27.882500
0.771998 28.993100
0.772295 11.010800
0.772592 18.774100
0.772889 12.875800
0.773187 29.672400
0.773484 3.329370
0.773781 28.213500
0.774078 39.723300
0.774376 8.784180
0.774673 34.223000
0.774970 2.990000
0.775268 16.352800
0.775565 27.626300
0.775862 41.891800
0.776159 19.540800
0.776457 12.720600
0.776754 10.088300
0.777051 10.828600
0.777348 22.144300
0.777646 10.721600
0.777943 7.648160
0.778240 57.123500
0.778537 9.621300
0.778835 10.819300
0.779132 34.277600
0.779429 59.766800
0.779727 49.900800
0.780024 22.111400
0.780321 78.199000
0.780618 11.945600
0.780916 7.639830
0.781213 4.136910
0.781510 37.536600
0.781807 41.026200
0.782105 24.453100
0.782402 10.779100
0.782699 41.822000
0.782996 16.637200
0.783294 5.977680
0.783591 7.427660
0.783888 10.075400
0.784185 15.842200
0.784483 25.309000
0.784780 10.620000
0.785077 34.505200
0.785375 15.726000
0.785672 12.059700
0.785969 6.903220
0.786266 8.908870
0.786564 5.656390
0.786861 41.206300
0.787158 71.612800
0.787455 7.469710
0.787753 7.216370
0.788050 58.756500
0.788347 6.130580
0.788644 17.701400
0.788942 63.268200
0.789239 16.077700
0.789536 62.310100
0.789834 30.022600
0.790131 5.115850
0.790428 31.365500
0.790725 9.109510
0.791023 34.124600
0.791320 31.073700
0.791617 7.918590
0.791914 53.814700
0.792212 16.642900
0.792509 40.483900
0.792806 1.657480
0.793103 28.201900
0.793401 18.928100
0.793698 1.644210
0.793995 8.365840
0.794293 11.697300
0.794590 37.956900
0.794887 13.014500
0.795184 27.197900
0.795482 5.871550
0.795779 19.731100
0.796076 18.363000
0.796373 7.360160
0.796671 4.905370
0.796968 8.239110
0.797265 11.501000
0.797562 6.804090
0.797860 4.836570
0.798157 20.647700
0.798454 66.181800
0.798751 11.872500
0.799049 14.733900
0.799346 6.226480
0.799643 19.168000
0.799941 4.658060
0.800238 48.725600
0.800535 38.101000
0.800832 14.888000
0.801130 6.577310
0.801427 33.083100
0.801724 31.690000
0.802021 41.021300
0.802319 4.943790
0.802616 49.165700
0.802913 12.562300
0.803210 6.905410
0.803508 28.185800
0.803805 29.246300
0.804102 45.423900
0.804400 8.433840
0.804697 52.655500
0.804994 13.973900
0.805291 5.915460
0.805589 34.346300
0.805886 7.459410
0.806183 8.215640
0.806480 54.878500
0.806778 26.410000
0.807075 55.110800
0.807372 7.496020
0.807669 76.962300
0.807967 53.408200
0.808264 16.146900
0.808561 1.754810
0.808859 10.103900
0.809156 43.483400
0.809453 63.532300
0.809750 11.494800
0.810048 20.704500
0.810345 9.890370
0.810642 4.281110
0.810939 9.263170
0.811237 29.510000
0.811534 9.297090
0.811831 18.233100
0.812128 5.756520
0.812426 19.294300
0.812723 8.081530
0.813020 10.971600
0.813317 6.915380
0.813615 18.603100
0.813912 28.344900
0.814209 70.547800
0.814507 65.472900
0.814804 36.204400
0.815101 15.910100
0.815398 8.413030
0.815696 23.342900
0.815993 6.152640
0.816290 20.096000
0.816587 7.401140
0.816885 45.776900
0.817182 90.586700
0.817479 4.030510
0.817776 29.097200
0.818074 15.967100
0.818371 7.279590
0.818668 28.855700
0.818966 12.920500
0.819263 19.187900
0.819560 4.049960
0.819857 14.238800
0.820155 6.798920
0.820452 6.051270
0.820749 36.574400
0.821046 9.490360
0.821344 8.576920
0.821641 15.486200
0.821938 26.066800
0.822235 2.887140
0.822533 14.867800
0.822830 3.285150
0.823127 8.060510
0.823424 2.011850
0.823722 52.575200
0.824019 10.161000
0.824316 4.210990
0.824614 28.748300
0.824911 41.986300
0.825208 8.158950
0.825505 79.832100
0.825803 7.247620
0.826100 33.311700
0.826397 25.321200
0.826694 12.252700
0.826992 41.143100
0.827289 46.370300
0.827586 19.883700
0.827883 38.094600
0.828181 56.174300
0.828478 7.746280
0.828775 12.763100
0.829073 6.877320
0.829370 7.588620
0.829667 59.996300
0.829964 12.261200
0.830262 29.230800
0.830559 5.263950
0.830856 65.599300
0.831153 11.207300
0.831451 8.364410
0.832045 19.139300
0.832342 35.477000
0.832640 42.534600
0.832937 30.578400
0.833234 21.727600
0.833532 23.666600
0.833829 5.645400
0.834126 11.588400
0.834423 23.219100
0.834721 53.993700
0.835018 14.029900
0.835315 9.544460
0.835612 37.399000
0.835910 7.113710
0.836207 12.615400
0.836504 8.874750
0.836801 15.890700
0.837099 23.471800
0.837396 8.307730
0.837693 66.306400
0.837990 8.593740
0.838288 8.767160
0.838585 18.285600
0.838882 41.075600
0.839180 6.788490
0.839477 27.953100
0.839774 25.395500
0.840071 28.825400
0.840369 26.330800
0.840666 63.966800
0.840963 46.493700
0.841260 37.742500
0.841558 84.918600
0.841855 16.187300
0.842152 9.468690
0.842449 43.191900
0.842747 9.624740
0.843044 34.493800
0.843341 32.865900
0.843639 67.085700
0.843936 78.064400
0.844233 33.098600
0.844530 8.505690
0.844828 56.143000
0.845125 82.059700
0.845422 17.614600
0.845719 9.249930
0.846017 10.756400
0.846314 46.322000
0.846611 8.795750
0.846908 34.001900
0.847206 3.179740
0.847503 21.641400
0.847800 58.456000
0.848098 8.286540
0.848395 18.426300
0.848692 26.045700
0.848989 20.718500
0.849287 17.995000
0.849584 63.825100
0.849881 5.199350
0.850178 55.034800
0.850476 13.672400
0.850773 8.892170
0.851070 6.306380
0.851367 20.646900
0.851665 49.403400
0.851962 13.316500
0.852259 9.829780
0.852556 10.076700
0.852854 81.139000
0.853151 13.747900
0.853448 35.919800
0.853746 8.906120
0.854043 34.727600
0.854340 17.586200
0.854637 4.980010
0.854935 5.543660
0.855232 17.704400
0.855529 24.726600
0.855826 6.777620
0.856124 11.695800
0.856421 20.427700
0.856718 8.031430
0.857015 20.341500
0.857313 87.488200
0.857610 19.819300
0.857907 21.449300
0.858205 15.623700
0.858502 5.454660
0.858799 4.962230
0.859096 35.056800
0.859394 31.863100
0.859691 28.901300
0.859988 8.397560
0.860285 21.145300
0.860583 2.374420
0.860880 55.647200
0.861177 80.475800
0.861474 19.198800
0.861772 14.066300
0.862069 18.603800
0.862366 5.294190
0.862663 23.673300
0.862961 14.939800
0.863258 18.085000
0.863555 27.620000
0.863853 17.938200
0.864150 29.697200
0.864447 37.273400
0.864744 14.765500
0.865042 4.783010
0.865339 6.386370
0.865636 3.984770
0.865933 5.834250
0.866231 19.187100
0.866528 4.936100
0.866825 19.869200
0.867122 22.434500
0.867420 48.903200
0.867717 10.157600
0.868014 33.999400
0.868312 7.198360
0.868609 2.715800
0.868906 33.371900
0.869203 36.191800
0.869501 7.014750
0.869798 14.268800
0.870095 33.390700
0.870392 3.974940
0.870690 35.326800
0.870987 86.178600
0.871284 5.371310
0.871581 45.469500
0.871879 38.168500
0.872176 21.399500
0.872473 4.737060
0.872771 19.757700
0.873068 93.213800
0.873365 9.554910
0.873662 40.881500
0.873960 36.870900
0.874257 16.486300
0.874554 7.753340
0.874851 3.444400
0.875149 7.280180
0.875446 44.790900
0.875743 16.346200
0.876040 9.785590
0.876338 11.849600
0.876635 10.793100
0.876932 29.258700
0.877229 76.749500
0.877527 2.693780
0.877824 19.584100
0.878121 31.343000
0.878419 26.364100
0.878716 19.728200
0.879013 19.894600
0.879310 27.991600
0.879608 9.090570
0.879905 9.728570
0.880202 2.120570
0.880499 22.003400
0.880797 17.633600
0.881094 46.470500
0.881391 47.312100
0.881688 25.759500
0.881986 6.778370
0.882283 20.341300
0.882580 9.690210
0.882878 30.225400
0.883175 16.257900
0.883472 16.649900
0.883769 46.305900
0.884067 52.774900
0.884364 19.499600
0.884661 19.360800
0.884958 17.347900
0.885256 22.541700
0.885553 46.427100
0.885850 14.046400
0.886147 34.913700
0.886445 16.890700
0.886742 6.516930
0.887039 72.304800
0.887337 11.406500
0.887634 12.647400
0.887931 28.910200
0.888228 6.752720
0.888526 36.733300
0.888823 21.505900
0.889120 23.195900
0.889417 32.949900
0.889715 8.826970
0.890012 28.045900
0.890309 43.917600
0.890606 8.049690
0.890904 23.319200
0.891201 37.205700
0.891498 21.138400
0.891795 10.188200
0.892093 15.961200
0.892390 5.954640
0.892687 9.574050
0.892985 10.751200
0.893282 66.680900
0.893579 5.532070
0.893876 43.309600
0.894174 14.650400
0.894471 12.181800
0.894768 8.230910
0.895065 4.368710
0.895363 75.186500
0.895660 11.700500
0.895957 36.532000
0.896254 16.419600
0.896552 26.952800
0.896849 13.203000
0.897146 46.064500
0.897444 80.381400
0.897741 51.724000
0.898038 13.037100
0.898335 10.795400
0.898633 32.019400
0.898930 5.289050
0.899227 1.919340
0.899524 61.025300
0.899822 4.938690
0.900119 24.568000
0.900416 5.710760
0.900713 10.128300
0.901011 5.253110
0.901308 46.620300
0.901605 8.528360
0.901902 5.187820
0.902200 8.242350
0.902497 14.960300
0.902794 5.857260
0.903092 29.105800
0.903389 20.590600
0.903686 5.584490
0.903983 59.461200
0.904281 45.338400
0.904578 34.448600
0.904875 37.527700
0.905172 7.620620
0.905470 53.343900
0.905767 14.508200
0.906064 15.017000
0.906361 11.646200
0.906659 39.576400
0.906956 8.828470
0.907253 6.542090
0.907551 17.850100
0.907848 14.033000
0.908145 23.140700
0.908442 31.490100
0.908740 6.701520
0.909037 65.890400
0.909334 33.672800
0.909631 54.638200
0.909929 26.647000
0.910226 19.636700
0.910523 53.103400
0.910820 22.664100
0.911118 9.041810
0.911415 12.517400
0.911712 5.241580
0.912010 13.460400
0.912307 32.640900
0.912604 57.684400
0.912901 1.675450
0.913199 8.800880
0.913496 8.383350
0.913793 19.493800
0.914090 22.058900
0.914388 85.134400
0.914685 17.497100
0.914982 5.616140
0.915279 27.088500
0.915577 32.935300
0.915874 69.546500
0.916171 12.379100
0.916468 56.323400
0.916766 39.288100
0.917063 36.128100
0.917360 6.889870
0.917658 5.909880
0.917955 11.345200
0.918252 46.195000
0.918549 4.442900
0.918847 17.168800
0.919144 23.640700
0.919441 4.964130
0.919738 23.944800
0.920036 5.166410
0.920333 29.393300
0.920630 4.572930
0.920927 27.081400
0.921225 3.971240
0.921522 50.681400
0.921819 8.945420
0.922117 15.453100
0.922414 21.870200
0.922711 3.719830
0.923008 23.559700
0.923306 9.879690
0.923603 8.612170
0.923900 18.326600
0.924197 7.092510
0.924495 4.526360
0.924792 6.003240
0.925089 6.028000
0.925386 43.266000
0.925684 33.977900
0.925981 33.969000
0.926278 35.901900
0.926576 6.245070
0.926873 32.518500
0.927170 5.322110
0.927467 6.331580
0.927765 4.535050
0.928062 54.949000
0.928359 9.310970
0.928656 90.525700
0.928954 22.530400
0.929251 48.976400
0.929548 22.590300
0.929845 8.826440
0.930143 21.881400
0.930440 21.581300
0.930737 11.104000
0.931034 61.285600
0.931332 10.863600
0.931629 46.986600
0.931926 8.012810
0.932224 62.664100
0.932521 20.172700
0.932818 33.148100
0.933115 38.500300
0.933413 1.673100
0.933710 73.250900
0.934007 9.187750
0.934304 51.444200
0.934602 29.817900
0.934899 4.624990
0.935196 32.201100
0.935493 8.782560
0.935791 57.241600
0.936088 41.323300
0.936385 17.216500
0.936683 15.275900
0.936980 26.694200
0.937277 20.592200
0.937574 15.425200
0.937872 7.662150
0.938169 29.305800
0.938466 36.797200
0.938763 24.204300
0.939061 22.232800
0.939358 1.981510
0.939655 62.767600
0.939952 5.060400
0.940250 18.536700
0.940547 8.769810
0.940844 10.155800
0.941141 27.779900
0.941439 48.641500
0.941736 23.108100
0.942033 6.655540
0.942331 18.323900
0.942628 19.395400
0.942925 6.744510
0.943222 69.529000
0.943520 9.161180
0.943817 8.794380
0.944114 5.894450
0.944411 2.530900
0.944709 10.704700
0.945006 25.761200
0.945303 6.823080
0.945600 32.441300
0.945898 18.898400
0.946195 69.019400
0.946492 9.462920
0.946790 14.215500
0.947087 7.395210
0.947384 16.963300
0.947681 39.350900
0.947979 50.513900
0.948276 1.685280
0.948573 19.111000
0.948870 7.234820
0.949168 54.449100
0.949465 26.153200
0.949762 52.229400
0.950059 4.602460
0.950357 21.796200
0.950654 18.738000
0.950951 53.758500
0.951249 27.035500
0.951546 21.551600
0.951843 9.066120
0.952140 14.045200
0.952438 16.982700
0.952735 9.809740
0.953032 35.497100
0.953329 13.519100
0.953627 67.764500
0.953924 36.552900
0.954221 19.593100
0.954518 7.049770
0.954816 20.985800
0.955113 14.461900
0.955410 10.381200
0.955707 37.866600
0.956005 27.913800
0.956302 8.603350
0.956599 17.606200
0.956897 49.077100
0.957194 26.283600
0.957491 12.572300
0.957788 21.727400
0.958086 54.135000
0.958383 16.128900
0.958680 22.243400
0.958977 43.884500
0.959275 40.115000
0.959572 9.839450
0.959869 6.806180
0.960166 6.052580
0.960464 11.346100
0.960761 4.386720
0.961058 7.214940
0.961356 42.740600
0.961653 11.603100
0.961950 50.714300
0.962247 38.574300
0.962545 7.785430
0.962842 30.609900
0.963139 19.978100
0.963436 26.355700
0.963734 22.494500
0.964031 2.146290
0.964328 17.293700
0.964625 61.346400
0.964923 29.336100
0.965220 5.686050
0.965517 75.020800
0.965815 10.458600
0.966112 17.774300
0.966409 1.814390
0.966706 27.460000
0.967004 10.053300
0.967301 2.781880
0.967598 22.317800
0.967895 31.476400
0.968193 10.561000
0.968490 14.659300
0.968787 20.984400
0.969084 31.722500
0.969382 11.851300
0.969679 45.132700
0.969976 35.881700
0.970273 14.850900
0.970571 50.554200
0.970868 45.854200
0.971165 16.277700
0.971463 13.171800
0.971760 8.482020
0.972057 24.953000
0.972354 17.252000
0.972652 46.560400
0.972949 16.382500
0.973246 9.427850
0.973543 12.108000
0.973841 29.975600
0.974138 28.028900
0.974435 8.633180
0.974732 1.737170
0.975030 15.460300
0.975327 8.839150
0.975624 9.256370
0.975922 6.338200
0.976219 8.536390
0.976516 22.998500
0.976813 63.329500
0.977111 2.152100
0.977408 12.599200
0.977705 17.159000
0.978002 20.396400
0.978300 5.688540
0.978597 8.401400
0.978894 64.317600
0.979191 34.759300
0.979489 31.539700
0.979786 5.277690
0.980083 3.453720
0.980380 28.210900
0.980678 46.685800
0.980975 44.117000
0.981272 9.313700
0.981570 15.757400
0.981867 22.894500
0.982164 61.214100
0.982461 22.615900
0.982759 15.457100
0.983056 8.934240
0.983353 13.477400
0.983650 10.248400
0.983948 50.552100
0.984245 49.004600
0.984542 5.477540
0.984839 9.897670
0.985137 20.859500
0.985434 7.785970
0.985731 17.183200
0.986029 39.668100
0.986326 8.579100
0.986623 47.427800
0.986920 70.456700
0.987218 13.112500
0.987515 22.047600
0.987812 35.985000
0.988109 7.156730
0.988407 8.037110
0.988704 69.260400
0.989001 27.419000
0.989298 37.879600
0.989596 24.708800
0.989893 4.593000
0.990190 68.162500
0.990488 20.648700
0.990785 11.315400
0.991082 27.509200
0.991379 32.369000
0.991677 14.106700
0.991974 12.614600
0.992271 54.506300
0.992568 65.586100
0.992866 37.937900
0.993163 20.924400
0.993460 8.652260
0.993757 10.683500
0.994055 31.575000
0.994352 14.535500
0.994649 6.213570
0.994946 5.986150
0.995244 8.752760
0.995541 17.087300
0.995838 66.783300
0.996136 5.277750
0.996433 13.520200
0.996730 15.596400
0.997027 19.397500
0.997325 4.699980
0.997622 21.650200
0.997919 32.089200
0.998216 33.611000
0.998514 4.325700
0.998811 27.279000
0.999108 49.616500
0.999405 11.216300
0.999703 15.285800
1.000000 4.276120
