0.000578 4.993330
0.001157 22.505000
0.001735 5.571760
0.002313 12.701200
0.002892 23.084400
0.003470 29.017300
0.004049 10.229100
0.004627 35.327100
0.005784 9.945950
0.006362 43.316600
0.006940 66.424100
0.007519 78.796500
0.008097 21.034800
0.008676 15.835900
0.009254 9.056760
0.009832 70.348000
0.010411 12.689100
0.010989 22.901900
0.011567 74.103000
0.012146 33.672900
0.012724 8.046010
0.013302 4.951090
0.013881 5.368780
0.014459 8.097530
0.015038 28.543900
0.015616 20.626100
0.016194 8.236130
0.016773 21.628300
0.017351 20.412000
0.017929 39.246100
0.018508 66.072300
0.019086 46.699200
0.019665 18.531800
0.020243 75.704000
0.020821 14.014900
0.021400 54.178700
0.021978 14.176600
0.022556 27.609800
0.023135 40.071700
0.023713 22.252200
0.024291 18.619700
0.024870 13.879800
0.025448 47.835500
0.026027 9.793480
0.026605 11.971100
0.027183 8.471640
0.027762 7.973150
0.028340 29.213100
0.028918 29.687600
0.029497 11.477200
0.030075 20.233800
0.030654 8.021280
0.031232 6.924890
0.031810 63.003000
0.046848 9.691900
0.047426 24.424800
0.048005 41.547500
0.048583 9.864310
0.049161 29.474600
0.049740 12.595500
0.050318 21.385700
0.050896 42.873700
0.051475 13.624400
0.052053 14.642100
0.052632 46.107200
0.053210 34.989800
0.064777 59.483000
0.065356 12.861000
0.065934 43.203300
0.066512 66.859500
0.067091 13.566900
0.067669 5.084980
0.068248 5.327180
0.068826 7.535750
0.069404 19.583600
0.069983 33.363600
0.070561 17.324000
0.071139 1.658560
0.071718 43.605300
0.072296 55.349000
0.072874 9.213780
0.073453 8.322130
0.074031 32.879900
0.074610 35.265100
0.075188 8.948130
0.075766 9.576410
0.076345 6.009930
0.076923 87.931100
0.077501 27.679600
0.078080 28.609200
0.078658 75.775400
0.079237 24.521500
0.079815 4.570400
0.080393 8.883090
0.080972 24.968300
0.081550 2.982000
0.082128 2.108590
0.082707 11.227000
0.083285 6.774540
0.083864 14.902600
0.084442 14.389200
0.085020 18.473700
0.085599 18.758100
0.086177 48.922000
0.086755 86.465000
0.087334 6.357410
0.087912 2.960800
0.088490 36.842200
0.089069 7.903460
0.089647 57.504600
0.090226 12.668000
0.090804 14.992600
0.091382 3.534850
0.091961 86.850100
0.092539 50.998300
0.093117 28.950900
0.093696 51.476800
0.094274 36.968700
0.094853 7.556260
0.095431 15.455400
0.096009 9.131290
0.096588 10.522500
0.116831 8.389800
0.117409 23.527200
0.117987 28.510900
0.118566 51.659500
0.119144 6.907110
0.119722 18.103100
0.120301 16.194500
0.120879 48.102100
0.121457 9.257860
0.122036 15.576600
0.122614 3.994290
0.123193 21.623900
0.123771 51.459300
0.124349 30.931600
0.124928 36.223600
0.125506 10.855500
0.126084 6.560390
0.126663 7.355930
0.127241 16.211800
0.127820 19.878000
0.128398 13.983200
0.128976 18.223800
0.129555 39.152600
0.130133 56.666000
0.130711 12.240300
0.131290 6.034360
0.131868 25.718000
0.132447 9.869750
0.133025 5.206880
0.133603 5.055150
0.134182 21.197000
0.134760 4.618080
0.135338 13.418400
0.135917 11.546000
0.136495 28.220400
0.137073 57.760300
0.137652 82.736200
0.138230 2.011120
0.138809 8.308920
0.139387 12.289700
0.139965 40.346700
0.140544 12.780500
0.141122 31.268000
0.141700 20.510900
0.142279 42.243300
0.142857 18.760800
0.143436 9.206940
0.144014 19.648500
0.144592 5.480080
0.145171 13.783100
0.145749 34.663700
0.146327 22.324200
0.146906 30.182600
0.150376 9.958660
0.150954 68.380800
0.151533 11.768700
0.152111 10.627900
0.152689 26.288000
0.153268 8.921630
0.153846 4.773560
0.154425 90.384900
0.155003 31.182100
0.155581 9.706590
0.156160 25.625600
0.156738 22.946500
0.157316 44.775100
0.157895 7.703230
0.158473 14.515500
0.159051 31.469300
0.159630 21.902600
0.160208 33.171500
0.160787 45.034800
0.161365 48.027900
0.161943 19.783800
0.162522 22.743900
0.163100 20.959600
0.163678 5.562420
0.164257 21.494500
0.164835 20.323500
0.165414 8.133570
0.165992 9.726850
0.166570 55.321600
0.167149 9.734120
0.167727 39.695100
0.168305 8.495130
0.168884 17.170300
0.169462 7.698590
0.170040 60.825500
0.170619 14.535000
0.171197 2.313410
0.171776 5.774120
0.172354 5.691830
0.172932 35.580600
0.173511 9.464930
0.174667 15.729200
0.175246 7.429250
0.175824 7.318590
0.176403 9.201040
0.176981 47.683900
0.177559 14.573200
0.178138 12.419400
0.178716 18.676800
0.179294 1.977470
0.179873 26.078600
0.180451 35.317500
0.181029 64.665000
0.181608 8.881410
0.182186 11.031800
0.182765 7.363360
0.183343 17.262200
0.183921 39.852300
0.184500 13.681200
0.185078 28.671400
0.185656 35.358600
0.186235 21.337500
0.186813 17.817400
0.187392 28.118400
0.187970 53.937100
0.188548 14.764900
0.189127 38.572500
0.189705 9.805800
0.190283 9.282060
0.192597 67.417800
0.193175 17.735300
0.193754 9.504530
0.194332 35.330000
0.194910 16.046300
0.195489 7.614920
0.196067 10.773700
0.196645 32.905500
0.197224 8.308200
0.197802 19.752900
0.198381 13.889800
0.198959 9.464420
0.199537 46.814600
0.200116 26.680700
0.200694 38.170300
0.201272 62.034900
0.201851 38.715400
0.202429 11.072300
0.203008 6.195880
0.203586 9.028980
0.204164 20.494200
0.204743 44.355400
0.205321 23.426200
0.205899 40.864500
0.206478 6.772200
0.207056 23.074900
0.207634 8.945280
0.208213 14.663100
0.208791 4.551440
0.209370 14.840600
0.209948 9.073760
0.210526 21.649500
0.211105 16.610300
0.211683 17.248700
0.212261 12.782200
0.212840 5.493730
0.213418 36.994600
0.213997 8.716250
0.214575 33.284300
0.215153 10.873600
0.215732 5.363380
0.216310 23.727200
0.216888 30.346900
0.217467 32.012000
0.218045 7.414930
0.218623 23.308900
0.219202 5.076170
0.219780 32.771400
0.220359 44.818500
0.220937 70.757200
0.221515 45.700300
0.222094 72.189900
0.222672 33.743300
0.223250 32.978700
0.223829 32.801000
0.224407 10.111900
0.224986 42.125300
0.225564 8.922480
0.226142 45.788400
0.226721 2.774710
0.227299 1.681560
0.227877 15.111200
0.228456 10.964100
0.229034 32.780300
0.229612 38.715200
0.230191 20.010700
0.230769 2.669510
0.231348 20.827300
0.231926 9.418250
0.232504 11.755400
0.233083 18.431600
0.233661 22.172000
0.234239 10.098200
0.234818 19.879900
0.235396 49.191600
0.235975 30.263700
0.236553 14.978000
0.237131 75.555900
0.237710 4.963120
0.238288 21.346700
0.238866 4.009470
0.239445 8.551430
0.240023 19.070000
0.240602 5.885520
0.241180 60.448600
0.241758 18.068400
0.242337 41.305000
0.242915 15.280500
0.243493 8.867460
0.244072 33.902900
0.244650 52.641800
0.245228 8.329380
0.245807 62.940500
0.250434 58.116000
0.251012 13.388100
0.251591 24.710600
0.252169 7.111780
0.252747 12.019400
0.253326 13.179900
0.253904 23.096800
0.254482 31.339000
0.255061 22.439400
0.255639 9.416570
0.256217 58.994100
0.256796 21.736700
0.257374 5.115580
0.257953 86.691800
0.260266 67.121200
0.260844 7.601680
0.261423 7.523290
0.262001 2.993270
0.262580 8.329820
0.263158 24.121300
0.263736 34.855300
0.264315 2.801420
0.264893 3.923020
0.265471 10.372500
0.266050 7.497420
0.266628 20.869500
0.267206 74.840400
0.267785 5.043320
0.268363 9.604610
0.268942 10.901600
0.269520 90.566000
0.270098 9.564050
0.270677 30.600500
0.271255 3.320780
0.271833 7.242550
0.272412 29.948200
0.272990 10.784100
0.273569 20.744600
0.274147 65.990100
0.274725 2.271160
0.275304 4.818800
0.275882 28.776400
0.276460 41.853100
0.277039 31.961300
0.277617 72.086500
0.278195 29.758500
0.278774 8.651120
0.279352 10.872200
0.279931 14.781700
0.280509 19.554300
0.281087 51.887200
0.281666 17.505300
0.282244 20.324700
0.282822 13.887300
0.283401 23.448500
0.283979 20.591900
0.284558 12.830600
0.285136 16.426400
0.285714 16.358200
0.286293 12.909300
0.286871 9.706600
0.287449 46.235900
0.288028 12.356000
0.288606 23.131000
0.289184 12.028900
0.289763 33.666800
0.290341 23.900000
0.290920 11.668100
0.291498 43.709200
0.292076 47.268300
0.292655 9.262530
0.293233 8.847070
0.293811 22.907800
0.294390 14.308100
0.294968 16.731000
0.295547 27.677400
0.296125 8.812060
0.296703 38.095700
0.297282 33.150700
0.297860 22.800700
0.298438 40.023200
0.299017 13.352600
0.299595 19.876200
0.300174 1.638620
0.300752 7.935200
0.301330 24.897700
0.301909 12.565200
0.302487 19.620700
0.303065 24.992700
0.303644 19.998100
0.304222 35.693600
0.304800 16.580300
0.305379 41.876800
0.305957 74.045900
0.306536 3.737160
0.307114 7.854290
0.307692 50.768600
0.308271 17.057900
0.308849 6.278690
0.309427 6.301780
0.310006 28.737800
0.310584 31.549500
0.311163 5.004170
0.311741 4.807760
0.312319 15.848500
0.312898 19.292200
0.313476 12.807700
0.314054 37.182900
0.314633 7.353380
0.315211 21.728400
0.315789 7.410270
0.316368 5.581490
0.316946 17.144000
0.317525 17.915700
0.318103 8.026820
0.318681 22.112500
0.319260 20.472900
0.319838 51.710400
0.320416 19.855800
0.320995 10.420700
0.321573 5.764760
0.322152 23.634400
0.322730 13.362600
0.323308 23.142600
0.323887 13.834000
0.324465 5.628920
0.325043 49.271500
0.325622 62.398900
0.326200 11.542300
0.326778 72.285500
0.327357 84.605700
0.327935 22.088800
0.328514 15.371200
0.329092 53.147600
0.329670 9.545310
0.330249 5.913230
0.330827 15.777000
0.331405 16.990700
0.331984 52.059200
0.332562 21.056300
0.333141 15.485000
0.333719 4.296260
0.334297 34.866000
0.334876 17.015300
0.335454 4.372680
0.336032 54.586300
0.336611 44.986300
0.337189 16.721100
0.337767 45.125200
0.338346 9.084550
0.338924 13.319600
0.339503 32.501000
0.340081 9.546470
0.340659 66.449200
0.341238 44.109800
0.341816 20.292500
0.342394 16.939300
0.342973 37.794100
0.343551 14.545500
0.344130 7.131840
0.344708 5.660110
0.345286 40.623800
0.345865 48.690400
0.346443 76.883500
0.347021 34.843700
0.347600 5.528650
0.348178 38.817100
0.348757 11.178200
0.349913 9.509200
0.350492 7.638470
0.351070 4.278170
0.351648 58.024400
0.352227 27.196200
0.352805 31.537100
0.353383 9.394120
0.353962 32.037500
0.354540 84.721800
0.355119 9.357260
0.355697 9.265510
0.356275 27.373500
0.356854 7.416260
0.357432 57.831800
0.358010 34.471300
0.358589 8.543790
0.359167 9.134090
0.359746 12.183300
0.360324 7.513740
0.360902 11.871500
0.361481 12.513700
0.362059 61.424100
0.362637 5.641460
0.363216 15.869300
0.363794 5.308970
0.364372 46.760900
0.364951 3.876850
0.365529 24.611800
0.366108 14.861500
0.366686 16.312900
0.367264 25.714200
0.367843 20.870100
0.368421 45.712500
0.368999 7.954280
0.369578 16.654800
0.370156 19.046900
0.370735 19.528200
0.371313 4.671700
0.371891 10.743500
0.372470 20.227900
0.373048 9.004920
0.373626 4.770150
0.374205 17.179900
0.374783 19.787100
0.375361 4.494890
0.375940 66.172900
0.376518 10.491600
0.377097 22.219100
0.377675 19.807700
0.378253 9.610170
0.378832 13.982900
0.379410 8.372910
0.379988 9.063110
0.380567 6.505790
0.381145 17.216400
0.381724 4.413290
0.382302 56.611100
0.382880 26.437700
0.383459 16.830700
0.384037 28.890200
0.384615 1.659650
0.385194 33.265800
0.385772 7.157060
0.386350 51.117600
0.386929 80.479400
0.387507 13.638500
0.388086 8.676340
0.388664 38.710600
0.389242 27.771100
0.389821 24.763900
0.390399 22.882400
0.390977 35.138500
0.391556 58.574500
0.392134 15.813600
0.392713 26.431500
0.393291 2.904570
0.393869 35.250400
0.394448 56.067800
0.395026 7.990770
0.395604 68.676600
0.396183 6.315970
0.396761 36.524000
0.397340 44.238200
0.397918 3.544640
0.398496 2.885330
0.399075 2.796230
0.399653 12.348600
0.400231 14.815300
0.400810 17.311300
0.401388 6.788620
0.401966 20.629100
0.402545 3.230120
0.403123 7.292180
0.403702 26.006200
0.404280 19.394800
0.404858 21.942400
0.405437 6.715240
0.406015 18.815900
0.406593 4.925700
0.407172 6.953840
0.407750 13.571900
0.408329 47.676300
0.408907 31.575800
0.409485 19.207000
0.410064 14.772000
0.410642 29.763300
0.411220 5.278320
0.411799 46.525100
0.412377 2.237620
0.412955 20.676400
0.413534 8.414530
0.414112 20.377300
0.414691 6.735300
0.415269 67.431200
0.415847 9.269100
0.416426 7.422660
0.417004 12.375300
0.417582 6.711950
0.418161 5.022870
0.418739 96.388600
0.419318 38.189500
0.419896 41.019000
0.420474 86.472300
0.421053 9.755190
0.421631 27.665500
0.422209 9.671640
0.422788 93.206300
0.423366 11.544700
0.423944 44.878300
0.424523 10.382300
0.425101 48.354100
0.425680 29.594600
0.426258 4.528250
0.426836 1.758740
0.427415 17.153600
0.427993 6.611060
0.428571 37.181700
0.429150 23.065200
0.429728 16.894700
0.430307 3.859400
0.430885 25.914500
0.431463 12.109900
0.432042 79.275900
0.432620 41.824100
0.433198 16.087400
0.433777 64.482700
0.434355 37.940900
0.434933 24.675800
0.435512 45.723700
0.436090 21.670900
0.436669 26.504200
0.437247 17.357900
0.437825 11.220000
0.438404 7.329130
0.438982 39.750800
0.439560 25.942000
0.440139 14.833500
0.440717 67.014000
0.441296 10.082100
0.441874 5.678250
0.442452 36.585500
0.443031 17.382100
0.443609 30.915500
0.444187 10.951400
0.444766 6.681950
0.445344 49.898400
0.445922 37.054800
0.446501 9.706870
0.447079 61.669800
0.447658 20.037800
0.448236 10.175400
0.448814 3.092310
0.449393 16.788600
0.449971 34.583100
0.450549 81.711200
0.451128 51.836400
0.451706 9.472870
0.452285 26.181700
0.452863 24.259200
0.453441 8.738730
0.454020 6.491450
0.454598 19.733900
0.455176 5.338800
0.455755 5.636750
0.456333 61.423200
0.456912 5.730870
0.457490 21.405100
0.458068 21.454100
0.458647 32.703500
0.459225 44.254500
0.459803 23.085200
0.460382 11.625300
0.460960 1.957370
0.461538 26.830200
0.462117 10.899900
0.462695 27.214700
0.463274 61.057600
0.463852 39.082700
0.465009 7.409500
0.465587 15.529700
0.466165 20.848100
0.466744 35.180900
0.467322 11.950500
0.467901 19.297000
0.468479 19.648000
0.469057 39.814200
0.469636 18.888100
0.470214 17.391800
0.470792 21.918100
0.471371 45.043800
0.471949 48.817300
0.472527 6.320210
0.473106 6.054080
0.473684 29.167900
0.474263 9.887680
0.474841 15.362700
0.475419 8.933810
0.475998 73.235600
0.476576 20.367300
0.477154 36.668900
0.477733 26.944300
0.478311 17.474500
0.478890 20.289000
0.479468 56.542500
0.480046 11.959700
0.480625 36.420400
0.481203 5.454320
0.481781 27.736500
0.482360 14.926000
0.482938 50.039000
0.483516 29.375000
0.484095 20.541500
0.484673 28.835100
0.485252 16.188900
0.485830 16.370400
0.486408 17.467400
0.486987 9.354640
0.487565 36.425700
0.488143 16.915400
0.488722 31.631700
0.489300 23.041900
0.489879 33.202600
0.490457 22.633100
0.491035 47.670200
0.491614 27.482300
0.492192 17.540100
0.492770 10.099900
0.493349 38.784700
0.493927 36.522100
0.494505 25.140900
0.495084 13.264300
0.495662 26.105000
0.496241 59.587800
0.496819 14.443100
0.497397 23.974600
0.497976 18.137700
0.498554 3.051070
0.499132 14.301900
0.499711 12.985100
0.500289 28.772200
0.500868 3.645520
0.501446 7.334930
0.502024 6.067300
0.502603 72.474600
0.503181 22.803300
0.503759 9.657890
0.504338 19.310700
0.504916 27.909900
0.505495 8.011260
0.506073 21.544500
0.506651 5.622220
0.507230 7.858160
0.507808 82.969400
0.508386 8.657140
0.508965 6.616930
0.509543 22.316900
0.510121 37.209200
0.510700 19.511000
0.511278 36.422700
0.511857 71.643200
0.512435 24.432400
0.513013 8.763190
0.513592 8.449260
0.514170 7.839180
0.514748 40.711500
0.515327 54.589700
0.515905 13.948500
0.516484 43.906800
0.517062 65.632300
0.517640 8.123870
0.518219 10.623100
0.518797 58.530500
0.519375 35.232800
0.519954 16.592600
0.520532 19.866500
0.521110 18.317400
0.521689 35.278000
0.522267 5.766350
0.522846 8.618390
0.523424 56.908200
0.524002 8.632500
0.525159 8.324900
0.525737 57.981300
0.526316 9.388300
0.526894 15.867200
0.527473 5.861220
0.528051 19.078200
0.528629 24.528700
0.529208 9.164670
0.529786 31.521600
0.530364 4.869750
0.530943 33.949300
0.531521 8.461350
0.532099 16.019200
0.532678 68.006800
0.533256 13.341000
0.533835 23.007900
0.534413 20.946100
0.534991 19.044400
0.535570 22.735200
0.536148 15.973900
0.536726 8.744950
0.537305 11.155100
0.537883 35.681000
0.538462 62.654500
0.539040 65.273200
0.539618 62.426200
0.540197 41.311300
0.540775 28.915600
0.541353 18.009000
0.541932 23.329400
0.542510 31.381100
0.543088 37.570000
0.543667 3.610420
0.544245 28.739300
0.544824 12.082900
0.545402 3.526260
0.545980 29.250600
0.546559 14.690000
0.547137 11.713200
0.547715 8.729890
0.548294 20.237100
0.548872 11.782000
0.549451 73.003800
0.550029 1.768270
0.550607 38.680600
0.551186 37.656400
0.551764 7.740530
0.552342 37.894200
0.552921 9.872880
0.553499 12.887300
0.554078 1.669620
0.554656 3.582840
0.555234 10.453400
0.555813 9.075740
0.556391 11.877300
0.556969 40.017000
0.557548 5.308010
0.558126 71.248400
0.558704 23.677600
0.559283 12.021000
0.559861 11.352200
0.560440 5.468730
0.561018 14.575500
0.561596 22.647300
0.562175 5.605540
0.562753 26.695700
0.563331 19.564600
0.563910 7.819790
0.564488 8.143870
0.565067 26.902400
0.565645 19.325900
0.566223 53.105700
0.566802 9.925190
0.567380 18.294000
0.567958 5.766010
0.568537 17.145300
0.569115 20.169400
0.569693 43.278200
0.570272 8.371840
0.570850 4.054950
0.571429 29.777000
0.572007 17.018800
0.572585 61.741300
0.573164 8.346470
0.573742 2.160830
0.574320 4.170850
0.574899 29.811000
0.575477 67.228000
0.576056 9.733200
0.576634 29.010700
0.577212 14.302500
0.577791 8.622850
0.578369 12.895000
0.578947 9.105550
0.579526 4.794060
0.580104 2.351010
0.580682 48.429200
0.581261 21.038200
0.581839 16.577800
0.582418 20.457600
0.582996 7.964140
0.583574 18.550300
0.584153 23.525600
0.584731 19.739400
0.585309 20.151800
0.585888 6.291800
0.586466 40.038900
0.587045 29.276500
0.587623 27.803300
0.588201 16.883500
0.588780 11.697900
0.589358 11.937900
0.589936 12.044100
0.590515 66.025400
0.591093 29.372900
0.591671 17.259200
0.592250 5.504530
0.592828 8.128930
0.593407 31.260300
0.593985 20.194700
0.594563 2.727460
0.595142 8.876940
0.595720 17.759700
0.596298 14.630800
0.596877 24.502500
0.597455 24.801900
0.598034 21.141200
0.598612 8.436400
0.599190 26.732400
0.599769 15.934500
0.600347 34.677300
0.600925 48.718900
0.601504 31.297300
0.602082 16.283200
0.602660 43.347700
0.603239 18.743200
0.603817 37.742700
0.604396 24.616100
0.604974 23.703900
0.605552 10.154000
0.606131 27.086100
0.606709 4.989780
0.607287 12.209200
0.607866 16.666700
0.608444 24.588300
0.609023 38.552600
0.609601 30.639000
0.610179 4.203360
0.610758 18.431700
0.611336 16.409200
0.611914 27.597000
0.612493 8.734440
0.613071 13.259900
0.613650 4.577620
0.614228 33.706500
0.614806 38.956900
0.615385 4.640730
0.615963 25.695100
0.616541 46.864400
0.617120 13.328800
0.617698 27.013000
0.618276 66.030800
0.618855 14.413100
0.619433 22.741000
0.620012 21.325200
0.620590 25.084100
0.621168 45.927900
0.621747 37.443100
0.622325 51.216800
0.622903 15.054900
0.623482 19.792500
0.624060 32.153800
0.624639 33.700100
0.625217 7.300980
0.625795 16.786700
0.626374 4.204180
0.626952 26.927200
0.627530 9.476300
0.628109 11.157600
0.628687 8.479200
0.629265 4.376660
0.629844 1.707580
0.630422 5.466760
0.631001 22.973500
0.631579 8.914490
0.632157 8.026500
0.632736 21.253800
0.633314 24.914600
0.633892 9.947370
0.634471 25.270300
0.635049 42.184500
0.635628 17.777600
0.636206 11.635100
0.636784 25.476800
0.637363 59.000000
0.637941 24.428600
0.638519 8.963370
0.639098 2.987780
0.639676 6.501950
0.640254 9.949300
0.640833 21.314700
0.641411 8.200920
0.641990 10.059400
0.642568 76.897300
0.643146 24.925500
0.643725 4.054250
0.644303 16.444400
0.644881 7.223990
0.645460 15.876800
0.646038 9.940690
0.646617 30.469700
0.647195 22.127400
0.647773 8.100000
0.648352 11.998700
0.648930 28.997500
0.649508 3.971450
0.650087 60.462200
0.650665 28.200800
0.651243 63.024600
0.651822 6.961220
0.652400 1.720380
0.652979 74.240800
0.653557 5.291310
0.654135 9.010590
0.654714 24.933200
0.655292 34.101600
0.655870 19.038100
0.656449 6.469530
0.657027 34.888100
0.657606 26.049600
0.658184 53.339700
0.658762 7.858300
0.659341 7.257250
0.659919 7.995420
0.660497 28.068900
0.661076 5.364430
0.661654 13.524700
0.662233 60.588500
0.662811 13.921600
0.663389 67.400100
0.663968 47.081300
0.664546 5.675420
0.665124 33.960000
0.665703 68.258900
0.666281 61.735600
0.666859 39.866100
0.667438 55.070400
0.668016 21.790300
0.668595 14.048800
0.669173 16.443800
0.669751 6.327200
0.670330 12.178800
0.670908 2.634790
0.671486 14.371500
0.672065 5.193110
0.672643 1.120360
0.673222 36.099600
0.673800 8.184280
0.674378 21.543500
0.674957 7.702120
0.675535 22.908800
0.676113 19.880000
0.676692 10.098800
0.677270 49.001600
0.677848 7.743320
0.678427 39.269000
0.679005 18.759600
0.679584 39.963400
0.680162 40.415700
0.680740 20.740000
0.681319 18.430900
0.681897 40.430800
0.682475 26.796900
0.683054 66.570700
0.683632 25.886900
0.684211 12.557000
0.684789 26.231700
0.685367 6.838590
0.685946 4.437790
0.686524 21.137700
0.687102 25.817100
0.687681 59.524300
0.688259 6.105560
0.688837 41.071700
0.689416 23.164000
0.689994 21.671400
0.690573 4.286940
0.691151 28.512500
0.691729 39.131200
0.692308 30.300900
0.692886 2.159860
0.693464 14.441600
0.694043 40.046400
0.694621 10.157100
0.695200 4.427390
0.695778 7.288990
0.696356 64.302700
0.696935 39.313700
0.697513 60.803600
0.698091 37.370700
0.698670 25.351800
0.699248 5.654950
0.699826 15.937200
0.700405 31.009700
0.700983 36.180700
0.701562 2.826970
0.702140 44.430200
0.702718 14.861100
0.703297 49.434700
0.703875 48.213300
0.704453 6.863670
0.705032 8.776500
0.705610 53.176000
0.706189 23.361800
0.706767 5.298900
0.707345 12.356300
0.707924 9.282540
0.708502 25.055700
0.709080 71.335300
0.709659 17.983200
0.710237 31.432800
0.710816 14.540400
0.711394 18.326000
0.711972 43.793500
0.712551 62.973000
0.713129 5.739750
0.713707 21.464700
0.714286 35.969100
0.714864 8.631660
0.715442 43.261200
0.716021 71.862100
0.716599 9.314100
0.717178 23.084200
0.717756 27.021700
0.718334 18.744200
0.718913 5.595360
0.719491 7.690050
0.720069 14.187300
0.720648 11.715600
0.721226 32.479100
0.721805 9.162870
0.722383 34.710300
0.722961 21.968200
0.723540 10.743100
0.724118 44.459000
0.724696 9.740550
0.725275 24.562000
0.725853 92.450700
0.726431 26.553200
0.727010 21.473600
0.727588 35.232500
0.728167 26.434600
0.728745 9.385260
0.729323 16.661400
0.729902 22.468400
0.730480 60.114600
0.731058 20.086900
0.731637 2.544980
0.732215 4.938180
0.732794 49.443700
0.733372 27.007800
0.733950 11.202800
0.734529 85.301200
0.735107 54.787400
0.735685 42.091400
0.736264 24.795600
0.736842 20.548400
0.737420 51.229100
0.737999 16.471700
0.738577 28.522000
0.739734 11.312900
0.740312 90.201000
0.740891 7.065470
0.741469 10.062500
0.742047 18.000500
0.742626 6.988930
0.743204 40.021500
0.743783 10.019000
0.744361 7.747690
0.744939 20.446900
0.745518 22.248400
0.746096 31.390200
0.746674 77.036200
0.747253 10.281600
0.747831 25.069200
0.748409 7.300110
0.748988 24.263200
0.749566 7.016040
0.750145 12.374700
0.750723 11.203100
0.751301 23.524400
0.751880 13.173500
0.752458 7.827180
0.753036 5.693530
0.753615 4.480640
0.754193 24.321400
0.754772 27.455700
0.755350 39.310500
0.755928 40.898000
0.756507 32.012400
0.757085 34.952700
0.757663 10.377500
0.758242 43.595100
0.758820 40.386900
0.759398 2.632620
0.759977 54.692400
0.760555 34.199500
0.761134 10.363100
0.761712 11.327600
0.762290 10.748800
0.762869 8.369630
0.763447 51.561600
0.764025 43.448600
0.764604 4.279320
0.765182 11.496400
0.765761 18.525400
0.766339 9.032800
0.766917 28.391200
0.767496 68.089400
0.768074 24.797300
0.768652 68.761000
0.769809 17.049000
0.770388 39.931100
0.770966 9.854280
0.771544 34.933000
0.772123 9.642540
0.772701 4.671680
0.773279 38.566100
0.773858 32.712300
0.774436 20.526000
0.775014 24.432500
0.775593 7.939030
0.776171 50.470900
0.776750 18.749500
0.777328 41.129400
0.777906 18.871100
0.778485 28.003500
0.779063 4.135590
0.779641 74.324900
0.780220 31.549600
0.780798 5.798400
0.781377 4.491360
0.781955 4.856870
0.782533 60.516700
0.783112 6.007990
0.783690 44.437700
0.784268 14.952700
0.784847 18.085700
0.785425 36.395100
0.786003 20.031100
0.786582 27.712600
0.787160 52.505700
0.787739 33.744100
0.788317 20.390400
0.788895 20.073500
0.789474 54.844600
0.790052 5.979580
0.790630 19.814400
0.791209 15.279800
0.791787 57.420200
0.792366 20.743100
0.792944 24.809700
0.793522 58.618000
0.794101 30.816400
0.794679 14.469200
0.795257 8.636200
0.795836 36.431300
0.796414 12.900300
0.796992 81.017100
0.797571 11.335600
0.798149 16.602800
0.798728 62.742300
0.799306 30.124400
0.799884 42.439500
0.800463 8.915790
0.801041 7.948640
0.801619 76.578200
0.802198 7.369480
0.802776 51.001200
0.803355 25.765600
0.803933 28.979200
0.804511 31.895100
0.805090 63.127300
0.805668 52.438900
0.806246 16.217000
0.806825 30.210300
0.807403 53.992900
0.807981 35.197000
0.808560 1.665440
0.809138 7.780920
0.809717 11.024600
0.810295 10.305300
0.810873 17.123000
0.811452 34.566600
0.812030 24.489800
0.812608 29.102000
0.813187 4.909140
0.813765 11.323700
0.814344 37.352100
0.814922 6.558420
0.815500 28.455400
0.816079 5.508540
0.816657 29.185000
0.817235 23.117200
0.817814 21.546700
0.818392 10.202500
0.818971 39.054700
0.819549 27.522900
0.820127 13.021300
0.820706 30.664600
0.821284 21.234200
0.821862 17.029600
0.822441 19.425200
0.823019 18.539200
0.823597 5.392260
0.824176 43.981700
0.824754 22.497300
0.825333 13.092900
0.825911 11.768000
0.826489 16.574100
0.827068 10.107000
0.827646 8.044920
0.828224 25.911900
0.828803 11.964900
0.829381 5.149690
0.829960 33.939100
0.830538 18.713300
0.831116 2.733210
0.831695 30.991200
0.832273 79.673600
0.832851 8.026890
0.833430 44.490600
0.834008 45.077100
0.834586 5.978260
0.835165 9.385910
0.835743 11.294000
0.836322 29.140800
0.836900 20.757000
0.837478 17.272000
0.838057 16.870400
0.838635 16.518800
0.839213 8.796240
0.839792 26.516700
0.840370 3.682610
0.840949 11.283400
0.841527 10.334000
0.842105 7.786640
0.842684 58.195000
0.843262 5.824800
0.843840 13.298100
0.844419 29.861300
0.844997 6.174370
0.845575 10.861300
0.846154 39.494100
0.846732 12.372500
0.847311 11.129900
0.847889 9.278030
0.848467 34.457900
0.849046 24.793100
0.849624 55.237900
0.850202 12.148300
0.850781 30.558100
0.851359 11.024800
0.851938 13.426300
0.852516 6.373800
0.853094 16.993500
0.853673 8.066220
0.854251 5.195850
0.854829 40.204100
0.855408 27.038200
0.855986 19.331600
0.856564 39.470900
0.857143 7.733070
0.857721 21.088300
0.858300 69.290200
0.858878 28.808100
0.859456 5.926610
0.860035 49.853300
0.860613 8.127340
0.861191 37.703900
0.861770 8.647280
0.862348 14.893300
0.862927 25.989500
0.863505 32.244200
0.864083 9.986210
0.864662 12.668100
0.865240 40.554800
0.865818 38.449900
0.866397 23.049600
0.866975 13.491100
0.867553 39.805800
0.868132 39.457100
0.868710 44.722800
0.869289 68.902800
0.869867 41.630600
0.870445 14.976100
0.871024 27.117800
0.871602 44.037500
0.872180 23.074200
0.872759 15.961000
0.873337 17.688800
0.873916 58.339300
0.874494 10.430400
0.875072 47.411300
0.875651 3.545810
0.876229 44.344300
0.876807 36.221900
0.877386 28.227300
0.877964 11.529000
0.878543 37.852200
0.879121 21.723200
0.879699 32.863800
0.880278 8.184660
0.880856 5.456510
0.881434 28.422900
0.882013 46.801600
0.882591 23.376000
0.883169 40.362600
0.883748 14.098500
0.884326 8.363590
0.884905 9.218100
0.885483 27.717800
0.886061 13.014100
0.886640 6.452840
0.887218 62.783400
0.887796 8.795050
0.888375 35.472400
0.888953 12.829800
0.889532 48.415900
0.890110 23.879600
0.890688 28.693200
0.891267 22.198100
0.891845 68.309300
0.892423 52.083800
0.893002 42.681700
0.893580 35.120200
0.894158 8.095380
0.894737 20.854200
0.895315 6.917220
0.895894 49.230200
0.896472 64.543600
0.897050 33.293600
0.897629 31.905700
0.898207 8.405150
0.898785 22.103200
0.899364 11.750400
0.899942 44.706200
0.900521 25.688600
0.901099 89.018000
0.901677 42.552200
0.902256 35.516600
0.902834 31.684600
0.903412 8.366840
0.903991 31.074600
0.904569 6.907390
0.905147 21.697500
0.905726 40.744500
0.906304 3.021550
0.906883 20.522500
0.907461 9.223250
0.908039 21.559200
0.908618 11.872400
0.909196 36.081100
0.909774 12.953000
0.910353 19.235800
0.910931 3.922420
0.911510 18.730400
0.912088 16.079800
0.912666 10.837400
0.913245 7.275150
0.913823 36.863500
0.914401 15.310700
0.914980 14.561700
0.915558 15.448000
0.916136 11.638600
0.916715 35.301700
0.917293 24.032500
0.917872 43.084900
0.918450 22.058700
0.919028 46.471700
0.919607 4.619890
0.920185 12.018100
0.920763 54.396100
0.921342 58.684600
0.921920 18.046800
0.922499 8.528920
0.923077 31.981100
0.923655 8.256940
0.924234 15.514200
0.924812 8.264880
0.925390 7.367370
0.925969 5.804140
0.926547 59.652300
0.927126 78.967500
0.927704 11.394800
0.928282 8.260050
0.928861 8.201890
0.929439 6.891660
0.930017 49.029400
0.930596 15.595200
0.931174 14.788200
0.931752 13.579400
0.932331 23.693700
0.932909 18.486700
0.933488 6.700610
0.934066 25.917400
0.934644 6.266760
0.935223 29.614300
0.935801 3.707350
0.936379 75.011500
0.936958 8.399410
0.937536 20.402500
0.938115 10.675300
0.938693 36.379800
0.939271 9.446890
0.939850 38.847100
0.940428 6.689370
0.941006 1.652460
0.941585 48.199000
0.942163 7.507620
0.942741 15.914400
0.943320 10.745200
0.943898 42.330600
0.944477 9.181830
0.945055 88.582100
0.945633 5.142230
0.946212 40.011900
0.946790 6.991610
0.947368 15.838500
0.947947 8.452880
0.948525 51.685800
0.949104 31.153600
0.949682 7.181670
0.950260 1.735260
0.950839 17.157600
0.951417 3.875200
0.951995 24.843000
0.952574 94.770000
0.953152 4.182180
0.953730 20.262500
0.954309 45.471100
0.954887 36.439000
0.955466 46.374400
0.956044 7.561750
0.956622 8.971560
0.957201 46.555600
0.957779 60.429100
0.958357 38.510300
0.958936 49.962100
0.959514 7.643040
0.960093 20.304900
0.960671 15.564600
0.961249 15.796600
0.961828 5.570310
0.962406 11.306200
0.962984 69.269400
0.963563 5.573010
0.964141 18.833100
0.964719 13.421000
0.965298 8.053700
0.965876 23.310800
0.966455 43.739600
0.967033 34.659000
0.967611 31.192200
0.968190 3.896920
0.968768 35.635400
0.969346 21.743100
0.969925 7.979890
0.970503 6.449160
0.971082 46.210500
0.971660 10.791000
0.972238 30.180100
0.972817 62.781600
0.973395 37.821900
0.973973 38.411000
0.974552 73.027400
0.975130 11.517100
0.975709 53.251100
0.976287 27.245500
0.976865 26.200600
0.977444 47.264500
0.978022 17.470900
0.978600 24.674000
0.979179 20.905900
0.979757 23.322000
0.980335 8.832130
0.980914 44.031200
0.981492 23.063100
0.982071 59.753600
0.982649 16.217800
0.983227 6.196260
0.983806 24.969900
0.984384 21.162700
0.984962 5.488990
0.985541 24.317000
0.986119 11.538800
0.986698 44.287900
0.987276 10.508700
0.987854 50.331100
0.988433 10.843300
0.989011 8.341010
0.989589 14.045400
0.990168 33.504900
0.990746 40.754300
0.991324 72.748200
0.991903 17.083200
0.992481 7.302160
0.993060 8.199810
0.993638 78.499700
0.994216 4.806430
0.994795 9.972560
0.995373 21.731100
0.995951 36.049800
0.996530 11.588400
0.997108 4.689420
0.997687 20.143900
0.998265 17.212100
0.998843 36.245900
0.999422 8.611500
1.000000 5.115700
