0.000281 23.534600
0.000562 27.555600
0.000843 6.793330
0.001124 6.548720
0.001404 68.346200
0.001685 16.312800
0.001966 85.583800
0.002247 69.721500
0.002528 13.664000
0.002809 13.673900
0.003371 18.423200
0.003652 11.611800
0.003933 7.141120
0.004213 25.928900
0.004494 54.221300
0.004775 80.314900
0.005056 15.633300
0.005337 7.569630
0.005618 15.125100
0.005899 9.557160
0.006180 16.172200
0.006461 34.765200
0.006742 40.776300
0.007022 6.945540
0.007303 17.176600
0.007584 5.390230
0.007865 39.723400
0.008146 61.146100
0.008427 16.757000
0.008708 32.098300
0.008989 30.759500
0.009270 12.119200
0.021910 9.691900
0.022191 5.979930
0.022472 5.500410
0.022753 19.408300
0.023034 9.751450
0.023315 13.507800
0.023596 8.641720
0.023876 60.079100
0.024157 24.880300
0.024438 64.846000
0.024719 69.204200
0.025000 9.914960
0.045506 8.389800
0.045787 27.073800
0.046067 72.589600
0.046348 27.191700
0.046629 28.229300
0.046910 21.103700
0.047191 11.220800
0.047472 67.481100
0.047753 2.840800
0.048034 26.176000
0.048315 23.803700
0.048596 18.085700
0.048876 36.057800
0.049157 4.619150
0.049438 13.539200
0.049719 6.578090
0.050000 5.639260
0.050281 17.511700
0.050562 47.551000
0.050843 10.572700
0.051124 27.721700
0.051404 24.045000
0.051685 39.589800
0.051966 7.427100
0.052247 34.885200
0.052528 28.919500
0.052809 19.252300
0.053090 10.567500
0.053371 77.045800
0.053652 37.965700
0.053933 34.208000
0.054213 15.272400
0.054494 47.786200
0.054775 7.742570
0.055056 5.106650
0.055337 13.186500
0.055618 28.494900
0.055899 49.917600
0.056180 57.460100
0.056461 25.608300
0.058427 8.324900
0.058708 62.281900
0.058989 8.252620
0.059270 19.815000
0.059551 7.087770
0.059831 6.843000
0.060112 25.448300
0.060393 28.545200
0.060674 44.413200
0.060955 46.034300
0.061236 5.421770
0.061517 28.564100
0.061798 30.275600
0.062079 5.023910
0.062360 10.395600
0.062640 73.399700
0.062921 27.206900
0.063202 8.005300
0.063483 78.634700
0.063764 50.018000
0.064045 69.855000
0.064326 30.688000
0.064607 24.002800
0.064888 40.191600
0.065169 14.786900
0.065449 21.793500
0.065730 16.723800
0.066011 28.687300
0.068539 9.958660
0.068820 18.493600
0.069101 32.647800
0.069382 14.547700
0.069663 7.831220
0.069944 30.054900
0.070225 25.706400
0.070506 7.095400
0.070787 7.106370
0.071067 8.679310
0.071348 7.728390
0.071629 10.991100
0.071910 9.149800
0.072191 9.383850
0.072472 60.332400
0.072753 8.337520
0.073034 18.181600
0.073315 27.522100
0.073596 23.412400
0.073876 5.843010
0.074157 27.653100
0.074438 30.712800
0.074719 15.575400
0.075000 48.333900
0.075281 13.107300
0.082584 59.483000
0.082865 5.541920
0.083146 27.069200
0.083427 30.008900
0.083708 20.618900
0.083989 36.493000
0.084270 26.327400
0.084551 27.499600
0.084831 41.840500
0.085112 8.389240
0.085393 62.480600
0.085674 81.511200
0.085955 39.029100
0.086236 25.684600
0.086517 46.950800
0.086798 33.591400
0.087079 21.044700
0.087360 16.107200
0.087640 53.726900
0.087921 17.392700
0.088202 21.764700
0.088483 26.996600
0.088764 62.688300
0.089045 9.003940
0.089326 53.388600
0.089607 7.174790
0.089888 32.613600
0.091011 11.312900
0.091292 16.744400
0.091573 4.867800
0.091854 52.406400
0.092135 23.778200
0.092416 39.116500
0.092697 11.962400
0.092978 42.546100
0.093258 26.359500
0.093539 39.391400
0.093820 32.150900
0.094101 64.980400
0.094382 8.227580
0.094663 68.119900
0.094944 26.686900
0.095225 19.192000
0.095506 8.389130
0.095787 3.500500
0.096067 43.835600
0.096348 14.303300
0.096629 15.343900
0.097191 18.140400
0.097472 24.234100
0.097753 7.346180
0.098034 15.037200
0.098315 15.324600
0.098596 5.449680
0.098876 37.929700
0.099157 9.945950
0.099438 20.826400
0.099719 59.950000
0.100000 38.765700
0.100281 87.810900
0.100562 19.203400
0.100843 8.437440
0.101124 27.857200
0.101404 17.375500
0.101685 33.618100
0.101966 8.133240
0.102247 4.953860
0.102528 49.863800
0.102809 27.317200
0.103090 21.201900
0.103371 60.295600
0.103652 45.807700
0.103933 19.788700
0.104213 15.390200
0.104494 45.773300
0.104775 71.613600
0.105056 13.116900
0.105337 37.643600
0.105618 14.176400
0.105899 27.418300
0.106180 71.044600
0.106461 9.044920
0.106742 11.852100
0.107022 4.366600
0.107303 3.073570
0.107584 41.683500
0.107865 15.939700
0.108146 19.069100
0.108427 15.893600
0.108708 26.300500
0.108989 21.023700
0.109270 5.092200
0.109551 11.153800
0.109831 47.920300
0.110112 34.014400
0.110393 65.272900
0.110674 19.081100
0.110955 23.149200
0.111236 26.875400
0.111517 85.879700
0.111798 73.506800
0.112079 64.279700
0.112360 15.377100
0.112640 53.424500
0.112921 15.075600
0.113202 38.482900
0.113483 8.318350
0.113764 19.149200
0.114045 52.320800
0.114326 90.152800
0.114607 39.612400
0.114888 5.649800
0.115169 8.235260
0.115449 21.697400
0.115730 20.817900
0.116011 82.322100
0.116292 6.804400
0.116573 20.796900
0.116854 11.164100
0.117135 73.133400
0.117416 10.189100
0.117697 28.660800
0.117978 45.182100
0.118258 33.719500
0.118539 78.405400
0.118820 26.622300
0.119101 14.476500
0.119382 40.864500
0.119663 20.577900
0.119944 6.038600
0.120225 9.649500
0.120506 9.615670
0.120787 39.179700
0.121067 1.733760
0.121348 12.843000
0.121629 26.754200
0.121910 43.462500
0.122191 7.491900
0.122472 3.982510
0.124157 67.121200
0.124438 9.170800
0.124719 25.915700
0.125000 26.801900
0.125281 7.369910
0.125562 7.440110
0.125843 28.693800
0.126124 71.805600
0.126404 13.275300
0.126685 35.350800
0.126966 6.280640
0.127247 44.675100
0.127528 26.090600
0.127809 47.154500
0.128090 9.315030
0.128371 6.755610
0.128652 22.404900
0.128933 21.072600
0.129213 44.851200
0.129494 4.365750
0.129775 4.610150
0.130056 11.578900
0.130337 48.498900
0.130618 43.996100
0.130899 7.258050
0.131180 50.405400
0.131461 12.804500
0.131742 19.599100
0.132022 37.244300
0.132303 18.815000
0.132584 14.727400
0.132865 17.253800
0.133146 21.789300
0.133427 1.774290
0.133708 9.732450
0.133989 32.850100
0.134270 8.674630
0.134551 31.866800
0.134831 39.486000
0.135112 28.688700
0.135393 9.182220
0.135674 42.664000
0.135955 59.137800
0.136236 18.825000
0.136517 43.260200
0.136798 16.245200
0.137079 14.071400
0.137360 17.632900
0.137640 8.192630
0.137921 12.691200
0.138202 16.127700
0.138483 32.657500
0.138764 27.251600
0.139045 30.699600
0.139326 10.031700
0.139607 16.092300
0.139888 24.701000
0.140169 43.157800
0.140449 7.463730
0.140730 25.648600
0.141011 21.597000
0.141292 49.040500
0.141573 2.178970
0.141854 5.991940
0.142135 16.498500
0.142416 12.625000
0.142697 22.440400
0.142978 27.360900
0.143258 50.875800
0.143539 14.464800
0.143820 69.200400
0.144101 24.722800
0.144382 6.662220
0.144663 45.451500
0.144944 47.647100
0.145225 18.731600
0.145506 8.451130
0.145787 5.867140
0.146067 25.148700
0.146348 9.367740
0.146629 37.743400
0.146910 55.622900
0.147191 15.048000
0.147472 2.835540
0.147753 23.832800
0.148034 44.352800
0.148315 5.523790
0.148596 8.609610
0.150281 9.805800
0.150562 19.653000
0.150843 28.468500
0.151124 48.932500
0.151404 1.669110
0.151685 29.550900
0.151966 11.886800
0.152247 7.584540
0.152528 9.482920
0.152809 4.033650
0.153090 53.882800
0.153371 27.319900
0.153652 23.362900
0.153933 27.754700
0.154213 5.780790
0.154494 19.802900
0.154775 18.812400
0.155056 7.360710
0.155337 10.496700
0.155618 40.468800
0.155899 19.247700
0.156180 33.424100
0.156461 2.735890
0.156742 9.583440
0.157022 63.492800
0.157303 66.290100
0.157584 8.691780
0.157865 53.199400
0.158146 5.939730
0.158427 44.496600
0.158708 44.573600
0.158989 13.974900
0.159270 30.814900
0.159551 12.874800
0.159831 9.897520
0.160112 19.603100
0.160393 11.641500
0.160674 27.493100
0.160955 33.563200
0.161236 7.337550
0.161517 28.932400
0.161798 10.442600
0.162079 15.705000
0.162360 5.533860
0.162640 10.678000
0.162921 8.268300
0.163202 8.014800
0.163483 26.170000
0.163764 53.623200
0.164045 2.698520
0.164326 7.311190
0.164607 46.106900
0.164888 21.708100
0.165169 24.891600
0.165449 18.210400
0.165730 8.213710
0.166011 7.010290
0.166292 46.857300
0.166573 58.423100
0.166854 54.322800
0.167135 22.482400
0.167416 11.955700
0.167697 8.354900
0.167978 60.734100
0.168258 4.414010
0.168539 22.854700
0.168820 5.458100
0.169101 22.088100
0.169382 17.705800
0.169663 3.193600
0.169944 10.127600
0.170225 23.177600
0.170506 33.158900
0.170787 2.242700
0.171067 23.601600
0.171348 5.714750
0.171629 19.186100
0.171910 52.444900
0.172191 33.016400
0.172472 18.615300
0.172753 22.201600
0.173034 6.124600
0.173315 29.263000
0.173596 51.933700
0.173876 9.822450
0.174157 12.077300
0.174438 20.079900
0.174719 9.676650
0.175000 44.905000
0.175281 43.660800
0.175562 29.390200
0.175843 20.160000
0.176124 7.829540
0.176404 22.081600
0.176685 43.000600
0.176966 61.921200
0.177247 11.472200
0.177528 20.491700
0.178090 15.772300
0.178371 36.629200
0.178652 61.627800
0.178933 15.859600
0.179213 25.293800
0.179494 6.731000
0.179775 12.176000
0.180056 25.520800
0.180337 32.724800
0.180618 35.614500
0.180899 9.158610
0.181180 3.603220
0.181461 31.910300
0.181742 50.025300
0.182022 44.120900
0.182303 4.593400
0.182584 41.935900
0.182865 46.159000
0.183146 25.475400
0.183427 69.967900
0.183708 30.006200
0.183989 21.568800
0.184270 37.423800
0.184551 9.018270
0.184831 36.796800
0.185112 20.463500
0.185393 59.953000
0.185674 68.273100
0.185955 72.499900
0.186236 3.359440
0.186517 60.526400
0.186798 21.188200
0.187079 14.335800
0.187360 15.972500
0.187640 9.400880
0.187921 21.255400
0.188202 9.874140
0.188483 4.651140
0.188764 8.318410
0.189045 62.552800
0.189326 20.490500
0.189607 18.145400
0.189888 30.901500
0.190169 28.577500
0.190449 12.387800
0.190730 63.467200
0.191011 3.829180
0.191292 14.282100
0.191573 7.451860
0.191854 22.617300
0.192135 33.249300
0.192416 7.467340
0.192697 11.097700
0.192978 50.263500
0.193258 47.060600
0.193539 4.269950
0.193820 28.750300
0.194101 12.440200
0.194382 2.822130
0.194663 32.702800
0.194944 11.854000
0.195225 57.395400
0.195506 3.804710
0.195787 7.011350
0.196067 22.879200
0.196348 15.220600
0.196629 45.584900
0.196910 34.233600
0.197191 15.943500
0.197472 18.046000
0.197753 6.772270
0.198034 13.304000
0.198315 48.003700
0.198596 40.540200
0.198876 14.259500
0.199157 19.193100
0.199438 8.244800
0.199719 7.994170
0.200000 26.486900
0.200281 31.590700
0.200562 73.258200
0.200843 8.303940
0.201124 9.349010
0.201404 25.404000
0.201685 8.232980
0.201966 32.558400
0.202247 14.898800
0.202528 41.541500
0.202809 54.672700
0.203090 24.634300
0.203371 30.319200
0.203652 28.902300
0.203933 5.860480
0.204213 17.179500
0.204494 13.581000
0.204775 53.896400
0.205056 7.726850
0.205337 28.617500
0.205618 25.831800
0.205899 20.902900
0.206180 2.828240
0.206461 4.692430
0.206742 3.544750
0.207022 2.891070
0.207303 25.495900
0.207584 58.310600
0.207865 29.513800
0.208146 35.782300
0.208427 22.157700
0.208708 22.152300
0.208989 9.933060
0.209270 26.420700
0.209551 9.590910
0.209831 6.509570
0.210112 5.342510
0.210393 71.614800
0.210674 7.952240
0.210955 54.538200
0.211236 55.953100
0.211517 14.730800
0.211798 25.887600
0.212360 9.509200
0.212640 39.451300
0.212921 5.907350
0.213202 19.189200
0.213483 10.663400
0.213764 14.131300
0.214045 8.545810
0.214326 13.173300
0.214607 58.504800
0.215169 25.294900
0.215449 3.222520
0.215730 27.572500
0.216011 7.103270
0.216573 11.588400
0.216854 66.274300
0.217135 61.342900
0.217416 8.272190
0.217697 13.998600
0.217978 13.644700
0.218258 15.898400
0.218539 2.711170
0.218820 31.757900
0.219101 1.751910
0.219382 7.143210
0.219663 14.218600
0.219944 3.369170
0.220225 43.003500
0.220506 22.175800
0.220787 4.216110
0.221067 13.957600
0.221348 9.861630
0.221629 13.992500
0.221910 21.198000
0.222191 28.462300
0.222472 13.745700
0.222753 49.118400
0.223034 35.836300
0.223315 21.888600
0.223596 25.328100
0.223876 43.053300
0.224157 14.581300
0.224438 37.398000
0.224719 10.763800
0.225000 4.809860
0.225281 6.304040
0.225562 28.889200
0.225843 15.932100
0.226124 28.891400
0.226404 15.176600
0.226685 46.934200
0.226966 3.560570
0.227247 47.165000
0.227528 26.438000
0.227809 5.746350
0.228090 5.339920
0.228371 9.337880
0.228652 13.976100
0.228933 55.520500
0.229213 3.304630
0.229494 30.642200
0.229775 12.880100
0.230056 69.721000
0.230337 13.959700
0.230618 91.642500
0.230899 51.561600
0.231180 16.411000
0.231461 1.911140
0.231742 49.191300
0.232022 9.864920
0.232303 49.871200
0.232584 9.577830
0.232865 15.419900
0.233146 49.292500
0.233427 71.150100
0.233708 9.412920
0.233989 44.398600
0.234270 34.364000
0.234551 17.068300
0.234831 79.961700
0.235112 36.133300
0.235393 8.154400
0.235674 17.306900
0.235955 29.573500
0.236236 1.645690
0.236517 30.697600
0.236798 5.686620
0.237079 40.361500
0.237360 2.200930
0.237640 11.376300
0.237921 10.172900
0.238202 10.890000
0.238483 6.935360
0.238764 54.161300
0.239045 60.265700
0.239326 14.767700
0.239607 8.336610
0.239888 41.193200
0.240169 16.397700
0.240449 28.340000
0.240730 4.523590
0.241011 43.626900
0.241292 15.567200
0.241573 50.146400
0.241854 21.540600
0.242135 6.231280
0.242416 24.610000
0.242697 29.253900
0.242978 4.137040
0.243258 10.710000
0.243539 14.293200
0.243820 73.289900
0.244101 31.556600
0.244382 79.507900
0.244663 16.824500
0.244944 55.799900
0.245225 87.446400
0.245506 22.389200
0.245787 10.467200
0.246067 18.444700
0.246348 40.667500
0.246629 11.250600
0.246910 9.914910
0.247191 36.723200
0.247472 6.939700
0.247753 62.346300
0.248034 20.953700
0.248315 35.018300
0.248596 6.627590
0.248876 13.127900
0.249157 61.968600
0.249438 9.342730
0.251966 58.116000
0.252247 22.600000
0.252528 13.882700
0.252809 4.626320
0.253090 6.456260
0.253371 43.432100
0.253652 29.474400
0.253933 22.211400
0.254213 6.230060
0.254494 25.103300
0.254775 4.689340
0.255056 50.876700
0.255337 8.641920
0.255618 8.843580
0.255899 23.386500
0.256180 26.495800
0.256461 1.746820
0.256742 9.196860
0.257022 35.277500
0.257303 49.388200
0.257584 24.792300
0.257865 44.723100
0.258146 2.082290
0.258427 23.302000
0.258708 36.757000
0.258989 73.320400
0.259270 8.487660
0.259551 11.782100
0.259831 59.574200
0.260112 16.568600
0.260393 38.505600
0.260674 28.239600
0.260955 50.918300
0.261236 17.402200
0.261517 5.024610
0.261798 32.085700
0.262079 71.097000
0.262360 3.130110
0.262640 14.448600
0.262921 37.240600
0.263202 26.482700
0.263483 23.008700
0.263764 54.575900
0.264045 22.138300
0.264326 49.320700
0.264607 14.948600
0.264888 35.927900
0.265169 7.589190
0.265449 67.612500
0.265730 4.906270
0.266011 9.026590
0.266292 5.617020
0.266573 3.531250
0.266854 19.137100
0.267135 16.979900
0.267416 11.654900
0.267697 44.296200
0.267978 7.429920
0.268258 25.869600
0.268539 48.444000
0.268820 35.043000
0.269101 14.075400
0.269382 57.355400
0.269663 6.993770
0.269944 41.814900
0.270225 10.678700
0.270506 89.249500
0.270787 2.601870
0.271067 26.106600
0.271348 19.381200
0.271629 5.859600
0.271910 71.633900
0.272191 42.485500
0.272472 11.758200
0.272753 30.943700
0.273034 7.699490
0.273315 22.810500
0.273596 83.545800
0.273876 23.974100
0.274157 4.284470
0.274438 86.895400
0.274719 5.929230
0.275000 58.672900
0.275281 5.465970
0.275562 20.694700
0.275843 23.462200
0.276124 6.346340
0.276404 3.943810
0.276685 23.136400
0.276966 5.921860
0.277247 32.049500
0.277528 42.306000
0.277809 8.963710
0.278090 11.893600
0.278371 17.143100
0.278933 18.512100
0.279213 53.357600
0.279494 38.564500
0.279775 12.572100
0.280056 75.635000
0.280337 16.285100
0.280618 47.774200
0.280899 18.028900
0.281180 5.879050
0.281461 37.069900
0.281742 26.809400
0.282022 58.879900
0.282303 5.491920
0.282584 4.753830
0.282865 38.709100
0.283146 10.960900
0.283427 18.701200
0.283708 39.587600
0.283989 4.131010
0.284270 62.875500
0.284551 13.292800
0.284831 46.826300
0.285112 17.799900
0.285393 52.390700
0.285674 9.293420
0.285955 18.075300
0.286236 16.255800
0.286517 3.200480
0.286798 32.842500
0.287079 28.123100
0.288483 67.417800
0.288764 20.709600
0.289045 4.978460
0.289326 23.967600
0.289607 15.785700
0.289888 25.859800
0.290169 6.841360
0.290449 23.531000
0.290730 8.213230
0.291011 42.253700
0.291292 24.291300
0.291573 14.696500
0.291854 5.467850
0.292135 7.960090
0.292416 17.729200
0.292697 47.067500
0.292978 7.223790
0.293258 24.207000
0.293539 8.961330
0.293820 6.793820
0.294101 4.005130
0.294382 24.487200
0.294663 12.478400
0.294944 30.897700
0.295225 15.592200
0.295506 29.609600
0.295787 18.760900
0.296067 18.801700
0.296348 19.923200
0.296629 6.346970
0.296910 41.891000
0.297191 29.356100
0.297472 12.291900
0.297753 3.474540
0.298034 10.765900
0.298315 34.739800
0.298596 8.209160
0.298876 50.483800
0.299157 39.726400
0.299438 35.190700
0.299719 34.123700
0.300000 24.683400
0.300281 52.072100
0.300562 51.420200
0.300843 33.426600
0.301124 10.269300
0.301404 18.375200
0.301685 77.285000
0.301966 33.898500
0.302247 51.348200
0.302528 22.985000
0.302809 42.399400
0.303090 10.057900
0.303371 4.340800
0.303652 10.092100
0.303933 15.586700
0.304213 29.190100
0.304494 45.564700
0.304775 1.763980
0.305056 11.540300
0.305337 7.349060
0.305618 37.164600
0.305899 26.886700
0.306180 18.777000
0.306461 12.401200
0.306742 25.912700
0.307022 39.037000
0.307303 16.248800
0.307584 59.503800
0.307865 7.450290
0.308146 53.158900
0.308427 7.997670
0.308708 25.403800
0.308989 43.778200
0.309270 4.152580
0.309551 31.029400
0.309831 67.592400
0.310112 64.767300
0.310393 17.439000
0.310674 18.831200
0.310955 3.256700
0.311236 34.586500
0.311517 10.560400
0.311798 17.750300
0.312079 5.322860
0.312360 30.307000
0.312640 8.757600
0.312921 7.090490
0.313202 33.730600
0.313483 37.206900
0.313764 3.841080
0.314045 26.930800
0.314326 21.409300
0.314607 49.848200
0.314888 30.379700
0.315169 8.686240
0.315449 9.554190
0.315730 40.420700
0.316011 31.779200
0.316292 22.298600
0.316573 37.589800
0.316854 57.652400
0.317135 6.654870
0.317416 23.423100
0.317697 58.081500
0.317978 5.435920
0.318258 32.128700
0.318539 9.307590
0.318820 3.789750
0.319101 5.031560
0.319382 6.311590
0.319663 5.479910
0.319944 46.379800
0.320225 21.577900
0.320506 13.522200
0.320787 29.078500
0.321067 9.972610
0.321348 9.888040
0.321629 18.322100
0.321910 49.750600
0.322191 11.154100
0.322472 12.772400
0.322753 7.546030
0.323034 25.265500
0.323315 6.666890
0.323596 39.399900
0.323876 20.722400
0.324157 9.305910
0.324438 22.690500
0.324719 6.072410
0.325000 64.127100
0.325281 17.743100
0.325562 30.068500
0.325843 64.746000
0.326124 13.678500
0.326404 6.930620
0.326685 8.414070
0.326966 36.638000
0.327247 63.867300
0.327528 6.639750
0.327809 6.020960
0.328090 9.238780
0.328371 23.139400
0.328652 31.800200
0.328933 16.588100
0.329213 8.774410
0.329494 8.438420
0.329775 5.067860
0.330056 37.022800
0.330337 21.385200
0.330618 9.392130
0.330899 9.740300
0.331180 26.180800
0.331461 18.588300
0.331742 29.922000
0.332022 40.780000
0.332303 18.716200
0.332584 6.711200
0.332865 19.845100
0.333146 56.818600
0.333427 27.246700
0.333708 37.924600
0.333989 5.845880
0.334270 9.457150
0.334551 9.813120
0.334831 13.189900
0.335112 34.522800
0.335674 10.198600
0.335955 76.572500
0.336236 33.837700
0.336517 44.804200
0.336798 66.496300
0.337079 14.135200
0.337360 7.897130
0.337640 22.817600
0.337921 18.732000
0.338202 41.754200
0.338483 48.878200
0.338764 65.033000
0.339045 21.947200
0.339326 8.787140
0.339607 65.508100
0.339888 29.398000
0.340169 13.484400
0.340449 20.085100
0.340730 9.744740
0.341011 9.166220
0.341292 18.683800
0.341573 31.934700
0.341854 10.711600
0.342135 40.898600
0.342416 4.665940
0.342697 38.789200
0.342978 50.822600
0.343258 21.101300
0.343539 59.829500
0.343820 49.580100
0.344101 3.983370
0.344382 47.045600
0.344663 20.629800
0.344944 6.970360
0.345225 13.765200
0.345506 9.648050
0.345787 45.239300
0.346067 25.936100
0.346348 6.845140
0.346629 17.160200
0.346910 41.292200
0.347191 48.660400
0.347472 7.932790
0.347753 25.713300
0.348034 17.942300
0.348315 36.983600
0.348596 11.110100
0.348876 3.888840
0.349157 5.484790
0.349438 8.103290
0.349719 78.367200
0.350000 26.918700
0.350281 31.111300
0.350562 22.974300
0.350843 29.710200
0.351124 42.327300
0.351404 51.303500
0.351685 30.849200
0.351966 16.391900
0.352247 8.458580
0.352528 7.302380
0.352809 17.251300
0.353090 26.999400
0.353371 29.294200
0.353652 9.926060
0.353933 4.999020
0.354213 16.386900
0.354494 12.450700
0.354775 63.607100
0.355056 37.166100
0.355337 75.818400
0.355618 24.929800
0.355899 16.011100
0.356180 28.673800
0.356461 92.901600
0.356742 5.106020
0.357022 4.319320
0.357303 2.866640
0.357584 8.271000
0.357865 15.975200
0.358146 7.793770
0.358427 7.836010
0.358708 12.940900
0.358989 9.765100
0.359270 48.242400
0.359551 6.625990
0.359831 18.582800
0.360112 41.754900
0.360393 40.766800
0.360674 56.908000
0.360955 20.473000
0.361236 31.168700
0.361517 8.312120
0.361798 24.779900
0.362079 5.897180
0.362360 19.519300
0.362640 7.438750
0.362921 7.771820
0.363202 35.254000
0.363483 18.896200
0.363764 15.500900
0.364045 15.224500
0.364326 45.230400
0.364607 74.127700
0.364888 78.512900
0.365169 57.210500
0.365449 21.515100
0.365730 7.651810
0.366011 24.758800
0.366292 7.570280
0.366573 15.869200
0.366854 4.164660
0.367135 18.541500
0.367416 28.640700
0.367697 7.544420
0.367978 70.276100
0.368258 34.437700
0.368539 1.128830
0.368820 41.202900
0.369101 41.029400
0.369382 55.445400
0.369663 13.272100
0.369944 34.986400
0.370225 23.657800
0.370506 16.701800
0.370787 8.908690
0.371067 14.062400
0.371348 24.162800
0.371629 4.760680
0.371910 26.339500
0.372191 72.788400
0.372472 10.057000
0.372753 44.142600
0.373034 8.518010
0.373315 7.329600
0.373596 6.045970
0.373876 59.053700
0.374157 20.873600
0.374438 5.711370
0.374719 3.555670
0.375000 1.929340
0.375281 4.371430
0.375562 9.901410
0.375843 49.053600
0.376124 8.927310
0.376404 16.556300
0.376685 70.453400
0.376966 9.933730
0.377247 38.143800
0.377528 3.394810
0.377809 6.920810
0.378090 25.374500
0.378371 8.692130
0.378652 27.695600
0.378933 21.910900
0.379213 8.399620
0.379494 61.472300
0.379775 68.836400
0.380056 35.192100
0.380337 14.172800
0.380618 6.092190
0.380899 50.913500
0.381180 2.307750
0.381461 9.548660
0.381742 38.668600
0.382022 10.023700
0.382303 9.442640
0.382584 23.315500
0.382865 8.111970
0.383146 11.715500
0.383427 25.711300
0.383708 54.970500
0.383989 20.525800
0.384270 12.068900
0.384551 29.718900
0.384831 5.128920
0.385112 21.192400
0.385393 14.311800
0.385674 8.836760
0.385955 12.750100
0.386236 6.274080
0.386517 5.395550
0.386798 49.159500
0.387079 5.705830
0.387360 17.416700
0.387640 9.211450
0.387921 8.369920
0.388202 40.587100
0.388483 17.493900
0.388764 8.367310
0.389045 25.282400
0.389326 4.539360
0.389607 17.110000
0.389888 49.239700
0.390169 7.060920
0.390449 17.131300
0.390730 20.360500
0.391011 9.077730
0.391292 58.531100
0.391573 57.463400
0.391854 18.930200
0.392135 17.621000
0.392416 40.732700
0.392697 2.942660
0.392978 39.960900
0.393258 9.891720
0.393539 45.016100
0.393820 6.884420
0.394101 13.601100
0.394382 24.826000
0.394663 38.199800
0.394944 5.394310
0.395225 35.355100
0.395506 23.359600
0.395787 16.250500
0.396067 51.873700
0.396348 40.750400
0.396629 10.676700
0.396910 15.752900
0.397191 19.534700
0.397472 67.303200
0.397753 64.264300
0.398034 17.337100
0.398315 5.771060
0.398596 16.817100
0.398876 65.444400
0.399157 10.276900
0.399438 23.949000
0.399719 43.874000
0.400000 73.276200
0.400281 13.070400
0.400562 47.608700
0.400843 19.436200
0.401124 43.625700
0.401404 84.608000
0.401685 9.260670
0.401966 16.786900
0.402247 44.267200
0.402528 8.762710
0.402809 56.449200
0.403090 8.381120
0.403371 66.714200
0.403652 4.166370
0.403933 51.943300
0.404213 48.026500
0.405056 7.409500
0.405337 4.139510
0.405618 8.558420
0.405899 26.386800
0.406180 33.648100
0.406461 14.537200
0.406742 57.627500
0.407022 33.642900
0.407303 88.668400
0.407584 7.531690
0.407865 19.092800
0.408146 6.633330
0.408427 32.602400
0.408708 44.705500
0.408989 28.968100
0.409270 26.637100
0.409551 28.191200
0.409831 30.611900
0.410112 8.104530
0.410393 14.155800
0.410674 11.450700
0.410955 53.111800
0.411236 14.045000
0.411517 36.215900
0.411798 8.101780
0.412079 7.539890
0.412360 17.172600
0.412640 28.814600
0.412921 76.694400
0.413202 11.346600
0.413483 9.594500
0.413764 6.256310
0.414045 7.383810
0.414326 4.368080
0.414607 96.491700
0.414888 15.001700
0.415169 8.390630
0.415449 23.820200
0.415730 19.240700
0.416011 8.449360
0.416292 7.119770
0.416573 12.729100
0.416854 43.616700
0.417135 32.586600
0.417416 18.399800
0.417697 33.770400
0.417978 23.901800
0.418258 11.038900
0.418539 57.574100
0.418820 33.630600
0.419101 54.295000
0.419382 62.975300
0.419663 26.584800
0.419944 8.688290
0.420225 36.039400
0.420506 16.509100
0.420787 13.390400
0.421067 44.738300
0.421348 1.759410
0.421629 44.393900
0.421910 16.772400
0.422191 40.296900
0.422472 6.532430
0.422753 41.287700
0.423034 75.179900
0.423315 21.968000
0.423596 15.713700
0.423876 15.691500
0.424157 63.840600
0.424438 32.998600
0.424719 8.803330
0.425000 11.238700
0.425281 30.317900
0.425562 15.540900
0.425843 13.570100
0.426124 8.920410
0.426404 8.496850
0.426685 22.659900
0.426966 21.033000
0.427247 74.439100
0.427528 8.187620
0.427809 38.192000
0.428090 20.913600
0.428371 21.339100
0.428652 37.577500
0.428933 25.634300
0.429213 37.474200
0.429494 48.644000
0.429775 45.537700
0.430056 11.101900
0.430337 48.276200
0.430618 28.109100
0.430899 35.446600
0.431180 32.743900
0.431461 3.713680
0.431742 9.778440
0.432022 10.986300
0.432303 66.508900
0.432584 19.735300
0.432865 40.009300
0.433146 5.994430
0.433427 85.212200
0.433708 37.837000
0.433989 29.291100
0.434270 34.306300
0.434551 7.526570
0.434831 17.391100
0.435112 34.392300
0.435393 19.352900
0.435674 23.875400
0.435955 85.515000
0.436236 22.745800
0.436517 20.191400
0.436798 6.946120
0.437079 33.976600
0.437360 79.513500
0.437640 21.475600
0.437921 47.740400
0.438202 49.932700
0.438483 5.847730
0.438764 7.090820
0.439045 6.944350
0.439326 15.544000
0.439607 30.288600
0.439888 14.037900
0.440169 45.759700
0.440449 18.267800
0.440730 28.984900
0.441011 14.516400
0.441292 9.635050
0.441573 52.886000
0.441854 47.011500
0.442135 16.425300
0.442416 37.736400
0.442697 8.351110
0.442978 4.463770
0.443258 20.859100
0.443539 3.008910
0.443820 20.439000
0.444101 41.300400
0.444382 77.877100
0.444663 45.021700
0.444944 24.207700
0.445225 32.014800
0.445506 5.480970
0.445787 76.514100
0.446067 50.900900
0.446348 25.431400
0.446629 41.841700
0.446910 13.020700
0.447191 6.640310
0.447472 19.089800
0.447753 1.752720
0.448034 8.036040
0.448315 68.610700
0.448596 39.434500
0.448876 14.921200
0.449157 62.819500
0.449438 5.996840
0.449719 44.034000
0.450000 65.106800
0.450281 25.991000
0.450562 16.410500
0.450843 54.413600
0.451124 32.406900
0.451404 36.287500
0.451685 12.360800
0.451966 78.235800
0.452247 21.273700
0.452528 11.265200
0.452809 26.034100
0.453090 67.487100
0.453371 9.812450
0.453652 64.137700
0.453933 12.130800
0.454213 70.192300
0.454494 49.661300
0.454775 41.810100
0.455056 7.547630
0.455337 29.707000
0.455618 9.855260
0.455899 8.639040
0.456180 48.826900
0.456461 17.573900
0.456742 46.886600
0.457022 10.238000
0.457303 6.379100
0.457584 20.407000
0.457865 5.571350
0.458146 24.978400
0.458427 20.271500
0.458708 9.191500
0.458989 20.708800
0.459270 10.648200
0.459551 7.194160
0.459831 3.846640
0.460112 67.931700
0.460393 11.982600
0.460674 26.264900
0.460955 15.935800
0.461236 12.487700
0.461517 35.358700
0.461798 70.473400
0.462079 10.604100
0.462360 10.775000
0.462640 7.385130
0.462921 6.393550
0.463202 6.017130
0.463483 1.648480
0.463764 18.771400
0.464045 35.059900
0.464326 14.936200
0.464607 6.562220
0.464888 9.532140
0.465169 13.082700
0.465449 15.267200
0.465730 19.044100
0.466011 9.986860
0.466292 11.365100
0.466573 75.667600
0.466854 20.379000
0.467135 55.987600
0.467416 24.325900
0.467697 4.907110
0.467978 44.780700
0.468258 68.343000
0.468539 5.819660
0.468820 10.957200
0.469101 15.252000
0.469382 6.183610
0.469663 7.930250
0.469944 43.328600
0.470225 33.639700
0.470506 19.312700
0.470787 29.345800
0.471067 27.802300
0.471348 42.631200
0.471629 64.726000
0.471910 26.336100
0.472191 8.459980
0.472472 40.716900
0.472753 9.627990
0.473034 5.878080
0.473315 4.240890
0.473596 75.898200
0.473876 6.592830
0.474157 43.748200
0.474438 14.786300
0.474719 11.453800
0.475000 7.274160
0.475281 1.703880
0.475562 9.014120
0.475843 15.654300
0.476124 7.307200
0.476404 12.984900
0.476685 35.383100
0.476966 28.005600
0.477247 4.505860
0.477528 8.639970
0.477809 7.942200
0.478090 16.161700
0.478371 17.285300
0.478652 29.980600
0.478933 37.135800
0.479213 31.348200
0.479494 30.103700
0.479775 9.282270
0.480056 36.570200
0.480337 40.498000
0.480618 31.585000
0.480899 10.128900
0.481180 6.253660
0.481461 27.558700
0.481742 21.889600
0.482022 56.452200
0.482303 11.762000
0.482584 41.030100
0.482865 36.162800
0.483146 16.765900
0.483427 11.463500
0.483708 33.198100
0.483989 11.327200
0.484270 9.351750
0.484551 9.062030
0.484831 13.441300
0.485112 3.804250
0.485393 53.624700
0.485674 35.532000
0.485955 21.451900
0.486236 19.311300
0.486517 10.511300
0.486798 6.683640
0.487079 14.081600
0.487360 10.185100
0.487640 4.969270
0.487921 15.017500
0.488202 16.790600
0.488483 13.720100
0.488764 35.046800
0.489045 23.799400
0.489326 35.247900
0.489607 11.232600
0.489888 35.261900
0.490169 5.049560
0.490449 6.196410
0.490730 64.095800
0.491011 23.992800
0.491292 29.475200
0.491573 9.487300
0.491854 48.061400
0.492135 23.167900
0.492416 10.784300
0.492697 4.445150
0.492978 12.529200
0.493258 6.950840
0.493539 56.498400
0.493820 29.147400
0.494101 18.443800
0.494382 35.540500
0.494663 34.069000
0.494944 8.873560
0.495225 9.629350
0.495506 3.984800
0.495787 39.814200
0.496067 13.206600
0.496348 56.440900
0.496629 15.180100
0.496910 2.765010
0.497191 8.882890
0.497472 54.588800
0.497753 57.396200
0.498034 48.298400
0.498315 17.104900
0.498596 42.432500
0.498876 15.171600
0.499157 58.328300
0.499438 22.640900
0.499719 21.160100
0.500000 26.882100
0.500281 61.465800
0.500562 9.944640
0.500843 39.663300
0.501124 14.662000
0.501404 4.206320
0.501685 28.053600
0.501966 37.420400
0.502247 25.210300
0.502528 3.811370
0.502809 42.317900
0.503090 1.718950
0.503371 9.819250
0.503652 16.178200
0.503933 4.356380
0.504213 18.931400
0.504494 69.836300
0.504775 25.507100
0.505056 31.106100
0.505337 52.568400
0.505618 6.303960
0.505899 42.595300
0.506180 1.724790
0.506461 53.906900
0.506742 45.505300
0.507022 49.814700
0.507303 15.817700
0.507584 48.411800
0.507865 3.795210
0.508146 4.393060
0.508427 13.862200
0.508708 41.125000
0.508989 2.630340
0.509270 33.094700
0.509551 80.004900
0.509831 17.809600
0.510112 8.573270
0.510393 1.895920
0.510674 12.828100
0.510955 9.028010
0.511236 9.294570
0.511517 23.111000
0.511798 26.739000
0.512079 53.216900
0.512360 8.840800
0.512640 32.714600
0.512921 39.706100
0.513202 8.265940
0.513483 1.953540
0.513764 31.801600
0.514045 15.189900
0.514326 8.720860
0.514607 60.825400
0.514888 52.104200
0.515169 6.148590
0.515449 23.074100
0.515730 17.717500
0.516011 94.427500
0.516292 28.621500
0.516573 35.471800
0.516854 22.261500
0.517135 10.388600
0.517416 5.050360
0.517697 44.960300
0.517978 16.822800
0.518258 13.672900
0.518539 17.383000
0.518820 21.823700
0.519101 20.174100
0.519382 27.795000
0.519663 46.057700
0.519944 59.300400
0.520225 8.434630
0.520506 34.704100
0.520787 25.730100
0.521067 19.160400
0.521348 56.002200
0.521629 15.857300
0.521910 68.301400
0.522191 30.256400
0.522472 9.972250
0.522753 29.514600
0.523034 39.229300
0.523315 17.276600
0.523596 2.790310
0.523876 7.772810
0.524157 9.635040
0.524438 7.353290
0.524719 15.213200
0.525000 34.543000
0.525281 27.200900
0.525562 8.279720
0.525843 56.654900
0.526124 13.301400
0.526404 31.379800
0.526685 37.079900
0.526966 6.803960
0.527247 22.028700
0.527528 6.162030
0.527809 7.343370
0.528090 81.988700
0.528371 10.178100
0.528652 45.934900
0.528933 14.649800
0.529213 7.679380
0.529494 12.943100
0.529775 19.315000
0.530056 22.745000
0.530337 8.904040
0.530618 19.467800
0.530899 73.869000
0.531180 41.090800
0.531461 18.529900
0.531742 15.767700
0.532022 7.852760
0.532303 22.437300
0.532584 27.174000
0.532865 22.780900
0.533146 31.458300
0.533427 18.402500
0.533708 52.761400
0.533989 38.008700
0.534270 26.035700
0.534551 12.934600
0.534831 35.519800
0.535112 36.996200
0.535393 24.885800
0.535674 3.606040
0.535955 1.772950
0.536236 9.378240
0.536517 3.239840
0.536798 11.218900
0.537079 67.524000
0.537360 2.318590
0.537640 26.740700
0.537921 26.281500
0.538202 57.363500
0.538483 5.477910
0.538764 24.626400
0.539045 33.483100
0.539326 77.908900
0.539607 22.523800
0.539888 19.564800
0.540169 24.412400
0.540449 17.087400
0.540730 28.190600
0.541011 19.235100
0.541292 78.369100
0.541573 41.740400
0.541854 36.390700
0.542135 10.786500
0.542416 7.372090
0.542697 80.943900
0.542978 10.097900
0.543258 10.517700
0.543539 63.666100
0.543820 72.773300
0.544101 71.000400
0.544382 26.270800
0.544663 6.774900
0.544944 52.483800
0.545225 22.485500
0.545506 15.891200
0.545787 5.999090
0.546067 19.976900
0.546348 13.277100
0.546629 11.350600
0.546910 36.213900
0.547191 42.575500
0.547472 25.658300
0.547753 50.930900
0.548034 29.051700
0.548315 22.662300
0.548596 15.899400
0.548876 32.775700
0.549157 4.495660
0.549438 32.598700
0.549719 6.019830
0.550000 62.543100
0.550281 72.645900
0.550562 9.203460
0.550843 6.124630
0.551124 5.842400
0.551404 53.656800
0.551685 14.376500
0.551966 5.212540
0.552247 7.073490
0.552528 61.209100
0.552809 30.249400
0.553090 81.191700
0.553371 6.917010
0.553652 8.430610
0.553933 14.235200
0.554213 3.055350
0.554494 18.612200
0.554775 40.047400
0.555056 46.133300
0.555337 4.553050
0.555618 55.880600
0.555899 33.857700
0.556180 10.736800
0.556461 46.767400
0.556742 45.461600
0.557022 45.302200
0.557303 9.133040
0.557584 20.119300
0.557865 1.669510
0.558146 72.198000
0.558427 14.419100
0.558708 18.117900
0.558989 55.611900
0.559270 7.817020
0.559551 8.144890
0.559831 49.041300
0.560112 51.524500
0.560393 43.700300
0.560674 3.691440
0.560955 8.990910
0.561236 2.355080
0.561517 14.308800
0.561798 9.788420
0.562079 53.164300
0.562360 10.534600
0.562640 8.238350
0.562921 38.969000
0.563202 3.725630
0.563483 5.309070
0.563764 8.764130
0.564045 43.468800
0.564326 13.721700
0.564607 15.848600
0.564888 78.304900
0.565169 50.828500
0.565449 37.669000
0.565730 16.824700
0.566011 7.766870
0.566292 4.521230
0.566573 20.397500
0.566854 9.321150
0.567135 11.857600
0.567416 9.688410
0.567697 35.530400
0.567978 16.373300
0.568258 12.482600
0.568539 21.417300
0.568820 2.956580
0.569101 9.618680
0.569382 5.725590
0.569663 80.487200
0.569944 35.982200
0.570225 33.195200
0.570506 8.512060
0.570787 25.922500
0.571067 33.469300
0.571348 14.813300
0.571629 4.145330
0.571910 14.041100
0.572191 5.551420
0.572472 75.190000
0.572753 56.589200
0.573034 31.157200
0.573315 55.734100
0.573596 15.744600
0.573876 33.562800
0.574157 7.896340
0.574438 18.545300
0.574719 23.730900
0.575000 6.434410
0.575281 9.460260
0.575562 2.317140
0.575843 17.874000
0.576124 36.833500
0.576404 5.448560
0.576685 15.247300
0.576966 7.260520
0.577247 29.716300
0.577528 32.426400
0.577809 18.991500
0.578090 7.692780
0.578371 39.671300
0.578652 9.452110
0.578933 66.096900
0.579213 6.557300
0.579494 34.148700
0.579775 9.834340
0.580056 7.893450
0.580337 15.876800
0.580618 44.071200
0.580899 3.628940
0.581180 52.167500
0.581461 44.362700
0.581742 24.395000
0.582022 32.011000
0.582303 41.957200
0.582584 4.177930
0.582865 25.431900
0.583146 80.206500
0.583427 5.606120
0.583708 64.549600
0.583989 9.383090
0.584270 3.680250
0.584551 42.202100
0.584831 7.482390
0.585112 14.724200
0.585393 13.148700
0.585674 31.697500
0.585955 34.891200
0.586236 5.121050
0.586517 29.603800
0.586798 26.031500
0.587079 62.709200
0.587360 22.704700
0.587640 8.313410
0.587921 2.315050
0.588202 6.912550
0.588483 13.421400
0.588764 25.312000
0.589045 48.760100
0.589326 54.306900
0.589607 9.894200
0.589888 8.914120
0.590169 21.741400
0.590449 32.198400
0.590730 23.534100
0.591011 25.644000
0.591292 31.696800
0.591573 27.686000
0.591854 7.381600
0.592135 7.130630
0.592416 16.464600
0.592697 16.947700
0.592978 7.272290
0.593258 5.175660
0.593539 55.165800
0.593820 40.752300
0.594101 14.525500
0.594382 12.592800
0.594663 11.145200
0.594944 82.040800
0.595225 3.320190
0.595506 30.519300
0.595787 7.726900
0.596067 32.437700
0.596348 17.791300
0.596629 5.145040
0.596910 83.792000
0.597191 19.039000
0.597472 6.479600
0.597753 6.875470
0.598034 47.087800
0.598315 7.530010
0.598596 6.259280
0.598876 58.489700
0.599157 34.500600
0.599438 71.623100
0.599719 45.446000
0.600000 13.032100
0.600281 76.466300
0.600562 18.366100
0.600843 36.832100
0.601124 25.140300
0.601404 48.952900
0.601685 24.175600
0.601966 17.349800
0.602247 49.393600
0.602528 10.745200
0.602809 12.911000
0.603090 25.210400
0.603371 52.742500
0.603652 60.523700
0.603933 35.772600
0.604213 5.387780
0.604494 19.914200
0.604775 6.157300
0.605056 14.791800
0.605337 4.904590
0.605618 27.729200
0.605899 8.926660
0.606180 41.649900
0.606461 20.588600
0.606742 24.774100
0.607022 18.103700
0.607303 6.924580
0.607584 11.442200
0.607865 12.902700
0.608427 12.661000
0.608708 5.337840
0.608989 41.827500
0.609270 34.568600
0.609551 34.821100
0.609831 3.537670
0.610112 31.418600
0.610393 91.783000
0.610674 22.183500
0.610955 19.387500
0.611236 6.604700
0.611517 13.967500
0.611798 49.195000
0.612079 48.300000
0.612360 2.944610
0.612640 38.793100
0.612921 47.720700
0.613202 7.661670
0.613483 42.170400
0.613764 7.965130
0.614045 47.024700
0.614326 39.781400
0.614607 2.038750
0.614888 12.933200
0.615169 81.438200
0.615449 41.376900
0.615730 38.187800
0.616011 9.553180
0.616292 30.072900
0.616573 23.742500
0.616854 59.139000
0.617135 9.423230
0.617416 44.644400
0.617697 19.683200
0.617978 28.947300
0.618258 44.872400
0.618539 16.868300
0.618820 10.794000
0.619101 18.398900
0.619382 13.722000
0.619663 18.557400
0.619944 4.793480
0.620225 18.673200
0.620506 19.929300
0.620787 17.271100
0.621067 52.179500
0.621348 13.268600
0.621629 60.319000
0.621910 35.872000
0.622191 76.048200
0.622472 26.442300
0.622753 19.255800
0.623034 54.532300
0.623315 31.069900
0.623596 37.223700
0.623876 35.092200
0.624157 21.092300
0.624438 45.016000
0.624719 13.721600
0.625000 9.030420
0.625281 28.253500
0.625562 17.168200
0.625843 7.096390
0.626124 26.669700
0.626404 22.347000
0.626685 7.998120
0.626966 10.079200
0.627247 47.137100
0.627528 7.021870
0.627809 72.616900
0.628090 20.182800
0.628371 24.616800
0.628652 17.851300
0.628933 4.787430
0.629213 75.086600
0.629494 7.380280
0.629775 3.957060
0.630056 12.674700
0.630337 7.074270
0.630618 53.393700
0.630899 14.110000
0.631180 42.786000
0.631461 6.202030
0.631742 5.353120
0.632022 8.970130
0.632303 4.037680
0.632584 6.412930
0.632865 6.680240
0.633146 72.095500
0.633427 10.090500
0.633708 32.074300
0.633989 10.831200
0.634270 65.120100
0.634551 22.180600
0.634831 54.537000
0.635112 89.648800
0.635393 19.168900
0.635674 22.960400
0.635955 14.389500
0.636236 64.968000
0.636517 5.631240
0.636798 17.850300
0.637079 18.933400
0.637360 47.337600
0.637640 21.328000
0.637921 9.244800
0.638202 5.489890
0.638483 9.169180
0.638764 7.533090
0.639045 27.662200
0.639326 10.015300
0.639607 45.263200
0.639888 71.745100
0.640169 40.972300
0.640449 15.329600
0.641011 20.598000
0.641292 7.311710
0.641573 6.825080
0.641854 23.220500
0.642135 43.114900
0.642416 33.417800
0.642697 5.757680
0.642978 15.698100
0.643258 12.289900
0.643539 14.584300
0.643820 10.098500
0.644101 12.505600
0.644382 2.344870
0.644663 47.680400
0.644944 23.862100
0.645225 72.666300
0.645506 6.093050
0.645787 37.743500
0.646067 88.640000
0.646348 44.139100
0.646629 10.384100
0.646910 37.392200
0.647191 19.526100
0.647472 29.040600
0.647753 22.621700
0.648034 9.053340
0.648315 12.229600
0.648596 21.441500
0.648876 17.053300
0.649157 45.545600
0.649438 16.908500
0.649719 26.135600
0.650000 24.769100
0.650281 24.438600
0.650562 8.166970
0.650843 68.088800
0.651124 45.074500
0.651404 23.892500
0.651685 18.763600
0.651966 5.516530
0.652247 31.108300
0.652528 17.300500
0.652809 17.496000
0.653090 39.445100
0.653371 15.098100
0.653652 24.923700
0.653933 9.326150
0.654213 14.090500
0.654494 7.261490
0.654775 5.090740
0.655056 61.238600
0.655337 11.043300
0.655618 25.759900
0.655899 19.031800
0.656180 6.129000
0.656461 19.964700
0.656742 17.999000
0.657022 10.268700
0.657303 14.037800
0.657584 6.696880
0.657865 3.669680
0.658146 7.832400
0.658427 17.513500
0.658708 4.921230
0.658989 23.896700
0.659270 4.585400
0.659551 29.322000
0.659831 3.829870
0.660112 8.151340
0.660393 6.409590
0.660674 10.729200
0.660955 34.999100
0.661236 8.172570
0.661517 15.666900
0.661798 9.842140
0.662079 13.721400
0.662360 36.901000
0.662640 36.508400
0.662921 26.011600
0.663202 4.857420
0.663483 9.714640
0.663764 14.360600
0.664045 6.864520
0.664326 24.833900
0.664607 25.025500
0.664888 11.524600
0.665169 23.331200
0.665449 9.889500
0.665730 2.590800
0.666011 11.656600
0.666292 74.671300
0.666573 8.622040
0.666854 23.765900
0.667135 74.978100
0.667416 7.155800
0.667697 18.585900
0.667978 6.019980
0.668258 53.038100
0.668539 56.238500
0.668820 7.055520
0.669101 7.876580
0.669382 32.499500
0.669663 10.173200
0.669944 54.900900
0.670225 23.717300
0.670506 14.224500
0.670787 37.549100
0.671067 52.606500
0.671348 20.553900
0.671629 38.637400
0.671910 12.472000
0.672191 15.887200
0.672472 16.314300
0.672753 13.637700
0.673034 48.242100
0.673315 7.346710
0.673596 12.251300
0.673876 17.219800
0.674157 17.287100
0.674438 43.311300
0.674719 3.667440
0.675000 2.786430
0.675281 35.752700
0.675562 5.316650
0.675843 9.902810
0.676124 5.001030
0.676404 18.389700
0.676685 19.141000
0.676966 7.892970
0.677247 7.472580
0.677528 10.256600
0.677809 1.999290
0.678090 84.635600
0.678371 5.707910
0.678652 17.973600
0.678933 8.865480
0.679213 13.163300
0.679494 58.628100
0.679775 13.579400
0.680056 18.675900
0.680337 8.918990
0.680618 11.450800
0.680899 28.410200
0.681180 12.263100
0.681461 70.802100
0.681742 11.333300
0.682022 57.524600
0.682303 6.383780
0.682584 5.625850
0.682865 46.297100
0.683146 5.943490
0.683427 3.982470
0.683708 30.071800
0.683989 21.473600
0.684270 17.293300
0.684551 26.616900
0.684831 16.601400
0.685112 32.041700
0.685393 4.325950
0.685674 53.049000
0.685955 19.821300
0.686236 4.867750
0.686517 8.664260
0.686798 24.428700
0.687079 9.762190
0.687360 29.751300
0.687640 26.562600
0.687921 30.501300
0.688202 15.938300
0.688483 1.740980
0.688764 91.540600
0.689045 41.143600
0.689326 65.143400
0.689607 14.111800
0.689888 28.769800
0.690169 7.540150
0.690449 7.442380
0.690730 39.306500
0.691011 8.913990
0.691292 26.967400
0.691573 48.504900
0.691854 7.153650
0.692135 8.115600
0.692416 35.013000
0.692697 30.118300
0.692978 21.676600
0.693258 8.910750
0.693539 13.122200
0.693820 58.412400
0.694101 24.320400
0.694382 7.463900
0.694663 18.117800
0.694944 11.185000
0.695225 33.278800
0.695506 49.870200
0.695787 51.204600
0.696067 27.371400
0.696348 50.574300
0.696629 49.617800
0.696910 48.456300
0.697191 19.196400
0.697472 14.118400
0.697753 55.914000
0.698034 63.122800
0.698315 24.319500
0.698596 9.133180
0.698876 8.139040
0.699157 10.545400
0.699438 17.784300
0.699719 5.609040
0.700000 10.009100
0.700281 50.059600
0.700562 29.488000
0.700843 4.338320
0.701124 38.053700
0.701404 23.193100
0.701685 52.617800
0.701966 15.254300
0.702247 42.363200
0.702528 31.871300
0.702809 9.904020
0.703090 10.486500
0.703371 39.126300
0.703652 50.009000
0.703933 18.017200
0.704213 41.095200
0.704494 4.018020
0.704775 5.920850
0.705056 17.674000
0.705337 34.854000
0.705618 17.728400
0.705899 22.612300
0.706180 20.653100
0.706461 19.977200
0.706742 26.651300
0.707022 20.556500
0.707303 59.668600
0.707584 6.126520
0.707865 10.388000
0.708146 38.430800
0.708427 5.065820
0.708708 3.724520
0.708989 49.141700
0.709270 29.246900
0.709551 28.087700
0.709831 73.260600
0.710112 64.023900
0.710393 43.635800
0.710674 26.435200
0.710955 72.402600
0.711236 13.217500
0.711517 7.451500
0.711798 37.907500
0.712079 9.495490
0.712360 15.404100
0.712640 23.506200
0.712921 4.671280
0.713202 9.978600
0.713483 95.704700
0.713764 49.592100
0.714045 35.900500
0.714326 33.357300
0.714607 23.115700
0.714888 37.637700
0.715169 33.328600
0.715449 15.946000
0.715730 40.569800
0.716011 14.513800
0.716292 9.193590
0.716573 10.059000
0.716854 25.582100
0.717135 16.572000
0.717416 33.537300
0.717697 29.834500
0.717978 8.826730
0.718258 58.564000
0.718539 11.535300
0.718820 20.236900
0.719101 24.692400
0.719382 12.472200
0.719663 67.713800
0.719944 49.065900
0.720225 9.025160
0.720506 10.322400
0.720787 24.625800
0.721067 26.536300
0.721348 27.375400
0.721629 4.733820
0.721910 12.985300
0.722191 13.264200
0.722472 17.590500
0.722753 5.895160
0.723034 4.917630
0.723315 46.972100
0.723596 71.615900
0.723876 5.734800
0.724157 31.863200
0.724438 2.748260
0.724719 9.132380
0.725000 9.496080
0.725281 23.953300
0.725562 45.373900
0.725843 6.654070
0.726124 37.158800
0.726404 16.166300
0.726685 8.873530
0.726966 9.648170
0.727247 24.994600
0.727528 64.267100
0.727809 25.861800
0.728090 33.375400
0.728371 62.546400
0.728652 41.155700
0.728933 9.455460
0.729213 15.654600
0.729494 22.153200
0.729775 11.280800
0.730056 61.668700
0.730337 64.734600
0.730618 48.787400
0.730899 7.450470
0.731180 40.877200
0.731461 7.508900
0.731742 18.119700
0.732022 6.281720
0.732303 34.753000
0.732584 75.273200
0.732865 22.805600
0.733146 9.365280
0.733427 39.710700
0.733708 48.124800
0.733989 4.021170
0.734270 6.062550
0.734551 32.569600
0.734831 17.505400
0.735112 4.548110
0.735393 34.099600
0.735674 43.496400
0.735955 5.816430
0.736236 12.982000
0.736517 17.540700
0.736798 33.147500
0.737079 28.996900
0.737360 9.598890
0.737640 18.581500
0.737921 28.882500
0.738202 4.504350
0.738483 18.418500
0.738764 20.401300
0.739045 20.036900
0.739326 24.206300
0.739607 18.909600
0.739888 8.804600
0.740169 49.067900
0.740449 9.893320
0.740730 20.564100
0.741011 8.699580
0.741292 9.570920
0.741573 23.652200
0.741854 53.000700
0.742135 10.704600
0.742416 13.294700
0.742697 61.241500
0.742978 17.535200
0.743258 13.142000
0.743539 3.647910
0.743820 16.482500
0.744101 25.329600
0.744382 27.627100
0.744663 41.990200
0.744944 7.975090
0.745225 26.050700
0.745506 33.371900
0.745787 6.337000
0.746067 50.380100
0.746348 86.706000
0.746629 7.190180
0.746910 46.194000
0.747191 19.210500
0.747472 21.541800
0.747753 12.469300
0.748034 10.129200
0.748315 4.875530
0.748596 56.323400
0.748876 4.348090
0.749157 3.532220
0.749438 21.762600
0.749719 16.828400
0.750000 47.185500
0.750281 9.191200
0.750562 33.693200
0.750843 4.882780
0.751124 55.664700
0.751404 44.534000
0.751685 48.917300
0.751966 6.860110
0.752247 14.517200
0.752528 23.030800
0.752809 15.803700
0.753090 36.435500
0.753371 55.487200
0.753652 5.259150
0.753933 4.386320
0.754213 52.912300
0.754494 17.640800
0.754775 14.508600
0.755056 48.596400
0.755337 17.566200
0.755618 12.371300
0.755899 32.121900
0.756180 7.416990
0.756461 35.673000
0.756742 28.582900
0.757022 19.637000
0.757303 14.018600
0.757584 15.861600
0.757865 9.629890
0.758146 18.896800
0.758427 1.819830
0.758708 30.091700
0.758989 4.935140
0.759270 34.671300
0.759551 17.153400
0.759831 9.844250
0.760112 10.297300
0.760393 14.464500
0.760674 39.159400
0.760955 10.459300
0.761236 13.337200
0.761517 89.610000
0.761798 33.140700
0.762079 44.797300
0.762360 6.785030
0.762640 53.821200
0.762921 27.291500
0.763202 6.266070
0.763483 28.429500
0.763764 42.990000
0.764045 47.402300
0.764326 24.766200
0.764607 13.051500
0.764888 20.971600
0.765169 89.059600
0.765449 39.431000
0.765730 22.668800
0.766011 15.704000
0.766292 17.067500
0.766573 24.896000
0.766854 50.079500
0.767135 6.144080
0.767416 79.702200
0.767697 1.674630
0.767978 16.894800
0.768258 53.286500
0.768539 36.124000
0.768820 4.796770
0.769101 25.128600
0.769382 13.692400
0.769663 43.289900
0.769944 18.461200
0.770225 18.536800
0.770506 7.371380
0.770787 16.949000
0.771067 19.444400
0.771348 19.929400
0.771629 6.950820
0.771910 9.237340
0.772191 6.706960
0.772472 25.977700
0.772753 9.807890
0.773034 63.372300
0.773315 29.804100
0.773596 11.960600
0.773876 74.754800
0.774157 14.074500
0.774438 55.392300
0.774719 89.746900
0.775000 7.486670
0.775281 20.494100
0.775562 28.022500
0.775843 37.351000
0.776124 28.626900
0.776404 24.270900
0.776685 26.651100
0.776966 8.701130
0.777247 15.941900
0.777528 25.626300
0.777809 12.030800
0.778090 21.291100
0.778371 4.890360
0.778652 26.962400
0.778933 36.940800
0.779213 4.831840
0.779494 22.178100
0.779775 17.675800
0.780056 25.091100
0.780337 5.337700
0.780618 7.516360
0.780899 6.207490
0.781180 13.280000
0.781461 38.840600
0.781742 18.842100
0.782022 2.542660
0.782303 9.616590
0.782584 74.013400
0.782865 8.158590
0.783146 69.904700
0.783427 6.799920
0.783708 22.699400
0.783989 25.498900
0.784270 1.655730
0.784551 20.692800
0.784831 6.563360
0.785112 16.320500
0.785393 12.077100
0.785674 20.202900
0.785955 10.706600
0.786236 34.597600
0.786517 3.728240
0.786798 45.023800
0.787079 2.609010
0.787360 13.243000
0.787640 26.894700
0.787921 7.862330
0.788202 9.430950
0.788483 25.682600
0.788764 78.962900
0.789045 36.635900
0.789326 6.706500
0.789607 8.555940
0.789888 7.920700
0.790169 32.467200
0.790449 20.137500
0.790730 21.283600
0.791011 61.619800
0.791292 7.676970
0.791573 15.421700
0.791854 35.337200
0.792135 72.528500
0.792416 14.809200
0.792697 21.555500
0.792978 5.876660
0.793258 38.581100
0.793539 1.778500
0.793820 8.138550
0.794101 53.632800
0.794382 14.538600
0.794663 8.803740
0.794944 81.785300
0.795225 32.483700
0.795506 3.835730
0.795787 8.509810
0.796067 19.661500
0.796348 11.746500
0.796629 16.877300
0.796910 13.523900
0.797191 17.181300
0.797472 9.258220
0.797753 21.015800
0.798034 38.423400
0.798315 9.870410
0.798596 14.398400
0.798876 8.483250
0.799157 56.330000
0.799438 82.215100
0.799719 20.210500
0.800000 8.301550
0.800281 73.134200
0.800562 34.621800
0.800843 12.824100
0.801124 7.128540
0.801404 25.163900
0.801685 14.690100
0.801966 8.431180
0.802247 51.222500
0.802528 19.751700
0.802809 60.124000
0.803090 19.996000
0.803371 41.055300
0.803652 12.153700
0.803933 13.088400
0.804213 29.713300
0.804494 45.732800
0.804775 34.062000
0.805056 43.061400
0.805337 9.258370
0.805618 31.686700
0.805899 11.565800
0.806180 20.709400
0.806461 11.979400
0.806742 32.412000
0.807022 60.212800
0.807303 28.594000
0.807584 34.937000
0.807865 47.829500
0.808146 28.970200
0.808427 58.371900
0.808708 56.385700
0.808989 25.706100
0.809270 1.942580
0.809551 25.995000
0.809831 7.091080
0.810112 60.907200
0.810393 39.554700
0.810674 37.405000
0.810955 28.259300
0.811236 11.963300
0.811517 50.369600
0.811798 22.521200
0.812079 31.639200
0.812360 53.304100
0.812640 28.813200
0.812921 16.967000
0.813202 66.383400
0.813483 14.199100
0.813764 1.743840
0.814045 8.785730
0.814326 1.751580
0.814607 69.269400
0.814888 43.876000
0.815169 44.365400
0.815449 20.521600
0.815730 10.455400
0.816011 13.839600
0.816292 11.536800
0.816573 14.327100
0.816854 31.061500
0.817135 28.085400
0.817416 18.321100
0.817697 10.900800
0.817978 67.008800
0.818258 6.024910
0.818539 36.084200
0.818820 1.803040
0.819101 34.894500
0.819382 14.481200
0.819663 12.466600
0.819944 72.154200
0.820225 21.667700
0.820506 20.020600
0.820787 48.544700
0.821067 27.503600
0.821348 4.906120
0.821629 37.907400
0.821910 4.335170
0.822191 60.076300
0.822472 36.926700
0.822753 31.850500
0.823034 49.120600
0.823315 24.160800
0.823596 32.446200
0.823876 36.534500
0.824157 41.854200
0.824438 10.248200
0.824719 10.274700
0.825000 7.211920
0.825281 22.486600
0.825562 69.200500
0.825843 79.349500
0.826124 45.370200
0.826404 14.486000
0.826685 14.942800
0.826966 2.564240
0.827247 6.998370
0.827528 23.505000
0.827809 65.609400
0.828090 7.918450
0.828371 47.061300
0.828652 13.789300
0.828933 19.019600
0.829213 17.152600
0.829494 10.035700
0.829775 9.003520
0.830056 31.278600
0.830337 8.302960
0.830618 18.318500
0.830899 20.359500
0.831180 8.994370
0.831461 90.254800
0.831742 76.705700
0.832022 18.950600
0.832303 10.141300
0.832584 39.929700
0.832865 45.899500
0.833146 58.856900
0.833427 8.112690
0.833708 50.560600
0.833989 14.044000
0.834270 15.325900
0.834551 6.175100
0.834831 53.907900
0.835112 15.974400
0.835393 9.196550
0.835674 36.826400
0.835955 7.521630
0.836236 20.662600
0.836517 26.742200
0.836798 40.887600
0.837079 7.367810
0.837360 7.738930
0.837640 15.106000
0.837921 6.711040
0.838202 11.336700
0.838483 15.992800
0.838764 14.917800
0.839045 7.938180
0.839326 21.456000
0.839607 29.235000
0.839888 20.138700
0.840169 7.940150
0.840449 31.555500
0.840730 33.083000
0.841011 30.949500
0.841292 8.625250
0.841573 18.333900
0.841854 9.551370
0.842135 18.155300
0.842416 28.168600
0.842697 9.986240
0.842978 64.248300
0.843258 8.410250
0.843539 7.664670
0.843820 66.569500
0.844101 35.054500
0.844382 65.720400
0.844663 14.912400
0.844944 23.360300
0.845225 16.000400
0.845506 67.307900
0.845787 37.951800
0.846067 17.065300
0.846348 8.473200
0.846629 15.059800
0.846910 9.338840
0.847191 9.799480
0.847472 9.111750
0.847753 4.299610
0.848034 11.565500
0.848315 15.136500
0.848596 29.802900
0.848876 1.672860
0.849157 22.596200
0.849438 2.403060
0.849719 68.023600
0.850000 6.492840
0.850281 46.863700
0.850562 44.884200
0.850843 24.721200
0.851124 2.167720
0.851404 5.417640
0.851685 9.237870
0.851966 16.808900
0.852247 15.489600
0.852528 5.904290
0.852809 61.363600
0.853090 44.996000
0.853371 24.510800
0.853652 27.869800
0.853933 31.241600
0.854213 5.656320
0.854494 20.803900
0.854775 54.723100
0.855056 9.540820
0.855337 61.697700
0.855618 61.810400
0.855899 17.834500
0.856180 8.147540
0.856461 43.630500
0.856742 26.855700
0.857022 20.997200
0.857303 69.964600
0.857584 12.462200
0.857865 1.675140
0.858146 32.125900
0.858427 11.421800
0.858708 16.942300
0.858989 49.804000
0.859270 13.448700
0.859551 7.664290
0.859831 11.527900
0.860112 16.471900
0.860393 10.815300
0.860674 5.635500
0.860955 17.354600
0.861236 10.706800
0.861517 10.473000
0.861798 86.739800
0.862079 4.498870
0.862360 10.924900
0.862640 5.692610
0.862921 42.263400
0.863202 4.907650
0.863483 17.757400
0.863764 69.509000
0.864045 38.301000
0.864326 65.519800
0.864607 7.874440
0.864888 7.584260
0.865169 22.155900
0.865449 66.599800
0.865730 34.177800
0.866011 5.046960
0.866292 13.098200
0.866573 40.866700
0.866854 45.263500
0.867135 17.591600
0.867416 5.674490
0.867697 5.615460
0.867978 7.678120
0.868258 5.107150
0.868539 14.256800
0.868820 46.636000
0.869101 19.159900
0.869382 10.588400
0.869663 18.903100
0.869944 29.424300
0.870225 5.301680
0.870506 69.305900
0.870787 25.994200
0.871067 9.459670
0.871348 53.831200
0.871629 22.715200
0.871910 11.354200
0.872191 7.207600
0.872472 46.581900
0.872753 8.556940
0.873034 20.612900
0.873315 29.464800
0.873596 18.160700
0.873876 8.179290
0.874157 36.191500
0.874438 7.081240
0.874719 48.930900
0.875000 57.451600
0.875281 72.655100
0.875562 30.591100
0.875843 13.467800
0.876124 54.315400
0.876404 6.233780
0.876685 3.593210
0.876966 8.696650
0.877247 17.344800
0.877528 54.892400
0.877809 20.869300
0.878090 13.835900
0.878371 17.383700
0.878652 14.500200
0.878933 23.521900
0.879213 16.452400
0.879494 16.783800
0.879775 29.317000
0.880056 23.840700
0.880337 27.026000
0.880618 35.152600
0.880899 5.881130
0.881180 6.393230
0.881461 7.344690
0.881742 33.344200
0.882022 22.522400
0.882303 25.099800
0.882584 3.398370
0.882865 27.668400
0.883146 7.814720
0.883427 24.579300
0.883708 49.810700
0.883989 18.115700
0.884270 3.300850
0.884551 18.272700
0.884831 21.212100
0.885112 20.038900
0.885393 32.392900
0.885674 3.016020
0.885955 19.984300
0.886236 14.126500
0.886517 37.422400
0.886798 5.090110
0.887079 9.071160
0.887360 4.428740
0.887640 5.686380
0.887921 14.599500
0.888202 32.392200
0.888483 9.574560
0.888764 87.057100
0.889045 24.045900
0.889326 68.022800
0.889607 36.193500
0.889888 10.006800
0.890169 17.745700
0.890449 28.658600
0.890730 25.347300
0.891011 76.335500
0.891292 12.522700
0.891573 17.080700
0.891854 70.863600
0.892135 9.341630
0.892416 9.496650
0.892697 23.429300
0.892978 30.831900
0.893258 9.584220
0.893539 22.892100
0.893820 22.595600
0.894101 5.606260
0.894382 17.287500
0.894663 3.515970
0.894944 31.888100
0.895225 25.402100
0.895506 22.826700
0.895787 7.211780
0.896067 16.967200
0.896348 9.416810
0.896629 10.157700
0.896910 23.312600
0.897191 5.261450
0.897472 69.844100
0.897753 9.277280
0.898034 48.460900
0.898315 41.356800
0.898596 8.185250
0.898876 7.289530
0.899157 20.971700
0.899438 17.583900
0.899719 17.815600
0.900000 44.677700
0.900281 16.235100
0.900562 39.137800
0.900843 8.632010
0.901124 10.775300
0.901404 37.556100
0.901685 40.372100
0.901966 21.566100
0.902247 9.081170
0.902528 6.327540
0.902809 7.593300
0.903090 26.380700
0.903371 29.289500
0.903652 24.801000
0.903933 57.384900
0.904213 61.765100
0.904494 13.944200
0.904775 54.274100
0.905056 49.508500
0.905337 73.128300
0.905618 67.250200
0.905899 14.926800
0.906180 1.757690
0.906461 8.710290
0.906742 19.809500
0.907022 18.237600
0.907303 22.254200
0.907584 15.329800
0.907865 36.674600
0.908146 20.366500
0.908427 26.736500
0.908708 29.016600
0.908989 3.906540
0.909270 12.065500
0.909551 29.941300
0.909831 25.859200
0.910112 6.150170
0.910393 4.355670
0.910674 43.989200
0.910955 15.748100
0.911236 69.274400
0.911517 56.704400
0.911798 35.411700
0.912079 12.285200
0.912360 76.936600
0.912640 34.257300
0.912921 44.879400
0.913202 64.279800
0.913483 16.422000
0.913764 5.241750
0.914045 16.418500
0.914326 32.990600
0.914607 8.009460
0.914888 1.790260
0.915169 23.593800
0.915449 20.948300
0.915730 56.743400
0.916011 21.796700
0.916292 58.248500
0.916573 57.051300
0.916854 2.458370
0.917135 36.921000
0.917416 8.219200
0.917697 18.124300
0.917978 16.734800
0.918258 64.460200
0.918539 37.076600
0.918820 37.222100
0.919101 44.953300
0.919382 2.824740
0.919663 17.456500
0.919944 10.611200
0.920225 18.030900
0.920506 24.752400
0.920787 30.847000
0.921067 34.438500
0.921348 69.804400
0.921629 54.621800
0.921910 15.454600
0.922191 26.814700
0.922472 11.386100
0.922753 37.603700
0.923034 23.923700
0.923315 2.617520
0.923596 1.760310
0.923876 56.481200
0.924157 9.780590
0.924438 10.460600
0.924719 5.729790
0.925000 18.159100
0.925281 44.653800
0.925562 45.778000
0.925843 9.916350
0.926124 29.469600
0.926404 42.772200
0.926685 4.639830
0.926966 1.753990
0.927247 27.698300
0.927528 12.426600
0.927809 18.648900
0.928090 59.357800
0.928371 53.412100
0.928652 3.361160
0.928933 16.596600
0.929213 6.510240
0.929494 31.817300
0.929775 67.826100
0.930056 47.960300
0.930337 5.125490
0.930618 5.055070
0.930899 3.281090
0.931180 19.794600
0.931461 41.515600
0.931742 9.884200
0.932022 6.796880
0.932303 14.581200
0.932584 18.962200
0.932865 20.543600
0.933146 20.668300
0.933427 45.370900
0.933708 39.382400
0.933989 11.138400
0.934270 41.238300
0.934551 68.124100
0.934831 21.076000
0.935112 12.735100
0.935393 8.196050
0.935674 32.723200
0.935955 40.392500
0.936236 26.675900
0.936517 74.848800
0.936798 28.693200
0.937079 16.855100
0.937360 21.748700
0.937640 29.412700
0.937921 35.355400
0.938202 4.117250
0.938483 31.406700
0.938764 10.084000
0.939045 15.903400
0.939326 6.380870
0.939607 12.340000
0.939888 10.672700
0.940169 17.987300
0.940449 21.326000
0.940730 15.016200
0.941011 33.044000
0.941292 59.374400
0.941573 11.424600
0.941854 19.858900
0.942135 18.346600
0.942416 36.761600
0.942697 53.287600
0.942978 3.888250
0.943258 35.128700
0.943539 15.610000
0.943820 7.481380
0.944101 37.043100
0.944382 9.635930
0.944663 41.747100
0.944944 4.253160
0.945225 5.607140
0.945506 55.901800
0.945787 7.360540
0.946067 30.612800
0.946348 28.806800
0.946629 8.457080
0.946910 56.092600
0.947191 29.110100
0.947472 3.805810
0.947753 23.650100
0.948034 24.039000
0.948315 22.209800
0.948596 31.994200
0.948876 19.354700
0.949157 15.240500
0.949438 9.864930
0.949719 6.947820
0.950000 20.076100
0.950281 48.136900
0.950562 22.762700
0.950843 29.500100
0.951124 66.861300
0.951404 17.486300
0.951685 1.852920
0.951966 62.877100
0.952247 10.988300
0.952528 21.852900
0.952809 67.683400
0.953090 19.536400
0.953371 10.437800
0.953652 28.521600
0.953933 75.842100
0.954213 8.420230
0.954494 34.640800
0.954775 81.537100
0.955056 39.279300
0.955337 23.009800
0.955618 12.041500
0.955899 6.970720
0.956180 13.668100
0.956461 25.589900
0.956742 24.296700
0.957022 25.543000
0.957303 57.149900
0.957584 17.823600
0.957865 16.501200
0.958146 42.678700
0.958427 4.698730
0.958708 23.498900
0.958989 66.208600
0.959270 16.019400
0.959551 49.398500
0.959831 33.893200
0.960112 24.907600
0.960393 53.937400
0.960674 9.723050
0.960955 33.413500
0.961236 25.860900
0.961517 6.226190
0.961798 13.242300
0.962079 21.055800
0.962360 55.415000
0.962640 27.349700
0.962921 83.308000
0.963202 58.585000
0.963483 9.368910
0.963764 21.761100
0.964045 11.463900
0.964326 31.332400
0.964607 24.601000
0.964888 15.526100
0.965169 30.654300
0.965449 3.930280
0.965730 8.675030
0.966011 7.044570
0.966292 23.021700
0.966573 24.903700
0.966854 14.695600
0.967135 53.503400
0.967416 34.165500
0.967697 17.881200
0.967978 13.022900
0.968258 2.574250
0.968539 8.932750
0.968820 57.481000
0.969101 37.499700
0.969382 25.300600
0.969663 14.733200
0.969944 5.961380
0.970225 77.751800
0.970506 16.703200
0.970787 36.645900
0.971067 19.140700
0.971348 14.081800
0.971629 34.793700
0.971910 27.426500
0.972191 18.624000
0.972472 10.586100
0.972753 1.728410
0.973034 70.454200
0.973315 3.421890
0.973596 37.043800
0.973876 8.108410
0.974157 15.021900
0.974438 13.285200
0.974719 42.814300
0.975000 11.714600
0.975281 6.262490
0.975562 35.647300
0.975843 26.564100
0.976124 34.396300
0.976404 34.702200
0.976685 60.728900
0.976966 66.752200
0.977247 34.782300
0.977528 5.711070
0.977809 10.387100
0.978090 6.915560
0.978371 31.971800
0.978652 18.469400
0.978933 53.507000
0.979213 64.001300
0.979494 7.080850
0.979775 5.072590
0.980056 34.666900
0.980337 26.784100
0.980618 5.220830
0.980899 17.593500
0.981180 33.909000
0.981461 35.502900
0.981742 26.230700
0.982022 7.080120
0.982303 9.072120
0.982584 49.267300
0.982865 31.179500
0.983146 42.739900
0.983427 93.061600
0.983708 68.911000
0.983989 14.966200
0.984270 9.287680
0.984551 66.382200
0.984831 5.723960
0.985112 40.127400
0.985393 13.017100
0.985674 24.119900
0.985955 55.199100
0.986236 41.882600
0.986517 28.459000
0.986798 43.166000
0.987079 9.381110
0.987360 19.134400
0.987640 18.699900
0.987921 9.621300
0.988202 27.634200
0.988483 9.538650
0.988764 2.572850
0.989045 4.221380
0.989326 20.378400
0.989607 36.845500
0.989888 18.603800
0.990169 62.632600
0.990449 71.847700
0.990730 12.031300
0.991011 24.510200
0.991292 11.797000
0.991573 51.100300
0.991854 14.372100
0.992135 10.212600
0.992416 22.843100
0.992697 5.508920
0.992978 8.242880
0.993258 42.285100
0.993539 39.125000
0.993820 45.343100
0.994101 65.308400
0.994382 16.826600
0.994663 8.927940
0.994944 14.780200
0.995225 22.838700
0.995506 1.208150
0.995787 40.890300
0.996067 7.947580
0.996348 38.159500
0.996629 6.022110
0.996910 6.334560
0.997191 46.893900
0.997472 45.654400
0.997753 32.166500
0.998034 11.663200
0.998315 55.517400
0.998596 6.475670
0.998876 18.399000
0.999157 18.277100
0.999438 11.991300
0.999719 29.141800
1.000000 30.998300
