0.000444 37.017100
0.000888 23.274600
0.001332 25.668300
0.001775 8.434420
0.002219 11.732800
0.002663 5.082010
0.003107 68.596500
0.003551 17.041900
0.003995 11.663700
0.004439 5.654000
0.004882 21.879200
0.005326 68.373700
0.005770 30.047200
0.006214 34.037100
0.006658 2.386480
0.007102 41.896700
0.007545 24.374700
0.007989 27.718800
0.008433 22.211900
0.008877 60.328300
0.009321 11.965700
0.009765 11.346200
0.010209 1.639200
0.010652 23.331600
0.023524 8.389800
0.023968 57.339500
0.024412 34.633400
0.024856 4.793520
0.025300 61.184200
0.025743 12.809300
0.026187 55.889500
0.026631 18.403900
0.027075 4.130850
0.027519 5.264230
0.027963 10.227200
0.028407 37.150200
0.028850 7.351950
0.029294 73.388400
0.029738 4.325010
0.030182 34.908900
0.030626 9.484980
0.031070 1.757010
0.031514 12.527000
0.031957 6.664520
0.041722 59.483000
0.042166 17.767900
0.042610 8.309200
0.043054 6.915150
0.043498 37.445900
0.043941 18.463400
0.044385 55.493300
0.044829 32.390900
0.045273 31.576200
0.045717 15.523400
0.046161 7.720500
0.046605 8.306430
0.047048 27.645900
0.047492 59.494600
0.047936 38.554600
0.048380 6.925980
0.048824 27.496700
0.049268 16.937700
0.049711 39.943200
0.050155 3.507890
0.050599 7.904860
0.051043 6.897920
0.051487 36.412000
0.051931 33.485800
0.052375 56.732300
0.052818 30.697500
0.053262 8.953840
0.053706 11.591300
0.054150 8.650130
0.054594 30.627300
0.055038 21.114600
0.055482 21.935300
0.055925 4.595400
0.056369 4.380090
0.056813 35.362100
0.068353 9.691900
0.068797 8.397470
0.069241 13.991900
0.069685 39.462100
0.070129 29.720500
0.070573 4.717040
0.071016 43.152300
0.071460 35.485000
0.071904 39.547800
0.072348 6.571500
0.072792 30.812700
0.073236 28.098100
0.073680 10.519000
0.074123 18.424500
0.074567 61.549500
0.075011 8.369050
0.075455 50.274700
0.075899 12.891600
0.076343 49.774300
0.076787 28.768800
0.077230 16.472000
0.077674 8.290690
0.078118 17.239800
0.078562 63.382500
0.079006 38.329300
0.079450 25.557200
0.079893 67.173200
0.080337 6.166090
0.080781 14.040600
0.081225 8.942490
0.081669 47.710200
0.082113 55.535000
0.082557 13.955700
0.083000 37.051100
0.083444 36.794900
0.083888 3.646120
0.084332 40.073200
0.086995 67.417800
0.087439 12.039800
0.087883 16.541300
0.088327 6.664750
0.088771 14.657800
0.089214 43.055200
0.089658 31.026700
0.090102 60.910800
0.090546 8.745710
0.090990 88.282400
0.091434 63.031500
0.091877 5.058350
0.092321 17.227200
0.092765 45.663900
0.093209 3.898890
0.093653 4.584240
0.094097 9.604740
0.094541 39.489400
0.094984 8.886720
0.095428 17.496100
0.095872 19.793400
0.096316 27.057600
0.096760 8.357380
0.097204 56.936100
0.097648 4.516100
0.098091 35.561000
0.098535 32.101900
0.098979 8.884880
0.099423 25.071000
0.099867 4.372310
0.100311 50.377100
0.100755 84.561000
0.101198 11.417900
0.101642 17.115500
0.102086 41.654000
0.102530 17.020500
0.102974 11.876000
0.103418 25.499700
0.103862 4.673540
0.104305 25.372700
0.104749 19.009700
0.105193 31.454900
0.105637 3.293430
0.106081 38.073800
0.106525 12.624700
0.106968 31.948800
0.107412 14.861800
0.107856 26.131200
0.108300 40.930100
0.108744 7.555600
0.109188 5.683690
0.109632 14.464400
0.110075 6.283050
0.114514 9.958660
0.114958 73.406700
0.115402 30.947500
0.115846 16.215900
0.116289 7.810070
0.116733 68.238300
0.117177 12.594400
0.117621 16.667700
0.118065 44.483900
0.118509 7.610170
0.118953 71.527100
0.119396 25.376800
0.119840 16.725900
0.120284 7.653940
0.120728 8.380670
0.121172 14.752400
0.121616 4.966040
0.122059 28.109600
0.122503 24.649900
0.122947 11.235000
0.125166 58.116000
0.125610 34.642000
0.126054 35.070900
0.126498 17.458100
0.126942 22.173000
0.127386 32.087300
0.127830 13.171800
0.128273 12.864400
0.128717 4.545050
0.129161 10.598100
0.129605 6.950210
0.130049 18.548500
0.130493 11.348800
0.130937 32.562100
0.131380 53.579400
0.131824 19.510800
0.132268 9.907250
0.132712 4.857870
0.133156 2.275470
0.133600 20.412800
0.134043 6.978610
0.134487 5.359520
0.134931 17.640100
0.135375 61.357600
0.135819 75.944500
0.136263 42.941900
0.136707 19.300300
0.137150 15.385000
0.137594 22.303500
0.138038 19.846900
0.138482 56.074200
0.138926 9.945950
0.139370 50.571900
0.139814 64.271000
0.140257 18.059000
0.140701 14.315700
0.141145 24.423800
0.141589 5.490420
0.142033 6.497300
0.142477 73.967700
0.142921 28.664800
0.143364 19.908600
0.143808 51.534000
0.144252 11.016300
0.144696 32.803900
0.145140 10.037800
0.147803 11.312900
0.148247 14.963200
0.148691 25.770500
0.149134 8.896790
0.149578 43.379100
0.150022 9.976540
0.150466 15.515500
0.150910 31.542100
0.151354 62.400300
0.151798 6.406220
0.152241 38.477900
0.152685 32.383800
0.153129 53.043200
0.153573 5.894190
0.154017 10.060700
0.154461 8.432660
0.154905 25.516600
0.155348 15.146000
0.155792 21.717100
0.156236 15.490700
0.156680 24.221300
0.157124 11.240800
0.157568 14.619700
0.158012 27.691700
0.158455 8.471030
0.158899 9.493410
0.159343 10.166700
0.159787 19.797900
0.160231 15.633100
0.160675 28.444100
0.161119 33.902400
0.161562 4.456110
0.162006 19.105800
0.162450 24.107400
0.162894 25.326600
0.163338 17.156500
0.163782 7.528310
0.164225 36.311000
0.164669 24.997600
0.165113 8.823920
0.165557 7.528250
0.166001 3.469860
0.166445 25.720400
0.166889 15.180700
0.167332 10.917600
0.167776 22.477000
0.168220 89.885600
0.168664 58.712700
0.169108 52.929300
0.169552 5.161660
0.169996 8.370130
0.170439 56.004200
0.170883 6.876090
0.171327 34.755500
0.171771 33.098200
0.172215 5.210660
0.172659 29.937800
0.173103 7.955130
0.173546 18.456000
0.173990 35.234500
0.174434 17.213300
0.174878 10.701100
0.175322 36.945300
0.175766 18.188700
0.176209 29.003500
0.176653 1.720020
0.177097 35.242500
0.177541 19.879900
0.177985 25.991600
0.178429 58.050100
0.178873 5.170000
0.179316 4.575310
0.179760 47.772800
0.180204 80.125500
0.180648 10.178700
0.181092 38.686600
0.181536 24.620100
0.181980 46.631400
0.182423 44.084900
0.182867 25.960800
0.183311 15.563100
0.183755 21.763600
0.184199 23.635700
0.184643 1.697740
0.185087 15.892800
0.185530 9.409340
0.185974 30.470600
0.186418 26.698700
0.186862 49.925600
0.187306 52.353800
0.187750 52.618900
0.188194 14.351100
0.188637 54.599900
0.189081 19.671400
0.189525 6.000720
0.189969 7.244700
0.190413 58.622400
0.190857 10.624400
0.191300 18.302800
0.191744 22.551900
0.192632 69.269400
0.193076 12.373600
0.193520 16.692700
0.193964 8.188540
0.194407 11.801900
0.194851 19.027300
0.195295 69.273100
0.195739 10.560200
0.196183 15.032600
0.196627 8.002000
0.198402 9.805800
0.198846 26.506700
0.199290 26.926200
0.199734 11.449300
0.200178 6.162170
0.200621 61.166300
0.201065 6.377350
0.201509 33.178500
0.201953 14.643500
0.202397 56.222100
0.202841 12.203100
0.203285 14.002400
0.203728 5.260760
0.204172 23.156700
0.204616 62.064800
0.205060 8.547840
0.205504 18.397900
0.205948 18.069100
0.206391 25.325800
0.206835 32.164800
0.207279 30.131300
0.207723 42.065800
0.208167 3.037260
0.208611 14.696800
0.209055 21.332300
0.209498 8.749470
0.209942 4.741900
0.210386 79.363400
0.210830 18.211700
0.211718 19.477500
0.212162 25.066400
0.212605 30.591300
0.213049 29.510000
0.213493 20.340500
0.213937 82.940600
0.214381 11.975600
0.214825 32.658600
0.215269 10.631100
0.215712 7.951860
0.216156 21.518900
0.216600 7.623470
0.217044 5.219780
0.217488 13.012700
0.217932 26.694500
0.218375 16.081800
0.218819 36.110100
0.219263 15.612600
0.219707 7.505350
0.220151 23.307600
0.220595 21.830900
0.221039 15.019100
0.221482 42.397800
0.221926 18.934300
0.222370 44.189500
0.222814 6.703930
0.223258 9.848340
0.223702 79.135800
0.224146 33.117100
0.224589 2.318480
0.225033 20.534000
0.225477 10.132800
0.225921 49.675800
0.226365 1.758410
0.226809 21.034400
0.227253 2.804020
0.227696 13.329300
0.228140 22.069500
0.228584 45.697100
0.229028 15.349300
0.229472 24.682800
0.229916 3.584570
0.230360 19.343300
0.230803 30.443900
0.231247 2.894230
0.231691 13.556200
0.232135 17.808600
0.232579 15.442000
0.233023 14.429700
0.233466 34.226100
0.233910 29.644300
0.234354 10.954400
0.234798 9.590640
0.235242 11.371100
0.235686 41.070100
0.236130 11.327400
0.236573 12.896100
0.237017 11.349700
0.237461 11.508700
0.237905 17.808200
0.238349 71.279500
0.238793 6.883890
0.239237 39.311100
0.239680 28.289700
0.240124 8.985430
0.240568 18.924600
0.241012 73.105800
0.241456 40.792200
0.241900 6.350130
0.242344 60.260200
0.242787 52.012300
0.243231 21.771400
0.243675 19.323700
0.244119 87.939400
0.244563 17.442900
0.245007 23.005800
0.245451 3.907580
0.245894 1.799960
0.246338 38.011600
0.246782 64.137300
0.247226 67.223200
0.247670 18.465300
0.248114 2.495640
0.248557 16.448800
0.249001 70.939100
0.249445 8.768850
0.249889 30.816900
0.250333 17.926700
0.250777 43.429300
0.251221 49.309700
0.251664 39.422700
0.252108 10.096700
0.252552 14.977100
0.252996 36.069100
0.253440 16.336700
0.253884 60.677600
0.254328 42.747600
0.254771 27.463700
0.255215 33.136300
0.255659 8.557060
0.256103 6.635400
0.256547 16.694700
0.256991 4.333940
0.257435 4.348200
0.257878 16.147600
0.258322 30.422000
0.258766 21.830100
0.259210 4.439660
0.259654 75.302300
0.260098 5.329580
0.260542 8.082960
0.260985 25.928300
0.261429 35.117300
0.261873 23.236700
0.262317 74.983100
0.262761 5.217250
0.263205 7.015170
0.263648 12.587400
0.264092 42.968200
0.264536 39.012200
0.264980 14.946000
0.265424 6.711910
0.265868 10.877800
0.266312 28.146600
0.266755 47.300500
0.267199 23.919600
0.267643 8.963660
0.268087 23.829300
0.268531 36.543400
0.268975 29.111500
0.269419 8.310940
0.269862 25.293400
0.270306 42.426900
0.270750 26.280400
0.271194 47.847200
0.271638 27.894500
0.272082 14.980900
0.272526 58.224500
0.272969 15.691700
0.273413 19.782900
0.273857 6.459510
0.274301 21.128700
0.274745 15.903200
0.275189 12.441900
0.275632 20.635700
0.276076 9.708560
0.276520 5.082460
0.276964 80.356500
0.277408 39.720200
0.277852 1.709150
0.278296 20.480200
0.278739 18.559100
0.279183 18.323900
0.279627 11.344000
0.280071 17.432200
0.280515 21.026600
0.280959 33.808800
0.281403 22.335300
0.281846 43.043600
0.282290 18.169000
0.282734 10.041900
0.283178 73.514300
0.283622 56.638000
0.284066 14.409300
0.284510 7.348490
0.284953 10.401700
0.285397 17.475800
0.285841 3.094100
0.286285 13.636100
0.286729 8.305900
0.287173 7.378180
0.287617 28.782700
0.288060 14.601000
0.288504 33.746700
0.288948 55.407300
0.289392 12.010700
0.289836 12.726400
0.290280 31.282100
0.290723 22.273700
0.291167 9.553860
0.291611 15.066400
0.292055 6.654550
0.292499 12.944200
0.292943 4.591320
0.293387 44.893100
0.293830 32.264600
0.294274 9.832850
0.294718 7.741630
0.295162 34.117500
0.295606 35.827300
0.296050 42.015800
0.296494 13.671800
0.296937 46.240600
0.297381 13.550200
0.297825 8.119500
0.298269 20.174300
0.298713 8.422260
0.299157 74.263300
0.299601 23.525000
0.300044 5.932680
0.300488 20.080700
0.300932 4.903090
0.301376 54.523700
0.301820 34.758000
0.302264 7.886670
0.302708 4.316570
0.303151 10.256400
0.303595 50.751600
0.304039 16.178400
0.304483 19.981000
0.304927 18.582100
0.305371 28.296700
0.305814 27.566500
0.306258 50.180600
0.306702 8.460260
0.307146 7.514710
0.307590 51.508600
0.308034 7.543010
0.308478 8.267320
0.308921 20.763400
0.309365 13.389200
0.309809 17.400400
0.310253 20.009700
0.310697 9.407030
0.311141 26.348900
0.311585 6.290400
0.312028 7.932960
0.312472 8.226180
0.312916 49.746700
0.313360 42.455300
0.313804 8.158570
0.314248 5.728460
0.314692 10.929700
0.315135 16.418700
0.315579 32.767000
0.316023 4.607980
0.316467 52.812100
0.316911 1.763330
0.317355 8.378150
0.317798 22.072000
0.318242 52.154700
0.318686 68.750800
0.319130 21.664300
0.319574 17.484000
0.320018 16.537400
0.320462 18.609200
0.320905 29.056800
0.321349 18.481700
0.321793 6.159950
0.322237 46.645100
0.322681 31.560400
0.323125 9.789700
0.323569 54.881400
0.324012 16.248800
0.324456 28.081100
0.324900 58.566100
0.325344 18.716200
0.325788 8.246200
0.326232 16.674200
0.326676 9.157310
0.327119 34.545500
0.327563 4.306840
0.328007 31.745400
0.328451 7.523560
0.328895 6.886800
0.329339 9.957730
0.329783 7.085200
0.330226 25.325500
0.330670 68.446200
0.331114 46.424200
0.331558 1.802270
0.332002 8.203810
0.332446 5.797880
0.332889 50.601500
0.333333 4.404420
0.333777 16.244100
0.334221 26.043700
0.334665 70.499100
0.335109 12.919500
0.335553 8.402860
0.335996 46.244400
0.336440 10.690300
0.336884 5.801510
0.337328 10.092600
0.337772 8.437560
0.338216 30.675100
0.338660 23.848500
0.339103 36.384200
0.339547 28.963600
0.339991 43.476600
0.340435 53.879600
0.340879 19.552000
0.341323 9.237210
0.341767 9.329150
0.342210 21.305900
0.342654 5.433630
0.343098 3.360810
0.343542 8.558490
0.343986 26.385100
0.344430 9.447770
0.344874 7.248170
0.345317 14.201600
0.345761 16.151800
0.346205 10.862900
0.346649 56.585500
0.347093 15.713900
0.347537 6.516520
0.347980 18.010800
0.348424 21.498300
0.348868 34.103200
0.350200 8.324900
0.350644 52.146100
0.351087 43.758400
0.351531 18.521600
0.351975 10.954100
0.352419 65.031700
0.352863 24.193500
0.353307 3.857950
0.353751 30.622100
0.354194 29.278300
0.354638 32.982500
0.355082 22.774600
0.355526 25.466800
0.355970 25.204400
0.356414 8.869540
0.356858 40.982300
0.357301 3.361120
0.357745 36.545200
0.358189 7.336220
0.358633 20.361200
0.359077 16.730500
0.359521 26.017600
0.359964 9.899440
0.360408 6.240660
0.360852 52.850500
0.361296 27.466200
0.361740 5.175280
0.362184 11.234800
0.362628 27.840700
0.363071 57.734200
0.363515 41.702000
0.363959 44.122300
0.364403 47.888600
0.364847 5.843310
0.365291 25.464900
0.365735 2.400450
0.366178 30.417900
0.366622 33.487700
0.367066 39.340200
0.367510 33.878100
0.367954 9.182050
0.368398 52.108100
0.368842 54.852500
0.369285 24.530000
0.369729 8.661490
0.370173 26.533700
0.370617 11.984600
0.371061 19.230900
0.371505 5.914770
0.371949 49.299200
0.372392 6.332880
0.372836 29.235800
0.373280 31.993100
0.373724 47.501100
0.374168 12.126800
0.374612 12.918700
0.375055 40.246700
0.375499 8.001280
0.375943 39.983400
0.376387 26.351100
0.376831 7.774520
0.377275 25.148400
0.377719 24.225700
0.378162 15.724500
0.378606 11.274900
0.379050 45.803600
0.379494 14.119000
0.379938 27.197700
0.380382 11.941100
0.380826 20.243500
0.381269 12.463000
0.381713 16.511900
0.382157 11.846900
0.382601 16.279400
0.383045 14.291200
0.383489 6.093380
0.383933 31.881700
0.384376 19.197900
0.384820 17.206300
0.385264 17.852900
0.385708 21.308400
0.386152 26.664400
0.386596 16.143600
0.387040 71.167100
0.387483 4.091960
0.387927 60.893100
0.388371 23.631200
0.388815 80.620800
0.389259 50.198600
0.389703 24.743500
0.390146 31.921800
0.390590 51.141600
0.391034 34.874600
0.391478 3.242110
0.391922 33.560700
0.392366 13.198200
0.392810 32.166300
0.393253 46.073900
0.393697 11.024000
0.394141 9.349430
0.394585 10.420700
0.395029 8.050430
0.395473 20.793700
0.395917 86.678200
0.396360 6.128270
0.396804 33.012100
0.397248 13.857400
0.397692 27.959700
0.398136 10.040800
0.398580 23.274800
0.399024 24.016800
0.399467 31.739600
0.399911 27.821000
0.400355 11.095400
0.400799 30.255500
0.401243 53.565800
0.401687 27.879600
0.402130 35.357900
0.402574 12.343200
0.403018 14.394400
0.403462 6.180660
0.403906 7.434980
0.404350 30.007800
0.404794 1.823540
0.405237 5.051010
0.405681 7.431880
0.406125 31.676200
0.406569 46.800100
0.407013 10.738700
0.407457 11.139900
0.407901 8.936830
0.408344 15.978400
0.408788 17.530500
0.409232 29.966700
0.409676 33.179900
0.410120 15.915900
0.410564 7.161550
0.411008 1.698960
0.411451 35.566600
0.411895 45.367700
0.412339 4.769840
0.412783 49.248500
0.413227 1.678690
0.413671 54.214400
0.414115 32.257800
0.414558 14.471400
0.415002 16.641900
0.415446 14.194600
0.415890 9.910070
0.416334 46.966300
0.416778 57.220100
0.417221 36.624100
0.417665 17.050600
0.418109 4.785390
0.418553 12.028000
0.418997 5.928830
0.419441 16.465000
0.419885 38.681400
0.420328 68.510400
0.420772 54.056100
0.421216 9.361750
0.421660 7.259330
0.422104 48.395700
0.422548 6.031890
0.422992 7.512010
0.423435 21.359300
0.423879 81.495200
0.424323 9.515100
0.424767 67.112900
0.425211 4.977480
0.425655 7.550040
0.426099 6.287410
0.426542 22.390900
0.426986 7.643750
0.427430 13.835800
0.427874 23.854300
0.428318 19.826300
0.428762 23.123800
0.429206 37.257000
0.429649 25.400300
0.430093 10.752600
0.430537 18.967300
0.430981 8.597410
0.431425 25.715900
0.431869 33.589800
0.432312 9.768830
0.432756 8.306800
0.433200 59.296500
0.433644 31.076000
0.434088 30.351100
0.434532 44.426400
0.434976 1.793500
0.435419 28.639500
0.435863 18.376600
0.436307 9.878890
0.436751 12.471400
0.437195 39.699700
0.437639 15.461700
0.438083 46.329300
0.438526 9.315580
0.438970 54.541800
0.439414 2.846100
0.439858 7.138470
0.440302 69.536100
0.440746 9.794980
0.441190 21.977700
0.441633 6.975300
0.442077 9.716140
0.442521 11.282500
0.442965 49.318600
0.443409 31.560200
0.443853 70.941900
0.444296 35.810900
0.444740 30.962900
0.445184 4.359980
0.445628 8.949420
0.446072 9.954390
0.446516 55.961900
0.446960 83.608100
0.447403 11.678300
0.447847 60.251900
0.448291 31.262500
0.448735 48.594400
0.449179 7.973940
0.449623 12.855900
0.450067 9.162710
0.450510 28.903500
0.450954 22.399900
0.451398 19.897100
0.451842 57.049000
0.452286 16.570300
0.452730 9.294160
0.453174 64.883000
0.453617 4.800560
0.454061 33.977600
0.454505 33.075800
0.454949 64.970700
0.455393 19.549600
0.455837 21.089300
0.456281 23.213900
0.456724 15.168400
0.457168 8.978360
0.457612 19.341400
0.458056 7.697020
0.458500 11.946900
0.458944 44.505100
0.459387 45.941600
0.459831 12.571100
0.460275 10.005800
0.460719 44.093000
0.461163 47.603500
0.461607 12.818400
0.462051 14.043000
0.462494 27.193200
0.462938 31.813500
0.463382 15.765900
0.463826 2.546980
0.464270 12.410200
0.464714 14.128300
0.465158 9.712350
0.465601 5.125920
0.466045 9.959730
0.466489 3.601710
0.466933 9.802900
0.467377 6.227800
0.467821 14.224800
0.468265 45.362800
0.468708 49.582000
0.469152 52.241700
0.469596 13.738300
0.470040 32.718400
0.470484 13.840100
0.470928 10.351400
0.471372 7.277530
0.471815 72.197500
0.472259 12.588100
0.472703 24.946200
0.473147 6.835340
0.473591 10.658100
0.474035 21.243900
0.474478 23.072000
0.474922 54.039400
0.475366 11.919100
0.475810 4.356300
0.476254 41.091900
0.476698 13.765900
0.477142 7.835270
0.477585 16.579300
0.478029 8.897860
0.478473 61.398400
0.478917 4.622730
0.479361 22.220100
0.479805 9.854370
0.480249 50.728900
0.480692 51.224000
0.481136 8.085780
0.481580 30.745900
0.482024 61.728000
0.482468 8.648230
0.482912 19.279500
0.483356 9.702630
0.483799 43.213800
0.484243 24.217800
0.484687 7.471690
0.485131 21.876000
0.485575 25.115300
0.486019 7.412260
0.486462 48.202500
0.486906 76.379800
0.487350 14.987600
0.487794 9.647980
0.488238 17.135800
0.488682 11.289400
0.489126 18.699400
0.489569 35.205700
0.490013 2.798830
0.490457 18.190200
0.490901 9.594040
0.491345 13.198100
0.491789 32.080700
0.492233 14.830600
0.492676 82.012100
0.493120 8.303060
0.493564 1.764160
0.494008 7.743410
0.494452 6.054710
0.494896 11.952900
0.495340 8.581040
0.495783 30.747400
0.496227 13.414300
0.496671 21.061100
0.497115 6.456810
0.497559 25.207000
0.498003 55.420700
0.498447 58.162100
0.498890 14.961300
0.499334 31.912700
0.499778 14.881500
0.500222 24.252500
0.500666 52.921800
0.501110 53.826800
0.501553 1.710180
0.501997 11.858000
0.502441 18.244700
0.502885 12.369200
0.503329 5.954070
0.503773 15.907500
0.504217 24.817200
0.504660 57.913200
0.505104 8.671510
0.505548 21.878900
0.505992 12.383200
0.506436 18.491000
0.506880 39.979800
0.507324 35.323500
0.507767 7.235890
0.508211 27.846900
0.508655 19.216000
0.509099 6.789310
0.509543 72.610500
0.509987 29.071600
0.510431 4.782930
0.510874 55.756400
0.511318 38.274700
0.511762 7.322960
0.512206 53.065800
0.512650 9.109420
0.513094 1.974900
0.513538 4.247340
0.513981 41.948300
0.514425 10.523000
0.514869 12.425800
0.515313 9.890180
0.515757 8.065760
0.516201 40.069400
0.516644 8.446770
0.517088 68.286800
0.517532 64.060800
0.517976 50.459600
0.518420 24.707700
0.518864 32.815600
0.519308 8.711200
0.519751 9.825760
0.520195 17.395500
0.520639 3.926750
0.521083 6.232450
0.521527 5.151840
0.521971 4.556820
0.522415 16.750000
0.522858 33.038600
0.523302 27.001600
0.523746 25.241100
0.524190 5.754670
0.524634 67.830800
0.525078 12.116100
0.525522 89.145000
0.525965 4.337780
0.526409 23.551400
0.526853 8.043440
0.527297 4.753120
0.527741 40.316100
0.528185 28.962100
0.528628 30.173500
0.529072 3.216750
0.529516 12.820200
0.529960 20.409900
0.530404 40.798600
0.530848 9.745360
0.531292 75.230300
0.531735 20.779800
0.532179 49.104100
0.532623 61.504900
0.533067 8.516270
0.533511 13.658200
0.533955 36.955700
0.534399 19.258800
0.534842 10.873600
0.535286 13.811400
0.535730 3.307420
0.536174 58.357300
0.536618 28.382600
0.537062 19.453000
0.537506 24.034900
0.537949 41.568000
0.538393 21.371100
0.538837 34.893900
0.539281 8.058430
0.539725 7.989850
0.540169 9.147670
0.540613 8.473710
0.541056 36.440400
0.541500 24.057600
0.541944 20.062000
0.542388 6.324110
0.542832 7.413710
0.543276 33.246300
0.543719 42.685400
0.544163 68.251300
0.544607 19.645800
0.545051 6.039060
0.545495 26.639400
0.545939 16.583000
0.546383 22.584700
0.546826 35.630300
0.547270 24.710900
0.547714 18.655300
0.548158 32.344700
0.548602 29.897000
0.549046 7.466930
0.549490 4.069210
0.549933 62.484200
0.550377 28.704400
0.550821 37.523700
0.551265 6.115690
0.551709 21.132600
0.552153 34.233100
0.552597 49.901800
0.553040 8.079490
0.553484 5.430000
0.553928 27.784300
0.554372 13.595400
0.554816 61.080600
0.555260 46.058800
0.555704 36.146200
0.556147 34.889800
0.556591 8.932580
0.557035 29.147200
0.557479 80.627000
0.558367 9.509200
0.558810 48.395300
0.559254 12.256200
0.559698 59.592500
0.560142 21.837200
0.560586 21.179500
0.561030 20.065000
0.561474 28.255400
0.561917 26.915800
0.562361 22.594200
0.562805 38.868600
0.563249 34.287900
0.563693 31.025100
0.564137 25.827800
0.564581 50.036900
0.565024 17.241700
0.565468 8.033870
0.565912 14.544000
0.566356 19.317500
0.566800 15.212000
0.567244 17.492800
0.567688 18.073600
0.568131 28.484900
0.568575 7.467160
0.569019 10.656500
0.569463 10.731700
0.569907 63.632200
0.570351 15.061600
0.570794 18.115900
0.571238 2.747340
0.571682 6.999870
0.572126 12.861100
0.572570 42.498400
0.573014 35.589500
0.573458 15.879400
0.573901 3.438630
0.574345 32.954900
0.574789 7.941390
0.575233 40.999800
0.575677 8.916360
0.576121 9.712300
0.576565 21.300900
0.577008 56.471300
0.577452 38.829600
0.577896 9.615790
0.578340 22.684500
0.578784 15.738500
0.579228 6.376950
0.579672 11.722800
0.580115 9.273850
0.580559 8.169270
0.581003 9.340500
0.581447 59.520900
0.581891 30.933100
0.582335 30.988700
0.582779 77.125900
0.583222 45.609800
0.583666 23.934800
0.584110 1.981340
0.584554 16.779800
0.584998 21.097500
0.585442 21.544400
0.585885 14.909500
0.586329 19.873200
0.586773 8.537320
0.587217 23.182000
0.587661 8.912890
0.588105 37.832400
0.588549 28.950500
0.588992 54.989700
0.589436 19.646800
0.589880 11.740900
0.590324 22.503500
0.590768 34.629600
0.591212 10.294100
0.591656 14.371600
0.592099 4.775930
0.592543 46.184600
0.592987 20.906700
0.593431 33.708200
0.593875 17.871400
0.594319 20.359700
0.594763 6.941710
0.595206 5.348210
0.595650 8.872380
0.596094 40.203800
0.596538 59.680900
0.596982 24.963400
0.597426 4.342420
0.597870 8.788990
0.598313 44.645300
0.598757 69.200400
0.599201 10.063700
0.599645 12.156600
0.600089 14.397200
0.600533 36.549800
0.600976 8.002810
0.601420 36.727200
0.601864 11.851200
0.602308 19.437100
0.602752 7.157650
0.603196 28.848400
0.603640 29.170800
0.604083 9.023250
0.604527 32.574300
0.604971 1.669000
0.605415 42.573500
0.605859 8.969420
0.606303 51.129700
0.606747 12.898700
0.607190 6.697760
0.607634 67.159700
0.608078 10.137400
0.608522 42.360400
0.608966 6.710970
0.609410 4.586130
0.609854 32.508800
0.610297 40.745800
0.610741 3.523910
0.611185 20.305000
0.611629 3.556340
0.612073 48.496100
0.612517 15.100800
0.612960 21.548100
0.613404 34.915100
0.613848 13.771600
0.614292 25.674300
0.614736 44.150600
0.615180 4.731820
0.615624 7.283920
0.616067 33.766700
0.616511 27.674800
0.616955 49.820900
0.617399 22.049700
0.618287 8.776500
0.618731 42.301200
0.619174 10.153800
0.619618 25.407800
0.620062 22.649100
0.620506 17.605300
0.620950 12.091200
0.621394 24.031300
0.621838 16.519900
0.622281 27.839200
0.622725 44.174200
0.623169 46.524600
0.623613 9.980360
0.624057 7.396530
0.624501 12.676300
0.624945 1.805060
0.625388 36.380400
0.625832 29.263400
0.626276 6.780940
0.626720 15.620800
0.627164 59.513600
0.627608 11.411400
0.628051 61.438400
0.628495 21.023500
0.628939 32.786700
0.629383 14.713300
0.629827 16.583900
0.630271 36.273700
0.630715 33.368000
0.631158 19.222100
0.631602 13.638900
0.632046 61.500900
0.632490 28.027400
0.632934 5.527530
0.633378 9.374180
0.633822 41.997200
0.634265 23.725100
0.634709 60.647300
0.635153 26.493800
0.635597 15.165600
0.636041 29.768300
0.636485 38.451200
0.636929 55.167600
0.637372 6.081830
0.637816 11.567300
0.638260 15.670200
0.638704 21.218000
0.639148 14.416900
0.639592 12.737700
0.640036 7.225660
0.640479 62.307100
0.640923 65.145800
0.641367 24.688700
0.641811 51.098600
0.642255 29.048900
0.642699 19.289200
0.643142 8.632880
0.643586 74.387900
0.644030 5.877510
0.644474 28.110600
0.644918 37.718800
0.645362 9.905420
0.645806 16.529000
0.646249 14.626500
0.646693 64.632600
0.647137 8.969710
0.647581 10.489000
0.648025 2.709390
0.648469 21.651600
0.648913 20.242800
0.649356 20.508300
0.649800 10.860500
0.650244 9.204260
0.650688 50.919500
0.651132 7.358090
0.651576 8.162910
0.652020 21.114000
0.652463 10.870400
0.652907 23.411000
0.653351 5.358990
0.653795 52.408500
0.654239 71.497900
0.654683 71.411300
0.655126 20.555200
0.655570 31.359700
0.656014 7.738260
0.656458 12.871500
0.656902 25.971900
0.657346 21.381700
0.657790 12.142800
0.658233 21.246500
0.658677 21.491500
0.659121 39.863100
0.659565 47.105000
0.660009 65.001200
0.660453 10.973000
0.660897 9.191710
0.661340 50.632600
0.661784 30.055100
0.662228 66.539100
0.662672 6.313040
0.663116 8.730770
0.663560 5.802690
0.664004 12.810800
0.664447 48.863700
0.664891 60.732700
0.665335 12.911600
0.665779 35.638500
0.666223 25.749500
0.666667 44.758700
0.667111 25.308800
0.667554 24.347200
0.667998 17.448800
0.668442 21.914600
0.668886 25.944700
0.669330 60.723900
0.669774 20.987100
0.670217 87.856100
0.670661 6.338110
0.671105 5.774350
0.671549 19.680500
0.671993 9.165150
0.672437 4.330660
0.672881 4.630570
0.673768 33.508400
0.674212 8.874970
0.674656 79.266700
0.675100 40.749800
0.675544 9.021860
0.675988 15.729700
0.676431 6.469550
0.676875 36.387400
0.677319 9.795090
0.677763 5.393640
0.678207 5.156230
0.678651 21.292000
0.679095 39.410000
0.679538 23.203000
0.679982 64.425200
0.680426 27.029900
0.680870 22.736500
0.681314 9.874610
0.681758 8.083820
0.682202 17.377700
0.682645 18.095800
0.683089 24.261000
0.683533 13.059100
0.683977 13.950700
0.684421 8.167730
0.684865 42.103600
0.685308 23.917000
0.685752 41.596200
0.686196 62.066400
0.686640 15.577400
0.687084 38.239900
0.687528 39.450000
0.687972 65.675400
0.688415 50.188300
0.688859 6.485650
0.689303 14.004100
0.689747 18.728000
0.690191 27.179300
0.690635 4.850760
0.691079 56.653700
0.691522 32.430500
0.691966 4.943410
0.692410 10.723700
0.692854 16.877500
0.693298 32.160100
0.693742 83.139400
0.694186 31.432500
0.694629 81.356100
0.695073 10.712200
0.695517 25.880500
0.695961 16.138900
0.696405 55.675200
0.696849 3.901210
0.697292 63.639300
0.697736 48.712500
0.698180 80.564900
0.698624 79.132400
0.699068 12.852000
0.699512 5.428410
0.699956 38.549000
0.700399 8.156180
0.700843 28.348700
0.701287 30.563700
0.701731 38.326600
0.702175 35.812100
0.702619 14.828600
0.703063 43.306800
0.703506 51.599600
0.703950 33.337600
0.704394 40.935800
0.704838 33.454200
0.705282 8.729300
0.705726 38.160700
0.706170 8.415300
0.706613 30.046300
0.707057 57.575400
0.707501 4.632370
0.707945 42.017300
0.708389 14.663100
0.708833 29.540200
0.709277 6.551520
0.709720 18.093400
0.710164 10.202800
0.710608 53.726500
0.711052 48.865000
0.711496 7.770370
0.711940 34.338300
0.712383 87.397000
0.712827 23.200800
0.713271 3.318770
0.713715 9.357540
0.714159 5.346820
0.714603 42.614600
0.715047 8.817170
0.715490 25.105400
0.715934 49.785000
0.716378 29.362500
0.716822 59.068200
0.717266 10.183400
0.717710 18.642300
0.718154 40.007700
0.718597 13.747100
0.719041 17.217500
0.719485 18.942200
0.719929 39.294800
0.720373 80.656100
0.720817 13.590300
0.721261 35.193400
0.721704 39.992800
0.722148 36.512100
0.722592 76.431100
0.723036 20.515400
0.723480 27.916300
0.723924 14.731400
0.724368 93.632300
0.724811 21.947500
0.725255 13.060400
0.725699 7.616960
0.726143 27.221300
0.726587 35.750500
0.727031 7.829380
0.727474 8.034660
0.727918 61.230800
0.728362 31.626600
0.728806 8.952500
0.729250 12.842900
0.729694 12.235900
0.730138 42.167900
0.730581 17.973600
0.731025 41.303100
0.731469 53.871800
0.731913 25.796100
0.732357 17.292900
0.732801 36.446700
0.733245 14.417000
0.733688 16.352600
0.734132 16.203200
0.734576 31.082100
0.735020 14.137800
0.735464 33.145400
0.735908 5.863030
0.736352 13.722600
0.736795 12.726200
0.737239 4.299190
0.737683 17.607000
0.738127 51.173800
0.738571 4.454030
0.739015 10.120700
0.739458 6.939970
0.739902 9.939200
0.740346 28.011200
0.740790 66.113300
0.741234 9.206400
0.741678 3.023690
0.742122 22.772400
0.742565 50.393900
0.743009 10.942500
0.743453 7.922970
0.743897 4.875420
0.744341 87.255600
0.744785 9.327860
0.745229 22.692600
0.745672 9.445140
0.746116 7.943540
0.746560 22.855800
0.747004 19.666500
0.747448 25.627000
0.747892 10.271900
0.748336 26.319400
0.748779 14.435500
0.749223 10.416500
0.749667 21.546100
0.750111 10.370100
0.750555 36.197300
0.750999 18.849100
0.751443 9.210640
0.751886 11.828400
0.752330 51.378200
0.752774 13.525400
0.753218 55.940800
0.753662 30.800600
0.754106 11.464200
0.754549 24.870100
0.754993 32.142100
0.755437 18.962100
0.755881 32.347800
0.756325 58.793400
0.756769 13.884900
0.757213 39.777200
0.757656 7.063330
0.758100 17.069800
0.758544 35.634000
0.758988 45.981600
0.759432 63.205300
0.759876 10.719000
0.760320 22.854800
0.760763 4.486290
0.761207 43.058300
0.761651 7.564340
0.762095 1.733570
0.762539 16.318500
0.762983 21.328900
0.763427 10.492300
0.763870 31.661200
0.764314 26.193200
0.764758 32.233200
0.765202 54.432900
0.765646 8.508970
0.766090 54.837700
0.766534 8.903590
0.766977 49.425900
0.767421 9.296540
0.767865 19.580000
0.768309 41.084900
0.768753 51.906400
0.769197 6.854120
0.769640 7.740770
0.770084 25.047500
0.770528 55.548700
0.770972 67.121200
0.771416 8.646070
0.771860 10.100100
0.772304 26.341900
0.772747 34.457600
0.773191 60.089400
0.773635 9.740100
0.774079 5.234620
0.774523 43.426000
0.774967 11.345600
0.775411 7.682600
0.775854 40.460700
0.776298 3.143400
0.776742 7.261720
0.777186 30.022000
0.777630 13.493200
0.778074 25.520300
0.778518 9.459630
0.778961 42.179200
0.779405 6.701070
0.779849 5.447770
0.780293 45.367900
0.780737 36.649800
0.781181 46.393700
0.781625 60.595000
0.782068 24.297300
0.782512 16.386900
0.782956 57.003000
0.783400 40.620000
0.783844 17.233800
0.784288 11.512600
0.784731 40.733000
0.785175 37.733900
0.785619 9.172580
0.786063 8.271600
0.786507 18.626800
0.786951 7.299980
0.787395 12.230100
0.787838 18.636900
0.788282 12.847400
0.788726 24.850900
0.789170 34.776600
0.789614 9.923900
0.790058 21.261600
0.790502 9.950830
0.790945 34.761000
0.791389 15.122800
0.791833 45.764600
0.792277 25.926500
0.792721 7.698650
0.793165 46.271100
0.793609 3.534110
0.794052 42.481500
0.794496 57.238900
0.794940 67.944200
0.795384 8.951480
0.795828 29.953700
0.796272 6.573200
0.796715 8.493840
0.797159 70.208300
0.797603 37.898300
0.798047 54.137500
0.798491 32.198300
0.798935 10.159400
0.799379 2.466930
0.799822 58.829900
0.800266 9.403350
0.800710 17.418200
0.801154 24.711800
0.801598 31.096600
0.802042 41.050600
0.802486 46.761100
0.802929 17.284300
0.803373 23.369200
0.803817 8.201610
0.804261 5.521820
0.804705 40.861500
0.805149 11.611800
0.805593 8.850800
0.806036 19.632800
0.806480 37.989400
0.806924 10.564700
0.807368 29.283500
0.807812 4.758430
0.808256 26.509400
0.808700 7.670390
0.809143 10.237100
0.809587 18.833300
0.810031 37.869700
0.810475 18.022400
0.810919 7.279400
0.811363 5.347470
0.811806 10.210000
0.812250 52.658300
0.812694 9.815000
0.813138 20.689700
0.813582 7.750270
0.814026 17.003600
0.814470 37.132200
0.814913 1.790790
0.815357 36.846500
0.815801 6.033220
0.816245 8.265680
0.816689 55.339600
0.817133 5.512250
0.817577 31.599700
0.818020 16.883200
0.818464 33.506100
0.818908 11.715300
0.819352 19.433500
0.819796 42.501500
0.820240 5.787800
0.820684 7.669580
0.821127 19.517300
0.821571 25.602100
0.822015 22.834700
0.822459 15.599500
0.822903 3.935380
0.823347 6.989510
0.823791 8.571540
0.824234 13.400400
0.824678 40.757200
0.825122 9.375910
0.825566 16.889700
0.826010 33.670600
0.826454 6.742730
0.826897 12.428100
0.827341 48.402700
0.827785 71.953400
0.828229 24.156300
0.828673 71.268500
0.829117 7.027420
0.829561 66.960000
0.830004 6.340370
0.830448 14.073500
0.830892 13.470900
0.831336 83.772000
0.831780 54.098900
0.832224 3.105020
0.832668 9.180830
0.833111 50.209000
0.833555 18.508300
0.833999 13.398100
0.834443 8.068890
0.834887 49.680000
0.835331 34.981900
0.835775 5.148900
0.836218 33.643700
0.836662 20.331800
0.837106 22.262200
0.837550 16.663600
0.837994 18.134500
0.838438 9.292050
0.838881 29.432100
0.839325 35.078800
0.839769 19.637800
0.840213 44.409900
0.840657 11.135800
0.841101 8.873620
0.841545 19.823900
0.841988 15.925200
0.842432 8.263850
0.842876 55.842800
0.843320 24.925800
0.843764 6.210030
0.844208 19.515900
0.844652 26.396700
0.845095 62.606100
0.845539 18.834700
0.845983 4.354670
0.846427 3.071430
0.846871 33.999100
0.847315 3.770680
0.847759 5.235590
0.848202 27.207000
0.848646 30.092500
0.849090 8.023190
0.849534 51.387900
0.849978 63.390300
0.850422 44.928200
0.850866 10.314700
0.851309 26.321000
0.851753 56.608600
0.852197 30.057900
0.852641 9.517020
0.853085 21.125200
0.853529 29.647100
0.853972 32.987600
0.854416 11.245300
0.854860 11.435100
0.855304 37.906300
0.855748 7.593810
0.856192 55.082000
0.856636 47.281800
0.857079 4.965750
0.857523 4.731010
0.857967 19.070000
0.858411 11.899500
0.858855 24.337800
0.859299 83.957000
0.859743 5.617930
0.860186 3.562140
0.860630 9.667070
0.861074 10.953800
0.861518 35.854200
0.861962 86.135500
0.862406 20.241400
0.862850 6.444640
0.863293 38.174900
0.863737 15.293300
0.864181 36.930400
0.864625 17.878900
0.865069 12.954100
0.865513 21.668600
0.865957 58.638900
0.866400 8.868460
0.866844 5.557820
0.867288 39.891600
0.867732 11.013200
0.868176 7.397960
0.868620 55.585600
0.869063 17.933000
0.869507 31.418000
0.869951 61.918100
0.870395 44.572200
0.870839 32.573200
0.871283 50.916200
0.871727 63.589600
0.872170 3.112380
0.872614 40.412300
0.873058 36.716400
0.873502 65.867000
0.873946 22.405300
0.874390 12.890200
0.874834 24.382100
0.875277 53.981500
0.875721 44.276500
0.876165 8.955350
0.876609 25.145000
0.877053 9.896070
0.877497 5.892000
0.877941 19.394300
0.878384 36.283500
0.878828 22.018100
0.879272 29.208900
0.879716 1.772950
0.880160 1.670940
0.880604 5.720200
0.881047 25.863300
0.881491 7.629550
0.881935 25.937600
0.882379 2.567400
0.882823 19.077600
0.883267 30.579500
0.883711 11.776800
0.884154 36.835600
0.884598 11.262500
0.885042 9.369550
0.885486 13.233700
0.885930 28.941400
0.886374 31.772300
0.886818 58.736700
0.887261 10.638400
0.887705 59.386900
0.888149 14.929100
0.888593 38.850500
0.889037 15.752400
0.889481 9.199390
0.889925 87.473500
0.890368 34.175100
0.890812 39.978000
0.891256 4.121790
0.891700 5.411410
0.892144 9.691070
0.892588 36.380500
0.893032 55.443200
0.893475 22.051900
0.893919 28.166300
0.894363 14.288700
0.894807 32.220400
0.895251 6.134710
0.895695 4.746700
0.896138 27.431400
0.896582 18.577000
0.897026 62.751900
0.897470 32.528800
0.897914 8.654530
0.898358 54.708400
0.898802 16.150800
0.899245 4.198760
0.899689 17.678500
0.900133 5.364710
0.900577 3.681170
0.901021 7.488470
0.901465 15.019700
0.901909 29.478400
0.902352 16.555400
0.902796 19.389200
0.903240 33.137100
0.903684 6.588260
0.904128 6.961400
0.904572 9.968040
0.905016 62.222600
0.905459 34.352900
0.905903 54.207400
0.906347 10.354000
0.906791 4.127780
0.907235 24.444000
0.907679 14.375600
0.908123 9.667650
0.908566 9.474460
0.909010 63.169900
0.909454 73.746400
0.909898 22.727200
0.910342 25.131900
0.910786 24.534100
0.911229 6.551630
0.911673 15.226700
0.912117 36.099500
0.912561 30.691700
0.913005 53.815700
0.913449 46.994600
0.913893 75.657600
0.914336 16.890000
0.914780 23.042300
0.915224 21.355200
0.915668 51.778500
0.916112 22.528900
0.916556 21.460200
0.917000 37.147500
0.917443 43.462900
0.917887 7.154280
0.918331 9.752460
0.918775 68.037100
0.919219 40.541300
0.919663 31.392200
0.920107 16.931400
0.920550 32.329100
0.920994 10.998300
0.921438 20.388000
0.921882 6.990370
0.922326 12.373200
0.922770 56.614400
0.923213 4.186130
0.923657 10.107500
0.924101 10.200700
0.924545 29.473800
0.924989 15.908900
0.925433 9.334100
0.925877 58.330000
0.926320 15.642900
0.926764 7.094680
0.927208 41.861000
0.927652 37.615900
0.928096 44.788500
0.928540 4.817890
0.928984 10.717800
0.929427 10.332600
0.929871 2.500410
0.930315 24.856600
0.930759 30.286700
0.931203 29.623300
0.931647 6.446500
0.932091 29.045400
0.932534 48.880700
0.932978 21.434900
0.933422 14.541800
0.933866 22.530000
0.934310 9.107390
0.934754 17.007600
0.935198 44.865900
0.935641 18.916600
0.936085 45.053900
0.936529 46.120200
0.936973 13.234800
0.937417 19.665200
0.937861 24.049500
0.938304 71.412500
0.938748 11.730900
0.939192 25.871600
0.939636 8.710310
0.940080 75.294300
0.940524 48.869600
0.940968 16.063400
0.941411 10.227000
0.941855 20.581900
0.942299 15.806400
0.942743 20.365700
0.943187 46.741300
0.943631 8.706000
0.944075 13.448500
0.944518 15.437900
0.944962 13.070600
0.945406 4.922290
0.945850 24.382800
0.946294 27.596600
0.946738 17.275800
0.947182 9.089100
0.947625 10.528200
0.948069 69.669500
0.948513 3.829980
0.948957 8.042740
0.949401 22.316200
0.949845 9.293700
0.950289 48.275100
0.950732 47.642000
0.951176 13.645700
0.951620 10.596700
0.952064 79.993000
0.952508 36.847600
0.952952 48.249300
0.953395 10.634700
0.953839 6.897430
0.954283 73.716200
0.954727 26.088600
0.955171 18.787400
0.955615 22.816700
0.956059 20.440800
0.956502 45.484100
0.956946 36.909200
0.957390 39.554900
0.957834 11.083300
0.958278 42.028300
0.958722 71.941400
0.959166 8.525360
0.959609 43.688100
0.960053 3.561710
0.960497 32.116100
0.960941 6.653940
0.961385 2.888870
0.961829 18.922500
0.962273 21.599200
0.962716 15.427000
0.963160 44.964000
0.963604 71.262500
0.964048 61.286200
0.964492 9.674820
0.964936 8.079090
0.965379 79.220200
0.965823 36.490100
0.966267 23.197400
0.966711 43.959700
0.967155 11.339200
0.967599 25.655700
0.968043 16.042800
0.968486 52.116100
0.968930 11.640700
0.969374 16.960400
0.969818 15.513200
0.970262 45.988400
0.970706 6.333510
0.971150 39.199900
0.971593 18.072800
0.972037 77.426400
0.972481 23.504600
0.972925 7.953980
0.973369 8.795340
0.973813 17.323400
0.974257 21.896500
0.974700 24.203000
0.975144 31.966000
0.975588 48.863600
0.976032 7.466750
0.976476 8.870560
0.976920 42.201100
0.977364 7.775530
0.977807 6.301570
0.978251 83.060300
0.978695 4.810700
0.979139 16.904000
0.979583 21.663000
0.980027 8.647080
0.980470 86.656600
0.980914 16.873100
0.981358 20.232500
0.981802 71.893700
0.982246 14.853400
0.982690 34.247600
0.983134 8.050010
0.983577 26.575400
0.984021 34.458600
0.984465 34.807000
0.984909 8.722040
0.985353 28.397200
0.985797 73.493100
0.986241 36.753800
0.986684 7.846790
0.987128 30.736100
0.987572 15.526900
0.988016 6.054610
0.988460 92.835600
0.988904 39.284900
0.989348 52.588600
0.989791 22.107900
0.990235 21.090400
0.990679 7.889070
0.991123 11.693000
0.991567 7.003420
0.992011 66.499100
0.992455 60.075400
0.992898 6.048880
0.993342 47.426700
0.993786 34.059400
0.994230 9.323020
0.994674 6.246170
0.995118 6.935170
0.995561 29.650900
0.996005 55.392000
0.996449 3.502950
0.996893 34.020100
0.997337 41.039000
0.997781 24.173800
0.998225 6.983320
0.998668 34.783700
0.999112 61.166900
0.999556 17.161900
1.000000 24.083100
