0.000411 19.704700
0.000822 23.678100
0.008635 59.483000
0.009046 50.962500
0.009457 35.517900
0.009868 37.480700
0.010280 47.484500
0.010691 7.643000
0.011102 24.732800
0.011513 30.295900
0.011924 43.339300
0.012336 7.930280
0.012747 6.426080
0.013158 14.320800
0.013569 14.181400
0.013980 18.078500
0.014391 13.102200
0.014803 60.638600
0.015214 7.365570
0.015625 31.399000
0.016036 8.860440
0.016447 8.518920
0.016859 4.592540
0.018914 67.121200
0.023438 58.116000
0.023849 13.461100
0.024260 16.016300
0.024671 22.462300
0.025082 29.473600
0.025493 11.938500
0.025905 27.356800
0.026316 6.200450
0.026727 30.490400
0.027138 28.726700
0.027549 21.581000
0.027961 42.931300
0.028372 51.880300
0.028783 21.213500
0.029194 22.595700
0.029605 73.818800
0.030016 46.851100
0.030428 2.710160
0.030839 16.304600
0.031250 20.230600
0.031661 21.275100
0.032072 20.458800
0.032484 9.044920
0.032895 40.799700
0.033306 5.161400
0.033717 6.816700
0.034128 66.577600
0.034539 46.175900
0.034951 32.361800
0.035362 9.675320
0.035773 38.328000
0.036184 21.165100
0.036595 41.031600
0.037829 9.805800
0.038240 8.246900
0.038651 42.428100
0.039062 18.805900
0.039474 22.355700
0.039885 13.255000
0.057155 8.389800
0.057566 27.672300
0.057977 16.378000
0.062911 11.312900
0.063322 26.191700
0.063734 3.927770
0.064145 7.519990
0.064556 8.668030
0.064967 38.529100
0.065378 47.597400
0.065789 21.628000
0.066201 13.522300
0.066612 31.545000
0.067023 32.618700
0.067434 30.118400
0.067845 47.440700
0.068257 9.935460
0.068668 23.472400
0.069079 11.098500
0.069490 22.466700
0.069901 64.794600
0.070312 13.818000
0.070724 6.833680
0.071135 33.750500
0.071546 18.628100
0.071957 17.912300
0.072368 74.620100
0.072780 8.822780
0.073191 35.041700
0.073602 22.880700
0.074013 21.978100
0.074424 6.538410
0.074836 4.436640
0.075247 22.152500
0.075658 42.110900
0.076069 74.497700
0.076480 72.656700
0.076891 39.466900
0.077303 70.833700
0.077714 13.025400
0.078125 8.787650
0.078536 15.774900
0.078947 16.284200
0.079359 39.108600
0.079770 28.446700
0.080181 77.723900
0.080592 19.338000
0.081003 24.509000
0.081414 16.438000
0.081826 9.651690
0.082237 16.363100
0.082648 29.972900
0.083059 50.480800
0.083470 51.437900
0.083882 50.736100
0.084293 71.629400
0.084704 9.074340
0.085115 5.726640
0.085526 15.055400
0.085938 15.711600
0.086349 14.174200
0.086760 14.381700
0.087171 14.884000
0.087582 2.237760
0.087993 18.052500
0.088405 4.166140
0.088816 28.907300
0.089227 8.603170
0.089638 12.157800
0.090049 57.898600
0.090461 11.482500
0.090872 5.267470
0.091283 18.138700
0.091694 79.355700
0.092105 10.461500
0.092516 6.035610
0.092928 15.362500
0.093750 22.999000
0.094161 52.326700
0.094572 11.344200
0.094984 14.332700
0.095395 18.815000
0.111020 9.691900
0.111431 28.426300
0.111842 25.776200
0.112253 13.699300
0.112664 8.875390
0.113076 11.138900
0.113487 6.699970
0.113898 41.717000
0.114309 19.329300
0.114720 27.592900
0.115132 5.705700
0.115543 4.093730
0.115954 13.344800
0.116365 9.822380
0.116776 7.798860
0.117188 11.703100
0.117599 10.159600
0.118010 1.649720
0.118421 13.211500
0.118832 11.825700
0.119243 10.514600
0.119655 4.696400
0.120066 24.535700
0.120477 6.690450
0.120888 6.570290
0.121299 43.360200
0.121711 21.109200
0.122122 7.394410
0.122533 6.875930
0.122944 43.792200
0.123355 49.567400
0.123766 2.113890
0.127878 9.958660
0.128289 30.134000
0.128701 30.794000
0.129112 5.240550
0.129523 28.609100
0.129934 38.185800
0.130345 11.438900
0.130757 23.911800
0.131168 8.649550
0.131579 26.174800
0.131990 24.427100
0.133635 9.509200
0.134046 6.548580
0.134457 7.426410
0.134868 16.533500
0.135280 8.559970
0.135691 1.668810
0.136513 13.355900
0.136924 7.307310
0.137336 22.630200
0.137747 8.963690
0.138158 12.144700
0.138569 5.330900
0.138980 50.957600
0.139391 22.097600
0.139803 35.004200
0.140214 27.999300
0.140625 9.420850
0.141036 10.901400
0.141447 38.700800
0.141859 39.719600
0.142270 19.047300
0.142681 9.447230
0.143092 13.273500
0.143503 33.237000
0.143914 49.565700
0.144326 15.866100
0.144737 38.198300
0.145148 25.125800
0.145559 23.779700
0.145970 26.296300
0.146382 72.602300
0.146793 10.193600
0.147204 36.538400
0.147615 23.385700
0.148026 30.538400
0.148438 34.788200
0.148849 34.699400
0.149260 22.929400
0.149671 6.256430
0.150082 67.443800
0.150493 45.528000
0.150905 17.538900
0.151316 33.051800
0.151727 17.741100
0.152138 24.501600
0.152549 19.867600
0.152961 5.881220
0.153372 32.500900
0.153783 39.958600
0.154194 50.991700
0.154605 39.131700
0.155016 7.092660
0.155428 7.085600
0.155839 32.012700
0.156250 93.652700
0.156661 33.690700
0.157072 10.153300
0.157484 13.852900
0.157895 15.981100
0.158306 65.363600
0.158717 8.243240
0.159128 64.836500
0.159539 42.884900
0.159951 8.412300
0.160362 8.527790
0.161184 19.631700
0.161595 24.667700
0.162007 27.345200
0.162418 58.227500
0.162829 8.045380
0.163240 6.073460
0.163651 64.310500
0.164062 33.711400
0.164474 24.071900
0.164885 21.740600
0.165296 16.432300
0.165707 8.256630
0.166118 22.169800
0.166530 3.540260
0.166941 21.142000
0.167352 7.020010
0.167763 19.395500
0.168174 58.795200
0.168586 26.569100
0.168997 14.846100
0.169408 46.988600
0.169819 15.570300
0.170230 6.546030
0.170641 28.078200
0.171053 10.029400
0.171464 3.162000
0.171875 25.227400
0.172286 24.137300
0.172697 17.078400
0.173109 12.791600
0.173520 24.317500
0.173931 11.191000
0.174342 10.884900
0.174753 8.198440
0.175164 6.106010
0.175576 38.552000
0.175987 37.841400
0.176398 8.083420
0.176809 8.733500
0.177220 10.059400
0.177632 11.657400
0.178043 10.830300
0.178454 7.167370
0.178865 4.204590
0.179276 4.725870
0.179688 27.240900
0.180099 70.566000
0.180510 36.056400
0.180921 30.062600
0.181332 6.888530
0.181743 8.034680
0.182155 25.401500
0.182566 18.283800
0.182977 4.305320
0.183388 45.686100
0.183799 49.389900
0.184211 8.624510
0.184622 28.347800
0.185033 35.290700
0.185444 8.462410
0.185855 31.237800
0.186266 27.516500
0.186678 13.073800
0.187089 20.275300
0.187500 12.684400
0.187911 8.229890
0.188322 37.492400
0.188734 12.522700
0.189145 7.292510
0.189556 4.734960
0.189967 4.352550
0.190378 49.435200
0.190789 81.902000
0.191201 30.056100
0.191612 1.966440
0.192023 38.009400
0.192434 33.531700
0.192845 54.050300
0.193257 7.683190
0.193668 61.402800
0.194079 27.749700
0.194490 32.926500
0.194901 76.984700
0.195312 33.787300
0.195724 79.679200
0.196135 45.310400
0.196546 12.617000
0.196957 7.873110
0.197368 17.856200
0.197780 14.193100
0.198191 20.404400
0.198602 14.270400
0.199013 44.001000
0.199424 15.937700
0.199836 27.126900
0.200247 26.181800
0.200658 64.745300
0.201069 9.561060
0.201480 7.886710
0.201891 17.837600
0.202303 39.208800
0.202714 41.376200
0.203125 21.155300
0.203536 29.246300
0.203947 8.905430
0.204359 12.009100
0.204770 4.430970
0.205181 24.473100
0.205592 58.878600
0.206003 4.743360
0.206414 10.445400
0.206826 66.054700
0.207237 62.997000
0.207648 29.712400
0.208059 8.723200
0.208470 10.299500
0.208882 3.447160
0.209293 35.920400
0.209704 12.287100
0.210115 30.313800
0.210526 5.632890
0.210938 2.735290
0.211349 7.431890
0.211760 14.081000
0.212171 37.944300
0.212582 28.830800
0.212993 13.177200
0.213405 14.613800
0.213816 24.254200
0.214227 10.806300
0.214638 25.659500
0.215049 89.609000
0.215461 9.298320
0.215872 30.647300
0.216283 26.271600
0.216694 8.653720
0.217105 33.549200
0.217516 42.897200
0.217928 51.088400
0.218339 9.826870
0.218750 6.919340
0.219161 7.232060
0.219572 55.400100
0.219984 19.467600
0.220395 12.017200
0.220806 12.510000
0.221217 21.942400
0.221628 9.305910
0.222039 56.252100
0.222451 37.580500
0.222862 13.238400
0.223273 2.902310
0.223684 72.518000
0.225329 8.324900
0.225740 20.791200
0.226151 28.624400
0.226562 21.879000
0.226974 1.721730
0.227385 55.551200
0.227796 2.522110
0.228207 14.491000
0.228618 6.314020
0.229030 38.391000
0.229441 10.175600
0.229852 55.327900
0.230263 47.322200
0.230674 5.695360
0.231086 18.081100
0.231497 28.294100
0.231908 26.877100
0.232319 32.680600
0.232730 87.412700
0.233141 9.480230
0.233553 3.331810
0.233964 3.185730
0.234375 50.952100
0.234786 21.570000
0.235197 65.108700
0.235609 58.194700
0.236020 6.921890
0.236431 9.507670
0.236842 20.173300
0.237253 64.490500
0.237664 31.981300
0.238076 34.957200
0.238487 32.884000
0.238898 5.086910
0.239309 78.295600
0.239720 4.562680
0.240132 11.868600
0.240543 15.374900
0.240954 49.292700
0.241365 9.678440
0.241776 48.828700
0.242188 52.709900
0.242599 14.347500
0.243010 45.517800
0.243421 30.968000
0.243832 46.222000
0.244243 5.509130
0.244655 24.973900
0.245066 9.112010
0.245477 9.673210
0.245888 33.015600
0.246299 39.570200
0.246711 4.010100
0.247122 3.940510
0.247533 1.665190
0.247944 44.249000
0.248355 11.338500
0.248766 7.112410
0.249178 14.271200
0.249589 10.291000
0.250000 52.594000
0.250411 23.478600
0.250822 50.454500
0.251234 11.221500
0.251645 30.572000
0.252056 10.138500
0.252467 13.371500
0.252878 9.087240
0.253289 39.448900
0.253701 26.618900
0.254112 7.985090
0.254523 33.821200
0.254934 47.936300
0.255345 55.723800
0.255757 31.147800
0.256168 6.114730
0.256579 43.642800
0.256990 12.600100
0.257401 37.343600
0.257812 5.596130
0.258224 11.323800
0.258635 15.708800
0.259046 9.862960
0.259457 8.978130
0.259868 22.053200
0.260280 13.621500
0.260691 53.421500
0.261102 51.990500
0.261513 5.139990
0.261924 39.344500
0.262336 39.352500
0.262747 34.816500
0.263158 12.993100
0.263569 14.156600
0.263980 70.194500
0.264391 20.462700
0.264803 50.427200
0.265214 33.980500
0.265625 37.516500
0.266036 26.791600
0.266447 68.069900
0.266859 12.746600
0.267270 5.804980
0.267681 51.445100
0.268092 11.558300
0.268503 40.657700
0.268914 11.621200
0.269326 64.801900
0.269737 14.372700
0.270148 8.334870
0.270559 45.470100
0.270970 36.116000
0.271382 15.542800
0.271793 14.177800
0.272204 26.953100
0.272615 18.721700
0.273026 7.235670
0.273438 29.479400
0.273849 8.899890
0.274260 27.690200
0.274671 42.224100
0.275082 25.379400
0.275493 6.973750
0.275905 74.105200
0.276316 34.575500
0.276727 16.158100
0.277138 44.774800
0.277549 7.175750
0.277961 49.935500
0.278372 25.995100
0.278783 8.734660
0.279194 10.254700
0.279605 9.349420
0.280016 18.129800
0.280428 23.706400
0.280839 6.253500
0.281250 56.921600
0.281661 35.221500
0.282072 9.703920
0.282484 26.612600
0.282895 11.483500
0.283306 10.008900
0.283717 12.100600
0.284128 29.078000
0.284539 7.351470
0.284951 28.332800
0.285362 16.618900
0.285773 8.138890
0.286184 7.992700
0.286595 14.452000
0.287007 37.530300
0.287418 31.807300
0.287829 37.531200
0.288240 1.793470
0.288651 31.731000
0.289062 6.227380
0.289474 8.935480
0.289885 13.813100
0.290296 33.327900
0.290707 9.346340
0.291118 7.164400
0.291530 21.408000
0.291941 56.848000
0.292352 56.420800
0.292763 19.184900
0.293174 6.956590
0.293586 40.635700
0.293997 9.847680
0.294408 43.591300
0.294819 72.969400
0.295230 9.881220
0.295641 31.250200
0.296053 21.343100
0.296464 35.219700
0.296875 54.746100
0.297286 24.619300
0.297697 10.601900
0.298109 13.010300
0.298520 5.076810
0.298931 49.400500
0.299342 63.055800
0.299753 55.693900
0.300164 43.363500
0.300576 60.007800
0.300987 14.516800
0.301398 61.780400
0.301809 11.376900
0.302220 8.294090
0.302632 19.987100
0.303043 62.894200
0.303454 10.055900
0.303865 12.873800
0.304276 8.944490
0.304688 23.087200
0.305099 7.120050
0.305510 64.577100
0.305921 45.182500
0.306332 34.643400
0.306743 51.561700
0.307155 12.087600
0.307566 10.340700
0.307977 5.482530
0.308388 49.621200
0.308799 15.589000
0.309211 9.985390
0.309622 73.439400
0.310033 59.605200
0.310444 24.222400
0.310855 9.546290
0.311266 9.072690
0.311678 28.977200
0.312089 14.327200
0.312500 3.339370
0.312911 13.812600
0.313322 45.345100
0.313734 11.176000
0.314145 9.715070
0.314556 7.077170
0.314967 38.543100
0.315378 8.480850
0.315789 51.113500
0.316201 24.772900
0.316612 10.124600
0.317023 2.438860
0.317434 7.608890
0.317845 6.185010
0.318257 5.585690
0.318668 19.060700
0.319079 6.851470
0.319490 17.087700
0.319901 13.528500
0.320312 57.930500
0.320724 5.865830
0.321135 7.742820
0.321546 14.861600
0.321957 20.925800
0.322368 11.129700
0.322780 59.819600
0.323191 16.074400
0.323602 8.386720
0.324013 12.373100
0.324424 1.800490
0.324836 22.164100
0.325247 28.616000
0.325658 16.330200
0.326069 14.783800
0.326480 55.379800
0.326891 7.886920
0.327303 6.899780
0.327714 33.728200
0.328125 58.698000
0.328536 22.244700
0.328947 9.951530
0.329359 10.787200
0.329770 6.119730
0.330181 22.731900
0.330592 6.193730
0.331003 20.758700
0.331414 55.190600
0.331826 83.012300
0.332237 52.927000
0.332648 7.298640
0.333059 16.386900
0.333470 19.161400
0.333882 8.287250
0.334293 4.794840
0.334704 25.676200
0.335115 2.991250
0.335526 7.137340
0.335938 8.010730
0.336349 13.990200
0.336760 11.756600
0.337171 16.102900
0.337582 86.627200
0.337993 12.994100
0.338405 6.618020
0.338816 68.036400
0.339227 52.291700
0.339638 6.653370
0.340049 18.365200
0.340461 16.458400
0.340872 54.440000
0.341283 68.230100
0.341694 7.030640
0.342105 14.596900
0.342516 3.352610
0.342928 21.400300
0.343339 8.229470
0.343750 25.857000
0.344161 22.747600
0.344572 16.293000
0.344984 23.731100
0.345395 5.704010
0.345806 28.112000
0.346217 24.427300
0.346628 8.443670
0.347039 57.193800
0.347451 64.786200
0.347862 5.432310
0.348273 4.393360
0.348684 27.202200
0.349095 10.792300
0.349507 44.893800
0.349918 9.325850
0.350329 10.595700
0.350740 5.104010
0.351151 56.580300
0.351562 18.699100
0.351974 50.939100
0.352385 7.550230
0.352796 7.931780
0.353207 19.026400
0.353618 5.580610
0.354030 35.708200
0.354441 10.752900
0.354852 47.813400
0.355263 40.259500
0.355674 9.403310
0.356086 7.470670
0.356497 29.508900
0.356908 7.930960
0.357319 41.784700
0.357730 7.079760
0.358141 3.078220
0.358553 20.710600
0.358964 18.876400
0.359375 24.461700
0.359786 18.477500
0.360197 18.187700
0.360609 54.121500
0.361020 9.293710
0.361431 28.380800
0.361842 7.253630
0.362253 23.428200
0.362664 22.076300
0.363076 18.026200
0.363487 70.863600
0.363898 14.471700
0.364309 27.808800
0.364720 9.589700
0.365132 28.118300
0.365543 10.122200
0.365954 51.541700
0.366365 30.119800
0.366776 6.044510
0.367188 12.751500
0.367599 13.712700
0.368010 8.992910
0.368421 53.905100
0.368832 31.031300
0.369243 5.756690
0.369655 7.228700
0.370066 14.853400
0.370477 9.185670
0.370888 50.328900
0.371299 19.941700
0.371711 68.197400
0.372122 40.925800
0.372533 8.544360
0.372944 31.375900
0.373355 11.280500
0.373766 3.924170
0.374178 34.739200
0.374589 8.189470
0.375000 32.874000
0.375411 12.216000
0.375822 68.132300
0.376234 17.929300
0.376645 12.725200
0.377056 49.395400
0.377467 11.102900
0.377878 38.106600
0.378289 13.668100
0.378701 11.019900
0.379112 23.071300
0.379523 16.892200
0.379934 8.594730
0.380345 10.810200
0.380757 61.339800
0.381168 9.895680
0.381579 12.073100
0.381990 73.045500
0.382401 58.972000
0.382812 58.511300
0.383224 8.766980
0.383635 7.981780
0.384046 40.778000
0.384457 21.638600
0.384868 9.132400
0.385280 6.271730
0.385691 28.586100
0.386102 33.825700
0.386513 35.788100
0.386924 5.015930
0.387336 23.818700
0.387747 23.977400
0.388158 4.337760
0.388569 14.668400
0.388980 41.181900
0.389391 42.670100
0.389803 6.019260
0.390214 24.592700
0.390625 76.269300
0.391036 11.887900
0.391447 2.675900
0.391859 31.762000
0.392270 32.471400
0.392681 58.437000
0.393092 10.458800
0.393503 64.919400
0.393914 66.433700
0.394326 42.221300
0.394737 46.442300
0.395148 17.831000
0.395559 5.950670
0.395970 23.523200
0.396382 11.114600
0.396793 16.077400
0.397204 16.731500
0.397615 27.660200
0.398026 32.498100
0.398438 8.490610
0.398849 13.337700
0.399260 8.877260
0.399671 10.972400
0.400082 32.943900
0.400493 27.439600
0.400905 2.445710
0.401316 4.181600
0.401727 15.833000
0.402138 7.049830
0.402549 3.226490
0.402961 7.157280
0.403372 36.099000
0.403783 27.742200
0.404194 48.306800
0.404605 17.461000
0.405016 38.072900
0.405428 32.255100
0.405839 38.574300
0.406250 9.625780
0.406661 8.923480
0.407072 22.121900
0.407484 22.305200
0.407895 31.854500
0.408306 9.979670
0.408717 8.120440
0.409128 17.351000
0.409539 36.534000
0.409951 15.629600
0.410362 7.003740
0.410773 23.919600
0.411184 26.037100
0.411595 35.022300
0.412007 9.204250
0.412418 30.554100
0.412829 78.244300
0.413240 16.701400
0.413651 56.084400
0.414062 7.238530
0.414474 15.813600
0.414885 12.330700
0.415296 23.486600
0.415707 6.716320
0.416118 53.522600
0.416530 68.408300
0.416941 10.981800
0.417352 27.414400
0.417763 81.689300
0.418174 31.032400
0.418586 17.276400
0.418997 19.561300
0.419408 27.349400
0.419819 24.689700
0.420230 28.918400
0.420641 29.828800
0.421053 10.539300
0.421464 31.313100
0.421875 41.169800
0.422286 1.761220
0.422697 1.647940
0.423109 47.637600
0.423520 32.531000
0.423931 33.716200
0.424342 2.654570
0.424753 14.163800
0.425164 45.444500
0.425576 53.813800
0.425987 36.289800
0.426398 14.182800
0.426809 22.650500
0.427220 17.731300
0.427632 27.535800
0.428043 26.559700
0.428454 13.075300
0.428865 35.855400
0.429276 34.390700
0.429688 7.243850
0.430099 24.104100
0.430510 16.189300
0.430921 58.360200
0.431332 63.922500
0.431743 8.272420
0.432155 6.566330
0.432566 17.743200
0.432977 15.149600
0.433388 47.981800
0.433799 8.663810
0.435033 67.417800
0.435444 5.894960
0.435855 63.032900
0.436266 2.405640
0.436678 6.296390
0.437089 8.315820
0.437500 12.190000
0.437911 53.996600
0.438322 73.200300
0.438734 3.761640
0.439145 30.229900
0.439556 30.075400
0.439967 9.595490
0.440378 22.626400
0.440789 3.868690
0.441201 15.557000
0.441612 32.784400
0.442023 44.618600
0.442434 21.247900
0.442845 23.200700
0.443257 15.055700
0.443668 9.453930
0.444079 4.945040
0.444490 1.060130
0.444901 88.299500
0.445312 8.950850
0.445724 13.535200
0.446135 16.599800
0.446546 10.699600
0.446957 22.406200
0.447368 16.925300
0.447780 57.463300
0.448191 65.229700
0.448602 6.998430
0.449013 68.318400
0.449424 45.805600
0.449836 6.729780
0.450247 31.465000
0.450658 8.147670
0.451069 20.610900
0.451480 3.904280
0.451891 34.905700
0.452303 10.779700
0.452714 11.433200
0.453125 23.300700
0.453536 4.848000
0.453947 34.200800
0.454359 70.512500
0.454770 7.312330
0.455181 7.487610
0.455592 9.328900
0.456003 5.177790
0.456414 14.615900
0.456826 3.509410
0.457237 24.554800
0.457648 23.692000
0.458059 13.623600
0.458470 12.131300
0.458882 19.429600
0.459293 17.949100
0.459704 15.092500
0.460115 58.972500
0.460526 6.794090
0.460938 5.331850
0.461349 29.863400
0.461760 8.942460
0.462171 18.811800
0.462582 16.770300
0.462993 7.732110
0.463405 46.477000
0.463816 6.408390
0.464227 38.367000
0.464638 16.100200
0.465049 58.521700
0.465461 73.468600
0.465872 14.966200
0.466283 50.297500
0.466694 19.914100
0.467105 39.320600
0.467516 64.738300
0.467928 3.582540
0.468339 23.835100
0.468750 37.685900
0.469161 13.752700
0.469572 34.664500
0.469984 50.958500
0.470395 7.560370
0.470806 10.108500
0.471217 9.895490
0.471628 15.434800
0.472039 50.693000
0.472451 22.887000
0.472862 22.556900
0.473273 18.078000
0.473684 30.139500
0.474095 25.518400
0.474507 6.706600
0.474918 22.172800
0.475329 13.906900
0.475740 7.669650
0.476151 15.589600
0.476562 14.039100
0.476974 24.238700
0.477385 69.269400
0.477796 52.347200
0.478207 71.039100
0.478618 15.484700
0.479030 51.760800
0.479441 3.973880
0.479852 15.922900
0.480263 24.297800
0.480674 3.939690
0.481086 40.074600
0.481497 70.892400
0.481908 37.126800
0.482319 16.787200
0.482730 50.403500
0.483141 30.055300
0.483553 19.723800
0.483964 15.338400
0.484375 36.931800
0.484786 25.476600
0.485197 18.437600
0.485609 34.983900
0.486020 6.881890
0.486431 18.477800
0.486842 24.616500
0.487253 4.103210
0.487664 9.419940
0.488076 7.374570
0.488487 76.463000
0.488898 26.120300
0.489309 65.358100
0.489720 31.176400
0.490132 93.194200
0.490543 5.210940
0.490954 67.232400
0.491365 8.539290
0.491776 8.122720
0.492188 88.159900
0.492599 6.232790
0.493010 34.689200
0.493421 36.841800
0.493832 2.093300
0.494243 19.818200
0.494655 22.031500
0.495066 23.595800
0.495477 13.397400
0.495888 32.625800
0.496299 40.400200
0.496711 12.245500
0.497122 47.447600
0.497533 4.202850
0.497944 12.391300
0.498355 50.700700
0.498766 25.654200
0.499178 14.706600
0.499589 6.244580
0.500000 37.795600
0.500411 14.266800
0.500822 2.158860
0.501234 39.358000
0.501645 42.421000
0.502056 16.509200
0.502467 23.361300
0.502878 10.836700
0.503289 13.712100
0.503701 2.014900
0.504112 10.251500
0.504523 33.054300
0.504934 2.791330
0.505345 12.217600
0.505757 13.325000
0.506168 6.049350
0.506579 15.710600
0.506990 17.751500
0.507401 56.157300
0.507812 6.861750
0.508224 15.743400
0.508635 15.779900
0.509046 32.180400
0.509457 25.450500
0.509868 3.284170
0.510280 9.745990
0.510691 10.192400
0.511102 44.279500
0.511513 7.701900
0.511924 6.991550
0.512336 16.810500
0.512747 46.778900
0.513158 53.631900
0.513569 88.315600
0.513980 11.039800
0.514391 6.046390
0.514803 14.087600
0.515214 5.648290
0.515625 69.065400
0.516036 49.670300
0.516447 4.137410
0.516859 28.301600
0.517270 46.925700
0.517681 8.040720
0.518092 50.842900
0.518503 83.815600
0.518914 6.070700
0.519326 19.955600
0.519737 4.233210
0.520148 54.568200
0.520559 44.974300
0.520970 44.660600
0.521382 29.908600
0.521793 11.420000
0.522204 12.451500
0.522615 22.772800
0.523026 43.025300
0.523438 11.824900
0.523849 21.265900
0.524260 13.973400
0.524671 7.161830
0.525082 15.224000
0.525493 14.120000
0.525905 15.527600
0.526316 5.761960
0.526727 9.363030
0.527138 8.152970
0.527549 8.668760
0.527961 31.488600
0.528372 3.497910
0.528783 30.897200
0.529194 1.647140
0.529605 6.653930
0.530016 6.675860
0.530428 27.817900
0.530839 45.371600
0.531250 14.693500
0.531661 48.071100
0.532072 66.107400
0.532484 11.017900
0.532895 8.741130
0.533306 6.138260
0.533717 5.017390
0.534128 7.103080
0.534539 8.845750
0.534951 16.330400
0.535362 70.479600
0.535773 7.280900
0.536184 24.638600
0.536595 14.627200
0.537007 7.598660
0.537418 18.593400
0.537829 7.135340
0.538240 17.323100
0.538651 61.531600
0.539062 9.313490
0.539474 21.803400
0.539885 8.967500
0.540296 55.523700
0.540707 12.749200
0.541118 6.534860
0.541530 23.249500
0.541941 12.219100
0.542352 66.011600
0.542763 5.471710
0.543174 18.279100
0.543586 9.163550
0.543997 19.389200
0.544408 40.953400
0.544819 34.843900
0.545230 82.197100
0.545641 10.858000
0.546053 22.589500
0.546464 11.286400
0.546875 24.163300
0.547286 7.188320
0.547697 4.663670
0.548109 7.009920
0.548520 11.127500
0.548931 3.927380
0.549342 9.182180
0.549753 20.692100
0.550164 27.573800
0.550576 40.576000
0.550987 61.039600
0.551398 28.014100
0.551809 43.253500
0.552220 24.434700
0.552632 30.280100
0.553043 6.097520
0.553454 11.567000
0.553865 36.507500
0.554276 10.874000
0.554688 31.346300
0.555099 40.399000
0.555510 7.243830
0.555921 6.769750
0.556332 39.835000
0.556743 9.277130
0.557155 27.622400
0.557566 5.612960
0.557977 5.884800
0.558388 12.851400
0.558799 11.612100
0.559211 43.488100
0.559622 16.364000
0.560033 17.418600
0.560444 22.722200
0.560855 4.721120
0.561266 39.447800
0.561678 10.979300
0.562089 26.713700
0.562500 5.409280
0.562911 60.336500
0.563322 29.508200
0.563734 8.501120
0.564145 4.929780
0.564556 15.722700
0.564967 59.575000
0.565378 8.713410
0.565789 23.735500
0.566201 15.781200
0.566612 1.841590
0.567023 40.941300
0.567434 61.938300
0.567845 24.475900
0.568257 6.277790
0.568668 24.476600
0.569079 26.167500
0.569490 16.585000
0.569901 69.200400
0.570312 11.567700
0.570724 63.474500
0.571135 57.776100
0.571546 19.740700
0.571957 20.184700
0.572368 15.768600
0.572780 35.682800
0.573191 6.357470
0.573602 64.322000
0.574013 5.941580
0.574424 42.487300
0.574836 10.797400
0.575247 6.662080
0.575658 27.616500
0.576069 33.341300
0.576480 13.028900
0.576891 6.452190
0.577303 18.144400
0.577714 55.100700
0.578125 8.031970
0.578536 16.070100
0.578947 5.683090
0.579359 22.681700
0.579770 8.184990
0.580181 7.370800
0.580592 73.851900
0.581003 43.136400
0.581414 6.481950
0.581826 23.511100
0.582237 18.424400
0.582648 26.208000
0.583059 29.928500
0.583470 28.301000
0.583882 73.123100
0.584293 51.384500
0.584704 6.480730
0.585115 3.497500
0.585526 10.651400
0.585938 63.072000
0.586349 10.808000
0.586760 12.615300
0.587171 9.860900
0.587582 52.224700
0.587993 6.897810
0.588405 26.435100
0.588816 1.946480
0.589227 13.735100
0.589638 57.287700
0.590049 11.953700
0.590461 2.285160
0.590872 11.445400
0.591283 4.528910
0.591694 36.628200
0.592105 4.230740
0.592516 8.938510
0.592928 39.709800
0.593339 26.708900
0.593750 8.605350
0.594161 4.650440
0.594572 13.934200
0.594984 33.128700
0.595395 13.190600
0.595806 1.715310
0.596217 18.452200
0.596628 46.009500
0.597039 48.547800
0.597451 62.037000
0.597862 7.230360
0.598273 18.376000
0.598684 54.192500
0.599095 17.038900
0.599507 23.406600
0.599918 33.896900
0.600329 14.440100
0.600740 47.890500
0.601151 14.888400
0.601562 14.779000
0.601974 40.890000
0.602385 20.296600
0.602796 14.155500
0.603207 43.569400
0.603618 18.414500
0.604030 20.580300
0.604441 5.147960
0.604852 5.471700
0.605263 9.793540
0.605674 4.929810
0.606086 42.459600
0.606497 2.108810
0.606908 20.707500
0.607319 42.352100
0.607730 53.953800
0.608141 5.703570
0.608553 28.270700
0.608964 26.215400
0.609375 11.597100
0.609786 51.814700
0.610197 29.422000
0.610609 27.203300
0.611020 10.170300
0.611431 76.892200
0.611842 8.203100
0.612253 52.282400
0.612664 18.524600
0.613076 5.519430
0.613487 20.776000
0.613898 1.641180
0.614309 13.927100
0.614720 10.692100
0.615132 23.990900
0.615954 6.952420
0.616365 4.137080
0.616776 43.554800
0.617188 1.741780
0.617599 23.719700
0.618010 7.216140
0.618421 11.533400
0.618832 17.187300
0.619243 13.776700
0.619655 13.050700
0.620066 8.982020
0.620477 15.047200
0.620888 25.990500
0.621299 17.892000
0.621711 6.266490
0.622122 8.000640
0.622533 22.548200
0.622944 41.608200
0.623355 36.381600
0.623766 20.540700
0.624178 13.102100
0.624589 37.279200
0.625000 23.611600
0.625411 67.245000
0.625822 43.382200
0.626234 33.278300
0.626645 32.966800
0.627056 3.620030
0.627467 29.144100
0.627878 28.217000
0.628289 36.774500
0.628701 25.012500
0.629112 25.200600
0.629523 49.347900
0.629934 26.219100
0.630345 7.663050
0.630757 2.186800
0.631168 33.686300
0.631579 19.028100
0.631990 32.204300
0.632401 20.815400
0.632812 53.483700
0.633224 15.204200
0.633635 16.966000
0.634046 13.749300
0.634457 5.237690
0.634868 44.093100
0.635280 22.750400
0.635691 52.863600
0.636102 15.113500
0.636513 4.503550
0.636924 10.158200
0.637336 10.856600
0.637747 10.300900
0.638158 22.870200
0.638569 30.266200
0.638980 12.905100
0.639391 9.693480
0.639803 33.638600
0.640214 10.877600
0.640625 7.611010
0.641036 9.252000
0.641447 24.222500
0.641859 4.583260
0.642270 17.629500
0.642681 45.540200
0.643092 17.721200
0.643503 1.663090
0.643914 7.804990
0.644326 13.363300
0.644737 76.155700
0.645148 15.578400
0.645559 27.835200
0.645970 17.252800
0.646382 25.908800
0.646793 17.235100
0.647204 8.067750
0.647615 20.894200
0.648026 25.042600
0.648438 6.137770
0.648849 10.198600
0.649260 10.401100
0.649671 10.684400
0.650082 3.563780
0.650493 13.313900
0.650905 3.450800
0.651316 17.341200
0.651727 5.438370
0.652138 26.459400
0.652549 75.596800
0.652961 19.645900
0.653372 50.435900
0.653783 2.136330
0.654194 7.871950
0.654605 5.703190
0.655016 3.779960
0.655428 21.943300
0.655839 18.760500
0.656250 44.092500
0.656661 23.379900
0.657072 7.512960
0.657484 39.830800
0.657895 23.234000
0.658306 9.346280
0.658717 24.335600
0.659128 43.700800
0.659539 26.231500
0.659951 9.749200
0.660362 17.505700
0.660773 27.993500
0.661184 8.439070
0.661595 16.416600
0.662007 5.868010
0.662418 30.257600
0.662829 8.254660
0.663240 56.207200
0.663651 54.626300
0.664062 38.118000
0.664474 7.020150
0.664885 60.325000
0.665296 27.119500
0.665707 34.201100
0.666118 15.581000
0.666530 25.947200
0.666941 19.885600
0.667352 44.651700
0.667763 24.914900
0.668174 5.624800
0.668586 18.881100
0.668997 39.883500
0.669408 9.083150
0.669819 2.056470
0.670230 35.108800
0.670641 14.518700
0.671053 41.626400
0.671464 19.130900
0.671875 32.270300
0.672286 20.422500
0.672697 14.658700
0.673109 8.008050
0.673520 14.258800
0.673931 11.104600
0.674342 46.549000
0.674753 15.651600
0.675164 21.620500
0.675576 54.300200
0.675987 20.121100
0.676398 25.593200
0.676809 34.928200
0.677220 29.060300
0.677632 45.933100
0.678043 68.764700
0.678454 7.508940
0.678865 45.240600
0.679276 7.860170
0.679688 51.168700
0.680099 2.707160
0.680510 28.348700
0.680921 46.962700
0.681332 31.651300
0.681743 16.402900
0.682155 16.613800
0.682566 17.877800
0.682977 19.824700
0.683388 25.509800
0.683799 16.922100
0.684211 25.767700
0.684622 3.046540
0.685033 7.699390
0.685444 64.474200
0.685855 8.378630
0.686266 21.998700
0.686678 26.245900
0.687089 23.762200
0.687500 35.805100
0.687911 9.965610
0.688322 1.645210
0.688734 21.324500
0.689145 27.745400
0.689556 31.117000
0.689967 4.999690
0.690378 67.885300
0.690789 5.530160
0.691201 23.730500
0.691612 6.275230
0.692023 5.838310
0.692434 8.922540
0.692845 1.650010
0.693257 33.028600
0.693668 18.734700
0.694079 8.649020
0.694490 17.081900
0.694901 2.423030
0.695312 3.650200
0.695724 7.799380
0.696135 8.595260
0.696546 5.135380
0.696957 4.884720
0.697368 4.202620
0.697780 43.383500
0.698191 74.883600
0.698602 16.463400
0.699013 37.402600
0.699424 16.060700
0.699836 53.739900
0.700247 29.727200
0.700658 46.764800
0.701069 7.880850
0.701480 11.187300
0.701891 65.315300
0.702303 55.984000
0.702714 8.716890
0.703125 39.523700
0.703536 18.884700
0.703947 8.923580
0.704359 21.510900
0.704770 9.960570
0.705181 27.142300
0.705592 82.034800
0.706003 16.270500
0.706414 24.392300
0.706826 33.124500
0.707237 11.600700
0.707648 4.330430
0.708059 33.115700
0.708470 6.918440
0.708882 7.755980
0.709293 7.296730
0.709704 72.379700
0.710115 40.099400
0.710526 4.702320
0.710938 49.901200
0.711349 25.180500
0.711760 7.397270
0.712171 10.993100
0.712582 38.466600
0.712993 30.632400
0.713405 20.336000
0.713816 5.284510
0.714227 6.825100
0.714638 10.034900
0.715049 31.101400
0.715461 6.022280
0.715872 67.633500
0.716283 25.055100
0.716694 7.684810
0.717105 19.541200
0.717516 83.986900
0.717928 28.751800
0.718339 19.672500
0.718750 5.085160
0.719161 39.300300
0.719572 49.573000
0.719984 52.763800
0.720395 27.552300
0.720806 65.058900
0.721217 47.960800
0.721628 28.621500
0.722039 6.545080
0.722451 7.919540
0.722862 4.867050
0.723273 8.125530
0.723684 72.198700
0.724095 74.055400
0.724507 22.247100
0.724918 14.589100
0.725329 7.460260
0.725740 16.594700
0.726151 9.817310
0.726562 12.560400
0.726974 20.931300
0.727385 9.074370
0.727796 39.932000
0.728207 28.539100
0.728618 11.306300
0.729030 9.453380
0.729441 53.815600
0.729852 9.632750
0.730263 53.379700
0.730674 27.394300
0.731086 5.392370
0.731497 26.111100
0.731908 49.409400
0.732319 29.011700
0.732730 6.568250
0.733141 30.469100
0.733553 3.937300
0.733964 22.576600
0.734375 13.380700
0.734786 14.426800
0.735197 3.346170
0.735609 17.649900
0.736020 16.458000
0.736431 56.938600
0.736842 11.435500
0.737253 20.764700
0.737664 14.261900
0.738076 22.686100
0.738487 31.069800
0.738898 14.279200
0.739309 52.548500
0.739720 22.039700
0.740132 8.191330
0.740543 6.819220
0.740954 25.723200
0.741365 9.425170
0.741776 11.865300
0.742188 46.359100
0.742599 9.466910
0.743010 10.851400
0.743421 19.082400
0.743832 5.117980
0.744243 31.257700
0.744655 29.928300
0.745066 7.140730
0.745477 23.419900
0.745888 8.146950
0.746299 38.972100
0.746711 2.262560
0.747122 1.763750
0.747533 7.497660
0.747944 33.616400
0.748355 8.538120
0.748766 13.110100
0.749178 38.776000
0.749589 30.185300
0.750000 13.569700
0.750411 21.341500
0.750822 7.425940
0.751234 12.061600
0.751645 15.830500
0.752056 27.243300
0.752467 10.092900
0.752878 34.842500
0.753289 14.304800
0.753701 42.121300
0.754112 9.544840
0.754523 21.038200
0.754934 15.014600
0.755345 47.797900
0.755757 64.337800
0.756168 10.241200
0.756579 45.873200
0.756990 24.763700
0.757401 4.542000
0.757812 6.358650
0.758224 66.303900
0.758635 13.882000
0.759046 34.683400
0.759457 24.423800
0.759868 4.605800
0.760280 12.567900
0.760691 42.275900
0.761102 52.638700
0.761513 1.753890
0.761924 7.449800
0.762336 19.503000
0.762747 28.445500
0.763158 28.075300
0.763569 14.290600
0.763980 27.215000
0.764391 91.511000
0.764803 35.228100
0.765214 43.981500
0.765625 25.062500
0.766036 25.828300
0.766447 43.223200
0.766859 30.469400
0.767270 39.438700
0.767681 64.168700
0.768092 20.249100
0.768503 25.066800
0.768914 41.134300
0.769326 19.579100
0.769737 14.921300
0.770148 19.504900
0.770559 11.488100
0.770970 36.994700
0.771382 9.545910
0.771793 32.796900
0.772204 15.753800
0.772615 19.571900
0.773026 5.536100
0.773438 32.350000
0.773849 9.839030
0.774260 15.778200
0.774671 11.787300
0.775082 1.800890
0.775493 10.628900
0.775905 71.413200
0.776316 22.756400
0.776727 10.086400
0.777138 63.382000
0.777549 11.391100
0.777961 30.822600
0.778372 44.964700
0.778783 7.166120
0.779194 85.708900
0.779605 10.314100
0.780016 5.192520
0.780428 30.521000
0.780839 19.250000
0.781250 6.370260
0.781661 42.070200
0.782072 8.255620
0.782484 65.903400
0.782895 9.171380
0.783306 4.830730
0.783717 25.155500
0.784128 22.832000
0.784539 4.482740
0.784951 47.110900
0.785362 79.963000
0.785773 25.687200
0.786184 32.554600
0.786595 16.412300
0.787007 29.693100
0.787418 20.531700
0.787829 3.647910
0.788240 11.201200
0.788651 9.999680
0.789062 29.428000
0.789474 14.869800
0.789885 6.961860
0.790296 36.862900
0.790707 35.505200
0.791118 11.479800
0.791530 10.341800
0.791941 8.916320
0.792352 6.999540
0.792763 20.553100
0.793174 78.934000
0.793586 12.461600
0.793997 8.976200
0.794408 20.968100
0.794819 8.519260
0.795230 70.729100
0.795641 34.611400
0.796053 8.621040
0.796464 20.122900
0.796875 61.846500
0.797286 7.811520
0.797697 22.938200
0.798109 33.186300
0.798520 15.352800
0.798931 8.431570
0.799342 10.731800
0.799753 24.780300
0.800164 18.432500
0.800576 15.278700
0.800987 33.409500
0.801398 9.078130
0.801809 14.085200
0.802220 1.772770
0.802632 8.952440
0.803043 32.467200
0.803454 4.874560
0.803865 6.833650
0.804276 9.914070
0.804688 49.118700
0.805099 10.032900
0.805510 67.545400
0.805921 8.314140
0.806332 15.965300
0.806743 15.731200
0.807155 8.368430
0.807566 9.272580
0.807977 6.430600
0.808388 8.206200
0.808799 24.212500
0.809211 46.525900
0.809622 7.932500
0.810033 17.047400
0.810444 32.069900
0.810855 21.287500
0.811266 4.997300
0.811678 5.203310
0.812089 83.029400
0.812500 9.199940
0.812911 21.663900
0.813322 7.590570
0.813734 51.190100
0.814145 30.734500
0.814556 5.536380
0.814967 5.272860
0.815378 39.166600
0.815789 22.730100
0.816201 14.834600
0.816612 25.500400
0.817023 20.170300
0.817434 19.781200
0.817845 14.010700
0.818257 17.969300
0.818668 27.617600
0.819079 31.922800
0.819490 18.535200
0.819901 8.547910
0.820312 9.518060
0.820724 41.269900
0.821135 13.105600
0.821546 6.712700
0.821957 10.859500
0.822368 1.746450
0.822780 6.432430
0.823602 37.451900
0.824013 4.623100
0.824424 4.625210
0.824836 66.458500
0.825247 30.400600
0.825658 40.074500
0.826069 18.439400
0.826480 6.140950
0.826891 62.214600
0.827303 13.296400
0.827714 2.514930
0.828125 20.742900
0.828536 15.694400
0.828947 5.066820
0.829359 16.624500
0.829770 16.298200
0.830181 25.287200
0.830592 7.005750
0.831003 6.173040
0.831414 10.253900
0.831826 54.711800
0.832237 57.809500
0.832648 17.406800
0.833059 40.463000
0.833470 34.782600
0.833882 22.028800
0.834293 12.494600
0.834704 8.368520
0.835115 9.789570
0.835526 13.445800
0.835938 56.997400
0.836349 5.341890
0.836760 26.065400
0.837171 35.195200
0.837582 9.293500
0.837993 76.474300
0.838405 12.990800
0.838816 42.583800
0.839227 86.032600
0.839638 7.974630
0.840049 54.927900
0.840461 10.390100
0.840872 30.461000
0.841283 26.070900
0.841694 21.913100
0.842105 4.661050
0.842516 2.442860
0.842928 4.025070
0.843339 5.103490
0.843750 3.380040
0.844161 50.029100
0.844572 6.523550
0.844984 10.819300
0.845395 10.113300
0.845806 28.350400
0.846217 19.428600
0.846628 18.669800
0.847039 3.704780
0.847451 10.602600
0.847862 27.693600
0.848273 2.392560
0.848684 8.122150
0.849095 33.225800
0.849507 10.906600
0.849918 29.294100
0.850329 6.457920
0.850740 69.844400
0.851151 81.542300
0.851562 36.304700
0.851974 32.680800
0.852385 19.548700
0.852796 20.405000
0.853207 3.183300
0.853618 45.573700
0.854030 6.136710
0.854441 7.305520
0.854852 16.067000
0.855263 29.848600
0.855674 22.172700
0.856086 7.085110
0.856497 6.093240
0.856908 11.512100
0.857319 18.452900
0.857730 11.175900
0.858141 10.702700
0.858553 19.372000
0.858964 72.668800
0.859375 6.377790
0.859786 11.996400
0.860197 8.401140
0.860609 46.510000
0.861020 50.289500
0.861431 46.119700
0.861842 37.103300
0.862253 30.089100
0.862664 16.399600
0.863076 11.944900
0.863487 40.945300
0.863898 54.918500
0.864309 43.928600
0.864720 24.190900
0.865132 17.334700
0.865543 41.889100
0.865954 7.820770
0.866365 55.950400
0.866776 5.164340
0.867188 8.829830
0.867599 59.691000
0.868010 42.462800
0.868421 16.957700
0.868832 15.267100
0.869243 52.913500
0.869655 55.302600
0.870066 7.746190
0.870477 7.918510
0.870888 68.443100
0.871299 7.578880
0.871711 4.713510
0.872122 57.300900
0.872533 82.121400
0.872944 21.330400
0.873355 40.287300
0.873766 13.628200
0.874178 2.117010
0.874589 4.355120
0.875000 70.235500
0.875411 17.534000
0.875822 51.066300
0.876234 4.740320
0.876645 27.327500
0.877056 47.610300
0.877467 19.647600
0.877878 49.027800
0.878289 68.511300
0.878701 9.300580
0.879112 78.913700
0.879523 23.658000
0.879934 9.075950
0.880345 5.127250
0.880757 22.784900
0.881168 8.202310
0.881579 10.034300
0.881990 9.236440
0.882401 48.578700
0.882812 12.512800
0.883224 33.573100
0.883635 32.284700
0.884046 53.386000
0.884457 40.704100
0.884868 49.642600
0.885280 16.311500
0.885691 12.025700
0.886102 35.664100
0.886513 27.365100
0.886924 19.022800
0.887336 18.468800
0.887747 17.987800
0.888158 5.416680
0.888569 22.412400
0.888980 7.664260
0.889391 32.977300
0.889803 60.192400
0.890214 30.325000
0.890625 8.364350
0.891036 19.614300
0.891447 15.908600
0.891859 38.701800
0.892270 19.853200
0.892681 20.975200
0.893092 3.720670
0.893503 28.007400
0.893914 7.189060
0.894326 7.804700
0.894737 7.532410
0.895148 7.626710
0.895559 35.844200
0.895970 45.571600
0.896382 24.518000
0.896793 26.415500
0.897204 24.323800
0.897615 14.819000
0.898026 40.996200
0.898438 34.312800
0.898849 42.399900
0.899260 10.791900
0.899671 48.546300
0.900082 16.535500
0.900493 10.837400
0.900905 24.034700
0.901316 11.542200
0.901727 13.279200
0.902138 39.753100
0.902549 21.302200
0.902961 26.112500
0.903372 16.257500
0.903783 27.228200
0.904194 95.267300
0.904605 36.225600
0.905016 27.995100
0.905428 12.009700
0.905839 30.118300
0.906250 16.339500
0.906661 52.686800
0.907072 15.306400
0.907484 23.307700
0.907895 19.009300
0.908306 6.211430
0.908717 10.985000
0.909128 20.523600
0.909539 37.085400
0.909951 18.573800
0.910362 2.026310
0.910773 26.830400
0.911184 3.621480
0.911595 42.331100
0.912007 22.894200
0.912418 23.118500
0.912829 16.048400
0.913240 12.428400
0.913651 38.283500
0.914062 34.325200
0.914474 38.604800
0.914885 6.853790
0.915296 75.615800
0.915707 11.338000
0.916118 5.545990
0.916530 7.766130
0.916941 3.233260
0.917352 37.669100
0.917763 5.528160
0.918174 24.835300
0.918586 56.245100
0.918997 8.459740
0.919408 35.931300
0.919819 45.390300
0.920230 34.344800
0.920641 19.035000
0.921053 12.344400
0.921464 45.823000
0.921875 23.719400
0.922286 12.378300
0.922697 26.118300
0.923109 21.848800
0.923520 1.709310
0.923931 18.465400
0.924342 10.816700
0.924753 26.929600
0.925164 49.417500
0.925576 8.219730
0.925987 32.552300
0.926398 18.371100
0.926809 19.117600
0.927220 30.691100
0.927632 39.315300
0.928043 15.048400
0.928454 25.775900
0.928865 8.320340
0.929276 6.298540
0.929688 2.746150
0.930099 11.423900
0.930510 19.489300
0.930921 62.869400
0.931332 6.160550
0.931743 5.277250
0.932155 37.877700
0.932566 8.448470
0.932977 6.234010
0.933388 47.858800
0.933799 15.716800
0.934211 47.842200
0.934622 11.239300
0.935033 14.440000
0.935444 37.250300
0.935855 16.720600
0.936266 14.554400
0.936678 24.759400
0.937089 40.705700
0.937500 32.314100
0.937911 3.165820
0.938322 57.796700
0.938734 20.386000
0.939145 31.280200
0.939556 27.883800
0.939967 15.126800
0.940378 61.181200
0.940789 8.438600
0.941201 30.064200
0.941612 3.272360
0.942023 13.402800
0.942434 3.113180
0.942845 7.204350
0.943257 49.015300
0.943668 9.414420
0.944079 32.092800
0.944490 6.344660
0.944901 15.502500
0.945312 43.299700
0.945724 46.491300
0.946135 28.174000
0.946546 17.615700
0.946957 7.752660
0.947368 16.068700
0.947780 34.780900
0.948191 23.611900
0.948602 21.121200
0.949013 34.663700
0.949424 6.409580
0.949836 18.365900
0.950247 40.620400
0.950658 27.961700
0.951069 50.969600
0.951480 24.640000
0.951891 15.180900
0.952303 61.954700
0.952714 25.613900
0.953125 8.715060
0.953536 7.774560
0.953947 34.085700
0.954359 46.558800
0.954770 9.947470
0.955181 6.919620
0.955592 30.043300
0.956003 45.525300
0.956414 40.378900
0.956826 10.151900
0.957237 5.606740
0.957648 28.275600
0.958059 48.550300
0.958470 4.739570
0.958882 54.436600
0.959293 12.539400
0.959704 15.526700
0.960115 14.333100
0.960526 13.589300
0.960938 4.323530
0.961349 9.792720
0.961760 14.855500
0.962171 17.834900
0.962582 33.290200
0.962993 5.736010
0.963405 9.321090
0.963816 6.399410
0.964227 46.357800
0.964638 10.958600
0.965049 22.390500
0.965461 12.133200
0.965872 4.083380
0.966283 25.500500
0.966694 20.607200
0.967105 10.379500
0.967516 35.012500
0.967928 4.117350
0.968339 23.780200
0.968750 8.449630
0.969161 23.240200
0.969572 8.776500
0.969984 15.967800
0.970395 11.580400
0.970806 91.563300
0.971217 30.008500
0.971628 12.107800
0.972039 7.617090
0.972451 29.041400
0.972862 29.343100
0.973273 19.446900
0.973684 9.476520
0.974095 83.332400
0.974507 6.264180
0.974918 62.401600
0.975329 11.644800
0.975740 16.895200
0.976151 39.860500
0.976562 24.100200
0.976974 11.662600
0.977385 16.100500
0.978207 7.409500
0.978618 5.297260
0.979030 36.339800
0.979441 18.487800
0.979852 5.252210
0.980263 5.916440
0.980674 44.292900
0.981086 24.456500
0.981497 16.413200
0.981908 16.749000
0.982319 46.943500
0.982730 52.984700
0.983141 8.334760
0.983553 10.996400
0.983964 34.641200
0.984375 16.328500
0.984786 50.829700
0.985197 56.022900
0.985609 22.746000
0.986020 5.489370
0.986431 12.288500
0.986842 4.955490
0.987253 63.652300
0.987664 12.341100
0.988076 40.022500
0.988487 1.772950
0.988898 10.999100
0.989309 7.495020
0.989720 8.460800
0.990132 16.392800
0.990543 26.353600
0.990954 15.947000
0.991365 18.625500
0.991776 42.845500
0.992188 35.916000
0.992599 7.304050
0.993010 22.306700
0.993421 20.962000
0.993832 4.467070
0.994243 14.008000
0.994655 32.845700
0.995066 24.409300
0.995477 10.031400
0.995888 49.027500
0.996299 29.311500
0.996711 37.708200
0.997122 32.585800
0.997533 9.635020
0.997944 66.072400
0.998355 10.247300
0.998766 2.172620
0.999178 19.322700
0.999589 11.986400
1.000000 21.876900
