0.000569 17.685000
0.001138 5.972050
0.001707 18.026000
0.002277 7.192710
0.002846 29.801500
0.003415 9.308420
0.003984 7.970150
0.004553 9.062820
0.005122 11.261800
0.005692 5.052520
0.006261 27.836800
0.006830 37.902300
0.007399 41.199600
0.007968 13.285700
0.008537 5.501210
0.009106 38.624600
0.009676 5.135290
0.010245 9.424390
0.010814 26.315400
0.027888 8.389800
0.028458 81.714900
0.029027 16.459600
0.029596 5.603670
0.030165 23.851100
0.030734 9.606540
0.031303 36.566300
0.031873 13.842000
0.032442 35.408400
0.033011 12.148500
0.033580 8.112440
0.034149 6.911540
0.034718 13.598500
0.035287 26.766700
0.035857 7.413110
0.036426 25.425600
0.036995 33.465100
0.037564 8.143760
0.038133 12.186800
0.038702 18.276400
0.039271 39.105900
0.039841 68.387000
0.040410 9.704630
0.040979 51.141600
0.041548 22.565800
0.042117 20.209400
0.042686 1.955610
0.043256 14.299200
0.043825 11.081900
0.044394 72.492900
0.044963 27.915900
0.045532 5.994040
0.046101 6.974280
0.046670 48.089900
0.047240 15.517000
0.047809 7.117300
0.048378 10.226800
0.048947 31.501000
0.049516 7.820370
0.050085 45.825900
0.050655 21.588000
0.051224 23.694400
0.051793 20.886000
0.052362 25.478700
0.052931 17.777700
0.053500 2.115450
0.054069 4.175930
0.054639 12.264400
0.055208 5.373260
0.055777 16.737900
0.056346 10.306000
0.056915 4.967940
0.057484 10.079600
0.058054 24.384800
0.058623 7.911080
0.059192 12.750100
0.059761 53.192300
0.060330 68.842700
0.060899 2.947910
0.061468 4.519020
0.062038 29.298400
0.062607 8.828450
0.063176 5.727110
0.063745 6.508520
0.064314 31.944000
0.064883 61.350700
0.065452 26.182800
0.066022 9.085960
0.066591 3.303560
0.067160 3.239450
0.067729 52.071500
0.070006 9.958660
0.070575 17.059900
0.071144 26.334100
0.071713 6.224190
0.072282 59.270100
0.072851 8.519940
0.073421 6.668540
0.084234 59.483000
0.084804 28.244900
0.085373 10.431800
0.085942 24.560700
0.086511 16.653900
0.087080 25.341400
0.087649 24.285800
0.088219 4.299640
0.088788 7.896470
0.089357 43.148200
0.089926 41.577800
0.090495 6.770230
0.091064 14.046300
0.091633 11.409700
0.092203 5.999850
0.092772 29.990600
0.093341 14.346700
0.093910 28.110300
0.094479 6.298540
0.095048 8.740200
0.095618 41.621900
0.096187 24.161300
0.096756 65.190700
0.097325 25.580900
0.097894 25.262000
0.098463 35.127200
0.099032 8.225610
0.099602 20.327600
0.100171 18.502300
0.100740 9.144790
0.101309 26.699300
0.101878 35.758300
0.102447 22.514500
0.103017 19.150300
0.103586 5.022480
0.108139 11.312900
0.108708 19.376300
0.109277 41.406500
0.109846 28.293600
0.110415 1.950730
0.110985 6.161140
0.111554 9.110990
0.112123 9.609280
0.112692 38.857200
0.113261 43.599200
0.113830 18.709000
0.114400 17.451300
0.114969 12.553400
0.115538 15.795600
0.116107 38.561600
0.116676 42.023300
0.117245 25.987300
0.117814 29.276100
0.118384 19.429600
0.118953 11.432300
0.119522 10.467200
0.120091 39.806900
0.120660 4.342450
0.121229 35.558800
0.121799 34.119800
0.122368 46.780200
0.122937 7.072420
0.123506 25.102600
0.124075 51.321800
0.124644 19.947300
0.125213 12.752200
0.125783 35.586800
0.126352 5.699360
0.145703 9.691900
0.146272 46.154900
0.146841 81.763700
0.147410 63.657500
0.147980 40.182000
0.148549 19.195200
0.149118 44.612700
0.149687 8.608650
0.150256 75.734000
0.150825 8.734960
0.151394 4.437340
0.151964 6.890980
0.152533 15.586500
0.153102 11.520300
0.153671 10.756400
0.154240 63.638100
0.154809 3.084430
0.155378 17.532200
0.155948 25.160000
0.156517 3.874420
0.157086 13.434000
0.157655 50.128400
0.158224 8.816000
0.158793 9.771090
0.159363 13.025000
0.159932 69.677000
0.160501 21.174500
0.161070 14.135100
0.161639 9.413870
0.162208 8.469770
0.162777 23.969300
0.163347 55.192600
0.163916 27.568000
0.164485 8.741720
0.165054 17.431000
0.165623 14.884700
0.166192 26.704100
0.166762 7.932320
0.167331 5.925160
0.167900 31.342300
0.168469 11.914700
0.169038 13.996000
0.169607 13.312100
0.170176 69.706000
0.170746 44.236200
0.171315 40.384500
0.171884 15.394700
0.172453 8.297430
0.173022 8.792850
0.173591 30.650600
0.174161 14.243800
0.174730 9.216650
0.175299 7.151870
0.175868 29.457600
0.176437 36.862900
0.177006 24.800600
0.177575 6.442960
0.178145 9.400820
0.178714 33.589700
0.180990 67.417800
0.181559 34.266200
0.182129 2.638990
0.182698 33.421400
0.183267 10.438200
0.183836 15.910600
0.184405 7.028370
0.184974 7.717830
0.185544 16.815000
0.186113 18.202500
0.186682 36.620700
0.187251 9.409140
0.187820 13.575300
0.188389 76.649700
0.188958 38.053900
0.189528 28.942200
0.190097 8.289530
0.190666 64.554200
0.191235 10.856300
0.191804 10.115100
0.192373 19.054000
0.192943 9.664690
0.193512 8.973080
0.194081 67.594100
0.194650 46.373400
0.195219 26.356400
0.195788 8.178170
0.196357 16.376200
0.196927 28.699600
0.197496 47.398000
0.198065 26.084800
0.198634 46.914300
0.199203 1.700280
0.199772 56.211100
0.200341 7.337640
0.200911 12.005800
0.201480 5.277060
0.202049 36.037300
0.202618 15.150100
0.203187 27.399100
0.203756 79.400700
0.204326 15.271800
0.204895 12.194100
0.205464 9.378290
0.206033 17.083700
0.206602 26.079900
0.207171 44.060200
0.207740 5.160170
0.208310 3.877780
0.208879 6.845170
0.209448 8.252250
0.210017 6.635340
0.210586 8.800990
0.211155 45.529100
0.211725 19.038200
0.212294 77.837100
0.212863 15.564800
0.213432 7.760860
0.214001 50.387400
0.218554 58.116000
0.219124 16.685800
0.219693 22.831900
0.220262 40.745500
0.220831 25.780400
0.221400 27.358400
0.221969 49.033700
0.222538 9.481940
0.223108 17.393800
0.223677 19.585300
0.224246 40.555800
0.224815 11.451700
0.225384 6.616960
0.225953 19.424600
0.226522 9.068350
0.227092 19.051200
0.227661 4.853390
0.228230 45.506200
0.228799 6.425440
0.229368 35.140000
0.229937 23.018100
0.230507 12.411300
0.231076 36.612000
0.231645 24.961700
0.232214 6.107280
0.232783 7.260560
0.233352 8.128210
0.233921 8.195630
0.234491 43.928800
0.235060 42.546500
0.235629 15.136200
0.236198 21.695700
0.236767 10.268300
0.237336 11.979900
0.237906 21.217300
0.238475 95.624300
0.239044 37.365200
0.239613 24.939600
0.240182 22.486200
0.240751 16.353600
0.241320 33.539200
0.241890 7.940310
0.242459 51.574000
0.243028 8.214660
0.243597 62.005000
0.244166 17.385700
0.244735 25.308000
0.245304 58.283700
0.245874 26.473800
0.246443 13.838600
0.247012 18.910000
0.247581 49.571100
0.248150 14.037900
0.248719 39.704700
0.249289 43.574000
0.249858 20.167100
0.250427 21.696900
0.250996 34.014600
0.251565 4.056290
0.252134 4.642160
0.252703 25.220000
0.253273 6.618010
0.253842 63.367600
0.254411 55.720900
0.254980 7.205760
0.255549 36.568200
0.256118 19.091300
0.256688 21.967700
0.257257 47.712500
0.257826 24.292900
0.258395 15.901700
0.258964 33.947500
0.259533 27.464500
0.260102 41.324400
0.260672 6.747980
0.261241 8.434890
0.261810 30.419400
0.262379 14.998200
0.262948 8.931560
0.263517 17.588200
0.264087 9.242650
0.264656 14.091000
0.265225 8.826430
0.265794 9.455130
0.266363 6.073950
0.266932 9.693040
0.267501 19.112000
0.268071 7.474660
0.268640 34.626000
0.269209 14.920300
0.269778 18.668000
0.270347 31.844200
0.270916 20.224100
0.271485 9.559420
0.272055 14.662200
0.272624 18.068800
0.273193 27.323500
0.273762 22.126000
0.274331 23.031600
0.274900 38.152700
0.275470 30.133600
0.276039 73.410100
0.276608 5.519610
0.277177 41.072100
0.277746 10.021900
0.278315 5.260150
0.278884 25.649600
0.279454 8.981760
0.280023 4.684800
0.280592 63.860500
0.281161 51.232900
0.281730 13.141200
0.282299 24.002600
0.282869 13.585100
0.283438 10.001700
0.284007 12.969900
0.284576 10.624700
0.285145 76.272800
0.285714 14.944100
0.286283 17.048200
0.286853 8.891490
0.287422 73.663700
0.287991 41.211300
0.288560 10.063800
0.289129 80.588400
0.289698 60.998600
0.290268 38.330800
0.290837 27.266600
0.291406 27.763200
0.291975 4.386540
0.292544 4.891690
0.293113 29.865600
0.293682 33.207400
0.294252 7.829210
0.294821 15.995700
0.295390 31.411700
0.295959 25.957600
0.296528 23.406900
0.297097 2.697490
0.297666 9.768950
0.298236 5.157250
0.298805 12.032900
0.299374 27.428700
0.299943 9.807610
0.300512 7.203820
0.301081 22.268700
0.301651 5.135170
0.302220 1.135930
0.302789 7.640180
0.303358 37.386600
0.303927 32.169900
0.304496 17.531100
0.305065 42.190900
0.305635 5.785510
0.306204 6.186580
0.306773 53.176900
0.307342 42.948700
0.307911 16.779100
0.308480 14.327800
0.309050 22.899000
0.309619 27.044300
0.310188 37.580300
0.310757 23.127200
0.311326 5.136490
0.311895 28.406900
0.312464 31.362500
0.313034 13.419700
0.313603 4.192260
0.314172 42.208800
0.314741 3.341450
0.315310 21.081600
0.315879 14.270100
0.316448 16.137000
0.317018 24.385900
0.317587 28.939000
0.318156 3.059370
0.318725 4.040390
0.319294 19.637100
0.319863 25.344900
0.320433 3.335250
0.321571 20.980300
0.322140 21.130800
0.322709 6.997370
0.323278 73.230400
0.323847 23.275100
0.324417 9.352830
0.324986 18.927600
0.325555 39.482600
0.326124 39.606600
0.326693 68.698000
0.327262 9.627180
0.327832 4.606130
0.328401 6.651270
0.328970 19.444600
0.329539 21.415200
0.330108 17.598000
0.330677 31.821400
0.331246 11.393700
0.331816 7.275540
0.332385 67.402600
0.332954 17.508900
0.333523 6.448260
0.334092 6.312220
0.334661 35.907700
0.335231 6.696080
0.335800 10.006300
0.336369 68.634800
0.336938 15.262200
0.337507 3.378280
0.338076 46.386300
0.338645 7.438020
0.339215 5.313650
0.339784 16.337800
0.340353 7.948890
0.340922 17.595000
0.342060 9.945950
0.342629 22.557000
0.343199 6.238090
0.343768 9.582080
0.344337 29.057100
0.344906 24.146200
0.345475 5.366260
0.346044 23.571800
0.346614 5.657740
0.347183 21.198500
0.347752 5.208780
0.348321 31.030800
0.348890 30.999900
0.349459 72.932800
0.350028 10.060300
0.350598 36.670000
0.351167 15.746800
0.351736 15.649300
0.352305 4.543100
0.352874 6.396000
0.353443 33.048200
0.354013 7.963880
0.354582 26.821700
0.355151 24.032600
0.355720 63.519000
0.356289 51.985700
0.356858 13.991000
0.357427 54.078700
0.357997 86.374000
0.358566 42.894800
0.359135 12.952900
0.359704 52.297900
0.360273 8.497700
0.360842 18.726000
0.361411 27.396700
0.361981 44.800600
0.362550 1.373580
0.363119 31.277700
0.363688 15.107900
0.364257 5.863480
0.364826 3.679510
0.365396 8.776500
0.365965 6.767020
0.366534 23.087800
0.367103 9.539220
0.367672 72.909900
0.368241 4.930330
0.368810 9.913080
0.369380 62.647800
0.369949 21.931700
0.370518 13.128700
0.371087 6.886550
0.371656 40.791000
0.372225 9.401420
0.372795 7.200160
0.373364 17.210500
0.373933 4.277930
0.374502 17.901300
0.375071 12.217100
0.375640 42.445400
0.376209 6.914550
0.376779 53.340900
0.377348 6.020650
0.377917 17.356600
0.378486 2.751500
0.379055 40.429600
0.379624 34.044600
0.380194 31.293400
0.380763 7.109920
0.381332 16.298900
0.381901 2.751460
0.382470 6.404910
0.383039 18.853500
0.383608 65.905200
0.384178 55.785500
0.384747 26.751100
0.385316 36.226700
0.385885 6.017870
0.386454 47.718500
0.387023 69.553400
0.387592 19.455000
0.388162 29.104300
0.388731 33.285700
0.389300 45.918500
0.389869 8.370670
0.390438 39.091700
0.391007 10.157800
0.391577 4.841620
0.392146 71.050900
0.392715 4.960780
0.393284 6.360770
0.393853 41.519200
0.394422 31.158300
0.394991 15.458100
0.395561 69.790200
0.396130 28.031900
0.396699 12.716600
0.397268 6.355590
0.397837 28.517800
0.398406 42.863700
0.398976 13.122600
0.399545 5.320310
0.400114 10.034500
0.400683 17.203400
0.401252 18.062000
0.401821 59.090700
0.402390 39.925000
0.402960 44.647300
0.403529 7.688590
0.404098 44.206000
0.404667 16.479500
0.405236 29.022400
0.405805 28.715000
0.406375 6.522530
0.406944 16.260600
0.407513 32.788900
0.408082 16.080400
0.408651 66.113300
0.409220 23.309600
0.409789 5.826850
0.410359 29.702700
0.410928 44.294700
0.411497 6.596640
0.412066 10.694000
0.412635 42.915700
0.413204 24.794400
0.413773 9.834910
0.414343 64.074100
0.414912 1.432660
0.415481 53.085700
0.416050 56.411000
0.416619 9.990290
0.417188 31.216500
0.417758 8.492710
0.418327 8.385850
0.418896 17.010100
0.419465 15.988300
0.420034 22.452100
0.420603 31.998000
0.421172 6.822140
0.421742 14.695000
0.422311 4.044410
0.422880 34.973400
0.423449 13.926800
0.424018 9.025970
0.424587 39.396000
0.425157 1.643010
0.425726 34.094700
0.426295 8.779140
0.426864 7.961830
0.427433 20.166700
0.428002 2.463890
0.428571 20.048400
0.429141 42.056900
0.429710 22.243400
0.430279 48.418100
0.430848 7.507190
0.431417 17.179300
0.431986 74.542900
0.432555 70.210200
0.433125 11.539400
0.433694 6.431420
0.434263 7.838970
0.434832 13.006100
0.435401 46.003500
0.435970 15.548700
0.436540 3.979270
0.437109 31.516600
0.437678 12.114400
0.438247 29.222800
0.438816 13.450800
0.439385 9.134160
0.439954 25.954000
0.440524 29.030900
0.441093 7.888390
0.441662 16.923500
0.442231 6.821180
0.442800 16.905700
0.443369 10.557500
0.443939 20.018600
0.444508 8.145900
0.445077 18.543800
0.445646 14.172500
0.446215 11.624500
0.446784 68.710400
0.447353 3.068620
0.447923 12.475700
0.448492 58.776100
0.449061 25.000800
0.449630 55.818200
0.450199 13.207500
0.450768 12.417700
0.451338 42.338200
0.451907 9.258850
0.452476 8.131170
0.453045 18.333900
0.453614 79.960400
0.454183 70.824500
0.454752 18.423200
0.455322 6.534820
0.455891 39.142600
0.456460 18.680000
0.457029 13.325400
0.457598 91.603500
0.458167 9.982270
0.458736 14.838900
0.459306 98.730900
0.459875 49.519300
0.460444 9.336290
0.461013 15.919000
0.461582 5.430080
0.462151 34.297000
0.462721 49.453700
0.463290 21.915700
0.463859 16.852400
0.464428 2.827860
0.464997 5.902890
0.465566 12.811800
0.466135 18.879500
0.466705 78.349500
0.467274 29.381900
0.467843 4.604100
0.468412 10.855700
0.468981 11.608300
0.469550 44.886000
0.470120 18.392000
0.470689 43.142200
0.471258 14.320600
0.471827 52.302200
0.472396 6.975550
0.472965 14.943400
0.473534 9.072740
0.474104 35.246300
0.474673 23.649100
0.475242 7.290120
0.475811 14.756900
0.476380 20.667200
0.476949 9.509200
0.477518 32.930200
0.478088 14.650500
0.478657 21.879500
0.479226 35.921200
0.479795 20.617500
0.480364 4.076350
0.480933 3.283050
0.481503 15.473400
0.482072 30.897500
0.482641 5.048210
0.483210 15.050300
0.483779 9.225290
0.484348 7.730420
0.484917 39.975200
0.485487 23.068300
0.486056 9.805800
0.486625 34.663400
0.487194 29.414300
0.487763 14.264500
0.488332 25.111900
0.488902 27.518700
0.489471 63.141000
0.490040 9.544450
0.490609 25.488700
0.491178 10.832400
0.491747 18.107400
0.492316 48.467200
0.492886 14.383300
0.493455 15.863300
0.494024 4.919350
0.494593 9.467950
0.495162 8.210100
0.496870 69.529000
0.497439 4.820140
0.498008 38.766000
0.498577 21.842000
0.499146 11.116100
0.499715 63.670000
0.500285 13.253400
0.500854 9.684560
0.501423 25.585100
0.501992 67.513300
0.502561 2.958390
0.503130 15.902100
0.503699 9.582010
0.504269 15.259800
0.504838 28.770200
0.505407 36.919800
0.505976 56.315700
0.506545 25.675900
0.507114 11.233500
0.507684 15.545000
0.508253 41.951600
0.508822 21.023100
0.509391 5.682370
0.509960 13.705700
0.510529 11.233200
0.511098 48.702200
0.511668 17.598600
0.512237 58.708100
0.512806 6.358990
0.513375 26.480600
0.513944 3.655900
0.514513 28.315300
0.515083 45.881200
0.515652 22.621800
0.516221 83.418400
0.516790 44.063900
0.517359 20.572800
0.517928 5.244600
0.518497 6.725310
0.519067 36.058300
0.519636 10.008500
0.520205 7.465190
0.520774 13.851200
0.521343 17.891000
0.521912 40.227100
0.522482 1.680570
0.523051 9.694110
0.523620 37.394600
0.524189 9.990250
0.524758 12.140200
0.525327 4.988110
0.525896 29.318400
0.526466 45.540900
0.527035 40.126700
0.527604 10.341200
0.528173 3.026780
0.528742 78.131000
0.529311 1.873180
0.529880 54.919500
0.530450 1.748720
0.531019 8.925140
0.531588 8.338530
0.532157 15.058900
0.532726 14.665700
0.533295 9.331870
0.533865 20.486600
0.534434 26.387300
0.535003 8.593960
0.535572 8.568430
0.536141 10.030100
0.536710 15.481200
0.537279 18.278500
0.537849 15.915700
0.538418 7.965500
0.538987 19.670100
0.539556 66.631200
0.540125 10.204700
0.540694 24.464600
0.541264 5.458500
0.541833 59.393600
0.542402 19.652400
0.542971 40.902400
0.543540 28.794900
0.544109 7.506540
0.544678 22.073600
0.545248 11.924200
0.545817 71.014900
0.546386 7.705560
0.546955 19.754900
0.547524 8.154750
0.548093 11.257000
0.548662 22.520100
0.549232 35.572900
0.549801 21.243200
0.550370 19.882900
0.550939 10.089200
0.551508 18.215800
0.552077 32.575700
0.552647 7.437410
0.553216 15.573900
0.553785 25.716000
0.554354 40.496800
0.554923 14.988500
0.555492 77.549500
0.556061 4.957800
0.556631 18.295100
0.557200 16.201800
0.557769 35.137100
0.558338 9.918290
0.558907 3.794170
0.559476 32.614300
0.560046 23.404700
0.560615 9.538720
0.561184 37.694800
0.561753 18.352500
0.562322 34.824300
0.562891 18.284000
0.563460 80.182200
0.564030 9.739610
0.564599 52.220400
0.565168 36.136100
0.565737 69.702900
0.566306 6.190360
0.566875 9.578960
0.567445 16.244100
0.568014 68.166400
0.568583 11.327900
0.569152 29.292300
0.569721 5.421820
0.570290 6.151280
0.570859 10.191000
0.571429 9.473650
0.571998 50.440800
0.572567 23.332900
0.573136 32.608600
0.573705 26.306000
0.574274 25.313100
0.574843 7.092350
0.575413 38.682100
0.575982 2.675400
0.576551 18.380700
0.577120 18.490700
0.577689 67.626700
0.578258 88.173000
0.578828 69.992100
0.579397 8.766720
0.579966 15.514900
0.580535 22.697700
0.581104 35.084100
0.581673 8.096170
0.582242 5.565700
0.582812 9.061440
0.583381 8.549120
0.583950 21.083100
0.584519 6.689380
0.585088 58.259700
0.585657 42.901500
0.586227 16.726000
0.586796 10.831800
0.587365 15.855800
0.587934 15.956500
0.588503 14.530700
0.589072 7.663340
0.589641 20.209900
0.590211 57.441900
0.590780 8.886340
0.591349 9.296220
0.591918 39.342600
0.592487 6.727170
0.593056 9.853300
0.593625 36.639500
0.594195 15.505100
0.594764 24.189600
0.595333 2.165150
0.595902 3.327910
0.596471 21.530000
0.597040 31.972000
0.597610 31.212000
0.598179 29.609800
0.598748 19.177900
0.599317 9.956870
0.599886 14.058700
0.600455 14.415800
0.601024 41.759200
0.601594 4.423260
0.602163 30.573200
0.602732 10.880500
0.603301 82.158100
0.603870 16.729100
0.604439 9.475090
0.605009 11.207700
0.605578 9.630300
0.606147 18.994900
0.606716 16.167600
0.607285 14.094400
0.607854 39.477700
0.608423 9.991070
0.608993 11.031000
0.609562 44.105000
0.610131 27.054300
0.610700 39.344100
0.611269 10.721000
0.611838 4.716370
0.612408 5.884480
0.612977 5.749440
0.613546 42.761200
0.614115 81.706800
0.614684 2.935370
0.615253 8.587580
0.615822 8.201980
0.616392 7.274550
0.616961 18.108900
0.617530 4.270080
0.618099 21.241900
0.618668 24.985900
0.619237 9.136460
0.619806 20.703800
0.620376 22.060800
0.620945 49.869300
0.621514 31.789100
0.622083 12.731800
0.622652 11.062600
0.623221 5.092090
0.623791 22.145600
0.624360 5.647730
0.624929 29.965700
0.625498 27.540700
0.626067 5.947970
0.626636 47.113000
0.627205 58.668100
0.627775 5.116660
0.628344 31.022500
0.628913 1.860640
0.629482 18.324300
0.630051 6.701070
0.630620 23.083900
0.631190 18.430600
0.631759 8.580630
0.632328 52.174800
0.632897 48.193800
0.633466 8.594530
0.634035 47.327000
0.634604 34.954200
0.635174 30.405700
0.635743 2.564740
0.636312 20.283400
0.636881 51.138400
0.637450 39.323100
0.638019 27.199200
0.638589 37.007700
0.639158 30.647400
0.639727 22.819600
0.640296 44.766000
0.640865 47.774800
0.641434 5.224510
0.642003 25.811100
0.642573 3.685060
0.643142 62.946200
0.643711 69.221400
0.644280 17.428600
0.644849 5.605320
0.645418 16.116200
0.645987 14.144100
0.646557 9.560540
0.647126 49.492600
0.647695 1.668100
0.648264 30.981900
0.648833 35.078100
0.649402 8.640730
0.649972 5.374420
0.650541 13.213200
0.651110 24.972200
0.651679 6.737930
0.652248 51.523900
0.652817 21.393100
0.653386 20.400500
0.653956 28.069900
0.654525 26.833900
0.655094 31.576100
0.655663 5.930020
0.656232 9.810220
0.656801 10.520000
0.657371 9.335350
0.657940 54.701600
0.658509 10.503500
0.659078 10.626500
0.659647 5.451540
0.660216 8.120370
0.660785 5.291040
0.661355 57.540800
0.661924 23.383700
0.662493 15.439600
0.663062 2.023860
0.663631 14.323700
0.664200 24.546300
0.664769 6.730320
0.665339 39.972900
0.665908 5.028710
0.666477 37.707800
0.667046 8.807870
0.667615 8.652790
0.668184 88.493200
0.668754 8.577030
0.669323 28.618600
0.669892 22.396700
0.670461 60.296500
0.671030 23.604900
0.671599 43.840600
0.672168 15.811900
0.672738 12.208400
0.673307 38.424500
0.673876 8.560840
0.674445 34.392900
0.675014 22.839900
0.675583 16.184000
0.676153 19.613200
0.676722 36.000500
0.677291 20.801500
0.677860 48.860100
0.678429 48.547300
0.678998 33.853600
0.679567 5.452980
0.680137 9.312970
0.680706 24.914500
0.681275 18.872800
0.681844 19.201800
0.682413 3.771560
0.682982 21.552300
0.683552 35.029000
0.684121 73.799000
0.684690 9.878740
0.685259 17.885800
0.685828 1.823000
0.686397 37.147800
0.686966 7.998560
0.687536 10.129500
0.688105 19.423800
0.688674 29.830200
0.689243 13.876900
0.689812 46.703500
0.690381 2.929920
0.690950 3.803250
0.691520 27.047800
0.692089 19.859900
0.692658 12.018400
0.693227 27.139100
0.693796 44.306200
0.694365 20.449300
0.694935 56.526000
0.695504 42.687400
0.696073 23.167500
0.696642 19.444500
0.697211 4.639580
0.697780 27.583100
0.698349 22.634600
0.698919 10.425600
0.699488 17.295400
0.700057 26.630600
0.700626 5.449690
0.701195 18.256400
0.701764 18.875500
0.702334 17.054000
0.702903 12.793000
0.703472 16.834100
0.704041 5.778080
0.704610 12.348400
0.705179 66.646900
0.705748 2.992680
0.706318 14.898000
0.706887 14.178800
0.707456 5.354870
0.708025 16.082100
0.708594 7.480400
0.709163 5.159160
0.709732 12.001200
0.710302 12.778100
0.710871 34.521400
0.711440 57.591300
0.712009 22.030400
0.712578 15.423800
0.713147 29.118900
0.713717 19.777800
0.714286 9.338470
0.714855 7.693820
0.715424 8.188520
0.715993 31.919000
0.716562 16.937300
0.717131 10.425700
0.717701 14.277500
0.718270 57.013800
0.718839 20.086900
0.719408 62.998700
0.719977 8.466320
0.720546 16.325700
0.721116 24.592800
0.721685 29.036900
0.722254 18.553200
0.722823 24.577600
0.723392 1.704300
0.723961 19.067400
0.724530 8.755070
0.725100 66.633200
0.725669 91.942500
0.726238 43.833500
0.726807 38.046800
0.727376 35.919300
0.727945 6.082570
0.728515 9.341270
0.729084 33.759800
0.729653 14.293100
0.730222 5.772460
0.730791 4.247960
0.731360 1.636330
0.731929 46.080100
0.732499 66.519800
0.733068 18.946000
0.733637 15.753900
0.734206 16.566000
0.734775 21.331800
0.735344 48.000700
0.735913 2.844500
0.736483 2.495400
0.737052 47.171900
0.737621 33.922500
0.738190 13.515700
0.738759 6.625530
0.739328 15.652100
0.739898 34.578200
0.740467 10.664100
0.741036 8.561140
0.741605 13.200800
0.742174 25.745500
0.742743 14.237700
0.743312 49.993700
0.743882 7.112890
0.744451 66.137700
0.745020 28.639000
0.745589 11.320200
0.746158 35.555100
0.746727 6.666610
0.747297 16.771500
0.747866 18.704200
0.748435 20.296300
0.749004 40.574100
0.749573 8.810130
0.750142 18.915500
0.750711 2.550330
0.751281 4.644230
0.751850 16.645300
0.752419 28.951200
0.752988 12.503100
0.753557 52.405800
0.754126 9.303680
0.754696 11.673300
0.755265 10.698500
0.755834 26.988200
0.756403 44.966800
0.756972 39.471400
0.757541 19.259400
0.758110 6.003830
0.758680 25.424300
0.759249 16.891100
0.759818 14.120500
0.760387 7.053570
0.760956 6.807950
0.761525 39.928300
0.762094 6.636010
0.762664 24.189700
0.763233 36.265900
0.763802 7.908910
0.764371 7.321920
0.764940 23.505800
0.765509 12.684300
0.766079 54.635000
0.766648 1.638890
0.767217 8.382060
0.767786 44.527400
0.768355 7.568690
0.768924 22.958100
0.769493 13.898700
0.770063 6.884120
0.770632 10.410600
0.771201 11.504100
0.771770 80.742500
0.772339 11.330000
0.772908 16.667600
0.773478 11.083700
0.774047 5.784870
0.774616 63.767000
0.775185 11.824500
0.775754 46.022000
0.776323 31.147100
0.776892 72.195900
0.777462 75.217000
0.778031 22.299300
0.778600 8.188490
0.779169 40.036700
0.779738 11.214700
0.780307 15.928200
0.780876 4.723700
0.781446 5.687740
0.782015 12.442700
0.782584 55.349200
0.783153 4.332390
0.783722 9.330350
0.784291 6.471190
0.784861 80.015000
0.785430 16.015700
0.785999 5.018870
0.786568 27.456200
0.787137 40.574500
0.787706 8.550380
0.788275 27.361500
0.788845 16.035000
0.789414 24.476500
0.789983 11.200500
0.790552 26.440800
0.791121 44.685800
0.791690 57.223600
0.792260 83.679500
0.792829 44.931100
0.793398 33.962200
0.793967 7.836920
0.794536 16.708100
0.795105 4.592390
0.795674 17.475800
0.796244 15.215300
0.796813 16.438000
0.797382 4.988560
0.797951 4.552240
0.798520 31.601900
0.799089 10.635400
0.799659 48.167400
0.800228 34.415400
0.800797 26.259600
0.801366 33.304100
0.801935 34.713500
0.802504 11.287900
0.803073 35.344200
0.803643 16.328100
0.804212 27.061800
0.804781 34.835500
0.805350 13.383600
0.805919 14.271800
0.806488 39.747600
0.807057 44.275300
0.807627 8.603930
0.808196 16.926300
0.808765 44.313700
0.809334 16.294900
0.809903 62.379300
0.810472 18.081800
0.811042 12.646900
0.811611 44.373100
0.812180 30.940800
0.812749 3.606470
0.813318 17.113800
0.813887 83.632800
0.814456 13.048500
0.815026 33.092000
0.815595 12.443000
0.816164 13.922600
0.816733 34.415900
0.817302 7.409500
0.817871 11.721700
0.818441 15.007300
0.819010 7.480470
0.819579 13.252800
0.820148 18.482900
0.820717 19.208200
0.821286 3.733210
0.821855 73.947500
0.822425 23.895500
0.822994 36.948200
0.823563 8.385040
0.824132 19.090800
0.824701 13.948800
0.825270 16.218000
0.825839 37.064900
0.826409 15.156400
0.826978 22.579100
0.827547 7.622000
0.828116 38.648600
0.828685 15.082000
0.829254 6.896220
0.829824 9.944440
0.830393 2.143470
0.830962 27.741100
0.831531 6.715140
0.832100 18.284100
0.832669 36.515800
0.833238 48.896300
0.833808 52.660400
0.834377 35.909800
0.834946 6.745550
0.835515 6.691760
0.836084 27.461000
0.836653 11.010700
0.837223 16.555300
0.837792 71.660100
0.838361 31.852000
0.838930 12.578400
0.839499 17.827900
0.840068 49.911100
0.840637 69.200400
0.841207 8.903760
0.841776 38.954900
0.842345 21.905400
0.842914 9.411080
0.843483 15.858600
0.844052 3.125090
0.844622 18.008300
0.845191 63.794700
0.845760 9.434900
0.846329 44.417100
0.846898 67.808000
0.847467 8.901120
0.848036 42.784700
0.848606 21.355700
0.849175 28.673200
0.849744 28.741700
0.850313 10.536100
0.850882 27.378500
0.851451 35.222200
0.852020 48.412500
0.852590 16.017500
0.853159 69.665600
0.853728 29.942500
0.854297 16.309400
0.854866 18.358400
0.855435 53.208600
0.856005 20.690800
0.856574 10.572600
0.857143 52.901200
0.857712 11.818100
0.858281 21.470300
0.858850 24.037800
0.859419 42.672100
0.859989 19.150000
0.860558 49.977500
0.861127 22.196900
0.861696 6.738350
0.862265 16.789700
0.862834 15.709400
0.863404 10.078000
0.863973 2.908180
0.864542 12.603900
0.865111 11.261200
0.865680 17.327000
0.866249 31.008900
0.866818 19.091800
0.867388 74.586900
0.867957 13.670600
0.868526 19.887400
0.869095 23.583500
0.869664 6.167950
0.870233 26.729800
0.870803 22.878600
0.871372 17.457100
0.871941 25.847700
0.872510 9.294230
0.873079 20.960800
0.873648 42.613000
0.874217 18.212200
0.874787 41.156200
0.875356 17.462300
0.875925 28.092900
0.876494 21.190700
0.877063 6.444220
0.877632 29.077600
0.878201 19.966000
0.878771 14.798800
0.879340 18.457100
0.879909 24.266100
0.880478 4.259420
0.881047 53.802800
0.881616 9.266590
0.882186 13.680500
0.882755 9.706070
0.883324 6.363490
0.883893 11.344100
0.884462 41.488000
0.885031 16.334000
0.885600 36.112300
0.886170 12.231800
0.886739 8.125430
0.887308 9.998810
0.887877 3.943720
0.888446 91.027000
0.889015 34.754400
0.889585 12.462200
0.890154 46.112100
0.890723 11.544200
0.891292 12.393600
0.891861 57.440400
0.892430 9.914400
0.892999 13.697600
0.893569 11.222500
0.894138 9.441440
0.894707 3.790690
0.895276 19.542000
0.895845 38.031200
0.896414 53.013200
0.896983 20.042200
0.897553 42.779400
0.898122 17.634400
0.898691 24.179500
0.899260 2.195330
0.899829 35.112100
0.900398 84.651700
0.900968 32.531000
0.901537 21.488500
0.902106 3.533820
0.902675 61.333200
0.903244 9.818210
0.903813 2.831610
0.904382 64.640600
0.904952 38.050000
0.905521 2.757120
0.906090 18.031600
0.906659 82.947200
0.907228 20.533400
0.907797 18.012400
0.908367 2.807580
0.908936 75.498100
0.909505 13.651400
0.910074 5.048570
0.910643 1.770840
0.911212 5.691410
0.911781 27.209900
0.912351 18.203800
0.912920 37.371000
0.913489 16.205700
0.914058 43.752800
0.914627 5.357030
0.915196 23.826600
0.915766 35.704300
0.916335 8.480900
0.916904 7.819670
0.917473 5.339500
0.918042 6.727750
0.918611 13.404100
0.919180 16.566100
0.919750 22.477400
0.920319 7.525000
0.920888 7.214680
0.921457 59.555700
0.922026 40.691200
0.922595 37.352300
0.923164 26.298300
0.923734 7.975490
0.924303 29.380200
0.924872 34.177900
0.925441 7.026530
0.926010 24.547300
0.926579 6.674890
0.927149 69.992800
0.927718 22.981500
0.928287 16.055900
0.928856 9.899040
0.929425 6.562680
0.929994 82.892300
0.930563 23.867000
0.931133 48.347100
0.931702 41.164000
0.932271 14.231000
0.932840 21.130700
0.933409 15.406300
0.933978 3.232720
0.934548 56.158500
0.935117 42.398200
0.935686 18.022500
0.936255 39.819700
0.936824 55.009600
0.937393 28.146400
0.937962 19.295600
0.938532 11.032900
0.939101 8.438710
0.939670 35.653600
0.940239 21.337200
0.940808 21.489500
0.941377 41.640400
0.941946 37.232300
0.942516 5.968430
0.943085 21.496300
0.943654 8.595310
0.944223 10.541400
0.944792 14.567000
0.945361 27.956000
0.945931 3.028090
0.946500 4.490130
0.947069 20.503300
0.947638 12.818400
0.948207 29.461600
0.948776 8.125690
0.949345 71.532800
0.949915 49.795200
0.950484 67.657000
0.951053 29.354900
0.951622 8.135600
0.952191 79.088100
0.952760 18.555100
0.953330 24.353000
0.953899 7.838890
0.954468 16.827800
0.955037 17.070600
0.955606 21.967800
0.956175 3.059340
0.956744 14.220700
0.957314 66.133100
0.957883 46.187300
0.958452 32.053000
0.959021 5.711180
0.959590 20.352000
0.960159 40.024600
0.960729 7.805930
0.961298 5.588780
0.961867 60.398800
0.962436 47.842100
0.963005 37.361800
0.963574 6.944710
0.964143 13.300900
0.964713 16.544000
0.965282 6.049840
0.965851 6.196340
0.966420 3.632080
0.966989 37.026300
0.967558 13.208100
0.968127 13.330600
0.968697 2.288390
0.969266 10.187200
0.969835 7.460140
0.970404 21.393300
0.970973 8.810140
0.971542 6.128560
0.972112 7.575850
0.972681 68.799100
0.973250 8.849840
0.973819 21.904100
0.974388 6.197230
0.974957 17.273900
0.975526 5.549380
0.976096 75.635400
0.976665 55.732700
0.977234 8.369930
0.977803 21.128500
0.978372 32.915700
0.978941 43.925900
0.979511 45.125700
0.980080 43.152200
0.980649 80.355800
0.981218 21.411100
0.981787 14.750700
0.982356 25.967900
0.982925 9.987120
0.983495 53.560500
0.984064 4.822610
0.984633 12.710500
0.985202 7.107000
0.985771 14.541300
0.986340 18.240600
0.986910 46.875700
0.987479 15.577700
0.988048 49.354700
0.988617 32.594700
0.989186 22.573000
0.989755 38.939500
0.990324 12.213000
0.990894 21.609800
0.991463 13.980600
0.992032 4.017650
0.992601 8.827060
0.993170 10.739000
0.993739 10.096800
0.994308 94.371700
0.994878 43.752500
0.995447 46.293900
0.996016 26.033600
0.996585 41.469000
0.997154 5.862050
0.997723 35.014700
0.998293 8.003790
0.998862 13.232100
0.999431 5.887890
1.000000 28.553500
