0.000504 7.103940
0.001008 28.082800
0.001511 12.298900
0.002015 39.480000
0.002519 4.657590
0.003023 21.962800
0.003526 6.557270
0.004030 24.200500
0.004534 18.025300
0.005038 76.837400
0.005542 36.041200
0.006045 11.238000
0.006549 68.576400
0.007053 35.868300
0.007557 36.477200
0.008060 22.186500
0.008564 14.448300
0.009068 9.893150
0.009572 6.961950
0.010076 64.098700
0.010579 13.148800
0.011083 64.225900
0.011587 18.096600
0.012091 3.526310
0.012594 32.931600
0.013098 65.021500
0.013602 23.808300
0.014106 75.775800
0.014610 8.188150
0.015113 4.743800
0.015617 21.965100
0.016121 24.531800
0.016625 8.216870
0.017128 43.715600
0.017632 23.539100
0.018136 6.381920
0.018640 30.263600
0.019144 33.201300
0.019647 5.022440
0.020151 10.409300
0.020655 11.690800
0.021159 17.842900
0.021662 5.835920
0.022166 36.856900
0.022670 9.555950
0.023174 8.420920
0.023678 17.567200
0.024181 24.061500
0.024685 5.995020
0.025189 1.740610
0.025693 4.990460
0.026196 21.627700
0.026700 28.775100
0.027204 8.023180
0.027708 1.995910
0.028212 20.124300
0.028715 20.459200
0.029219 32.084900
0.029723 3.279390
0.030227 40.647000
0.030730 12.435000
0.031234 6.683900
0.031738 9.372450
0.032242 19.682100
0.032746 7.443730
0.033249 11.423700
0.033753 66.724400
0.034257 16.350500
0.034761 3.376670
0.035264 7.348990
0.035768 25.643300
0.036272 10.171200
0.036776 15.598700
0.052897 8.389800
0.053401 10.913800
0.053904 7.432030
0.054408 10.673600
0.054912 10.379200
0.055416 32.675200
0.055919 27.998500
0.056423 17.180900
0.056927 5.695440
0.057431 7.496960
0.057935 88.498500
0.073048 9.691900
0.073552 8.909680
0.074055 18.671200
0.074559 42.265500
0.075063 8.986140
0.075567 56.366200
0.076071 6.146460
0.076574 8.568420
0.077078 11.807500
0.077582 2.922910
0.078086 12.363900
0.078589 46.703300
0.079093 13.015900
0.079597 11.903200
0.080101 68.871200
0.080605 3.361620
0.081108 23.242900
0.081612 20.208600
0.082116 44.983300
0.082620 28.312000
0.083123 22.288300
0.083627 8.780510
0.084131 35.522600
0.084635 4.248590
0.088161 58.116000
0.088665 30.640000
0.089169 5.550550
0.089673 25.866400
0.090176 15.260000
0.090680 32.303700
0.091184 14.431100
0.091688 21.191300
0.092191 7.657650
0.092695 72.269400
0.093199 19.026100
0.093703 16.225400
0.094207 5.130930
0.094710 56.318000
0.095214 17.015300
0.095718 56.754300
0.096222 21.335600
0.096725 3.296140
0.097229 3.150710
0.098741 9.509200
0.099244 45.572100
0.099748 10.553400
0.100252 55.674300
0.100756 65.571500
0.101259 22.690600
0.101763 3.173650
0.102267 19.465700
0.102771 15.553800
0.103275 30.205600
0.103778 14.318500
0.104282 9.719920
0.104786 12.884900
0.105290 34.081300
0.105793 23.333700
0.106297 49.749100
0.106801 3.298480
0.107305 74.837600
0.107809 9.037830
0.108312 9.085740
0.108816 29.642600
0.109320 36.273400
0.109824 77.734600
0.110327 4.231170
0.110831 5.896270
0.111335 36.973900
0.111839 11.103400
0.112343 2.005080
0.112846 6.406950
0.113350 19.020400
0.113854 74.352400
0.114358 14.940700
0.114861 52.682900
0.115365 19.545800
0.115869 18.428900
0.116373 17.941700
0.116877 58.620000
0.117380 4.321830
0.117884 7.405010
0.118388 36.091400
0.118892 57.232100
0.119395 74.359300
0.119899 11.168200
0.120403 8.748900
0.120907 7.717310
0.121411 10.129800
0.121914 19.095200
0.122418 5.468730
0.122922 1.189810
0.123426 2.714270
0.123929 21.644600
0.124433 26.207500
0.124937 6.635200
0.125441 56.100200
0.125945 13.956800
0.126448 22.837800
0.126952 5.553210
0.127456 13.203800
0.127960 11.238400
0.128463 13.206500
0.128967 7.872540
0.129471 28.967000
0.129975 16.576300
0.130479 22.368900
0.130982 8.138580
0.131486 6.904730
0.131990 10.557700
0.132494 47.953400
0.132997 13.437700
0.133501 27.158500
0.134005 2.216010
0.144081 59.483000
0.144584 12.859900
0.145088 14.048900
0.145592 4.542250
0.146096 29.022400
0.146599 14.851700
0.147103 28.802700
0.147607 23.432500
0.148111 4.507690
0.148615 28.535800
0.149118 38.163400
0.149622 25.368800
0.150126 10.498000
0.150630 11.312900
0.151134 11.296200
0.151637 7.831600
0.152141 24.864800
0.152645 9.339590
0.153149 6.139770
0.153652 48.873300
0.154156 14.025900
0.154660 18.951300
0.155164 13.901200
0.155668 8.348110
0.156171 14.881200
0.156675 51.007000
0.157179 6.259790
0.157683 31.640500
0.158186 25.837600
0.158690 45.649000
0.159194 10.151700
0.159698 29.243900
0.160202 12.306200
0.160705 1.665570
0.161209 16.714100
0.161713 66.076900
0.162217 6.992360
0.162720 13.234000
0.163224 9.621760
0.163728 58.881600
0.164232 8.042250
0.164736 10.764400
0.165239 6.665450
0.165743 5.895570
0.166247 9.578190
0.166751 14.017500
0.167254 48.260100
0.167758 26.508600
0.168262 16.701600
0.168766 19.631600
0.169270 35.467200
0.169773 13.760100
0.170277 28.087100
0.170781 6.141940
0.171285 18.873200
0.171788 9.889550
0.172292 12.870000
0.172796 6.231090
0.173300 78.862800
0.173804 15.285900
0.174307 50.437200
0.174811 11.394900
0.175315 10.847600
0.175819 8.882140
0.176322 47.470900
0.176826 30.830100
0.177330 26.313300
0.177834 7.065050
0.178338 39.452900
0.178841 8.747560
0.179345 9.037720
0.179849 9.704580
0.180353 9.839820
0.180856 21.105000
0.181360 16.142500
0.181864 8.267020
0.182368 27.795800
0.182872 73.784900
0.183375 31.017800
0.183879 45.367500
0.184383 57.699100
0.185390 6.012880
0.185894 5.262800
0.186398 10.367900
0.186902 13.977700
0.187406 17.512100
0.187909 66.769100
0.188413 1.645630
0.188917 43.288500
0.189421 17.475600
0.189924 36.710000
0.190428 5.884850
0.190932 6.390040
0.191436 6.931700
0.191940 20.017100
0.192443 17.879900
0.192947 7.385550
0.193451 14.845400
0.193955 9.588070
0.194458 38.200500
0.194962 28.782200
0.195466 30.814800
0.195970 3.643660
0.196474 42.554500
0.196977 31.394300
0.197481 27.816500
0.197985 23.788300
0.198489 4.378490
0.198992 59.342800
0.199496 33.552900
0.200000 18.545100
0.200504 5.661580
0.201008 6.010280
0.201511 9.044400
0.202015 3.416880
0.202519 14.802800
0.203023 17.543400
0.203526 37.390400
0.204030 30.798900
0.204534 15.219400
0.205038 22.023000
0.205542 73.806200
0.206045 1.793830
0.206549 6.805040
0.207053 61.455700
0.207557 21.572900
0.208060 29.991600
0.208564 14.923900
0.209068 7.544190
0.209572 56.701200
0.210076 20.587300
0.210579 5.316940
0.211083 59.927000
0.211587 12.858400
0.212091 51.778400
0.212594 55.807300
0.213098 35.051500
0.215113 8.324900
0.215617 14.389000
0.216121 18.674400
0.216625 92.569700
0.217128 64.308900
0.217632 22.354300
0.218136 8.403120
0.218640 61.677100
0.219144 31.161800
0.219647 4.505170
0.220151 2.330100
0.220655 2.201680
0.221662 9.805800
0.222166 4.806600
0.222670 19.946300
0.223174 49.233000
0.223678 34.926800
0.224181 8.409940
0.224685 31.796800
0.225189 27.396200
0.225693 11.887800
0.226196 4.770150
0.226700 26.890000
0.227204 11.625900
0.227708 9.369570
0.228212 5.630570
0.228715 24.074600
0.229219 47.430400
0.229723 5.550890
0.230227 18.944200
0.230730 14.368700
0.231234 53.927700
0.231738 29.883600
0.232242 18.385600
0.232746 36.120100
0.233249 5.742950
0.233753 30.102200
0.234257 46.535200
0.234761 42.338300
0.235264 6.813310
0.235768 45.091100
0.236272 41.419000
0.236776 83.755200
0.237280 16.965200
0.237783 7.237270
0.238287 34.737200
0.238791 55.821200
0.239295 22.902600
0.239798 32.336400
0.240302 63.364500
0.240806 57.742700
0.241310 5.483100
0.241814 28.365100
0.242317 11.631800
0.242821 6.877400
0.243325 67.202500
0.243829 13.094900
0.244332 63.734800
0.244836 6.569740
0.245340 18.827800
0.245844 59.262200
0.246348 7.721830
0.246851 30.834500
0.247355 47.796300
0.247859 1.771890
0.248363 4.229310
0.248866 4.889780
0.249370 11.158100
0.249874 43.750700
0.250378 8.539520
0.250882 24.458800
0.251385 13.937100
0.251889 36.823400
0.252393 57.938300
0.252897 15.842500
0.253401 23.397700
0.253904 4.093370
0.254408 16.353100
0.254912 40.071600
0.255416 57.252100
0.255919 1.807310
0.256423 17.403700
0.256927 60.162100
0.257431 42.417700
0.257935 24.123000
0.258438 7.013570
0.258942 28.697700
0.259446 21.434100
0.259950 19.692300
0.260453 7.761010
0.260957 15.176400
0.261461 8.875650
0.261965 6.314270
0.262469 21.187900
0.262972 5.969720
0.263476 31.399700
0.263980 30.515800
0.264484 6.460780
0.264987 17.190000
0.265491 63.188500
0.265995 55.763800
0.266499 13.373300
0.267003 20.760400
0.267506 49.201300
0.268010 6.483760
0.268514 24.694700
0.269018 34.800000
0.269521 23.884300
0.270025 72.947600
0.270529 15.365000
0.271033 28.074100
0.271537 36.554900
0.272040 22.612300
0.272544 79.436000
0.273048 10.514200
0.273552 7.519020
0.274055 9.716240
0.274559 15.279900
0.275063 9.265260
0.275567 22.050000
0.276071 55.369800
0.276574 9.233330
0.277078 8.568280
0.277582 48.911500
0.278086 56.992100
0.278589 26.985900
0.279093 28.885400
0.279597 12.761900
0.280101 7.235400
0.280605 15.787000
0.281108 31.520800
0.281612 16.009300
0.282116 23.064700
0.282620 16.611700
0.283123 6.853290
0.283627 6.282830
0.284131 39.652500
0.284635 31.047800
0.285139 5.313990
0.285642 39.363000
0.286146 7.090090
0.286650 18.079500
0.287154 29.682700
0.287657 13.828600
0.288161 24.830400
0.288665 3.293600
0.289169 6.103090
0.289673 6.804180
0.290176 51.618300
0.290680 7.485110
0.291184 13.709100
0.291688 25.730600
0.292191 31.604200
0.292695 15.460800
0.293199 10.653600
0.293703 81.781800
0.294207 11.242100
0.294710 4.091580
0.295214 25.967200
0.295718 18.380000
0.296222 28.246600
0.296725 32.892900
0.297229 33.705500
0.297733 13.288500
0.298237 2.164450
0.298741 1.837050
0.299244 69.081700
0.299748 48.134600
0.300252 13.855100
0.300756 9.691010
0.301259 38.972300
0.301763 45.924800
0.302267 24.182400
0.302771 6.738970
0.303275 26.678600
0.303778 15.935600
0.304282 34.116400
0.304786 4.721310
0.305290 9.829160
0.305793 24.853000
0.306297 50.646600
0.306801 33.499600
0.307305 20.167100
0.307809 13.026300
0.308312 5.030130
0.308816 25.187200
0.309320 10.246200
0.309824 92.696500
0.310327 54.145200
0.310831 17.469900
0.311335 6.531320
0.311839 26.524700
0.312343 25.188000
0.312846 20.738200
0.313350 11.651100
0.313854 4.915460
0.314358 15.273100
0.314861 30.306900
0.315365 19.486600
0.315869 31.167200
0.316373 33.477800
0.316877 12.027100
0.317380 56.601000
0.317884 44.394500
0.318388 3.480060
0.318892 32.353000
0.319395 3.907680
0.319899 17.900900
0.320403 38.802700
0.320907 11.831100
0.321411 35.520700
0.321914 8.699000
0.322418 8.058080
0.322922 52.000300
0.323426 2.739750
0.323929 18.458200
0.324433 9.321600
0.324937 22.963300
0.325441 39.078300
0.325945 14.129700
0.326448 17.028600
0.326952 12.673800
0.327456 55.481400
0.327960 52.567700
0.328463 42.207500
0.328967 55.172400
0.329471 8.580080
0.329975 29.933100
0.330479 33.249200
0.330982 12.480400
0.331486 5.158760
0.331990 46.253100
0.332494 7.581590
0.332997 11.677700
0.333501 53.018400
0.334005 23.726200
0.334509 27.702000
0.335013 11.378300
0.335516 59.494300
0.336020 21.228600
0.336524 7.096150
0.337028 35.390300
0.337531 55.346000
0.338035 15.711300
0.338539 15.335600
0.339043 50.086600
0.339547 41.285400
0.340050 34.543200
0.340554 38.098800
0.341058 10.208000
0.341562 48.069700
0.342065 31.339800
0.342569 43.461200
0.343073 27.228300
0.343577 2.497240
0.346599 9.958660
0.347103 36.220400
0.347607 7.243470
0.348111 5.496580
0.348615 24.378200
0.349118 10.873900
0.349622 5.876040
0.350126 16.464000
0.350630 6.626070
0.351134 9.500960
0.351637 7.628510
0.352141 2.645680
0.352645 91.204600
0.353149 16.968700
0.353652 16.491200
0.354156 7.819280
0.354660 19.177300
0.355164 13.456200
0.355668 22.248500
0.356171 11.710200
0.356675 60.045300
0.357179 32.265100
0.357683 41.863400
0.358186 18.974400
0.358690 49.347300
0.359194 16.982500
0.359698 5.963960
0.360202 10.123000
0.360705 9.179510
0.361209 50.819900
0.361713 39.544700
0.362217 24.679400
0.362720 4.928210
0.363224 7.830330
0.363728 7.340930
0.364232 7.210570
0.364736 7.189170
0.365239 59.700300
0.365743 14.990300
0.366247 24.288200
0.366751 91.072400
0.367254 10.350100
0.367758 30.644900
0.368262 43.257200
0.368766 13.425100
0.369270 9.320450
0.369773 12.417500
0.370277 9.778250
0.370781 27.628500
0.371285 9.002510
0.371788 20.406600
0.372292 22.405600
0.372796 35.214900
0.373300 22.943400
0.373804 60.123100
0.374307 9.414620
0.374811 19.502200
0.375315 76.487900
0.375819 62.642500
0.376322 10.191900
0.376826 21.104100
0.377330 35.721400
0.377834 10.052600
0.378338 13.796100
0.378841 40.940200
0.379345 5.184650
0.379849 1.762120
0.380353 3.982250
0.380856 23.386300
0.381360 18.191100
0.381864 35.206400
0.382368 6.177250
0.382872 28.627200
0.383375 49.439500
0.383879 31.863500
0.384383 34.787400
0.384887 9.054480
0.385390 16.466300
0.385894 4.742340
0.386398 17.543200
0.386902 71.071300
0.387406 6.782520
0.387909 12.852600
0.388413 50.092200
0.388917 29.955900
0.389421 15.110400
0.389924 10.313500
0.390428 20.966400
0.390932 18.066000
0.391436 38.533000
0.391940 11.274300
0.392443 42.373300
0.392947 25.872000
0.393451 76.816000
0.393955 7.935630
0.394458 42.127400
0.394962 15.803100
0.395466 30.938800
0.395970 31.292200
0.396474 23.783100
0.396977 11.495500
0.397481 40.327400
0.397985 3.445200
0.398489 17.718500
0.398992 24.232200
0.399496 30.882300
0.400000 12.005400
0.400504 14.660900
0.401008 31.992000
0.401511 14.174900
0.402015 23.113400
0.402519 9.134860
0.403023 23.077800
0.403526 54.462700
0.404030 10.141200
0.404534 47.907000
0.405038 2.823670
0.405542 31.275700
0.406045 60.264800
0.406549 25.314600
0.407053 25.112200
0.407557 4.293300
0.408060 20.213900
0.408564 38.324700
0.409068 7.501660
0.409572 6.357410
0.410076 61.283800
0.410579 26.958600
0.411083 11.038900
0.412091 10.113300
0.412594 6.085380
0.413098 35.429000
0.413602 16.455600
0.414106 27.923100
0.414610 36.214900
0.415113 27.851100
0.415617 54.109500
0.416121 12.378600
0.416625 55.099500
0.417128 21.076000
0.417632 36.120600
0.418136 26.705000
0.418640 7.659030
0.419144 48.968800
0.419647 49.324100
0.420151 15.757900
0.420655 20.434200
0.421159 48.533800
0.421662 36.842900
0.422166 4.166180
0.422670 15.901700
0.423174 7.196160
0.423678 46.496500
0.424181 69.314200
0.424685 24.672200
0.425189 36.977000
0.425693 76.764500
0.426196 31.208800
0.426700 5.360460
0.427204 43.535600
0.427708 12.250200
0.428212 31.789000
0.428715 16.577400
0.429219 9.234150
0.429723 31.104000
0.430227 14.415200
0.430730 9.569190
0.431234 27.603500
0.431738 12.698400
0.432242 78.579300
0.432746 5.559400
0.433249 26.571900
0.433753 70.217400
0.434257 46.343100
0.434761 25.075800
0.435264 23.037200
0.435768 7.542400
0.436272 22.849100
0.436776 20.570500
0.437280 8.826210
0.437783 20.592100
0.438287 14.622000
0.438791 16.148700
0.439295 70.536500
0.439798 10.748900
0.440302 35.424200
0.440806 75.853600
0.441310 36.306000
0.441814 41.872500
0.442317 7.168910
0.442821 4.389570
0.443325 22.049900
0.443829 3.206170
0.444332 34.211000
0.444836 6.316190
0.445340 10.857200
0.445844 4.033620
0.446348 12.502100
0.446851 14.401700
0.447355 20.106200
0.447859 47.438600
0.448363 18.222300
0.448866 6.135810
0.449370 53.636900
0.449874 9.068860
0.450378 26.208700
0.450882 18.589800
0.451385 6.816830
0.451889 3.030020
0.452393 15.983000
0.452897 44.413200
0.453401 30.268000
0.453904 58.182600
0.454408 4.435030
0.454912 9.384770
0.455416 78.784800
0.455919 16.909500
0.456423 19.298700
0.456927 34.137400
0.457431 5.389490
0.457935 23.104100
0.458438 8.226250
0.458942 9.239950
0.459446 6.423970
0.459950 7.759020
0.460453 65.950700
0.460957 58.100000
0.461461 64.160100
0.461965 51.732600
0.462469 15.302000
0.462972 15.619900
0.463476 63.418400
0.463980 2.992400
0.464484 40.332200
0.464987 25.403100
0.465491 26.072100
0.465995 27.555100
0.466499 25.119300
0.467003 63.167400
0.467506 3.621110
0.468010 16.716800
0.468514 9.223520
0.469018 12.511100
0.469521 32.905200
0.470025 43.788600
0.470529 6.555600
0.471033 9.443160
0.471537 22.181800
0.472040 5.938550
0.472544 26.461100
0.473048 7.573200
0.473552 35.391400
0.474055 68.085000
0.474559 41.634000
0.475063 28.471500
0.475567 17.925900
0.476071 35.213700
0.476574 23.699000
0.477078 84.142800
0.477582 13.246800
0.478086 1.706930
0.478589 9.153690
0.479093 6.815640
0.479597 13.697500
0.480101 28.096300
0.480605 60.059900
0.481108 26.000000
0.481612 25.397100
0.482116 19.642500
0.482620 33.721200
0.483123 5.999640
0.483627 26.959800
0.484131 10.068900
0.484635 41.740100
0.485139 23.976100
0.485642 24.933800
0.486146 45.234700
0.486650 12.269600
0.487154 13.951800
0.487657 8.143810
0.488161 39.259700
0.488665 33.022100
0.489169 18.345700
0.489673 20.904700
0.490176 9.250400
0.490680 39.260900
0.491184 8.721210
0.491688 8.370670
0.492191 11.030900
0.492695 11.038700
0.493199 36.480600
0.493703 31.644000
0.494207 49.319600
0.494710 6.766230
0.495214 22.268900
0.495718 34.856400
0.496222 31.086500
0.496725 9.010980
0.497229 3.056150
0.497733 28.795200
0.498237 7.967890
0.498741 9.226850
0.499244 19.166800
0.499748 3.098470
0.500252 54.871700
0.500756 29.499800
0.501259 25.184600
0.501763 29.629200
0.502267 2.074430
0.502771 1.695440
0.503275 61.392400
0.503778 32.280600
0.504282 13.223200
0.504786 4.570360
0.505290 12.457100
0.505793 40.259000
0.506297 13.675100
0.506801 15.221300
0.507305 65.947200
0.507809 22.830900
0.508312 4.423260
0.508816 16.606700
0.509320 22.142500
0.509824 10.081900
0.510327 10.606200
0.510831 27.542300
0.511335 69.417800
0.511839 13.755200
0.512343 7.630840
0.512846 7.780430
0.513350 23.019600
0.513854 8.856170
0.514358 6.262850
0.514861 17.832600
0.515365 51.595600
0.515869 73.485800
0.516373 15.994000
0.516877 9.671490
0.517380 53.626200
0.517884 54.474500
0.518388 1.664900
0.518892 12.374300
0.519395 26.394600
0.519899 30.963200
0.520403 32.894500
0.520907 16.810600
0.521411 8.948180
0.521914 28.554100
0.522418 16.851000
0.522922 19.988400
0.523426 5.462970
0.523929 4.120190
0.524433 41.800500
0.524937 25.168600
0.525441 7.757410
0.525945 32.161700
0.526448 21.236500
0.526952 8.743670
0.527456 2.059380
0.527960 67.971900
0.528463 8.647550
0.528967 4.312100
0.529471 5.055040
0.529975 11.506200
0.530479 10.680100
0.530982 4.436570
0.531486 27.250300
0.531990 27.707200
0.532494 46.524700
0.532997 29.907700
0.533501 52.422500
0.534005 8.393110
0.534509 15.099600
0.535013 26.188700
0.535516 55.923500
0.536020 7.228880
0.536524 5.781230
0.537028 11.527300
0.537531 32.612000
0.538035 8.466460
0.538539 15.794900
0.539043 52.487300
0.539547 18.424000
0.540050 11.771300
0.540554 48.369800
0.541058 9.929620
0.541562 19.172000
0.542065 29.659900
0.542569 37.214400
0.543073 44.512100
0.543577 37.069800
0.544081 3.822090
0.544584 35.552700
0.545088 46.582100
0.545592 18.610000
0.546096 25.928900
0.546599 19.133800
0.547103 22.406300
0.547607 50.698700
0.548111 14.710000
0.548615 3.735220
0.549118 6.075780
0.549622 40.360500
0.550126 11.221400
0.550630 14.484300
0.551134 33.036100
0.551637 21.374900
0.552141 20.097600
0.552645 34.032700
0.553149 19.975600
0.553652 37.210800
0.554156 6.947240
0.554660 27.449200
0.555164 9.987980
0.555668 10.510300
0.556171 47.142400
0.556675 3.860840
0.557179 49.104400
0.557683 23.598600
0.558186 25.069400
0.558690 4.369300
0.559194 4.931260
0.559698 10.348800
0.560202 50.657700
0.560705 2.803020
0.561209 22.597500
0.561713 7.876380
0.562217 20.213000
0.562720 30.046800
0.563224 5.741640
0.563728 13.684400
0.564232 22.939900
0.564736 18.454800
0.565239 8.680300
0.565743 22.195600
0.566247 5.948750
0.566751 8.609860
0.567254 81.948600
0.567758 12.594200
0.568262 18.368600
0.568766 28.059700
0.569270 7.252520
0.569773 9.924390
0.570277 6.897840
0.570781 49.724200
0.571285 10.427700
0.571788 3.066770
0.572292 7.604320
0.572796 17.494000
0.573300 51.978200
0.573804 38.929500
0.574307 5.137790
0.574811 19.080000
0.575315 64.274100
0.575819 15.529500
0.576322 5.821820
0.576826 20.184500
0.577330 27.006700
0.577834 66.711400
0.578338 39.623700
0.578841 67.549300
0.579345 80.694400
0.579849 6.045370
0.580353 61.188900
0.580856 52.177700
0.581360 42.657500
0.581864 37.617100
0.582368 4.970380
0.582872 10.690100
0.583375 7.674940
0.583879 63.079600
0.584383 42.492200
0.584887 10.094800
0.585390 57.295700
0.585894 2.025580
0.586398 83.767100
0.586902 1.669280
0.587406 8.143190
0.587909 31.506200
0.588413 33.286400
0.588917 21.542600
0.589421 21.523900
0.589924 7.109360
0.590428 7.394410
0.590932 27.583800
0.591436 4.844360
0.591940 9.551380
0.592443 12.716900
0.592947 2.084460
0.593451 10.065300
0.593955 16.899000
0.594458 10.225500
0.594962 43.251200
0.595466 5.459600
0.595970 21.500500
0.596474 17.839700
0.596977 17.959200
0.597481 62.528000
0.597985 20.708300
0.598489 9.927790
0.598992 16.683200
0.599496 5.390180
0.600000 8.533140
0.600504 49.324900
0.601008 13.397400
0.601511 11.214700
0.602015 34.368200
0.602519 37.758000
0.603023 4.252050
0.603526 19.707200
0.604030 18.208200
0.604534 16.664100
0.605038 5.628690
0.605542 19.839600
0.606045 9.637770
0.606549 26.536800
0.607053 10.126500
0.607557 3.057760
0.608060 28.153300
0.608564 6.142850
0.609068 27.056800
0.609572 17.195300
0.610076 15.949400
0.610579 12.854800
0.611083 41.327500
0.611587 14.905500
0.612091 26.391200
0.612594 10.880200
0.613098 11.060100
0.613602 32.184000
0.614106 8.406210
0.614610 4.717680
0.615113 72.564400
0.615617 12.329100
0.616121 28.192000
0.616625 6.781110
0.617128 26.588200
0.617632 4.925910
0.618136 12.152700
0.618640 7.649150
0.619144 30.950200
0.619647 10.234200
0.620151 61.933700
0.620655 45.621800
0.621159 28.083100
0.621662 19.030400
0.622166 64.565600
0.622670 7.986190
0.623174 17.865000
0.623678 8.315630
0.624181 38.206000
0.624685 46.872800
0.625189 60.196800
0.625693 31.310600
0.626700 7.409500
0.627204 22.174100
0.627708 22.486200
0.628212 10.095200
0.628715 26.296700
0.629219 15.172400
0.629723 7.843670
0.630227 2.669510
0.630730 25.730700
0.631234 47.669500
0.631738 62.167700
0.632242 24.948400
0.632746 21.227700
0.633249 36.976400
0.633753 2.987840
0.634257 4.422270
0.634761 24.957300
0.635264 16.375000
0.635768 30.736400
0.636272 46.920600
0.636776 1.556040
0.637280 21.120200
0.637783 9.488090
0.638287 3.147430
0.638791 65.130500
0.639295 29.529500
0.639798 8.122950
0.640302 60.221300
0.640806 24.682800
0.641310 33.024000
0.641814 9.198530
0.642317 18.198800
0.642821 5.135530
0.643325 40.992800
0.643829 33.922200
0.644332 9.106280
0.644836 10.324600
0.645340 57.850800
0.645844 69.496500
0.646348 13.283300
0.646851 62.272300
0.647355 17.648900
0.647859 5.316380
0.648363 11.818800
0.648866 12.077400
0.649370 11.357800
0.649874 25.740800
0.650378 13.801900
0.650882 9.465590
0.651385 31.512700
0.651889 45.232200
0.652393 27.579600
0.652897 10.061800
0.653401 23.122000
0.653904 20.014600
0.654408 42.174600
0.654912 19.314300
0.655416 67.417800
0.655919 50.948200
0.656423 7.726540
0.656927 10.866000
0.657431 39.703000
0.657935 27.872500
0.658438 72.784100
0.658942 23.878300
0.659446 11.617200
0.659950 6.818280
0.660453 25.595900
0.660957 58.367500
0.661461 9.763950
0.661965 10.573000
0.662469 8.892180
0.662972 7.893530
0.663476 8.196850
0.663980 74.931800
0.664484 26.761700
0.664987 5.354900
0.665491 57.497600
0.665995 18.441500
0.666499 4.939050
0.667003 6.771710
0.667506 10.212600
0.668010 31.329700
0.668514 57.042400
0.669018 18.770000
0.669521 6.652000
0.670025 42.239400
0.670529 38.985300
0.671033 6.801940
0.671537 7.475090
0.672040 7.711870
0.672544 21.296200
0.673048 9.754600
0.673552 11.432400
0.674055 15.568000
0.674559 29.882500
0.675063 25.606600
0.675567 17.502300
0.676071 33.350600
0.676574 5.766180
0.677078 4.762800
0.677582 51.301900
0.678086 27.882900
0.678589 17.079800
0.679093 13.455400
0.679597 11.581400
0.680101 33.245100
0.680605 32.912600
0.681108 56.528000
0.681612 20.905200
0.682116 46.800800
0.682620 44.959900
0.683123 8.017870
0.683627 16.624700
0.684131 36.328500
0.684635 61.328900
0.685139 37.088200
0.685642 14.516900
0.686146 61.259000
0.686650 19.578800
0.687154 17.940900
0.687657 9.057310
0.688161 6.113890
0.688665 6.221250
0.689169 77.357600
0.689673 15.363200
0.690176 16.220900
0.690680 28.867200
0.691184 29.343300
0.691688 15.026500
0.692191 36.696200
0.692695 14.743600
0.693199 40.451400
0.693703 52.268100
0.694207 13.470800
0.694710 33.087800
0.695214 15.376200
0.695718 9.942800
0.696222 5.296810
0.696725 35.884200
0.697229 11.546000
0.697733 3.138100
0.698237 13.343900
0.698741 61.433400
0.699244 30.858500
0.699748 4.416320
0.700252 87.519400
0.700756 30.027300
0.701259 26.384700
0.701763 5.101280
0.702267 7.661990
0.702771 47.493400
0.703275 20.608700
0.703778 6.059030
0.704282 33.881000
0.704786 7.508990
0.705290 6.077550
0.705793 50.879000
0.706297 20.528100
0.706801 36.901200
0.707305 9.812200
0.707809 72.153600
0.708312 21.566900
0.708816 12.091200
0.709320 39.846900
0.709824 11.174200
0.710327 29.606600
0.710831 11.504700
0.711335 27.304000
0.711839 27.841100
0.712343 68.257400
0.712846 14.966500
0.713350 57.238200
0.713854 26.152600
0.714358 34.366800
0.714861 12.712700
0.715365 51.342600
0.715869 35.315800
0.716373 27.657600
0.716877 10.512400
0.717380 6.346110
0.717884 5.418460
0.718388 17.271900
0.718892 29.479700
0.719395 3.115970
0.719899 89.469100
0.720403 25.780700
0.720907 31.655700
0.721411 9.242620
0.721914 16.448800
0.722418 22.913400
0.722922 13.954900
0.723426 20.013000
0.723929 52.124400
0.724433 12.028100
0.724937 52.520400
0.725441 25.753700
0.725945 16.942800
0.726448 20.900500
0.726952 8.203650
0.727456 27.933600
0.727960 22.270400
0.728463 16.470700
0.728967 42.938400
0.729471 6.404690
0.729975 28.892600
0.730479 1.410470
0.730982 9.564080
0.731486 6.675840
0.731990 14.677300
0.732494 18.980700
0.732997 8.984550
0.733501 21.330800
0.734005 52.091300
0.734509 24.591600
0.735013 51.726500
0.735516 67.824200
0.736020 27.829700
0.736524 9.206420
0.737028 10.058900
0.737531 27.433600
0.738035 25.707200
0.738539 23.419200
0.739043 32.703600
0.739547 21.609100
0.740050 22.683200
0.740554 11.948800
0.741058 46.108300
0.741562 20.104200
0.742065 20.752200
0.742569 24.459300
0.743073 8.235990
0.743577 33.720500
0.744081 10.112300
0.744584 32.422400
0.745088 8.882730
0.745592 13.068300
0.746096 47.775600
0.746599 3.282180
0.747103 8.344640
0.747607 45.116400
0.748111 9.972910
0.748615 8.141550
0.749118 7.711210
0.749622 12.772500
0.750126 44.480700
0.750630 39.342200
0.751134 22.406700
0.751637 7.967250
0.752141 5.948230
0.752645 15.304200
0.753149 29.201000
0.753652 26.582200
0.754156 2.877350
0.754660 8.390400
0.755164 78.228900
0.755668 13.578500
0.756171 7.442920
0.756675 9.362500
0.757179 6.011000
0.757683 37.185200
0.758186 51.519700
0.758690 7.275530
0.759194 31.215200
0.759698 11.556600
0.760202 20.236700
0.760705 20.535300
0.761209 15.587500
0.761713 7.643940
0.762217 25.437700
0.762720 24.528300
0.763224 3.493650
0.763728 22.694100
0.764232 33.128800
0.764736 57.647200
0.765239 80.790900
0.765743 16.146900
0.766247 28.728200
0.766751 95.777700
0.767254 5.827900
0.767758 86.293000
0.768262 18.970200
0.768766 48.790400
0.769270 18.724500
0.769773 5.099260
0.770277 18.840300
0.770781 4.830040
0.771285 65.426200
0.771788 13.389800
0.772292 24.566600
0.772796 23.025000
0.773300 28.587700
0.773804 81.035100
0.774307 57.218100
0.774811 8.790750
0.775315 79.039900
0.775819 6.548460
0.776322 21.354200
0.776826 18.568500
0.777330 25.015900
0.777834 60.135000
0.778338 28.610300
0.778841 43.516700
0.779345 8.558120
0.779849 9.761410
0.780353 12.236900
0.780856 11.553000
0.781360 7.687080
0.781864 13.397600
0.782368 50.464600
0.782872 16.358600
0.783375 12.834600
0.783879 8.775860
0.784383 9.045090
0.784887 3.721400
0.785390 12.321000
0.785894 5.862610
0.786398 10.640000
0.786902 12.553900
0.787406 12.962400
0.787909 5.968590
0.788413 40.050600
0.788917 5.666940
0.789421 7.848190
0.789924 11.630700
0.790428 27.523100
0.790932 25.844900
0.791436 8.889090
0.791940 1.686900
0.792443 56.569700
0.792947 13.090000
0.793451 27.718500
0.793955 40.186100
0.794458 77.343800
0.794962 6.330520
0.795466 6.814780
0.795970 33.066700
0.796474 19.979100
0.796977 6.114210
0.797481 34.477100
0.797985 12.321200
0.798489 37.580100
0.798992 7.650940
0.799496 12.022200
0.800000 9.099370
0.800504 66.659700
0.801008 91.050900
0.801511 5.028750
0.802015 40.363700
0.802519 9.855670
0.803023 10.231200
0.803526 13.685600
0.804030 18.505800
0.804534 5.136180
0.805038 22.427900
0.805542 18.021500
0.806045 10.427800
0.806549 9.225890
0.807053 34.382500
0.807557 29.442900
0.808060 15.772300
0.808564 58.047600
0.809068 11.912200
0.809572 49.277800
0.810076 11.630500
0.810579 13.946200
0.811083 14.721400
0.811587 3.503300
0.812091 50.335300
0.812594 26.893900
0.813098 15.030400
0.813602 29.828100
0.814106 18.821400
0.814610 10.303800
0.815113 9.885730
0.815617 38.171500
0.816121 43.105900
0.816625 14.150000
0.817128 17.724000
0.817632 14.738500
0.818136 6.714390
0.818640 5.138530
0.819144 24.217200
0.819647 23.944700
0.820151 47.561500
0.820655 8.296810
0.821159 6.740910
0.821662 43.702100
0.822166 14.714900
0.822670 10.069900
0.823174 27.831100
0.823678 17.844200
0.824181 7.376850
0.824685 10.180300
0.825189 36.980000
0.825693 42.986000
0.826196 4.899500
0.826700 11.233700
0.827204 20.584000
0.827708 15.463100
0.828212 7.997460
0.828715 21.712000
0.829219 16.541100
0.829723 29.386900
0.830227 37.111800
0.830730 3.680730
0.831234 2.081710
0.831738 7.026370
0.832242 37.240700
0.832746 54.975300
0.833249 19.562600
0.833753 5.431880
0.834257 10.137800
0.834761 10.520100
0.835264 46.398000
0.835768 40.662600
0.836272 32.214000
0.836776 18.030400
0.837280 10.870200
0.837783 18.554900
0.838287 11.668300
0.838791 11.479000
0.839295 32.667500
0.839798 12.613700
0.840302 51.220200
0.840806 45.432600
0.841310 13.778400
0.841814 57.245700
0.842317 5.341580
0.842821 16.423200
0.843325 5.529100
0.843829 60.030100
0.844332 34.056300
0.844836 39.936400
0.845340 8.649820
0.845844 87.964100
0.846348 4.477590
0.846851 13.674900
0.847355 11.915600
0.847859 8.411600
0.848363 5.634380
0.848866 8.761020
0.849370 40.023800
0.849874 47.266800
0.850378 15.857500
0.850882 24.533200
0.851385 36.867400
0.851889 8.059790
0.852393 8.458880
0.852897 5.576620
0.853401 48.784100
0.853904 16.175200
0.854408 6.917300
0.854912 25.336500
0.855416 29.816100
0.855919 22.773700
0.856423 43.272400
0.856927 36.076500
0.857431 30.423700
0.857935 9.867590
0.858438 30.178600
0.858942 49.614000
0.859446 62.040500
0.859950 60.057200
0.860453 2.336480
0.860957 15.326800
0.861461 83.283700
0.861965 7.907620
0.862469 14.681100
0.862972 37.138100
0.863476 30.678900
0.863980 54.849900
0.864484 33.115600
0.864987 75.255200
0.865491 26.472300
0.865995 36.355800
0.866499 20.878500
0.867003 8.477620
0.867506 28.858600
0.868010 40.297900
0.868514 9.524110
0.869018 13.249800
0.869521 21.380400
0.870025 20.256700
0.870529 26.164900
0.871033 33.319100
0.871537 19.542800
0.872040 7.441490
0.872544 6.595010
0.873048 3.862880
0.873552 15.257900
0.874055 86.457300
0.874559 11.069400
0.875063 20.490500
0.875567 18.370100
0.876071 11.657400
0.876574 5.764940
0.877078 14.280100
0.877582 31.340000
0.878086 9.399190
0.878589 8.543570
0.879093 22.488300
0.879597 16.358500
0.880101 49.750800
0.880605 34.139400
0.881108 13.086800
0.881612 58.137700
0.882116 37.945000
0.882620 33.677100
0.883123 50.981000
0.883627 32.030900
0.884131 5.980860
0.884635 34.893000
0.885139 8.426070
0.885642 67.240600
0.886146 65.624400
0.886650 71.111300
0.887154 1.947300
0.887657 26.435500
0.888161 8.029610
0.888665 20.252700
0.889169 32.038100
0.889673 28.084400
0.890176 6.924300
0.890680 11.560300
0.891184 20.321000
0.891688 51.419000
0.892191 44.513400
0.892695 55.882800
0.893199 5.171620
0.893703 31.057600
0.894207 53.081900
0.894710 37.052600
0.895214 25.216500
0.895718 25.793800
0.896222 9.761030
0.896725 25.168300
0.897229 16.606300
0.897733 57.018000
0.898237 15.263200
0.898741 64.516900
0.899244 27.544700
0.899748 20.322900
0.900252 5.796630
0.900756 1.807190
0.901259 13.132000
0.901763 17.939900
0.902267 17.657900
0.902771 55.206300
0.903275 42.263700
0.903778 5.844280
0.904282 6.070060
0.904786 58.947600
0.905290 39.702800
0.905793 36.355100
0.906297 25.961200
0.906801 14.005600
0.907305 36.101900
0.907809 12.454600
0.908312 21.956500
0.908816 65.441900
0.909320 4.357620
0.909824 64.094900
0.910327 37.447800
0.910831 12.470200
0.911335 25.902100
0.911839 14.937300
0.912343 60.468500
0.912846 6.046230
0.913350 13.544400
0.913854 33.364600
0.914358 35.332200
0.914861 6.486710
0.915365 54.102600
0.915869 1.184980
0.916373 45.557000
0.916877 12.499500
0.917380 34.199900
0.917884 15.582300
0.918388 17.075800
0.918892 7.739110
0.919395 23.483800
0.919899 6.817430
0.920403 11.736700
0.920907 21.888500
0.921411 8.299290
0.921914 38.109200
0.922418 39.792100
0.922922 4.551150
0.923426 20.646600
0.923929 60.249500
0.924433 24.159000
0.924937 12.132200
0.925441 17.360800
0.925945 34.116800
0.926448 24.196300
0.926952 18.973600
0.927456 2.113190
0.927960 9.422610
0.928463 5.683590
0.928967 27.181500
0.929471 62.816200
0.929975 7.087680
0.930479 9.974480
0.930982 12.281200
0.931486 29.984300
0.931990 13.116700
0.932494 1.697740
0.932997 5.484350
0.933501 3.156320
0.934005 44.242400
0.934509 17.056300
0.935013 17.283900
0.935516 19.393800
0.936020 31.713600
0.936524 16.879800
0.937028 47.115700
0.937531 8.576700
0.938035 10.950300
0.938539 5.714510
0.939043 37.666500
0.939547 83.172800
0.940050 41.035000
0.940554 21.232700
0.941058 24.040500
0.941562 53.563800
0.942065 40.748500
0.942569 45.947000
0.943073 24.740800
0.943577 79.143500
0.944081 27.446500
0.944584 33.722500
0.945088 26.788800
0.945592 5.677150
0.946096 22.524500
0.946599 33.169800
0.947103 22.811600
0.947607 30.827000
0.948111 19.765600
0.948615 60.253900
0.949118 5.832240
0.949622 43.969100
0.950126 33.254000
0.950630 3.679340
0.951134 28.113100
0.951637 22.825900
0.952141 15.511400
0.952645 8.861090
0.953149 29.801700
0.953652 18.878400
0.954156 6.491000
0.954660 79.051600
0.955164 5.127840
0.955668 9.166920
0.956171 6.290760
0.956675 8.668360
0.957179 3.602290
0.957683 42.431700
0.958186 67.317200
0.958690 11.511700
0.959194 62.467700
0.959698 40.806500
0.960202 17.763300
0.960705 34.903900
0.961209 17.960100
0.961713 6.024750
0.962217 29.574500
0.962720 2.399490
0.963224 27.006300
0.963728 17.936300
0.964232 8.035330
0.964736 61.008700
0.965239 17.581900
0.965743 1.218650
0.966247 39.050200
0.966751 29.942800
0.967254 33.188400
0.967758 31.550100
0.968262 8.884690
0.968766 13.893600
0.969270 16.936400
0.969773 10.330600
0.970277 35.876500
0.970781 4.563770
0.971285 43.797400
0.971788 15.154500
0.972292 13.963700
0.972796 43.532900
0.973300 6.214520
0.973804 27.334600
0.974307 43.261000
0.974811 8.357410
0.975315 13.749000
0.975819 22.324900
0.976322 40.323700
0.976826 2.657990
0.977330 7.292890
0.977834 7.138480
0.978338 19.086100
0.978841 27.396900
0.979345 23.296100
0.979849 85.718700
0.980353 9.334750
0.980856 9.283790
0.981360 9.511000
0.981864 18.554100
0.982368 14.972700
0.982872 25.025800
0.983375 23.051800
0.983879 4.495030
0.984383 62.521100
0.984887 20.355500
0.985390 7.871880
0.985894 10.054700
0.986398 17.705800
0.986902 55.306500
0.987406 14.324500
0.987909 34.694100
0.988413 8.590780
0.988917 28.561300
0.989421 38.124600
0.989924 15.746400
0.990428 42.893000
0.990932 12.452400
0.991436 34.649500
0.991940 17.619400
0.992443 28.124600
0.992947 3.020840
0.993451 53.074600
0.993955 8.217290
0.994458 72.446400
0.994962 9.795360
0.995466 46.063100
0.995970 23.852400
0.996474 24.895300
0.996977 19.651800
0.997481 38.439100
0.997985 27.622000
0.998489 27.886200
0.998992 8.793470
0.999496 26.728600
1.000000 34.971400
