0.000365 24.380600
0.000730 7.823060
0.001095 18.627200
0.001460 18.639700
0.001825 28.522700
0.002190 11.488900
0.002555 57.660700
0.002920 37.479900
0.003285 21.920600
0.003650 41.966700
0.004015 9.324120
0.004380 21.539400
0.020073 8.389800
0.020438 14.466900
0.020803 63.982000
0.021168 12.021700
0.021533 58.224100
0.021898 50.046900
0.022263 13.427900
0.022628 57.086800
0.022993 6.714580
0.023358 9.244080
0.023723 5.154590
0.024088 6.647420
0.024453 10.242800
0.024818 17.644900
0.025182 58.406900
0.025547 26.142200
0.025912 5.382280
0.026277 11.482100
0.026642 64.338300
0.027007 60.741700
0.027372 19.000400
0.027737 14.150900
0.028102 4.803790
0.042701 9.691900
0.043066 9.912820
0.043431 6.932080
0.043796 7.515760
0.044161 58.369200
0.044526 9.239360
0.044891 11.095100
0.045255 26.138500
0.045620 45.663100
0.045985 30.529900
0.046350 37.379100
0.046715 8.396800
0.047080 47.052800
0.047445 9.304350
0.047810 5.494450
0.048175 6.185390
0.048540 35.440400
0.048905 28.596900
0.049270 12.925400
0.049635 11.602900
0.050000 22.430800
0.050365 25.792100
0.050730 54.428000
0.051095 27.835100
0.051460 46.941000
0.051825 9.152330
0.052190 4.412480
0.052555 70.563900
0.052920 28.884600
0.053285 5.870610
0.053650 8.828030
0.054015 31.945500
0.054380 12.117600
0.054745 5.426490
0.056569 67.417800
0.058029 11.312900
0.063139 58.116000
0.063504 29.440700
0.063869 25.626300
0.064234 22.051200
0.064599 17.057500
0.064964 28.641700
0.065328 5.022030
0.065693 76.070800
0.066058 70.946600
0.066423 10.212500
0.066788 8.848870
0.067153 36.946500
0.067518 7.064510
0.067883 13.043800
0.069708 9.805800
0.070073 33.227900
0.070438 45.346800
0.070803 10.407800
0.071168 9.442000
0.071533 30.843900
0.071898 72.859000
0.072263 23.212400
0.072628 35.203100
0.072993 17.256700
0.073358 12.230000
0.073723 52.598500
0.074088 19.827500
0.074453 20.863200
0.074818 34.152800
0.075182 5.865340
0.075547 9.708400
0.075912 19.626800
0.076277 9.987270
0.076642 12.863300
0.077007 56.649400
0.077372 6.047300
0.077737 5.391330
0.078102 23.628100
0.078467 37.777300
0.078832 78.153400
0.079197 58.637500
0.079562 37.457000
0.079927 5.772570
0.080292 17.182500
0.080657 41.586000
0.081022 74.744800
0.081387 42.610900
0.081752 5.209720
0.082117 8.196810
0.082482 8.828680
0.082847 10.310200
0.093796 59.483000
0.094161 16.119400
0.094526 41.942900
0.094891 27.854500
0.095255 15.272400
0.095620 9.211660
0.095985 51.416400
0.096350 18.995500
0.096715 55.135300
0.097080 59.240000
0.097445 29.523300
0.097810 6.654580
0.098175 6.689180
0.098540 22.925800
0.098905 43.009100
0.099270 13.602900
0.099635 68.669200
0.100000 6.585430
0.100365 10.103000
0.104380 9.958660
0.104745 22.897900
0.105109 31.618000
0.105474 7.580470
0.105839 36.053800
0.106204 9.230820
0.106569 12.205700
0.106934 26.905400
0.107299 14.906400
0.107664 21.055900
0.108029 12.997100
0.108394 8.759310
0.108759 16.232300
0.109124 22.726600
0.109489 3.186010
0.109854 7.799850
0.110219 5.022110
0.110584 11.033900
0.110949 7.598330
0.111314 17.058000
0.111679 10.146400
0.112044 20.682200
0.112409 19.477500
0.112774 67.584800
0.113139 25.661000
0.113504 38.370700
0.113869 10.412900
0.114234 18.064000
0.114599 6.210680
0.114964 4.538730
0.115328 7.681310
0.115693 23.297200
0.116058 21.641800
0.116423 56.053000
0.116788 17.359900
0.117153 20.218600
0.117518 30.686600
0.117883 10.965900
0.118248 59.321600
0.118613 15.163700
0.118978 6.506860
0.119343 3.942460
0.119708 19.771900
0.120073 35.848500
0.120438 20.873400
0.120803 20.417600
0.121168 30.471500
0.121533 16.866500
0.122263 21.382300
0.122628 39.846100
0.122993 21.146400
0.123358 7.505120
0.123723 7.051220
0.124088 16.577700
0.124453 61.243400
0.124818 9.393310
0.125182 4.585230
0.125547 2.967050
0.125912 14.395100
0.126277 35.998700
0.126642 19.214500
0.127007 38.548200
0.127372 10.667500
0.127737 21.177100
0.128102 68.003600
0.128467 29.550700
0.128832 48.543700
0.129197 11.166000
0.129562 5.467050
0.129927 17.903500
0.130292 28.973400
0.130657 37.358500
0.131022 5.475100
0.131387 44.938300
0.131752 18.744300
0.132117 23.236500
0.132482 42.068900
0.132847 14.952000
0.133212 39.285900
0.133577 5.950800
0.133942 55.318000
0.134307 5.239680
0.134672 8.424780
0.135036 14.607100
0.135401 46.054800
0.135766 28.469700
0.136131 18.680200
0.136496 9.960400
0.136861 9.476150
0.137226 8.225230
0.137591 6.425100
0.137956 43.373100
0.138321 44.997200
0.138686 2.581860
0.139051 7.814690
0.139416 9.138190
0.139781 15.562100
0.140146 14.497900
0.140511 5.397960
0.140876 5.128480
0.141241 9.211340
0.141606 1.726360
0.141971 33.794000
0.142336 13.054900
0.142701 7.672660
0.143066 27.087800
0.143431 51.038200
0.143796 7.486640
0.144161 12.543100
0.144526 11.145000
0.144891 16.628000
0.145255 7.882080
0.145620 9.517930
0.145985 10.922100
0.146350 24.687300
0.146715 31.210900
0.147080 48.540100
0.147445 20.413000
0.147810 6.012570
0.148175 3.147260
0.148540 5.135410
0.148905 23.415500
0.149270 5.775270
0.149635 67.125900
0.150000 51.486400
0.150365 18.472300
0.150730 16.769200
0.151095 11.784000
0.151460 9.196850
0.153285 9.509200
0.153650 47.251000
0.154015 11.064100
0.154380 17.692900
0.154745 85.280300
0.155109 58.841700
0.155474 7.799580
0.155839 5.085400
0.156204 72.757900
0.156569 6.988490
0.156934 19.057700
0.157299 30.301800
0.157664 23.377400
0.158029 7.259300
0.158394 79.630600
0.158759 2.144530
0.159124 3.499250
0.159489 18.691000
0.159854 46.781100
0.160219 26.838900
0.160584 3.406300
0.160949 2.642670
0.161314 31.549400
0.161679 38.166200
0.162044 20.201500
0.162409 66.686000
0.162774 16.560500
0.163139 14.373100
0.163504 32.801700
0.163869 11.976600
0.164234 24.004800
0.164599 11.508200
0.164964 19.517000
0.165328 77.871500
0.165693 5.104550
0.166058 16.518300
0.166423 15.150400
0.166788 12.111500
0.167153 24.737900
0.167518 7.062050
0.167883 67.022100
0.168248 8.594050
0.168613 6.916980
0.168978 6.874290
0.169343 13.195500
0.169708 24.489100
0.170073 5.188920
0.170438 50.562400
0.170803 13.702800
0.171168 18.555300
0.171533 14.568000
0.171898 23.324000
0.172263 6.987460
0.172628 13.372500
0.172993 72.411600
0.173358 30.677400
0.173723 9.610300
0.174088 45.937000
0.174453 13.301300
0.174818 18.229900
0.175182 75.646200
0.175547 8.771350
0.175912 25.154800
0.176277 13.420000
0.176642 34.535600
0.177007 10.377700
0.177372 12.064500
0.177737 12.970500
0.178102 28.427600
0.178467 7.212560
0.178832 25.241400
0.179197 11.012500
0.179562 14.589400
0.179927 3.557070
0.180292 11.706800
0.180657 10.303500
0.181022 42.989500
0.181387 7.995190
0.181752 6.532050
0.182117 35.794400
0.182482 36.103000
0.182847 16.040400
0.183212 53.099500
0.183577 3.758810
0.183942 6.555040
0.184307 8.028410
0.184672 4.091700
0.185036 7.765340
0.185401 4.077290
0.185766 4.673760
0.186131 27.403800
0.186496 2.074590
0.186861 21.457800
0.187226 6.766370
0.187591 49.991400
0.187956 2.626760
0.188321 35.329700
0.188686 77.262000
0.189051 30.242300
0.189416 15.030900
0.189781 5.876060
0.190146 16.783300
0.190511 3.407960
0.190876 3.975060
0.191241 67.050400
0.191606 3.988010
0.191971 38.120600
0.192336 28.323700
0.192701 27.421600
0.193066 3.195300
0.193431 6.955920
0.193796 3.930560
0.194161 4.636200
0.194526 58.650100
0.194891 46.143600
0.195255 7.488550
0.195620 42.812600
0.195985 19.656500
0.196350 33.609000
0.196715 9.584280
0.197080 8.035270
0.197445 20.565300
0.197810 46.318800
0.198175 18.534900
0.198540 20.886700
0.198905 40.059900
0.199270 14.536300
0.199635 28.535200
0.200000 9.942410
0.200365 78.376100
0.200730 20.869100
0.201095 8.114180
0.201460 19.760800
0.201825 32.171300
0.202190 20.672400
0.202920 9.914430
0.203285 3.487620
0.203650 2.000790
0.204015 42.013500
0.204380 31.727000
0.204745 31.583900
0.205109 20.663800
0.205474 17.391500
0.205839 54.923000
0.206204 7.778230
0.206569 30.387200
0.206934 42.999500
0.207299 31.145900
0.207664 42.499600
0.208029 23.734500
0.208394 7.095340
0.208759 7.305310
0.209124 5.290890
0.209489 21.499000
0.209854 20.718700
0.210219 7.414330
0.210584 20.038600
0.210949 13.311600
0.211314 29.117900
0.211679 5.326790
0.212044 18.432300
0.212409 7.904610
0.212774 8.783510
0.213139 6.008930
0.213504 60.517200
0.213869 43.076300
0.214234 30.281100
0.214599 5.822790
0.214964 20.200500
0.215328 18.495900
0.215693 24.069300
0.216058 11.462400
0.216423 82.947600
0.216788 18.275600
0.217153 4.880380
0.217518 9.287460
0.217883 9.463820
0.218248 20.469300
0.218613 37.335800
0.218978 18.942000
0.219343 38.363500
0.219708 12.436100
0.220073 7.569290
0.220438 43.745000
0.220803 36.124800
0.221168 36.272300
0.221533 26.293200
0.221898 13.667100
0.222263 6.920070
0.222628 28.649800
0.222993 26.147100
0.223358 28.154000
0.223723 2.557930
0.224088 9.231240
0.224453 13.930500
0.224818 24.035900
0.225182 57.649000
0.225547 49.006200
0.225912 33.573300
0.226277 4.498560
0.226642 15.080900
0.227007 5.377320
0.227372 23.677600
0.227737 51.031900
0.228102 9.586540
0.228467 31.749400
0.228832 7.795390
0.229197 16.063600
0.229562 50.148600
0.229927 28.358300
0.230292 5.369380
0.230657 6.940860
0.231022 30.777000
0.231387 49.250800
0.231752 4.715500
0.232117 50.337000
0.232482 9.884520
0.232847 14.364400
0.233212 27.494700
0.233577 15.097600
0.233942 15.487800
0.234307 32.690500
0.234672 12.961500
0.235036 6.931470
0.235401 17.454700
0.235766 8.375570
0.236131 28.892800
0.236496 9.113690
0.236861 5.036070
0.237226 9.465030
0.237591 31.622900
0.237956 7.442100
0.238321 51.512000
0.238686 18.076900
0.239051 33.699600
0.239416 30.104200
0.239781 1.700680
0.240146 13.268200
0.240511 24.109500
0.240876 17.530700
0.241241 15.226800
0.241606 18.174500
0.241971 16.254100
0.242336 22.520300
0.242701 7.396020
0.243066 15.244000
0.243431 20.750100
0.243796 23.554700
0.244161 9.650160
0.244526 64.631100
0.244891 30.928900
0.245255 13.809000
0.245620 37.098000
0.245985 9.299280
0.246350 8.052290
0.246715 12.224700
0.247080 4.515110
0.247445 25.776800
0.247810 30.175600
0.248175 39.023800
0.248540 19.547100
0.248905 5.877640
0.249270 13.898500
0.249635 2.807060
0.250000 17.043200
0.250365 5.890590
0.250730 4.125970
0.251095 15.524300
0.251460 41.253900
0.251825 5.591330
0.252190 5.076970
0.252555 2.497920
0.252920 9.054030
0.253285 10.152600
0.253650 31.140300
0.254015 1.737090
0.254380 10.438800
0.254745 11.868200
0.255109 24.174000
0.255474 30.430200
0.255839 8.721490
0.256204 7.852930
0.256569 8.325270
0.256934 13.892600
0.257299 43.879300
0.257664 34.750600
0.258029 25.195900
0.258394 42.245100
0.258759 5.081890
0.259124 29.247300
0.259489 46.176200
0.259854 34.862000
0.260219 21.883900
0.260584 11.785200
0.260949 2.787780
0.261314 8.790520
0.261679 27.046400
0.262044 33.861900
0.262409 47.615600
0.262774 52.899600
0.263139 19.921200
0.263504 11.565800
0.263869 15.301100
0.264234 24.628600
0.264599 16.853500
0.264964 27.478900
0.265328 13.898400
0.265693 29.324300
0.266058 14.773600
0.266423 7.289260
0.266788 33.139800
0.267153 9.549530
0.267518 21.178900
0.267883 8.456640
0.268248 4.286410
0.268613 24.813900
0.268978 21.546700
0.269343 21.423100
0.269708 21.829900
0.270073 8.482990
0.270438 12.393800
0.270803 13.311100
0.271168 18.054800
0.271533 2.160550
0.271898 10.162000
0.272263 4.326090
0.272628 15.015000
0.272993 6.659210
0.273358 20.851300
0.273723 82.190800
0.274088 22.108800
0.274453 34.707800
0.274818 5.801090
0.275182 26.421300
0.275547 9.459820
0.275912 17.727900
0.276277 9.278070
0.276642 21.144900
0.277007 27.573500
0.277372 7.683940
0.277737 32.788200
0.278102 19.767700
0.278467 9.550010
0.278832 8.636780
0.279197 11.994700
0.279562 26.408100
0.279927 7.865930
0.280292 1.930020
0.280657 3.369300
0.281022 9.740010
0.281387 5.777240
0.281752 21.281700
0.282117 26.822700
0.282482 35.334500
0.282847 26.044600
0.283212 14.959300
0.283577 45.487600
0.283942 26.652900
0.284307 40.857400
0.284672 3.359440
0.285036 11.818100
0.285401 22.752000
0.285766 43.146700
0.286131 19.957500
0.286496 1.896890
0.286861 25.638100
0.287226 18.020800
0.287591 15.893600
0.287956 17.835400
0.288321 51.299200
0.288686 9.093620
0.289051 36.978700
0.289416 2.032440
0.289781 67.363300
0.290146 72.633400
0.290511 30.466400
0.290876 2.664330
0.291241 6.805150
0.291606 6.590480
0.291971 40.023800
0.292336 11.832500
0.292701 4.743050
0.293066 15.772700
0.293431 7.721070
0.293796 21.092000
0.294161 30.591500
0.294526 14.575600
0.294891 54.708000
0.295255 32.712200
0.295620 16.715200
0.295985 37.573800
0.296350 17.433300
0.296715 21.679000
0.297080 32.191000
0.297445 12.333300
0.297810 36.458900
0.298175 60.922600
0.298540 37.837700
0.298905 20.231100
0.299270 7.759450
0.299635 27.898400
0.300000 10.622800
0.300365 21.283100
0.300730 20.103400
0.301095 2.766460
0.301460 9.663180
0.301825 57.981000
0.302190 29.219600
0.302555 32.020100
0.302920 6.853800
0.303285 41.883900
0.303650 12.886600
0.304015 81.290300
0.304380 9.358590
0.304745 8.019140
0.305109 48.860700
0.305474 22.868800
0.305839 21.604000
0.306204 6.005010
0.306569 18.415300
0.306934 52.346400
0.307299 14.327400
0.307664 5.977160
0.308029 37.882100
0.308394 25.114200
0.308759 7.499440
0.309124 41.400000
0.309489 6.694860
0.309854 4.614610
0.310219 31.872000
0.310584 76.133800
0.310949 10.198600
0.311314 6.184010
0.311679 3.922550
0.312044 12.314100
0.312409 16.521000
0.312774 3.465000
0.313139 14.881600
0.313504 5.061910
0.313869 44.824400
0.314234 17.254200
0.314599 16.244100
0.314964 9.276470
0.315328 26.214100
0.315693 16.583000
0.316058 14.085400
0.316423 19.732900
0.316788 35.021600
0.317153 85.694100
0.317518 9.287800
0.317883 1.773990
0.318248 31.857800
0.318613 18.327100
0.318978 64.006000
0.319343 40.432100
0.319708 7.142670
0.320073 49.137500
0.320438 51.194500
0.320803 12.368400
0.321168 19.157700
0.321533 38.388000
0.321898 30.178700
0.322263 11.391800
0.322628 51.270000
0.322993 29.018700
0.323358 17.515600
0.323723 56.943100
0.324088 30.729800
0.324453 20.164400
0.324818 25.558600
0.325182 18.908000
0.325547 22.499000
0.325912 10.260500
0.326277 11.920900
0.326642 1.688130
0.327007 7.986970
0.327372 13.926300
0.327737 39.942300
0.328102 35.020400
0.328467 22.138400
0.328832 32.127100
0.329197 51.114800
0.329562 40.763900
0.329927 3.873760
0.330292 4.933310
0.330657 10.522900
0.331022 39.491200
0.331387 5.487270
0.331752 42.233000
0.332117 7.261780
0.332482 16.122200
0.332847 23.887700
0.333212 76.115500
0.333577 8.172040
0.333942 8.112780
0.334307 65.487700
0.334672 10.040500
0.335036 8.385560
0.335401 9.745590
0.335766 58.350300
0.336131 9.652300
0.336496 6.800170
0.336861 9.843390
0.337226 38.830900
0.337591 15.660400
0.337956 12.363800
0.338321 26.777500
0.338686 50.847000
0.339051 15.011700
0.339416 96.065600
0.339781 27.754700
0.340146 7.434000
0.340511 10.260800
0.340876 34.310000
0.341241 48.220700
0.341606 36.474800
0.341971 9.367710
0.342336 20.597300
0.342701 29.393300
0.343066 4.169480
0.343431 1.650920
0.343796 7.223120
0.344161 18.759800
0.344526 56.961900
0.344891 29.385300
0.345255 5.442650
0.345620 20.789800
0.345985 32.851700
0.346350 30.999600
0.346715 22.806000
0.347080 5.613430
0.347445 19.957100
0.347810 17.413600
0.348175 18.284400
0.348540 19.524400
0.348905 9.162580
0.349270 2.932240
0.349635 12.229800
0.350000 57.239900
0.350365 21.117100
0.350730 15.669600
0.351095 37.295900
0.351460 9.011060
0.351825 20.490200
0.352190 8.430510
0.352555 8.552560
0.352920 6.983820
0.353285 72.888800
0.353650 13.138800
0.354015 55.060600
0.354380 12.580200
0.354745 44.851200
0.355109 11.497600
0.355474 35.503800
0.355839 31.602400
0.356204 5.926870
0.356569 7.569900
0.356934 27.915700
0.357299 9.157910
0.357664 42.877000
0.358029 9.999050
0.358394 9.137130
0.358759 7.596470
0.359124 23.472900
0.359489 51.853500
0.359854 16.963700
0.360219 43.984600
0.360584 42.541500
0.360949 19.208200
0.361314 43.869600
0.361679 13.569900
0.362044 22.929800
0.362409 15.893500
0.362774 21.462300
0.363139 73.277100
0.363504 4.477540
0.364234 9.391910
0.364599 16.416900
0.364964 9.663410
0.365328 19.639600
0.365693 61.252300
0.366058 10.345100
0.366423 24.159600
0.366788 7.894130
0.367153 11.936200
0.367518 50.937800
0.367883 34.244300
0.368248 15.482100
0.368613 64.412500
0.368978 6.649670
0.369343 17.698000
0.369708 36.769900
0.370073 7.953820
0.370438 30.798100
0.370803 9.443440
0.371168 50.661800
0.371533 27.695600
0.371898 49.458500
0.372263 6.592030
0.372628 20.029000
0.372993 44.985500
0.373358 17.737600
0.373723 13.129900
0.374088 19.941200
0.374453 17.649700
0.374818 22.634500
0.375182 3.544030
0.375547 7.859240
0.375912 69.770100
0.376277 19.094600
0.376642 20.595000
0.377007 7.935300
0.377372 24.530600
0.377737 37.100800
0.378102 37.093700
0.378467 5.476300
0.378832 4.013800
0.379197 63.945200
0.379562 29.152800
0.379927 36.730000
0.380292 23.839500
0.380657 9.220200
0.381022 17.623800
0.381387 23.847200
0.381752 13.494800
0.382117 18.089200
0.382482 15.977300
0.382847 3.224290
0.383212 17.484000
0.383577 85.319800
0.383942 12.457400
0.384307 4.593500
0.384672 43.497600
0.385036 3.845890
0.385401 14.978600
0.385766 14.518400
0.386131 73.647600
0.386496 7.101050
0.386861 51.979100
0.387226 5.564810
0.387591 8.772510
0.387956 14.262400
0.388321 12.635900
0.388686 3.441650
0.389051 10.001700
0.389416 2.383420
0.389781 8.893680
0.390146 23.103600
0.390511 61.709800
0.390876 9.194650
0.391241 6.484890
0.391606 25.170300
0.391971 8.660760
0.392336 11.477000
0.392701 7.277910
0.393066 15.915200
0.393431 18.583500
0.393796 15.048300
0.394161 82.198800
0.394526 20.229500
0.394891 3.996480
0.395255 39.643900
0.395620 54.883800
0.395985 4.152560
0.396350 8.339120
0.396715 46.392500
0.397080 62.588500
0.397445 45.457900
0.397810 46.165900
0.398175 27.360100
0.398540 28.519600
0.398905 44.212900
0.399270 55.524200
0.400000 67.121200
0.400365 41.404600
0.400730 31.824500
0.401095 69.246400
0.401460 41.895400
0.401825 8.977150
0.402190 9.051110
0.402555 32.516900
0.402920 43.644400
0.403285 7.218660
0.403650 5.631970
0.404015 16.271300
0.404380 20.015100
0.404745 87.492300
0.405109 21.814700
0.405474 52.074500
0.405839 57.055800
0.406204 7.628880
0.406569 43.971800
0.406934 5.817910
0.407299 12.952700
0.407664 5.868540
0.408029 20.042800
0.408394 14.323100
0.408759 11.671500
0.409124 22.772900
0.409489 51.156800
0.409854 25.421500
0.410219 17.345700
0.410584 3.846800
0.410949 9.419580
0.411314 19.145400
0.411679 11.407500
0.412044 49.744500
0.412409 49.485600
0.412774 14.237400
0.413139 28.025800
0.413504 49.292500
0.413869 38.760900
0.414234 6.773800
0.414599 15.618300
0.414964 73.318800
0.415328 20.122600
0.415693 9.472490
0.416058 18.752200
0.416423 7.412880
0.416788 22.947100
0.417153 13.139300
0.417518 36.151000
0.417883 13.828600
0.418248 5.086670
0.418613 11.916000
0.418978 30.512500
0.419343 7.918640
0.419708 10.771200
0.420073 34.323700
0.420438 17.890200
0.420803 17.051200
0.421168 2.967230
0.421533 11.114300
0.421898 60.109400
0.422263 38.691000
0.422993 17.616500
0.423358 47.249800
0.423723 21.783300
0.424088 10.011300
0.424453 8.731370
0.424818 26.085200
0.425182 23.000900
0.425547 65.099100
0.425912 94.967300
0.426277 11.657200
0.426642 66.849300
0.427007 36.229100
0.427372 20.947100
0.427737 6.890030
0.428102 36.210300
0.428467 18.162400
0.428832 38.729300
0.429197 33.722300
0.429562 6.295780
0.429927 8.156210
0.430292 33.091500
0.430657 65.005900
0.431022 9.071190
0.431387 20.106800
0.431752 13.955300
0.432117 13.700600
0.432482 33.590100
0.432847 8.389740
0.433212 12.755700
0.433577 22.146300
0.433942 5.645580
0.434307 21.309000
0.434672 19.724100
0.435036 29.081300
0.435401 10.722700
0.435766 8.631440
0.436131 39.056200
0.436496 17.311200
0.436861 21.669300
0.437226 70.760700
0.437591 19.615600
0.437956 34.098700
0.438321 11.085700
0.438686 35.151300
0.439051 16.595200
0.439416 28.068800
0.439781 11.397000
0.440146 7.539080
0.440511 38.291600
0.440876 13.508100
0.441241 40.655400
0.441606 31.373800
0.441971 11.800700
0.442336 16.290700
0.442701 37.958700
0.443066 63.320100
0.443431 11.331900
0.443796 24.580200
0.444161 22.771800
0.444526 6.367660
0.444891 18.120700
0.445255 5.871730
0.445620 11.889700
0.445985 18.487000
0.446350 25.993100
0.446715 6.402330
0.447080 42.300700
0.447445 8.485340
0.447810 25.368800
0.448175 11.527400
0.448540 20.643900
0.448905 73.638400
0.449270 27.559400
0.449635 33.598900
0.450000 16.304500
0.450365 23.534200
0.450730 44.543900
0.451095 7.585070
0.451460 47.850100
0.451825 5.709540
0.452190 5.259330
0.452555 52.929400
0.452920 68.892500
0.453285 14.489100
0.454015 8.324900
0.454380 27.067300
0.454745 7.559030
0.455109 79.497800
0.455474 6.782280
0.455839 6.039210
0.456204 21.225700
0.456569 8.738370
0.456934 31.840100
0.457299 9.414450
0.457664 17.531100
0.458029 32.080100
0.458394 10.200800
0.458759 48.554600
0.459124 12.905500
0.459489 23.868400
0.459854 54.376800
0.460219 8.053930
0.460584 2.807010
0.460949 10.353200
0.461314 32.115700
0.461679 5.317650
0.462044 8.440470
0.462409 77.877200
0.462774 12.303100
0.463139 6.763620
0.463504 9.119850
0.463869 44.862500
0.464234 7.843040
0.464599 81.665800
0.464964 1.635760
0.465328 16.945800
0.465693 8.345320
0.466058 5.045680
0.467153 1.772950
0.467518 14.509200
0.467883 70.025800
0.468248 8.340870
0.468613 8.986780
0.468978 13.189000
0.469343 8.881250
0.469708 36.734700
0.470073 10.556200
0.470438 7.114360
0.470803 9.975870
0.471168 22.032500
0.471533 39.074200
0.471898 15.820600
0.472263 25.793400
0.472628 22.214800
0.472993 6.383620
0.473358 23.703500
0.473723 2.306760
0.474088 13.522000
0.474453 30.428700
0.474818 33.651800
0.475182 31.930800
0.475547 8.258550
0.475912 5.651010
0.476277 10.191200
0.476642 64.801800
0.477007 23.196000
0.477372 31.971500
0.477737 32.137000
0.478102 8.857030
0.478467 18.861600
0.478832 11.320500
0.479197 46.401800
0.479562 7.238610
0.479927 4.675140
0.480292 21.354000
0.480657 30.105400
0.481022 9.827400
0.481387 13.459800
0.481752 9.940840
0.482117 18.545300
0.482482 48.823700
0.482847 13.603700
0.483212 3.748370
0.483577 24.208100
0.483942 32.148100
0.484307 18.940500
0.484672 5.041560
0.485036 48.255100
0.485401 9.498160
0.485766 15.828500
0.486131 37.311400
0.486496 32.777600
0.486861 9.778340
0.487226 3.261600
0.487591 25.972300
0.487956 81.730400
0.488321 17.486500
0.488686 3.187980
0.489051 35.781600
0.489416 20.601700
0.489781 21.471800
0.490146 70.935000
0.490511 20.199600
0.490876 19.870100
0.491241 40.515100
0.491606 5.037100
0.491971 2.493490
0.492336 53.281600
0.492701 15.036400
0.493066 10.886100
0.493431 23.299700
0.493796 20.411900
0.494161 5.311860
0.494526 28.770400
0.494891 49.259100
0.495255 8.220860
0.495620 25.402800
0.495985 7.766040
0.496350 30.469200
0.496715 8.430030
0.497080 16.600100
0.497445 36.338500
0.497810 22.461100
0.498175 8.330790
0.498540 7.979210
0.498905 47.448200
0.499270 40.899500
0.499635 21.017100
0.500000 22.621000
0.500365 10.022000
0.500730 68.171300
0.501095 5.000570
0.501460 45.755400
0.501825 24.779300
0.502190 4.392830
0.502555 15.735700
0.502920 8.918400
0.503285 58.727600
0.503650 39.164400
0.504015 22.047400
0.504380 20.916000
0.504745 25.883700
0.505109 3.393030
0.505474 19.479700
0.505839 49.450500
0.506204 27.735900
0.506569 52.073700
0.506934 18.051100
0.507299 5.961610
0.507664 14.897900
0.508029 37.409700
0.508394 11.236400
0.508759 11.482300
0.509124 24.715500
0.509489 51.169600
0.509854 32.183500
0.510219 18.944700
0.510584 30.106200
0.510949 7.707590
0.511314 8.845930
0.511679 31.728400
0.512044 33.621400
0.512409 16.752900
0.512774 51.824500
0.513139 31.526400
0.513504 12.806100
0.513869 12.102600
0.514234 25.705200
0.514599 6.095110
0.514964 10.728600
0.515328 8.248550
0.515693 14.383800
0.516058 10.011800
0.516423 18.242200
0.516788 28.078100
0.517153 17.066000
0.517518 19.565400
0.517883 23.240600
0.518248 14.983900
0.518613 21.601200
0.518978 10.716200
0.519343 6.878930
0.519708 14.510000
0.520073 72.497700
0.520438 67.743100
0.520803 12.064300
0.521168 10.882100
0.521533 12.313500
0.521898 29.351800
0.522263 20.176500
0.522628 56.315000
0.522993 13.332900
0.523358 46.459500
0.523723 7.710920
0.524088 4.655000
0.524453 60.448100
0.524818 7.873990
0.525182 9.725800
0.525547 4.399240
0.525912 27.493300
0.526277 71.950900
0.526642 61.746100
0.527007 24.310000
0.527372 44.017000
0.527737 83.338200
0.528102 43.173800
0.528467 9.393820
0.528832 25.447800
0.529197 25.246200
0.529562 26.983100
0.529927 5.490150
0.530292 6.049350
0.530657 75.525800
0.531022 58.148900
0.531387 34.474800
0.531752 6.999720
0.532117 25.862300
0.532482 9.747770
0.532847 10.303100
0.533212 5.045290
0.533577 30.072300
0.533942 5.606490
0.534307 77.873000
0.534672 8.674270
0.535036 8.861320
0.535401 20.760000
0.535766 19.442000
0.536131 15.455100
0.536496 57.980800
0.536861 29.634800
0.537226 8.704740
0.537591 39.541600
0.537956 8.687730
0.538321 4.871910
0.538686 9.925120
0.539051 14.564100
0.539416 49.333300
0.539781 47.495400
0.540146 24.646700
0.540511 7.637960
0.540876 20.756700
0.541241 28.874100
0.541606 30.716200
0.541971 10.514900
0.542336 14.726200
0.542701 45.337700
0.543066 28.758800
0.543431 5.990650
0.543796 70.283200
0.544161 8.191050
0.544526 53.146700
0.544891 19.940400
0.545255 72.503000
0.545620 20.529500
0.545985 49.949500
0.546350 9.567830
0.546715 8.179710
0.547080 21.670200
0.547445 33.526900
0.547810 9.314790
0.548175 26.115700
0.548540 34.996900
0.549270 52.481000
0.549635 32.874500
0.550000 16.164900
0.550365 13.835400
0.550730 4.286470
0.551095 21.245600
0.551460 16.435100
0.551825 17.996300
0.552190 16.565400
0.552555 19.826700
0.552920 19.494200
0.553285 61.854200
0.553650 36.067500
0.554015 30.199300
0.554380 11.344500
0.554745 1.922130
0.555109 28.515800
0.555474 15.602500
0.555839 33.540800
0.556204 50.610800
0.556569 17.058400
0.556934 26.249400
0.557299 40.534500
0.557664 21.853700
0.558029 38.247300
0.558394 12.984500
0.558759 10.999100
0.559124 36.582800
0.559489 32.597200
0.559854 29.224500
0.560219 52.866300
0.560584 15.592500
0.560949 29.817300
0.561314 23.645400
0.561679 9.966590
0.562044 14.336500
0.562409 27.271500
0.562774 16.200000
0.563139 20.798900
0.563504 33.547100
0.563869 3.244260
0.564234 25.996200
0.564599 8.053580
0.564964 36.348700
0.565328 13.389100
0.565693 57.013700
0.566058 9.356350
0.566423 2.329900
0.566788 49.060200
0.567153 41.938300
0.567518 48.810900
0.567883 23.607100
0.568248 17.176700
0.568613 25.677000
0.568978 55.098800
0.569343 10.498400
0.569708 5.971690
0.570073 41.902300
0.570438 27.460400
0.570803 35.314900
0.571168 52.509800
0.571533 11.915500
0.571898 26.799000
0.572263 10.533100
0.572628 8.586700
0.572993 23.243200
0.573358 6.779030
0.573723 23.391000
0.574088 8.425590
0.574453 32.386900
0.574818 16.651800
0.575182 35.499400
0.575547 26.511600
0.575912 4.437690
0.576277 4.634960
0.576642 25.877300
0.577007 55.575300
0.577372 17.196000
0.577737 30.992000
0.578102 9.140060
0.578467 7.263840
0.578832 24.196200
0.579197 24.893000
0.579562 13.358100
0.579927 36.385000
0.580292 11.376700
0.580657 27.311300
0.581022 18.622300
0.581387 8.539090
0.581752 13.570000
0.582117 9.153710
0.582482 9.385420
0.582847 6.689400
0.583212 31.732700
0.583577 53.649900
0.583942 47.461300
0.584307 21.064500
0.584672 10.105500
0.585036 5.411510
0.585401 6.937130
0.585766 4.325130
0.586131 12.779900
0.586496 30.453600
0.586861 21.296300
0.587226 53.840100
0.587591 32.384200
0.587956 9.098150
0.588321 8.899700
0.588686 7.778430
0.589051 8.224420
0.589416 18.721600
0.589781 61.687800
0.590146 8.796110
0.590511 12.061800
0.590876 6.720950
0.591241 52.460000
0.591606 42.838700
0.591971 27.817900
0.592336 53.853000
0.592701 5.461430
0.593066 14.655800
0.593431 6.073960
0.593796 20.111900
0.594161 12.216400
0.594526 8.619400
0.594891 52.946700
0.595255 27.021700
0.595620 6.574580
0.595985 34.414300
0.596350 26.956900
0.596715 25.881300
0.597080 27.698300
0.597445 7.008120
0.597810 25.943600
0.598175 78.262400
0.598540 28.291800
0.598905 25.148900
0.599270 22.926800
0.599635 5.709130
0.600000 81.999600
0.600365 8.127790
0.600730 25.001900
0.601095 15.392200
0.601460 5.386600
0.601825 8.629580
0.602190 10.458600
0.602555 5.215510
0.602920 19.132700
0.603285 11.317700
0.603650 9.164000
0.604015 22.214500
0.604380 15.824100
0.604745 19.493500
0.605109 18.247600
0.605474 9.159730
0.605839 38.589500
0.606204 13.953800
0.606569 9.115450
0.606934 50.093000
0.607299 35.566500
0.607664 75.687700
0.608029 5.538510
0.608394 21.525300
0.608759 19.866000
0.609124 9.959830
0.609489 38.858700
0.609854 48.891700
0.610219 19.792500
0.610584 4.390630
0.610949 15.902000
0.611314 20.371500
0.611679 12.222700
0.612044 25.049400
0.612409 27.593800
0.612774 58.119300
0.613139 28.574200
0.613504 28.241700
0.613869 43.162600
0.614234 26.107800
0.614599 56.430600
0.614964 28.367400
0.615328 9.354960
0.615693 2.129950
0.616058 19.272300
0.616423 33.910800
0.616788 50.785900
0.617153 45.063500
0.617518 24.595600
0.617883 23.163800
0.618248 30.979300
0.618613 17.024000
0.618978 2.471930
0.619343 15.492500
0.619708 5.463370
0.620073 68.136100
0.620438 58.234800
0.620803 9.064350
0.621168 58.179300
0.621533 2.257480
0.621898 8.161950
0.622263 15.513500
0.622628 77.278400
0.622993 10.168700
0.623358 43.855000
0.623723 5.368740
0.624088 24.435700
0.624453 11.263400
0.624818 9.061260
0.625182 46.405800
0.625547 8.351030
0.625912 6.181070
0.626277 38.801700
0.626642 11.090200
0.627007 21.388600
0.627372 24.942200
0.627737 50.183900
0.628102 8.408890
0.628467 41.157000
0.628832 5.665360
0.629197 11.057000
0.629562 66.299900
0.629927 22.805100
0.630292 8.505500
0.630657 22.453300
0.631022 22.708200
0.631387 77.406000
0.631752 20.155100
0.632117 27.946600
0.632482 52.997700
0.632847 69.341600
0.633212 40.187100
0.633577 6.940830
0.633942 3.708270
0.634307 7.943830
0.634672 66.710700
0.635036 7.134500
0.635401 2.325510
0.635766 9.654750
0.636131 10.571100
0.636496 7.120210
0.636861 69.574900
0.637226 22.954000
0.637591 37.939500
0.637956 5.718240
0.638321 65.486800
0.638686 62.670800
0.639051 18.494500
0.639416 19.715500
0.639781 2.106260
0.640146 9.364490
0.640511 2.906380
0.640876 7.627320
0.641241 11.202300
0.641606 47.674800
0.641971 67.574300
0.642336 3.180860
0.642701 51.123700
0.643066 23.734900
0.643431 41.586400
0.643796 8.663630
0.644161 39.012500
0.644526 31.387800
0.644891 23.535900
0.645255 44.338900
0.645620 8.060970
0.645985 37.411600
0.646350 10.682900
0.646715 8.427420
0.647080 45.549800
0.647445 27.446600
0.647810 17.670200
0.648175 12.457100
0.648540 6.150210
0.648905 1.756630
0.649270 2.711000
0.649635 4.844750
0.650000 22.217300
0.650365 9.551570
0.650730 44.875600
0.651095 17.675800
0.651460 8.827590
0.651825 23.105000
0.652190 5.348710
0.652555 6.143420
0.652920 33.333200
0.653285 55.094700
0.653650 30.913600
0.654015 14.444100
0.654380 19.211000
0.654745 3.151640
0.655109 13.822600
0.655474 6.188660
0.655839 6.791890
0.656204 20.521400
0.656569 21.418300
0.656934 25.477200
0.657299 4.969810
0.657664 19.901900
0.658029 67.070300
0.658394 30.032500
0.658759 5.615190
0.659124 16.060000
0.659489 27.095600
0.659854 37.873000
0.660219 71.351600
0.660584 26.547300
0.660949 2.685080
0.661314 7.875960
0.661679 40.379200
0.662044 14.196100
0.662409 34.270100
0.662774 12.891900
0.663139 12.155900
0.663504 32.662600
0.663869 13.768300
0.664234 48.908000
0.664599 37.735700
0.664964 10.583900
0.665328 31.752100
0.665693 13.899200
0.666058 9.768280
0.666423 6.804050
0.666788 26.590700
0.667153 47.455600
0.667518 9.003330
0.667883 9.146310
0.668248 39.358600
0.668613 33.765600
0.668978 33.667100
0.669343 6.760110
0.669708 41.752600
0.670073 73.730600
0.670438 6.933060
0.670803 8.201880
0.671168 36.326400
0.671533 27.539900
0.671898 34.537500
0.672263 15.575300
0.672628 12.735600
0.672993 12.664700
0.673358 31.220400
0.673723 70.384600
0.674088 2.939710
0.674453 4.113830
0.674818 24.529600
0.675182 10.036000
0.675547 4.622200
0.675912 15.917000
0.676277 33.073600
0.676642 31.720400
0.677007 16.673900
0.677372 7.532330
0.677737 64.762300
0.678102 7.806710
0.678467 32.390600
0.678832 16.770600
0.679562 8.776500
0.679927 8.657520
0.680292 65.000100
0.680657 45.514700
0.681022 5.058460
0.681387 46.284600
0.681752 29.162500
0.682117 4.666400
0.682482 8.464960
0.682847 28.781100
0.683212 12.162500
0.683577 7.211660
0.683942 16.687000
0.684307 8.579720
0.684672 11.361200
0.685036 23.527200
0.685401 29.999300
0.685766 3.443710
0.686131 67.458800
0.686496 8.765840
0.686861 21.741800
0.687226 30.078200
0.687591 15.129700
0.687956 20.258400
0.688321 86.439100
0.688686 2.645150
0.689051 95.767600
0.689416 16.938000
0.689781 7.659800
0.690146 6.423450
0.690511 9.602320
0.690876 15.612700
0.691241 68.103300
0.691606 19.235300
0.691971 21.595000
0.692336 16.689300
0.692701 19.510700
0.693066 5.850580
0.693431 15.129400
0.693796 8.991780
0.694161 5.715730
0.694526 18.214800
0.694891 27.585800
0.695255 14.750800
0.695620 57.981300
0.695985 7.881020
0.696350 8.855910
0.696715 19.039800
0.697080 12.201700
0.697445 55.929900
0.697810 71.601500
0.698175 40.526100
0.698540 2.452200
0.698905 43.494600
0.699270 5.817400
0.699635 40.192300
0.700000 6.692350
0.700365 10.943400
0.700730 3.958560
0.701095 24.041600
0.701460 14.243600
0.701825 23.456500
0.702190 35.731800
0.702555 16.845500
0.702920 16.213900
0.703285 28.698300
0.703650 65.223300
0.704015 22.601600
0.704380 22.001000
0.704745 25.513200
0.705109 24.446600
0.705474 28.403500
0.705839 32.818000
0.706204 28.058900
0.706569 4.367580
0.706934 33.758900
0.707299 62.584100
0.707664 36.219200
0.708029 9.448110
0.708394 39.530900
0.708759 16.466100
0.709124 17.896100
0.709489 34.084600
0.709854 8.091070
0.710219 6.682500
0.710584 26.271700
0.710949 17.350700
0.711314 22.004000
0.711679 15.925200
0.712044 50.761400
0.712409 7.136400
0.712774 87.178400
0.713139 40.480800
0.713504 35.840300
0.713869 21.742700
0.714234 64.000700
0.714599 10.021400
0.714964 19.662200
0.715328 9.581080
0.715693 24.729100
0.716058 6.567750
0.716423 29.284000
0.716788 14.118900
0.717153 11.350500
0.717518 46.116500
0.717883 26.274100
0.718248 40.730500
0.718613 40.325700
0.718978 44.750400
0.719343 41.230200
0.719708 63.725700
0.720073 42.191700
0.720438 22.485800
0.720803 31.220200
0.721168 18.211500
0.721533 11.785800
0.722263 11.588400
0.722628 8.076190
0.722993 24.930100
0.723358 10.154200
0.723723 20.960500
0.724088 31.569000
0.724453 17.550700
0.724818 36.849100
0.725182 27.681300
0.725547 26.882000
0.725912 21.241900
0.726277 17.869100
0.726642 25.954400
0.727007 22.396500
0.727372 28.355000
0.727737 28.743000
0.728102 4.333180
0.728467 30.569100
0.728832 9.408360
0.729197 19.644600
0.729562 4.447520
0.729927 3.513520
0.730292 48.172700
0.730657 4.210930
0.731022 32.639800
0.731387 15.154300
0.731752 49.129900
0.732117 9.715360
0.732482 7.843660
0.732847 7.594590
0.733212 21.904300
0.733577 2.373240
0.733942 7.551470
0.734307 4.950750
0.734672 29.853400
0.735036 68.288500
0.735401 25.352400
0.735766 43.449300
0.736131 8.477530
0.736496 2.789020
0.736861 8.671790
0.737226 13.177000
0.737591 22.816100
0.737956 7.639990
0.738321 18.588700
0.738686 39.084300
0.739051 12.786600
0.739416 37.331700
0.739781 9.484540
0.740146 9.789350
0.740511 7.815310
0.740876 50.473800
0.741241 5.907250
0.741606 12.992300
0.741971 37.236700
0.742336 13.137200
0.742701 4.345590
0.743066 8.075640
0.743431 38.482200
0.743796 22.452900
0.744161 3.555920
0.744526 27.857000
0.744891 12.944500
0.745255 18.540400
0.745620 38.690700
0.745985 8.176010
0.746350 7.022300
0.746715 14.373200
0.747080 8.990300
0.747445 50.231100
0.747810 5.944210
0.748175 4.572910
0.748540 52.547200
0.748905 46.239600
0.749270 73.167500
0.749635 17.667700
0.750000 23.387900
0.750365 1.775620
0.750730 58.596300
0.751095 7.994900
0.751460 9.572360
0.751825 39.148100
0.752190 6.092660
0.752555 18.544600
0.752920 7.554870
0.753285 19.730200
0.753650 5.289860
0.754015 2.866380
0.754380 9.608130
0.754745 11.090000
0.755109 7.885920
0.755474 27.086400
0.755839 25.354600
0.756204 5.717550
0.756569 26.570400
0.756934 11.279900
0.757299 9.450250
0.757664 44.974700
0.758029 10.075200
0.758394 10.885000
0.758759 44.142000
0.759124 33.904600
0.759489 6.088190
0.759854 12.837100
0.760219 21.102500
0.760584 16.856800
0.760949 70.015000
0.761314 8.903600
0.761679 16.667100
0.762044 33.819700
0.762409 17.303300
0.762774 39.812800
0.763139 63.718600
0.763504 35.689000
0.763869 2.239860
0.764234 55.927600
0.764599 6.779810
0.764964 58.667500
0.765328 47.507800
0.765693 10.255900
0.766058 17.833100
0.766423 4.864110
0.766788 4.511610
0.767153 33.326200
0.767518 10.789800
0.767883 14.919400
0.768248 10.292800
0.768613 80.075700
0.768978 6.852690
0.769343 43.010500
0.769708 25.210100
0.770073 19.504900
0.770438 38.989800
0.770803 42.199500
0.771168 58.609600
0.771533 25.536800
0.771898 30.794300
0.772263 5.436750
0.772628 21.804700
0.772993 4.449900
0.773358 7.329920
0.773723 11.142800
0.774088 52.361700
0.774453 32.002900
0.774818 61.535400
0.775182 10.638100
0.775547 8.760380
0.775912 42.543800
0.776277 39.191900
0.776642 38.255500
0.777007 10.188400
0.777372 23.107100
0.777737 38.317700
0.778102 6.531550
0.778467 19.227700
0.778832 42.074100
0.779197 7.847520
0.779562 16.995700
0.779927 32.996000
0.780292 13.828900
0.780657 75.740100
0.781022 9.931970
0.781387 3.107550
0.781752 6.093860
0.782117 2.314050
0.782482 15.275400
0.782847 23.825400
0.783212 41.830600
0.783577 55.702900
0.783942 7.367810
0.784307 27.733800
0.784672 11.307300
0.785036 18.846800
0.785401 17.655500
0.785766 17.038900
0.786131 20.726400
0.786496 53.213200
0.786861 20.684400
0.787226 4.578370
0.787591 22.067400
0.787956 1.157930
0.788321 22.973600
0.788686 20.908100
0.789051 8.440450
0.789416 53.442200
0.789781 40.722800
0.790146 45.227500
0.790511 8.830880
0.790876 60.100100
0.791241 10.080500
0.791606 11.494500
0.791971 17.344600
0.792336 15.732600
0.792701 51.144000
0.793066 30.488400
0.793431 7.368020
0.793796 4.371120
0.794161 50.558200
0.794526 13.218400
0.794891 58.354400
0.795255 22.814700
0.795620 19.337600
0.795985 60.501400
0.796350 1.644620
0.796715 14.723500
0.797080 11.353500
0.797445 8.025400
0.797810 30.809500
0.798175 15.446300
0.798540 9.821790
0.798905 26.988800
0.799270 26.585300
0.799635 3.937100
0.800000 6.900080
0.800365 18.399300
0.800730 47.508900
0.801095 45.678100
0.801460 12.615700
0.801825 45.900400
0.802190 9.167670
0.802555 15.617600
0.802920 3.798640
0.803285 4.698070
0.803650 29.223000
0.804015 40.516300
0.804380 45.162500
0.804745 16.126000
0.805109 24.180600
0.805474 22.915800
0.805839 36.676700
0.806204 1.640020
0.806569 29.520200
0.806934 31.471200
0.807299 3.146460
0.807664 24.464100
0.808029 20.823000
0.808394 27.132900
0.808759 25.105800
0.809124 26.533700
0.809489 46.166900
0.809854 12.075800
0.810219 34.161300
0.810584 15.758600
0.810949 12.945500
0.811314 8.168650
0.812044 16.088500
0.812409 3.298460
0.812774 7.178340
0.813139 9.363500
0.813504 67.416200
0.813869 40.456700
0.814234 11.431700
0.814599 70.312100
0.814964 11.503200
0.815328 8.190410
0.815693 19.892300
0.816058 9.857320
0.816423 20.484900
0.816788 73.479300
0.817153 45.468000
0.817518 37.523100
0.817883 13.999600
0.818248 40.482800
0.818613 16.209200
0.818978 3.873430
0.819343 9.039550
0.819708 13.321500
0.820073 17.284500
0.820438 6.947780
0.820803 10.329300
0.821168 53.740100
0.821533 40.763000
0.821898 15.553300
0.822263 7.368450
0.822628 5.415250
0.822993 9.311290
0.823358 18.174800
0.823723 32.549300
0.824088 19.045100
0.824453 9.967340
0.824818 12.637700
0.825182 8.615840
0.825547 8.783010
0.825912 12.129200
0.826277 5.125280
0.826642 36.238400
0.827007 10.883100
0.827372 63.131300
0.827737 17.901200
0.828102 33.996100
0.828467 19.631300
0.828832 20.987800
0.829197 3.970160
0.829562 9.317280
0.829927 8.561850
0.830292 8.631610
0.830657 21.750000
0.831022 21.184700
0.831387 9.379470
0.831752 4.939900
0.832117 11.021900
0.832482 31.634700
0.832847 17.024200
0.833212 75.400100
0.833577 63.954800
0.833942 5.839730
0.834307 46.408600
0.834672 9.971180
0.835036 18.363100
0.835401 30.096200
0.835766 40.379700
0.836131 7.161620
0.836496 10.006400
0.836861 28.433600
0.837226 11.487900
0.837591 10.851200
0.837956 8.901450
0.838321 40.848200
0.838686 36.241500
0.839051 27.972600
0.839416 35.725800
0.839781 42.739300
0.840146 24.828000
0.840511 29.126500
0.840876 1.665670
0.841241 33.806900
0.841606 10.981900
0.841971 17.675600
0.842336 11.638700
0.842701 45.517500
0.843066 5.201930
0.843431 13.418400
0.843796 31.349000
0.844161 52.073400
0.844526 38.996500
0.844891 30.294900
0.845255 19.002000
0.845620 30.839600
0.845985 15.811100
0.846350 6.251680
0.846715 3.767080
0.847080 9.732760
0.847445 21.494400
0.847810 10.783800
0.848175 14.321700
0.848540 6.759750
0.848905 27.943400
0.849270 25.792300
0.849635 8.473890
0.850000 9.334980
0.850365 19.509700
0.850730 55.304300
0.851095 6.414870
0.851460 22.463500
0.851825 31.749100
0.852190 5.667040
0.852555 17.910500
0.852920 36.220300
0.853285 6.461570
0.853650 12.511200
0.854015 8.762490
0.854380 37.184300
0.854745 10.155600
0.855109 67.591400
0.855474 20.303500
0.855839 7.883220
0.856204 63.851100
0.856569 3.587420
0.856934 12.111800
0.857299 14.914800
0.857664 17.414600
0.858029 5.813680
0.858394 19.266700
0.858759 41.218300
0.859124 6.901710
0.859489 9.482350
0.859854 8.034390
0.860219 43.814000
0.860584 15.111300
0.860949 38.153800
0.861314 11.373300
0.861679 19.320900
0.862044 59.300400
0.862409 9.823800
0.862774 44.622600
0.863139 40.263300
0.863504 34.717400
0.863869 38.331700
0.864234 17.666700
0.864599 46.545500
0.864964 5.026010
0.865328 6.891020
0.865693 23.911100
0.866058 8.493440
0.866423 5.565230
0.866788 13.354500
0.867153 5.305230
0.867518 21.338600
0.867883 1.838240
0.868248 57.275500
0.868613 9.856110
0.868978 9.192030
0.869343 13.957000
0.869708 45.929800
0.870073 61.199300
0.870438 19.020500
0.870803 9.738040
0.871168 7.622040
0.871533 25.021700
0.871898 18.426800
0.872263 17.232200
0.872628 11.047600
0.872993 6.340320
0.873358 32.929000
0.873723 46.148300
0.874088 65.441900
0.874453 9.234530
0.874818 26.824300
0.875182 7.242780
0.875547 13.421400
0.875912 3.011050
0.876277 33.049000
0.876642 29.633500
0.877007 9.235530
0.877372 13.627900
0.877737 59.677700
0.878102 8.113520
0.878467 37.086000
0.878832 10.968000
0.879197 8.434860
0.879562 14.406100
0.879927 54.946100
0.880292 25.400800
0.880657 31.885700
0.881022 22.248800
0.881387 20.680200
0.881752 20.448600
0.882117 46.858400
0.882482 52.586000
0.882847 10.446500
0.883212 19.942100
0.883577 18.851900
0.883942 2.520720
0.884307 5.514900
0.884672 5.338250
0.885036 7.409500
0.885401 44.955800
0.885766 31.717900
0.886131 22.924300
0.886496 38.957800
0.886861 37.538500
0.887226 61.155800
0.887591 19.053400
0.887956 59.189700
0.888321 33.157400
0.888686 39.954900
0.889051 17.312500
0.889416 8.965760
0.889781 31.582600
0.890146 51.234700
0.890511 48.690500
0.890876 10.026400
0.891241 13.623900
0.891606 10.163300
0.891971 10.971300
0.892336 52.030100
0.892701 58.866200
0.893066 27.882100
0.893431 8.728690
0.893796 17.639000
0.894161 28.687100
0.894526 61.200400
0.894891 7.413030
0.895255 5.721110
0.895620 7.141320
0.895985 58.114200
0.896350 23.905000
0.896715 26.281700
0.897080 24.209700
0.897445 35.263300
0.897810 19.723700
0.898175 16.069900
0.898540 6.112930
0.898905 42.186800
0.899270 6.928080
0.899635 40.916800
0.900000 41.125100
0.900365 6.243760
0.900730 77.924800
0.901095 12.272800
0.901460 57.157600
0.901825 4.671470
0.902190 7.500180
0.902555 13.951300
0.902920 11.251600
0.903285 28.231800
0.903650 8.681420
0.904015 5.025690
0.904380 37.656800
0.904745 6.266560
0.905109 7.547580
0.905474 97.672800
0.905839 5.086260
0.906204 14.539200
0.906569 55.591800
0.906934 16.090400
0.907299 16.456300
0.907664 28.309200
0.908029 60.570300
0.908394 65.079900
0.908759 38.848100
0.909124 41.497600
0.909489 13.341800
0.909854 23.641000
0.910219 16.437500
0.910584 10.167600
0.910949 6.354150
0.911314 15.853700
0.911679 7.473540
0.912044 71.977800
0.912409 5.944580
0.912774 4.490110
0.913139 70.456100
0.913504 10.165400
0.913869 8.371790
0.914234 31.195400
0.914599 13.369300
0.914964 6.065710
0.915328 18.127200
0.915693 7.468920
0.916058 9.766490
0.916423 18.136800
0.916788 44.572500
0.917153 31.844700
0.917518 5.276550
0.917883 15.890200
0.918248 11.218300
0.918613 6.674930
0.918978 5.917520
0.919343 18.397200
0.919708 7.780580
0.920073 61.504000
0.920438 20.039500
0.920803 33.043100
0.921168 33.471000
0.921533 33.527600
0.921898 23.301500
0.922263 3.328170
0.922628 42.379100
0.922993 25.014100
0.923358 7.907290
0.923723 30.788400
0.924088 34.687200
0.924453 36.243500
0.924818 10.899100
0.925182 16.033200
0.925547 3.248770
0.925912 22.957900
0.926277 17.529600
0.926642 75.041200
0.927007 7.463950
0.927372 52.974400
0.927737 16.335200
0.928102 10.281300
0.928467 5.763670
0.928832 27.583900
0.929197 13.889100
0.929562 4.815890
0.929927 1.793480
0.930292 36.510400
0.930657 38.841800
0.931022 3.771220
0.931387 9.166070
0.931752 7.776760
0.932117 8.269630
0.932482 8.773770
0.932847 18.708000
0.933212 11.938000
0.933577 21.764500
0.933942 73.901900
0.934307 6.979370
0.934672 29.717100
0.935036 25.903000
0.935401 2.027110
0.935766 29.669500
0.936131 39.333300
0.936496 36.512000
0.936861 19.479400
0.937226 63.739100
0.937591 54.918400
0.937956 46.484600
0.938321 5.446790
0.938686 59.950300
0.939051 12.527700
0.939416 61.959200
0.939781 30.494400
0.940146 37.860500
0.940511 27.871600
0.940876 15.230900
0.941241 8.948220
0.941606 5.231230
0.941971 12.791600
0.942336 5.063310
0.942701 61.454900
0.943066 47.059000
0.943431 52.597000
0.943796 10.041600
0.944161 27.198600
0.944526 20.531900
0.944891 13.676600
0.945255 24.154200
0.945620 39.652800
0.945985 6.485460
0.946350 25.458700
0.946715 51.220200
0.947080 66.595800
0.947445 9.738750
0.947810 34.971100
0.948175 4.766190
0.948540 35.908300
0.948905 41.140100
0.949270 13.936200
0.949635 15.321400
0.950000 57.220000
0.950365 7.556580
0.950730 35.280200
0.951095 7.718670
0.951460 9.478820
0.951825 12.268200
0.952190 33.185800
0.952555 17.280700
0.952920 6.451430
0.953285 8.883650
0.953650 10.268900
0.954015 5.332000
0.954380 12.993900
0.954745 37.163200
0.955109 83.160200
0.955474 40.787200
0.955839 36.377300
0.956204 55.695100
0.956569 35.156300
0.956934 19.906500
0.957299 24.555600
0.957664 18.241100
0.958029 22.337700
0.958394 39.312500
0.958759 38.534400
0.959124 14.610400
0.959489 37.380800
0.959854 10.026200
0.960219 31.824600
0.960584 23.897000
0.960949 68.665700
0.961314 37.043200
0.961679 22.342100
0.962044 8.742120
0.962409 46.340000
0.962774 19.070300
0.963139 10.313100
0.963504 13.295600
0.963869 28.546700
0.964234 5.562800
0.964599 1.721900
0.964964 21.166000
0.965328 38.702400
0.965693 13.169300
0.966058 7.947980
0.966423 36.328800
0.966788 18.792300
0.967153 26.805800
0.967518 31.561300
0.967883 9.158200
0.968248 8.512380
0.968613 4.198430
0.968978 26.641000
0.969343 1.636670
0.969708 52.402900
0.970073 19.850200
0.970438 18.017900
0.970803 21.231600
0.971168 36.530000
0.971533 56.630500
0.971898 28.441300
0.972263 5.817330
0.972628 9.886700
0.972993 51.812300
0.973358 36.065900
0.973723 18.096800
0.974088 2.802410
0.974453 42.046100
0.974818 18.415700
0.975182 13.016100
0.975547 92.604100
0.975912 42.019400
0.976277 16.229000
0.976642 8.537870
0.977007 14.888700
0.977372 6.475160
0.977737 8.814550
0.978102 59.785500
0.978467 12.978300
0.978832 50.788000
0.979197 9.727900
0.979562 16.092500
0.979927 8.503520
0.980292 31.700200
0.980657 6.625210
0.981022 8.294450
0.981387 67.810500
0.981752 13.698300
0.982117 24.407000
0.982482 4.105790
0.982847 23.172400
0.983212 65.600100
0.983577 19.351300
0.983942 23.544600
0.984307 17.202600
0.984672 17.607700
0.985036 14.632700
0.985401 5.745260
0.985766 23.673200
0.986131 2.815910
0.986496 26.487700
0.986861 29.431700
0.987226 1.721200
0.987591 7.835960
0.987956 16.635600
0.988321 12.634600
0.988686 6.294370
0.989051 25.154900
0.989416 10.947000
0.989781 5.684560
0.990146 18.929100
0.990511 13.187300
0.990876 5.446920
0.991241 27.904100
0.991606 18.935000
0.991971 39.473400
0.992336 6.789570
0.992701 45.351000
0.993066 47.591800
0.993431 13.022200
0.993796 13.796300
0.994161 22.648600
0.994526 7.072120
0.994891 24.693400
0.995255 14.899500
0.995620 6.521360
0.995985 23.538400
0.996350 25.062800
0.996715 79.948100
0.997080 6.726940
0.997445 17.187300
0.997810 42.269500
0.998175 5.342380
0.998540 11.679700
0.998905 13.949500
0.999270 7.719790
0.999635 22.597800
1.000000 10.344200
