0.000618 18.917600
0.003711 11.312900
0.004329 39.013500
0.004947 18.054300
0.005566 20.239800
0.006184 5.360020
0.006803 34.110000
0.007421 3.793050
0.008040 76.064300
0.008658 51.617000
0.009276 49.218000
0.009895 19.901300
0.010513 35.872300
0.011132 47.716900
0.011750 58.450200
0.012369 48.740500
0.012987 3.764950
0.013605 56.970000
0.014224 6.387210
0.014842 11.821200
0.015461 6.558150
0.016079 6.421740
0.016698 8.244090
0.017316 51.338300
0.017934 65.940700
0.018553 7.235490
0.019171 8.730190
0.019790 33.945900
0.020408 44.707400
0.021027 27.815200
0.021645 13.529200
0.022263 13.348600
0.022882 47.954100
0.035250 9.691900
0.035869 16.087600
0.036487 1.713120
0.037106 11.487700
0.037724 42.321700
0.038343 7.840470
0.038961 9.302600
0.039579 24.928700
0.040198 13.645700
0.040816 16.754500
0.041435 31.142300
0.042053 64.515700
0.042672 15.796800
0.043290 53.561500
0.043908 8.963770
0.044527 14.249800
0.045145 28.250600
0.045764 5.591410
0.046382 12.538500
0.047001 14.440500
0.047619 6.040370
0.048237 8.056820
0.048856 27.204400
0.049474 23.118700
0.050093 32.332000
0.050711 24.182200
0.051330 52.655700
0.072975 8.389800
0.073593 67.259500
0.074212 9.458380
0.074830 6.585580
0.075448 51.580900
0.076067 23.187000
0.076685 7.074000
0.077304 8.318210
0.077922 5.226120
0.078541 21.800600
0.079159 20.359800
0.079777 35.877900
0.080396 36.579700
0.081014 8.424590
0.081633 71.065800
0.082251 5.223970
0.082870 7.212060
0.083488 17.435100
0.084106 18.679100
0.084725 24.825100
0.085343 24.938600
0.085962 33.042900
0.086580 11.748800
0.087199 35.513100
0.087817 14.994500
0.088435 51.656600
0.089054 17.520100
0.089672 2.795710
0.090291 22.475300
0.090909 2.354730
0.091528 65.894700
0.092146 34.371400
0.092764 71.149100
0.093383 35.690100
0.094001 52.893600
0.094620 20.942900
0.095238 9.874440
0.095857 22.977000
0.096475 5.286670
0.097093 22.125500
0.097712 14.752000
0.098330 8.045640
0.098949 82.840900
0.099567 23.408300
0.100186 5.766740
0.100804 4.758830
0.101422 7.297160
0.102041 66.472700
0.102659 72.363200
0.103278 53.476200
0.103896 7.996660
0.104515 40.021300
0.105133 20.123800
0.105751 4.865340
0.106370 16.305400
0.106988 8.161710
0.107607 40.639000
0.108225 40.805300
0.108844 40.713200
0.109462 4.690910
0.110080 7.809980
0.110699 19.588500
0.111317 22.260900
0.111936 31.467100
0.112554 6.702950
0.113173 8.082820
0.113791 26.621800
0.114409 28.007500
0.115028 17.670300
0.115646 28.073700
0.116265 26.272500
0.116883 7.225040
0.117502 20.645400
0.118120 4.375650
0.118738 14.982800
0.119357 11.459600
0.119975 79.812200
0.120594 7.918040
0.121212 9.848860
0.121831 42.287700
0.122449 22.177900
0.123067 43.127900
0.123686 17.673400
0.124304 33.767700
0.124923 7.686390
0.125541 55.652300
0.126160 39.352400
0.126778 11.317200
0.127396 4.080350
0.128015 7.463510
0.128633 34.311000
0.129252 14.238800
0.129870 6.798530
0.130489 36.144100
0.131107 28.570800
0.131725 31.773300
0.132344 19.112800
0.132962 57.352500
0.133581 9.824660
0.134199 17.792300
0.134818 59.191600
0.135436 39.261100
0.136054 57.404200
0.136673 3.327190
0.137291 11.512100
0.137910 39.792200
0.138528 18.384900
0.139147 7.754290
0.139765 5.725020
0.140383 33.719700
0.141002 34.416900
0.141620 7.515510
0.142239 20.243000
0.142857 3.593140
0.143476 33.764400
0.144094 53.918200
0.144712 41.697000
0.145331 16.281600
0.145949 6.418800
0.146568 12.348000
0.147186 17.112800
0.147805 12.714600
0.148423 19.350000
0.149041 4.297610
0.149660 58.110000
0.150278 44.984300
0.150897 10.513400
0.151515 3.450410
0.152134 57.856000
0.152752 16.923300
0.153370 6.258680
0.153989 66.485900
0.154607 7.506580
0.155226 5.873760
0.155844 20.059600
0.156463 71.240400
0.157081 6.537120
0.157699 42.166600
0.158318 15.080300
0.158936 40.490200
0.159555 21.693400
0.160173 48.446500
0.160792 28.127200
0.161410 46.508000
0.162028 30.435300
0.162647 10.156900
0.163265 14.963900
0.163884 9.006880
0.164502 44.876200
0.165121 31.816400
0.165739 16.772800
0.166357 5.634370
0.166976 5.944110
0.167594 14.172200
0.168213 33.909800
0.168831 68.200100
0.169450 4.708660
0.170068 9.248850
0.170686 7.919910
0.171305 43.074700
0.171923 33.760000
0.172542 27.745500
0.173160 26.198700
0.173779 6.703290
0.174397 12.402000
0.175015 14.706200
0.175634 10.078300
0.176252 35.750900
0.176871 45.285800
0.177489 14.849200
0.178108 16.853800
0.178726 27.943400
0.179344 19.568600
0.179963 17.022000
0.180581 9.754710
0.181200 15.844700
0.181818 50.348900
0.182437 12.670200
0.183055 34.420000
0.183673 40.902800
0.184292 37.196500
0.184910 8.396660
0.185529 46.287400
0.186147 5.239010
0.186766 6.560140
0.187384 5.266140
0.188002 69.964800
0.188621 7.340460
0.189239 7.301040
0.189858 21.738500
0.190476 1.679470
0.191095 33.642700
0.191713 3.307730
0.192331 19.851400
0.192950 20.319300
0.193568 14.175900
0.194187 3.679400
0.194805 28.429300
0.195424 16.028400
0.196042 64.683900
0.196660 36.331500
0.197279 35.266500
0.197897 9.073930
0.198516 57.333400
0.199134 8.206860
0.199753 10.018600
0.200371 9.963780
0.200989 51.048000
0.201608 17.878300
0.202226 19.904800
0.202845 34.871900
0.203463 8.218100
0.204082 18.798600
0.204700 31.485600
0.205318 13.947100
0.205937 29.831800
0.206555 7.536960
0.207174 4.198950
0.213358 9.958660
0.213976 34.693800
0.214595 3.919150
0.215213 36.892400
0.215832 6.264820
0.216450 4.536650
0.217069 24.394800
0.217687 39.146600
0.218306 21.046000
0.218924 17.862500
0.219542 6.880980
0.220161 17.629000
0.220779 14.447500
0.221398 71.194000
0.222016 15.770200
0.222635 89.596700
0.223253 5.957260
0.223871 26.752900
0.224490 15.967900
0.225108 39.673000
0.225727 13.128100
0.226345 11.347300
0.226964 19.739300
0.227582 13.256200
0.228200 6.516650
0.228819 9.856040
0.230674 9.805800
0.231293 18.251200
0.231911 12.040100
0.232529 6.805360
0.233148 30.121100
0.233766 30.948400
0.234385 42.605200
0.235003 3.711520
0.235622 16.600200
0.236240 34.699000
0.236858 15.697800
0.237477 9.510650
0.238095 71.276000
0.238714 27.675900
0.239332 9.146400
0.239951 90.447900
0.240569 10.491400
0.241187 22.171000
0.241806 11.502500
0.242424 10.545900
0.243043 4.194640
0.243661 7.617760
0.244280 68.940400
0.244898 17.902700
0.245516 4.562820
0.246135 14.995200
0.246753 7.696270
0.247372 6.174910
0.247990 13.902100
0.248609 32.557000
0.249227 30.885500
0.249845 8.492290
0.255411 58.116000
0.256030 43.159500
0.256648 12.799600
0.257267 20.595500
0.257885 16.521500
0.258503 8.009290
0.259122 38.830800
0.259740 10.076900
0.265306 59.483000
0.265925 61.072200
0.266543 1.749350
0.267161 50.326600
0.267780 28.547700
0.268398 9.452400
0.269017 35.931200
0.269635 12.140900
0.270254 5.374870
0.270872 5.933160
0.271490 57.264400
0.272109 8.446030
0.272727 19.486600
0.273346 30.574400
0.273964 15.951800
0.274583 21.059600
0.275201 19.535200
0.275819 54.577500
0.276438 8.089820
0.277056 1.668280
0.277675 2.682530
0.278293 33.443100
0.278912 64.290300
0.279530 9.459700
0.280148 5.583290
0.280767 49.690600
0.281385 33.573200
0.282004 2.099160
0.282622 5.619400
0.283241 43.345700
0.283859 12.507800
0.284477 8.304810
0.285096 32.986600
0.285714 30.562600
0.286333 60.478300
0.286951 10.411100
0.287570 4.478030
0.288188 79.340400
0.288806 21.332100
0.289425 17.403800
0.290043 31.964700
0.291280 67.417800
0.291899 4.058540
0.292517 13.903800
0.293135 8.850990
0.293754 6.617900
0.294372 7.339550
0.294991 12.821500
0.295609 91.212700
0.296228 11.495000
0.296846 6.875510
0.297464 68.054600
0.298083 49.893200
0.298701 37.413600
0.299320 13.641000
0.299938 31.936200
0.300557 68.692800
0.301175 11.749100
0.301793 68.457400
0.302412 19.736700
0.303030 13.757100
0.303649 37.525500
0.304267 21.084400
0.304886 7.397850
0.305504 2.646550
0.306122 17.977500
0.306741 22.080700
0.307359 6.786460
0.307978 18.686200
0.308596 44.815500
0.309215 6.000090
0.309833 62.816200
0.310451 8.271950
0.311070 6.435410
0.311688 23.725300
0.312307 2.267530
0.312925 41.550200
0.313544 16.594100
0.314162 27.680600
0.314780 8.615230
0.315399 15.619500
0.316017 8.478040
0.316636 9.848040
0.317254 14.028300
0.317873 42.172800
0.318491 10.161400
0.319109 38.689000
0.319728 11.603300
0.320346 9.219370
0.320965 9.384890
0.321583 31.842700
0.322202 49.098900
0.322820 48.325100
0.323438 74.975200
0.324057 18.781300
0.324675 28.592200
0.325294 3.803690
0.325912 3.781610
0.326531 7.355820
0.327149 9.647030
0.327767 4.859850
0.328386 28.502400
0.329004 11.498100
0.329623 32.995900
0.330241 16.106300
0.330860 8.205220
0.331478 13.673500
0.332096 69.026000
0.332715 23.066500
0.333333 8.508000
0.333952 8.239220
0.334570 8.106870
0.335189 16.326400
0.335807 18.201300
0.336425 25.677100
0.337044 64.888200
0.337662 22.653300
0.338281 13.991000
0.338899 7.242400
0.339518 7.813550
0.340136 18.080200
0.340754 67.543000
0.341373 9.060150
0.341991 42.118700
0.342610 20.044300
0.343228 78.930500
0.343847 30.307500
0.344465 8.617800
0.345083 37.142200
0.345702 37.300100
0.346320 50.336400
0.346939 86.187900
0.347557 12.269700
0.348176 8.182660
0.348794 19.067000
0.349412 49.557600
0.350031 14.404500
0.350649 62.887300
0.351268 8.056870
0.351886 7.509150
0.352505 6.325690
0.353123 82.187400
0.353741 20.521200
0.354360 25.569800
0.354978 17.750500
0.355597 39.002500
0.356215 13.131100
0.356834 9.110940
0.357452 8.738990
0.358071 8.632300
0.358689 34.623200
0.359307 9.506620
0.359926 26.217400
0.360544 15.809500
0.361163 57.087300
0.361781 48.428400
0.362400 66.222400
0.363018 34.508200
0.363636 23.695300
0.364255 4.932730
0.364873 39.870400
0.365492 7.716940
0.366110 22.452000
0.366729 20.104300
0.367347 29.134100
0.367965 33.093000
0.368584 5.244900
0.369202 6.268280
0.369821 38.815100
0.370439 7.942050
0.371058 4.296680
0.371676 7.468370
0.372294 23.071500
0.372913 33.208800
0.373531 14.434700
0.374150 56.428500
0.374768 23.785300
0.375387 28.108500
0.376005 6.987650
0.376623 11.565900
0.377242 75.774000
0.377860 35.937000
0.378479 23.989400
0.379097 13.214000
0.379716 25.851200
0.380334 14.746500
0.380952 39.954500
0.381571 22.548700
0.382189 26.909100
0.382808 18.367600
0.383426 55.152500
0.384045 17.794400
0.384663 13.901300
0.385281 15.167200
0.385900 13.823700
0.386518 7.847830
0.387137 12.403300
0.387755 4.613430
0.388374 20.421100
0.388992 8.071770
0.389610 22.112100
0.390229 16.698700
0.390847 30.059000
0.391466 23.309800
0.392084 16.728700
0.392703 14.266700
0.393321 11.404500
0.393939 25.016600
0.394558 17.650600
0.395176 14.362900
0.395795 9.366440
0.396413 57.001000
0.397032 48.299500
0.397650 37.248000
0.398268 20.969500
0.398887 8.121210
0.399505 48.607300
0.400124 17.260900
0.400742 46.076000
0.401361 14.903200
0.401979 29.644400
0.402597 34.316200
0.403216 7.735140
0.403834 3.316760
0.404453 16.043300
0.405071 3.156090
0.405690 20.064600
0.406308 6.615950
0.406926 39.383500
0.407545 47.301500
0.408163 71.281500
0.408782 7.712310
0.409400 24.475800
0.410019 10.089900
0.410637 15.476300
0.411255 76.533800
0.411874 12.423200
0.412492 17.498100
0.413111 32.893300
0.413729 5.819900
0.414348 52.794300
0.414966 7.969270
0.415584 25.953500
0.416203 3.404340
0.416821 53.389700
0.417440 1.738680
0.418058 32.017500
0.418677 13.295900
0.419295 11.132700
0.419913 3.602830
0.420532 8.888740
0.421150 7.007030
0.421769 7.897200
0.422387 25.911100
0.423006 59.671200
0.423624 33.478700
0.424242 22.630200
0.424861 10.327600
0.425479 30.842600
0.426098 29.346600
0.426716 27.250200
0.427335 54.527000
0.427953 19.496300
0.428571 11.380000
0.429190 21.563400
0.429808 15.327500
0.430427 46.729200
0.431045 11.638800
0.431664 14.374900
0.432282 7.088980
0.432900 26.812000
0.433519 13.863300
0.434137 34.626100
0.434756 49.490600
0.435374 8.472170
0.435993 29.117700
0.436611 47.220800
0.437229 45.361900
0.437848 28.299400
0.438466 5.054290
0.439085 17.448700
0.439703 21.907000
0.440322 8.527790
0.440940 53.787800
0.441558 8.042780
0.442177 6.238400
0.442795 6.193750
0.443414 37.721200
0.444032 43.685200
0.444651 12.872800
0.445269 7.724000
0.445887 20.179100
0.446506 36.768700
0.447124 27.010000
0.447743 25.319200
0.448361 6.572500
0.448980 7.870300
0.449598 23.673200
0.450216 8.698950
0.450835 72.893500
0.451453 7.779050
0.452072 40.551000
0.452690 53.276200
0.453309 15.087500
0.453927 30.194300
0.454545 31.987500
0.455164 64.156500
0.455782 21.095100
0.456401 39.678000
0.457019 45.921100
0.457638 7.692050
0.458256 41.621200
0.458874 34.293400
0.459493 36.603300
0.460111 18.878200
0.460730 15.836400
0.461348 4.070030
0.461967 43.782100
0.462585 29.416600
0.463203 10.066600
0.463822 12.362600
0.464440 44.033300
0.465059 59.202300
0.465677 55.178900
0.466296 7.754820
0.466914 1.670260
0.467532 50.077800
0.468151 18.939200
0.468769 18.613200
0.469388 37.957200
0.470006 9.180620
0.470625 78.781500
0.471243 31.997000
0.471861 27.686400
0.472480 16.941400
0.473098 16.041700
0.473717 57.050400
0.474335 6.305530
0.474954 34.574300
0.475572 4.843590
0.476190 11.024100
0.476809 21.100600
0.477427 25.307500
0.478046 8.039940
0.478664 32.416600
0.479283 26.741700
0.479901 55.819800
0.480519 39.023300
0.481138 69.867900
0.481756 5.702990
0.482375 6.084920
0.482993 27.464300
0.483612 31.100300
0.484230 84.224900
0.484848 15.546800
0.485467 8.248770
0.486085 43.483300
0.486704 4.155790
0.487322 41.630400
0.487941 4.846170
0.488559 6.743510
0.489177 10.658600
0.489796 7.870810
0.490414 33.074100
0.491033 7.142150
0.491651 14.267200
0.492270 21.480000
0.492888 35.614000
0.493506 24.181700
0.494125 59.897000
0.494743 32.424600
0.495362 11.608200
0.495980 39.628800
0.496599 36.480100
0.497217 32.449400
0.497835 4.897680
0.498454 11.985400
0.499072 17.556600
0.499691 6.639760
0.500309 51.221500
0.500928 85.783200
0.501546 3.780650
0.502165 45.519600
0.502783 66.688800
0.503401 7.260300
0.504020 61.890600
0.504638 5.231580
0.505257 18.725700
0.505875 7.498530
0.506494 75.711700
0.507112 29.712300
0.507730 13.220200
0.508349 39.969600
0.508967 80.140800
0.509586 37.742900
0.510204 32.583900
0.510823 19.060100
0.511441 3.061700
0.512059 16.416800
0.512678 3.576590
0.513296 37.222400
0.513915 9.657410
0.514533 20.948400
0.515152 37.865800
0.515770 3.076190
0.516388 50.549700
0.517007 40.991900
0.517625 9.118120
0.518244 5.892970
0.518862 21.368900
0.519481 35.241800
0.520099 13.465600
0.520717 70.915000
0.521336 16.759900
0.521954 37.457200
0.522573 4.999240
0.523191 17.929100
0.523810 18.859500
0.524428 6.228680
0.525046 8.782260
0.525665 9.455540
0.526283 27.991900
0.526902 5.826450
0.527520 83.185600
0.528139 20.061700
0.528757 82.167800
0.529375 19.195300
0.529994 36.919600
0.530612 17.161000
0.531231 73.029700
0.531849 7.584800
0.532468 10.828100
0.533086 5.363730
0.533704 11.529900
0.534323 9.291070
0.534941 44.194500
0.535560 17.999300
0.536178 23.357900
0.536797 46.008800
0.537415 9.948800
0.538033 23.538700
0.538652 4.905310
0.539270 14.289200
0.539889 14.426200
0.540507 16.269100
0.541126 33.645900
0.541744 29.211400
0.542362 63.986600
0.542981 22.514700
0.543599 13.882500
0.544218 69.081900
0.544836 12.235200
0.545455 36.405400
0.546073 51.616300
0.546691 15.817100
0.547310 7.271630
0.547928 13.509700
0.548547 9.200980
0.549165 61.364600
0.549784 8.400070
0.550402 28.228200
0.551020 27.613000
0.551639 20.241900
0.552257 7.728390
0.552876 32.735700
0.553494 4.717740
0.554113 50.321400
0.554731 33.820400
0.555349 38.170800
0.555968 8.389540
0.556586 36.235900
0.557205 6.579740
0.557823 10.462800
0.558442 75.725300
0.559060 53.724300
0.559678 3.950420
0.560297 33.935400
0.560915 17.440100
0.561534 64.064600
0.562152 44.271900
0.564007 8.324900
0.564626 7.655470
0.565244 2.602970
0.565863 49.461800
0.566481 25.735900
0.567100 17.085300
0.567718 13.441500
0.568336 11.769400
0.568955 42.870700
0.569573 26.245200
0.570192 32.470000
0.570810 6.164060
0.571429 11.587100
0.572047 9.967410
0.572665 11.474300
0.573284 27.057000
0.573902 18.487300
0.574521 53.896200
0.575139 8.108270
0.575758 21.156200
0.576376 35.204000
0.576994 27.557400
0.577613 45.183800
0.578231 30.502200
0.578850 17.817200
0.579468 34.068100
0.580087 38.090200
0.580705 23.587100
0.581323 7.998030
0.581942 65.765800
0.582560 29.728200
0.583179 5.174400
0.583797 20.774700
0.584416 26.310700
0.585034 26.026300
0.585652 20.292000
0.586271 43.138000
0.586889 14.403100
0.587508 45.377000
0.588126 19.862300
0.588745 66.257100
0.589363 46.186800
0.589981 17.414100
0.590600 12.451700
0.591218 9.945950
0.591837 21.643000
0.592455 13.529700
0.593074 8.666390
0.593692 5.832630
0.594310 20.247600
0.594929 19.041600
0.595547 15.924900
0.596166 7.239090
0.596784 27.831800
0.597403 53.620200
0.598021 39.262400
0.598639 10.308500
0.599258 27.706300
0.599876 6.393980
0.601113 67.121200
0.601732 11.895700
0.602350 17.513200
0.602968 4.384200
0.603587 27.449600
0.604205 51.563800
0.604824 12.919300
0.605442 16.608300
0.606061 27.941000
0.606679 5.617160
0.607297 34.096400
0.607916 12.313100
0.608534 21.346900
0.609153 40.950500
0.609771 53.106600
0.610390 41.518100
0.611008 14.941900
0.611626 17.856600
0.612245 7.681170
0.612863 5.554790
0.613482 57.656400
0.614100 8.003450
0.614719 24.105400
0.615337 30.530800
0.615955 7.830440
0.616574 17.103500
0.617192 10.801200
0.617811 28.548500
0.618429 35.076400
0.619048 49.971300
0.619666 27.029800
0.620284 71.667100
0.620903 70.146900
0.621521 32.264900
0.622140 12.204600
0.622758 18.194600
0.623377 42.097200
0.623995 19.283700
0.624613 37.116000
0.625232 25.876800
0.625850 9.859500
0.626469 9.018910
0.627087 15.500000
0.627706 13.838100
0.628324 40.679900
0.628942 6.335030
0.629561 9.404810
0.630179 46.831300
0.630798 14.479600
0.631416 17.020700
0.632035 25.440000
0.632653 46.577000
0.633271 4.700620
0.633890 40.713700
0.634508 10.940400
0.635127 30.416800
0.635745 74.713500
0.636364 13.196800
0.636982 36.524700
0.637600 28.433500
0.638219 4.995670
0.638837 40.272500
0.639456 12.432100
0.640074 4.247790
0.640693 37.429400
0.641311 61.085600
0.641929 55.637000
0.642548 18.706300
0.643166 63.878100
0.643785 59.112200
0.644403 28.174200
0.645022 56.776200
0.645640 33.427400
0.646259 30.858000
0.646877 4.832150
0.647495 36.955800
0.648114 2.487110
0.648732 28.892200
0.649351 13.242600
0.649969 27.016500
0.650588 6.356200
0.651206 49.970400
0.651824 9.462550
0.652443 76.703700
0.653061 26.059300
0.653680 9.745790
0.654298 70.480200
0.654917 11.436100
0.655535 32.576700
0.656153 11.318900
0.656772 40.436100
0.657390 20.159400
0.658009 36.762600
0.658627 15.230300
0.659246 18.931400
0.659864 34.460600
0.660482 11.401600
0.661101 7.360430
0.662338 10.771500
0.662956 4.635610
0.663575 9.871650
0.664193 12.397000
0.664811 15.648300
0.665430 54.797000
0.666048 41.280900
0.666667 27.799400
0.667285 14.338600
0.667904 28.438800
0.668522 45.225700
0.669140 20.528900
0.669759 9.124890
0.670377 4.430190
0.670996 63.884500
0.671614 10.136200
0.672233 6.212940
0.672851 8.672130
0.673469 1.792170
0.674088 13.865400
0.674706 1.776460
0.675325 34.033200
0.675943 28.817000
0.676562 8.712500
0.677180 19.207700
0.677798 19.926700
0.678417 26.614300
0.679035 6.426490
0.679654 23.003900
0.680272 21.321400
0.680891 3.001140
0.681509 30.870900
0.682127 32.417500
0.682746 42.863900
0.683364 19.034100
0.683983 8.304370
0.684601 5.134750
0.685220 39.010200
0.685838 10.427100
0.686456 27.851800
0.687075 15.966800
0.687693 3.739960
0.688312 22.896700
0.688930 17.281300
0.689549 11.668500
0.690167 34.073900
0.690785 7.946090
0.691404 10.862500
0.692022 34.632400
0.692641 8.536980
0.693259 5.624200
0.693878 23.844400
0.694496 7.837390
0.695114 4.859100
0.695733 5.021850
0.696351 15.802800
0.696970 9.036450
0.697588 14.908500
0.698207 6.547040
0.698825 6.889500
0.699443 85.344100
0.700062 19.819900
0.700680 10.120400
0.701299 64.138700
0.701917 44.215500
0.702536 20.842600
0.703154 18.042500
0.703772 4.832070
0.704391 43.540500
0.705009 11.731100
0.705628 14.983300
0.706246 20.264800
0.706865 51.326000
0.707483 12.526600
0.708101 17.839700
0.708720 23.401100
0.709338 7.527930
0.709957 11.202900
0.710575 53.378700
0.711194 31.537800
0.711812 39.843400
0.712430 17.837700
0.713049 29.085500
0.713667 78.383000
0.714286 6.942270
0.714904 13.260500
0.715523 2.081700
0.716141 21.164100
0.716759 7.693760
0.717378 44.227900
0.717996 5.736340
0.718615 34.633900
0.719233 46.451600
0.719852 35.246400
0.720470 57.968500
0.721088 28.022800
0.721707 86.012900
0.722325 6.879660
0.722944 22.052100
0.723562 31.633200
0.724181 23.073700
0.724799 8.869680
0.725417 62.431700
0.726036 65.427800
0.726654 27.896400
0.727273 8.841770
0.727891 21.985000
0.728510 12.355700
0.729128 22.866500
0.729746 3.541590
0.730365 9.350350
0.730983 17.646300
0.731602 76.648800
0.732220 7.590600
0.732839 25.473400
0.733457 7.288730
0.734075 7.856320
0.734694 78.340900
0.735312 33.439500
0.735931 7.302260
0.736549 7.661360
0.737168 4.162080
0.737786 68.880900
0.738404 20.669900
0.739023 29.454900
0.739641 12.694600
0.740260 36.956600
0.740878 19.303900
0.741497 23.863000
0.742115 47.914400
0.742733 13.850000
0.743352 61.018700
0.743970 14.230500
0.744589 75.256400
0.745207 19.486700
0.745826 28.331700
0.746444 10.315600
0.747062 21.341900
0.747681 13.635100
0.748299 43.318100
0.748918 39.928000
0.749536 22.162700
0.750155 7.416930
0.750773 22.588100
0.751391 10.820000
0.752010 7.307830
0.752628 17.397700
0.753247 24.971000
0.753865 7.337670
0.754484 13.905900
0.755102 16.694600
0.755720 15.577600
0.756339 12.848700
0.756957 6.287130
0.757576 19.141000
0.758194 21.774100
0.758813 1.796010
0.759431 61.838900
0.760049 12.890300
0.760668 12.771400
0.761286 18.417000
0.761905 2.335530
0.762523 6.777390
0.763142 24.315900
0.763760 24.479900
0.764378 54.542300
0.764997 16.356700
0.765615 9.270560
0.766234 21.835400
0.766852 39.625700
0.767471 22.520700
0.768089 25.037500
0.768707 38.288700
0.769326 55.453700
0.769944 19.607700
0.770563 33.564400
0.771181 13.454600
0.771800 26.521300
0.772418 15.840700
0.773036 17.679600
0.773655 17.595500
0.774273 31.119000
0.774892 15.612100
0.775510 4.949360
0.776129 46.312400
0.776747 7.023690
0.777365 72.531300
0.777984 64.568700
0.778602 16.490300
0.779221 77.824300
0.779839 60.264000
0.780458 42.148600
0.781076 7.872720
0.781694 16.909100
0.782313 44.650400
0.782931 53.390000
0.783550 18.340000
0.784168 34.855900
0.784787 23.916600
0.785405 25.364300
0.786024 18.413400
0.786642 68.662100
0.787260 70.010400
0.787879 73.519500
0.788497 39.114800
0.789116 16.348600
0.789734 49.294300
0.790353 21.524900
0.790971 49.414900
0.791589 24.039300
0.792208 18.824300
0.792826 22.955300
0.793445 14.169700
0.794063 84.807700
0.794682 51.551600
0.795300 7.820180
0.795918 11.652500
0.796537 26.104500
0.797155 5.373730
0.797774 35.159200
0.798392 7.746160
0.799011 6.230830
0.799629 45.725200
0.800247 8.581550
0.800866 45.982800
0.801484 5.570540
0.802103 22.868700
0.802721 27.116600
0.803340 8.451090
0.803958 45.108000
0.804576 6.471900
0.805195 9.974300
0.805813 51.378600
0.806432 41.648300
0.807050 6.103660
0.807669 6.375490
0.808287 67.431100
0.808905 72.947100
0.809524 7.186300
0.810142 35.485900
0.810761 10.392200
0.811379 51.902800
0.811998 22.032600
0.812616 13.528500
0.813234 18.309300
0.813853 3.273060
0.814471 33.233100
0.815090 22.060600
0.815708 16.366900
0.816327 32.964700
0.816945 20.324500
0.817563 35.771200
0.818182 8.489970
0.818800 67.812500
0.819419 38.073600
0.820037 5.181740
0.820656 15.846900
0.821274 73.551800
0.821892 7.553410
0.822511 9.493340
0.823129 20.905300
0.823748 3.832610
0.824366 65.148700
0.824985 26.504700
0.825603 35.258200
0.826221 7.848190
0.826840 27.170100
0.827458 7.256000
0.828077 30.522400
0.828695 52.882100
0.829314 4.047060
0.829932 47.227100
0.830550 45.390100
0.831169 17.350500
0.831787 45.517200
0.832406 5.536070
0.833024 63.632800
0.833643 25.199600
0.834261 20.463100
0.834879 18.195700
0.835498 13.710300
0.836116 92.790400
0.836735 8.818770
0.837353 19.859400
0.837972 12.597000
0.838590 20.011100
0.839208 15.718200
0.839827 54.958000
0.840445 7.113380
0.841064 8.691100
0.841682 58.122100
0.842301 79.398300
0.842919 14.598400
0.844156 7.409500
0.844774 38.582100
0.845393 24.376000
0.846011 65.201700
0.846630 27.188800
0.847248 40.559900
0.847866 30.103800
0.848485 39.675900
0.849103 50.140100
0.849722 49.463100
0.850340 51.364500
0.850959 47.053200
0.851577 11.874500
0.852195 9.044120
0.852814 30.457500
0.853432 15.712600
0.854051 8.599470
0.854669 19.539500
0.855288 10.362600
0.855906 19.116200
0.856524 26.314100
0.857761 12.834200
0.858380 59.939300
0.858998 44.576500
0.859617 6.872590
0.860235 6.485040
0.860853 50.751100
0.861472 5.232670
0.862090 10.400500
0.862709 21.934300
0.863327 10.041300
0.863946 36.532400
0.864564 9.425440
0.865182 42.638400
0.865801 8.237800
0.866419 19.901600
0.867038 17.976500
0.867656 11.113700
0.868275 19.826800
0.868893 19.639800
0.869511 5.987020
0.870130 20.158500
0.870748 9.823270
0.871367 5.517360
0.871985 13.495000
0.872604 27.271400
0.873222 6.857590
0.873840 33.199800
0.874459 11.011400
0.875077 24.823000
0.875696 63.455000
0.876314 4.640060
0.876933 27.951800
0.877551 22.202300
0.878169 18.045100
0.878788 17.734900
0.879406 28.039100
0.880025 11.453600
0.880643 33.833200
0.881262 19.460500
0.881880 38.347700
0.882498 35.950900
0.883117 75.953400
0.883735 2.123660
0.884354 42.019600
0.884972 71.911400
0.885591 9.483040
0.886209 31.110600
0.886827 24.100600
0.887446 33.171300
0.888064 55.665100
0.888683 20.191800
0.889301 22.785000
0.889920 19.915800
0.890538 8.884680
0.891156 20.307900
0.891775 8.441740
0.892393 38.460900
0.893012 10.324600
0.893630 14.189300
0.894249 9.260870
0.894867 4.058900
0.895485 56.439500
0.896104 39.449500
0.896722 20.834700
0.897341 59.196300
0.897959 9.454190
0.898578 45.162900
0.899196 9.267380
0.899814 61.632700
0.900433 45.976500
0.901051 38.670300
0.901670 8.974410
0.902288 67.647300
0.902907 6.542930
0.903525 17.658000
0.904143 36.603900
0.904762 29.753300
0.905380 64.844800
0.905999 31.333800
0.906617 8.870200
0.907236 8.248660
0.907854 34.510900
0.908472 7.759160
0.909091 27.825600
0.909709 72.103500
0.910328 14.358200
0.910946 9.186200
0.911565 48.560500
0.912183 11.737600
0.912801 2.537060
0.913420 57.751500
0.914038 78.660000
0.914657 11.565100
0.915275 7.810280
0.915894 17.581700
0.916512 55.076700
0.917130 5.541290
0.917749 23.880500
0.918367 31.829600
0.918986 48.221000
0.919604 14.798200
0.920223 10.514500
0.920841 8.849680
0.921459 11.350100
0.922078 11.150200
0.922696 10.672000
0.923315 26.178000
0.923933 9.489860
0.924552 14.988900
0.925170 2.977960
0.925788 11.447000
0.926407 44.132900
0.927025 4.847150
0.927644 9.266160
0.928262 11.574800
0.928881 16.087700
0.929499 3.764100
0.930118 23.909300
0.930736 1.867560
0.931354 7.943690
0.931973 70.917300
0.932591 56.170600
0.933210 46.503600
0.933828 15.180100
0.934447 39.422000
0.935065 25.103400
0.935683 25.678800
0.936302 6.885640
0.936920 43.395800
0.937539 72.779000
0.938157 52.117800
0.938776 9.865870
0.939394 1.959930
0.940012 19.873800
0.940631 7.163160
0.941249 49.062600
0.941868 17.102600
0.942486 18.759900
0.943105 47.720300
0.943723 13.370200
0.944341 40.168700
0.944960 26.319600
0.945578 17.552000
0.946197 9.554680
0.946815 6.109050
0.947434 29.870500
0.948052 11.387600
0.948670 6.337520
0.949289 23.408100
0.949907 4.017260
0.950526 46.563000
0.951144 59.915600
0.951763 62.729100
0.952381 9.359070
0.952999 28.701700
0.953618 27.307500
0.954236 50.001200
0.954855 6.307570
0.955473 24.470500
0.956092 9.856450
0.956710 36.238500
0.957328 15.514500
0.957947 10.757000
0.958565 6.779630
0.959184 47.534100
0.959802 17.572000
0.960421 23.045000
0.961039 9.482780
0.961657 5.047170
0.962276 10.192800
0.962894 6.535000
0.963513 39.536100
0.964131 30.009100
0.964750 4.395490
0.965368 5.118100
0.965986 19.882600
0.966605 13.376600
0.967223 21.622900
0.967842 11.999200
0.968460 67.890700
0.969079 16.423000
0.969697 4.609620
0.970315 30.104800
0.970934 1.105610
0.971552 5.487230
0.972171 12.441100
0.972789 6.130210
0.973408 6.960290
0.974026 10.611100
0.974644 8.193120
0.975263 10.066100
0.975881 12.239600
0.976500 6.588310
0.977118 34.643300
0.977737 8.157510
0.978355 35.799800
0.978973 15.131200
0.979592 34.659200
0.980210 39.196200
0.980829 40.311200
0.981447 13.406000
0.982066 7.721480
0.982684 32.808800
0.983302 17.530800
0.983921 5.588310
0.984539 1.835450
0.985158 14.004400
0.985776 16.658200
0.986395 17.483600
0.987013 7.335690
0.987631 90.226800
0.988250 21.099000
0.988868 9.471050
0.989487 4.739300
0.990105 3.070700
0.990724 32.050600
0.991342 5.563520
0.991960 2.791240
0.992579 14.381900
0.993197 38.017500
0.993816 46.292300
0.994434 51.760900
0.995053 36.622200
0.995671 12.407200
0.996289 50.172200
0.996908 45.537500
0.997526 12.247600
0.998145 22.546000
0.998763 19.310600
0.999382 24.241100
1.000000 17.289600
