0.000766 20.324400
0.001533 25.335100
0.002299 24.802200
0.003065 6.736930
0.003831 18.678800
0.004598 9.825840
0.005364 46.428900
0.006130 8.776500
0.006897 26.142100
0.007663 12.660100
0.016092 59.483000
0.016858 35.929600
0.017625 9.921340
0.018391 42.325900
0.019157 22.543800
0.019923 7.153420
0.020690 27.416900
0.021456 22.489300
0.022222 21.513300
0.022989 6.032390
0.023755 60.492200
0.024521 69.977400
0.025287 23.089000
0.026054 45.901600
0.026820 9.484980
0.027586 12.427600
0.028352 1.789300
0.029885 8.324900
0.030651 60.989100
0.031418 46.786700
0.032184 20.499100
0.032950 46.969800
0.047510 8.389800
0.048276 19.943300
0.049042 26.513300
0.049808 7.266190
0.050575 5.291150
0.067433 9.691900
0.068199 12.654600
0.068966 42.204300
0.069732 34.405900
0.070498 4.315710
0.071264 22.784700
0.072031 22.362500
0.072797 9.246090
0.073563 12.144000
0.078161 67.417800
0.078927 6.558270
0.079693 20.830700
0.080460 10.145100
0.081226 78.801200
0.081992 9.041120
0.083525 18.019400
0.084291 23.053700
0.085057 23.456100
0.085824 10.851500
0.086590 6.786930
0.087356 23.608200
0.088123 38.164700
0.088889 45.135900
0.089655 22.533000
0.090421 8.719390
0.091188 9.467460
0.091954 45.995200
0.092720 35.302000
0.093487 3.473480
0.094253 46.830100
0.095019 40.394100
0.095785 9.933830
0.096552 37.856000
0.097318 8.465870
0.098084 6.390460
0.098851 23.135900
0.099617 5.899510
0.100383 33.668500
0.101149 41.243400
0.101916 5.885080
0.102682 34.015300
0.103448 5.568680
0.104215 30.938700
0.104981 10.655300
0.105747 8.823320
0.106513 23.883800
0.107280 21.094800
0.108046 32.572700
0.108812 36.095000
0.109579 5.637380
0.110345 11.731500
0.111111 5.298740
0.111877 33.190000
0.112644 12.323900
0.113410 39.558700
0.114176 23.325000
0.114943 12.328900
0.115709 21.199900
0.116475 48.677700
0.117241 34.773000
0.118008 17.746600
0.118774 10.904600
0.119540 19.354800
0.120307 53.902000
0.121073 63.415600
0.121839 7.115290
0.122605 28.088700
0.123372 3.635950
0.124138 24.512200
0.124904 65.608200
0.125670 6.145220
0.126437 45.816900
0.127203 22.001100
0.127969 63.585300
0.128736 8.196180
0.129502 46.550300
0.130268 19.786500
0.131034 28.717000
0.131801 26.180900
0.132567 54.479500
0.133333 20.886500
0.134100 11.732200
0.134866 83.975700
0.135632 9.058710
0.136398 52.967500
0.137165 43.579100
0.137931 1.965710
0.138697 5.923670
0.139464 8.633340
0.140230 38.670200
0.141762 12.766700
0.142529 35.581900
0.143295 12.901200
0.144061 9.296300
0.144828 2.198530
0.145594 20.427800
0.146360 84.809900
0.147126 9.238140
0.147893 9.499700
0.148659 10.682200
0.149425 70.464800
0.150192 8.815170
0.150958 23.568000
0.151724 23.297900
0.152490 37.383800
0.153257 7.356720
0.154023 47.891900
0.154789 22.606100
0.155556 13.768700
0.156322 9.348750
0.157088 12.086400
0.157854 53.667100
0.158621 3.023060
0.159387 21.562200
0.160153 21.872800
0.160920 28.687500
0.161686 10.262500
0.162452 25.553400
0.163218 28.467000
0.163985 52.826100
0.164751 23.398400
0.165517 12.868100
0.166284 23.382700
0.167050 15.402600
0.167816 18.702100
0.168582 41.805600
0.169349 6.243630
0.170115 24.274000
0.170881 56.122600
0.171648 48.918200
0.172414 6.555520
0.173180 26.379400
0.173946 35.451600
0.174713 12.382000
0.175479 23.337700
0.176245 25.771800
0.177011 45.784000
0.177778 4.269340
0.178544 52.334200
0.179310 22.400600
0.180077 42.923600
0.180843 35.964300
0.181609 26.101400
0.182375 50.632500
0.183142 9.672740
0.183908 36.856900
0.184674 31.422100
0.185441 12.608700
0.186207 8.231850
0.186973 21.312600
0.187739 22.450400
0.188506 23.279300
0.189272 12.857600
0.190038 15.164300
0.190805 45.723100
0.191571 34.346400
0.192337 59.766900
0.193103 5.345250
0.193870 37.184200
0.194636 41.281100
0.195402 35.652800
0.196169 18.516300
0.196935 43.455500
0.197701 1.827950
0.198467 7.603130
0.199234 10.194200
0.200000 9.900440
0.200766 8.854840
0.201533 17.884500
0.202299 21.169400
0.203065 23.809000
0.203831 44.305900
0.204598 27.656900
0.205364 5.208770
0.206130 7.706460
0.206897 10.660500
0.207663 55.102600
0.208429 18.042200
0.209195 52.741900
0.209962 3.055670
0.210728 10.152900
0.211494 39.572600
0.212261 52.374900
0.213027 18.583900
0.213793 32.724800
0.214559 15.432600
0.215326 27.213400
0.216092 2.135280
0.216858 55.519800
0.217625 11.957200
0.218391 49.532100
0.219157 17.823100
0.219923 39.679900
0.220690 15.536000
0.221456 9.572850
0.222222 30.760400
0.222989 5.770130
0.223755 50.005000
0.224521 10.455500
0.225287 29.351200
0.226054 7.382480
0.226820 16.807900
0.227586 9.509200
0.228352 9.433360
0.229119 8.814730
0.229885 41.503500
0.230651 7.140090
0.231418 51.872600
0.232184 45.704600
0.232950 4.963790
0.233716 16.589700
0.234483 4.931100
0.235249 13.401500
0.236015 33.125800
0.236782 70.542800
0.237548 86.424800
0.238314 2.497590
0.239080 15.140200
0.239847 38.057200
0.245211 58.116000
0.245977 50.151200
0.246743 83.575500
0.247510 23.819100
0.248276 4.557990
0.249042 2.077400
0.249808 80.651800
0.250575 18.917000
0.251341 60.436300
0.252107 1.684050
0.252874 32.536700
0.253640 36.148800
0.254406 54.949800
0.255172 41.216700
0.255939 11.719100
0.256705 3.509630
0.257471 27.955600
0.258238 12.992700
0.259004 25.371200
0.259770 55.470600
0.260536 7.827080
0.261303 67.596900
0.262069 9.187220
0.262835 33.320000
0.263602 14.684500
0.264368 26.351100
0.265134 8.270450
0.265900 30.847200
0.266667 69.866800
0.267433 1.850090
0.268199 1.835660
0.268966 4.390590
0.269732 20.057600
0.270498 8.077780
0.271264 8.612720
0.272031 36.688100
0.272797 11.580700
0.273563 7.040530
0.274330 6.983040
0.275096 14.288300
0.275862 13.240000
0.276628 57.443900
0.277395 5.015110
0.278161 16.432400
0.278927 25.514200
0.279693 8.535560
0.280460 3.882720
0.281226 14.763900
0.281992 11.108200
0.282759 24.666700
0.283525 36.102100
0.284291 5.319450
0.285057 25.196200
0.285824 8.177170
0.286590 26.103200
0.287356 20.255200
0.288123 22.601700
0.288889 33.268500
0.289655 8.870210
0.290421 11.096500
0.291188 20.061700
0.291954 49.085400
0.292720 6.237990
0.293487 45.573100
0.294253 3.398800
0.295019 7.015010
0.295785 10.264800
0.296552 73.846200
0.297318 25.156400
0.298084 19.323900
0.298851 25.041900
0.299617 23.819300
0.300383 28.798500
0.301149 46.709900
0.301916 24.402000
0.302682 43.890600
0.303448 5.282320
0.304215 7.873150
0.304981 4.688560
0.305747 76.040600
0.306513 21.480200
0.307280 36.235200
0.308046 6.794930
0.308812 71.542900
0.309579 29.473800
0.310345 44.468200
0.311111 13.934200
0.311877 59.813300
0.312644 50.173800
0.313410 10.630000
0.314176 70.791900
0.314943 17.685900
0.315709 18.799200
0.316475 40.141300
0.317241 9.230360
0.318008 18.196900
0.318774 24.817200
0.319540 12.676800
0.320307 20.628500
0.321073 28.517700
0.321839 64.865600
0.322605 6.547890
0.323372 11.856500
0.324138 42.239800
0.324904 21.843200
0.325670 16.094100
0.326437 61.540400
0.327203 16.000800
0.327969 12.165500
0.328736 15.443700
0.329502 7.199340
0.330268 19.062400
0.331034 6.426320
0.331801 38.074200
0.332567 47.900200
0.333333 58.742300
0.334100 38.085700
0.334866 31.156100
0.335632 73.226300
0.336398 22.493000
0.337165 18.729600
0.337931 6.730090
0.338697 28.877000
0.339464 66.670400
0.340230 29.960100
0.340996 18.012900
0.341762 5.392550
0.342529 16.950000
0.343295 38.273000
0.344061 4.221420
0.344828 6.787450
0.345594 40.691200
0.346360 21.883800
0.347126 14.770000
0.347893 8.514320
0.348659 13.779000
0.349425 65.198900
0.350192 57.703000
0.350958 8.424040
0.351724 54.118300
0.352490 96.253200
0.353257 3.738280
0.354023 20.265400
0.354789 19.665900
0.355556 27.566400
0.356322 6.284140
0.357088 39.353000
0.357854 2.645870
0.358621 5.774790
0.359387 33.607500
0.360153 53.299300
0.360920 9.837210
0.361686 5.881380
0.362452 76.878200
0.363218 5.622430
0.363985 4.279150
0.364751 2.024100
0.365517 40.425800
0.366284 11.157300
0.367050 7.345790
0.367816 2.262930
0.368582 22.698100
0.369349 15.476500
0.370115 10.036700
0.370881 75.483800
0.371648 73.804900
0.372414 26.199500
0.373180 5.033520
0.373946 40.970400
0.374713 36.445100
0.375479 47.870900
0.376245 59.136700
0.377011 8.918530
0.377778 5.082500
0.378544 69.141700
0.379310 92.130800
0.380077 11.100600
0.380843 43.119300
0.381609 11.874100
0.382375 37.081500
0.383142 25.683100
0.383908 39.918100
0.384674 14.372300
0.385441 31.890100
0.386207 60.619400
0.386973 8.864230
0.387739 52.433900
0.388506 17.063000
0.389272 20.216700
0.390038 5.092380
0.390805 4.729900
0.391571 12.186200
0.392337 10.537900
0.393103 79.627800
0.393870 20.144500
0.394636 42.818800
0.395402 39.554400
0.396169 14.009200
0.396935 70.964400
0.397701 25.326400
0.398467 6.547730
0.399234 11.612900
0.400000 90.097600
0.400766 21.080100
0.401533 11.171700
0.402299 54.440300
0.403065 54.789100
0.403831 9.006540
0.404598 48.442500
0.405364 12.278300
0.406130 22.201900
0.406897 26.159900
0.407663 7.719060
0.408429 39.502200
0.409195 65.363300
0.409962 29.707900
0.410728 45.249600
0.411494 24.348600
0.412261 24.031000
0.413027 19.785400
0.413793 9.013050
0.414559 10.194500
0.415326 25.980100
0.416092 28.594700
0.416858 39.484800
0.417625 37.814100
0.418391 4.655700
0.419157 7.379250
0.419923 4.987830
0.420690 20.803800
0.421456 17.982800
0.422222 9.653020
0.422989 20.308600
0.423755 7.813050
0.424521 5.102000
0.425287 42.327000
0.426054 8.552260
0.426820 17.176400
0.427586 14.908600
0.428352 9.423830
0.429119 7.461240
0.429885 15.063300
0.430651 22.885800
0.431418 4.322330
0.432184 5.240440
0.432950 50.285800
0.433716 11.522000
0.434483 31.265600
0.435249 8.481680
0.436015 21.472300
0.436782 16.722800
0.437548 8.277000
0.438314 35.939100
0.439080 32.060700
0.439847 22.170800
0.440613 30.210200
0.441379 56.442900
0.442146 15.400900
0.442912 4.439140
0.443678 22.757200
0.444444 66.391600
0.445211 7.891090
0.445977 29.316600
0.446743 36.323600
0.447510 19.954000
0.448276 8.715810
0.449042 7.714820
0.449808 62.201000
0.450575 29.284600
0.451341 55.526700
0.452107 35.929700
0.452874 10.524800
0.453640 27.158900
0.454406 7.894140
0.455172 14.489700
0.455939 11.807100
0.456705 40.962900
0.457471 12.324800
0.458238 13.554600
0.459004 49.063700
0.459770 56.569700
0.460536 16.754600
0.461303 19.858200
0.462069 46.141700
0.462835 10.293900
0.463602 50.433100
0.464368 20.776600
0.465134 22.776500
0.465900 30.237800
0.466667 22.850100
0.467433 4.292610
0.468199 11.084100
0.468966 33.956400
0.469732 7.355790
0.470498 10.512300
0.471264 5.367540
0.472031 49.105700
0.472797 13.395100
0.473563 8.763590
0.474330 39.999500
0.475096 50.397500
0.475862 79.893700
0.476628 8.041970
0.477395 11.424200
0.478161 14.460000
0.478927 11.391800
0.479693 7.994850
0.480460 17.367000
0.481226 11.616800
0.481992 68.476400
0.482759 46.775600
0.483525 14.440800
0.484291 9.311380
0.485057 6.694220
0.485824 18.325000
0.486590 69.355100
0.487356 12.627300
0.488123 5.125360
0.488889 36.815100
0.489655 30.217700
0.491954 9.958660
0.492720 10.795100
0.493487 22.982700
0.494253 45.689200
0.495019 9.504850
0.495785 11.468600
0.496552 14.027000
0.497318 5.260610
0.498084 18.600000
0.498851 21.745000
0.499617 1.736490
0.500383 8.572320
0.501149 34.541200
0.501916 7.334130
0.502682 21.544500
0.503448 33.496100
0.504215 13.737500
0.504981 14.270600
0.505747 4.567600
0.506513 17.538000
0.507280 13.054600
0.508046 11.081800
0.508812 68.054800
0.509579 20.759500
0.510345 14.529900
0.511111 40.168000
0.511877 19.574800
0.512644 12.406000
0.513410 50.316000
0.514176 22.357200
0.514943 33.089100
0.515709 5.764190
0.516475 6.807540
0.517241 59.761500
0.518008 6.951200
0.518774 30.002100
0.519540 13.800100
0.520307 40.829900
0.521073 50.119300
0.521839 6.366990
0.522605 9.880230
0.523372 16.775800
0.524138 58.673200
0.524904 9.034740
0.525670 6.874250
0.526437 71.887800
0.527203 15.292700
0.527969 16.460900
0.528736 9.921650
0.529502 5.926240
0.530268 22.600100
0.531034 41.573200
0.531801 6.289410
0.532567 84.823800
0.533333 4.542700
0.534100 11.193600
0.534866 8.707270
0.535632 30.474100
0.536398 28.432000
0.537165 4.908270
0.537931 4.839740
0.538697 6.223020
0.539464 6.082620
0.540230 28.844500
0.542529 9.805800
0.543295 28.584300
0.544061 34.658300
0.544828 11.605300
0.545594 6.021330
0.546360 3.841040
0.547126 19.348700
0.547893 27.104300
0.548659 37.719000
0.549425 5.383340
0.550192 6.726410
0.550958 12.359200
0.551724 16.146900
0.552490 11.183500
0.553257 24.576500
0.554023 8.616010
0.554789 81.812300
0.555556 26.609600
0.556322 17.310000
0.557088 32.496100
0.557854 56.134600
0.558621 3.301780
0.559387 33.972600
0.560153 24.952500
0.560920 11.484800
0.561686 21.420300
0.562452 6.981170
0.563218 19.522200
0.563985 61.306100
0.564751 58.002900
0.565517 52.223700
0.566284 28.996800
0.567050 22.015700
0.567816 13.669800
0.568582 6.664120
0.569349 35.451700
0.570115 28.169000
0.570881 24.792800
0.571648 9.992070
0.572414 15.886100
0.573180 5.000910
0.573946 5.494830
0.574713 9.481060
0.575479 2.346220
0.576245 11.039300
0.577011 8.813600
0.577778 21.838700
0.578544 5.540110
0.579310 8.793620
0.580077 22.808400
0.580843 45.145100
0.581609 5.453730
0.582375 56.764200
0.583142 29.742800
0.583908 13.687800
0.584674 31.073400
0.585441 5.433310
0.586207 12.802500
0.586973 10.112000
0.587739 45.458700
0.588506 3.311310
0.589272 9.612500
0.590038 29.261500
0.590805 6.053960
0.591571 14.552200
0.592337 49.010100
0.593103 33.930600
0.593870 15.091600
0.594636 8.259220
0.595402 79.206900
0.596169 45.328100
0.596935 7.079890
0.597701 60.338100
0.598467 19.855900
0.599234 14.611600
0.600000 14.594100
0.600766 16.033000
0.601533 66.638600
0.602299 77.098800
0.603065 19.236100
0.603831 24.965800
0.604598 9.907820
0.605364 56.191200
0.606130 12.929200
0.606897 27.093300
0.607663 56.455400
0.608429 44.433100
0.609195 6.708760
0.609962 21.180400
0.610728 26.772400
0.611494 5.780480
0.612261 19.366100
0.613027 13.693000
0.613793 6.291510
0.614559 1.783250
0.615326 64.055000
0.616092 31.650800
0.616858 16.089000
0.617625 19.819300
0.618391 28.194900
0.619157 26.991300
0.619923 30.358900
0.620690 8.397460
0.621456 23.256300
0.622222 12.467000
0.622989 43.941400
0.623755 41.515100
0.624521 14.500500
0.625287 7.172420
0.626054 63.789100
0.626820 3.012510
0.627586 23.106100
0.628352 28.383200
0.629119 18.158300
0.629885 9.828150
0.630651 18.152900
0.631418 5.699160
0.632184 7.422090
0.632950 11.704800
0.633716 36.312800
0.634483 15.350400
0.635249 67.466500
0.636015 20.769300
0.636782 6.397730
0.637548 53.601400
0.638314 6.061660
0.639080 42.089200
0.639847 17.411600
0.640613 30.436600
0.641379 4.144430
0.642146 40.934400
0.642912 29.824400
0.643678 19.776700
0.644444 73.537500
0.645211 19.622700
0.645977 14.415500
0.646743 17.737000
0.647510 23.095000
0.648276 5.266560
0.649042 49.543000
0.649808 13.127300
0.650575 26.284600
0.651341 7.178320
0.652107 30.713700
0.652874 16.674200
0.653640 5.166630
0.654406 9.358670
0.655172 15.402900
0.655939 19.824500
0.656705 9.738790
0.657471 28.423700
0.658238 32.035600
0.659004 13.625700
0.659770 7.702740
0.660536 20.689400
0.661303 45.505500
0.662069 41.910200
0.662835 6.787220
0.663602 25.988600
0.664368 65.612800
0.665134 6.574910
0.665900 40.491200
0.666667 30.861500
0.667433 25.612600
0.668199 16.726500
0.668966 10.643700
0.669732 33.518200
0.670498 9.600410
0.671264 62.806200
0.672031 22.304400
0.672797 45.670200
0.673563 5.677740
0.674330 26.135600
0.675096 71.205400
0.675862 40.241400
0.676628 24.115200
0.677395 11.913600
0.678161 18.112700
0.678927 13.827400
0.679693 17.838700
0.680460 37.811300
0.681226 16.423000
0.681992 13.854000
0.682759 11.781100
0.683525 6.132240
0.684291 70.186300
0.685057 26.635300
0.685824 69.269400
0.686590 59.161700
0.687356 8.190620
0.688123 14.738600
0.688889 19.101500
0.689655 17.371000
0.690421 32.200700
0.691188 29.899400
0.691954 37.514900
0.692720 86.149200
0.693487 19.209800
0.694253 15.641700
0.695019 39.339600
0.695785 6.644280
0.696552 7.187450
0.697318 43.628300
0.698084 19.149500
0.698851 35.723600
0.699617 9.928430
0.700383 58.352200
0.701149 53.797900
0.701916 37.491800
0.702682 16.257200
0.703448 15.541500
0.704215 39.560700
0.704981 42.347900
0.705747 19.928100
0.706513 35.243600
0.707280 8.379300
0.708046 44.700500
0.708812 47.137000
0.709579 17.316700
0.710345 8.015190
0.711111 14.422100
0.711877 7.404350
0.712644 6.506580
0.713410 33.653700
0.714176 25.284700
0.714943 40.350200
0.715709 15.915200
0.716475 37.453600
0.717241 26.859800
0.718008 16.027900
0.718774 26.682900
0.719540 41.994000
0.720307 14.025000
0.721073 46.154000
0.721839 17.964600
0.722605 42.228800
0.723372 22.072200
0.724138 75.992400
0.724904 31.590500
0.725670 25.386300
0.726437 18.277900
0.727203 22.451800
0.727969 7.272640
0.728736 8.146530
0.729502 14.859700
0.730268 48.626800
0.731034 30.364100
0.731801 7.693850
0.732567 18.293700
0.733333 16.313100
0.734100 20.558300
0.734866 9.137190
0.735632 17.697500
0.736398 17.629300
0.737165 47.029500
0.737931 90.058800
0.738697 2.452500
0.739464 11.359900
0.740230 17.228100
0.740996 12.366000
0.741762 11.615500
0.742529 22.315300
0.743295 1.447610
0.744061 11.225100
0.744828 7.987240
0.745594 3.621020
0.746360 21.515300
0.747126 48.670500
0.747893 73.369800
0.748659 8.224830
0.749425 5.558850
0.750192 33.294100
0.750958 67.448200
0.751724 22.135500
0.752490 12.317500
0.753257 10.832400
0.754023 59.503300
0.754789 63.119900
0.755556 24.431000
0.756322 18.005700
0.757088 45.032100
0.757854 20.921700
0.758621 21.446100
0.759387 14.909400
0.760153 4.372010
0.760920 39.779900
0.761686 40.806200
0.762452 1.771790
0.763218 58.824900
0.763985 17.546800
0.765517 67.121200
0.766284 25.845100
0.767050 31.073300
0.767816 8.338700
0.768582 45.426400
0.769349 1.686470
0.770115 81.151900
0.770881 12.712100
0.771648 23.838600
0.772414 38.223800
0.773180 13.643300
0.773946 5.285470
0.774713 1.236990
0.775479 29.527300
0.776245 42.466200
0.777011 3.790480
0.777778 23.210900
0.778544 53.425600
0.779310 16.512600
0.780077 65.909900
0.780843 6.929230
0.781609 64.617700
0.782375 1.678680
0.783142 8.432700
0.783908 12.684600
0.784674 51.118900
0.785441 18.070200
0.786207 25.026400
0.786973 43.537800
0.787739 44.507100
0.788506 56.542900
0.789272 21.209800
0.790038 24.689100
0.790805 60.154100
0.791571 15.609700
0.792337 8.459160
0.793103 10.938400
0.793870 4.411230
0.794636 82.158000
0.795402 24.303900
0.796169 68.415100
0.796935 78.959600
0.797701 12.322800
0.798467 26.573600
0.799234 9.154100
0.800000 4.839980
0.800766 12.035000
0.801533 8.542230
0.802299 18.165900
0.803065 18.376900
0.803831 15.116600
0.804598 21.827800
0.805364 36.393200
0.806130 65.834300
0.806897 22.569100
0.807663 13.322100
0.808429 7.313500
0.809195 7.774850
0.809962 6.461830
0.810728 39.850000
0.811494 35.079600
0.812261 65.241000
0.813027 28.230700
0.813793 4.012850
0.814559 6.783240
0.815326 32.100800
0.816092 2.068770
0.816858 9.307400
0.817625 29.338400
0.818391 6.262840
0.819157 36.502000
0.819923 9.400460
0.820690 39.252700
0.821456 8.468740
0.822222 45.004300
0.822989 32.031700
0.823755 14.884800
0.824521 8.628080
0.825287 16.337300
0.826054 13.666500
0.826820 35.798800
0.827586 35.323100
0.828352 16.475400
0.829119 29.350000
0.829885 38.834700
0.830651 9.832520
0.831418 49.049000
0.832184 38.328100
0.832950 9.973420
0.833716 13.671400
0.834483 10.639200
0.835249 16.351200
0.836015 37.447200
0.836782 37.957500
0.837548 2.628090
0.838314 6.669830
0.839080 6.504400
0.839847 48.272500
0.840613 7.592880
0.841379 41.112600
0.842146 4.880890
0.842912 8.701770
0.843678 21.088300
0.844444 26.661400
0.845211 8.197970
0.845977 29.713600
0.846743 17.221200
0.847510 17.850700
0.848276 14.917100
0.849042 59.931100
0.849808 21.900500
0.850575 13.151400
0.851341 37.885300
0.852107 18.660800
0.852874 36.879100
0.853640 7.254870
0.854406 21.022500
0.855172 14.344900
0.855939 9.043760
0.856705 46.978700
0.857471 18.725600
0.858238 9.520200
0.859004 63.420400
0.859770 26.540400
0.860536 33.379100
0.861303 26.581300
0.862069 25.048200
0.862835 11.942000
0.863602 4.242030
0.864368 50.931000
0.865134 9.283340
0.865900 4.798820
0.866667 22.563100
0.867433 18.566000
0.868199 18.204500
0.868966 33.368200
0.869732 39.523300
0.870498 48.827000
0.871264 24.861800
0.872031 5.629070
0.872797 22.073900
0.873563 24.187200
0.874330 15.744300
0.875096 17.081300
0.875862 53.587400
0.876628 4.832320
0.877395 14.341200
0.878161 11.564700
0.878927 7.410190
0.879693 16.164500
0.880460 60.684400
0.881226 2.370430
0.881992 13.535600
0.882759 4.901720
0.883525 18.463000
0.884291 10.593700
0.885057 8.654350
0.885824 14.066900
0.886590 40.226200
0.887356 19.635700
0.888123 16.093600
0.888889 6.186180
0.889655 21.824400
0.890421 21.106400
0.891188 14.185100
0.891954 23.458500
0.892720 55.523200
0.893487 30.423900
0.894253 36.037500
0.895019 34.717200
0.895785 15.169900
0.896552 3.081920
0.897318 64.684200
0.898084 7.954030
0.898851 26.832000
0.899617 7.759150
0.900383 8.192620
0.901149 38.443000
0.901916 18.118300
0.902682 4.792230
0.903448 79.956200
0.904215 64.311400
0.904981 26.553400
0.905747 39.602900
0.906513 29.771900
0.907280 3.886420
0.908046 4.822930
0.908812 7.950200
0.909579 16.778800
0.910345 34.925300
0.911111 3.089930
0.911877 29.239800
0.912644 1.809660
0.913410 41.441600
0.914176 5.947470
0.914943 6.539140
0.915709 3.037380
0.916475 9.577760
0.917241 63.574300
0.918008 11.051900
0.918774 26.267200
0.919540 76.408000
0.920307 24.918900
0.921073 20.112100
0.921839 12.222700
0.922605 12.182100
0.923372 5.281270
0.924138 14.323600
0.924904 12.553100
0.925670 18.758600
0.926437 11.419800
0.927203 28.025100
0.927969 15.433200
0.928736 38.971800
0.929502 36.235100
0.930268 66.912500
0.931034 28.141600
0.931801 54.596300
0.932567 5.957100
0.933333 25.771900
0.934100 9.967040
0.934866 22.597700
0.935632 9.780530
0.936398 9.749670
0.937165 8.212920
0.937931 31.762000
0.938697 28.731300
0.939464 46.554700
0.940230 8.217640
0.940996 27.614000
0.941762 6.807220
0.942529 47.827900
0.943295 4.974320
0.944061 13.653300
0.944828 9.210070
0.945594 48.438600
0.946360 50.848700
0.947126 39.114100
0.947893 10.051900
0.948659 10.416900
0.949425 29.414900
0.950192 31.453200
0.950958 22.290600
0.951724 5.665500
0.952490 29.773300
0.953257 4.037520
0.954023 39.568700
0.954789 19.002400
0.955556 30.147400
0.956322 71.355800
0.957088 23.169700
0.957854 5.442940
0.958621 18.916900
0.959387 30.705700
0.960153 65.325100
0.960920 61.996800
0.961686 32.526400
0.962452 4.974630
0.963218 7.239380
0.963985 24.122200
0.964751 7.470480
0.965517 4.985380
0.966284 4.990200
0.967050 11.224300
0.967816 32.310500
0.968582 50.941200
0.969349 18.032600
0.970115 87.613500
0.970881 15.319800
0.971648 54.708000
0.972414 11.393400
0.973180 27.317200
0.973946 5.612420
0.974713 28.523000
0.975479 14.812900
0.976245 26.945700
0.977011 21.813000
0.977778 68.564100
0.978544 29.038400
0.979310 17.173000
0.980077 21.373900
0.980843 25.151800
0.981609 21.555800
0.982375 3.877350
0.983142 8.560200
0.983908 23.524100
0.984674 18.422000
0.985441 30.664600
0.986207 9.207300
0.986973 33.272500
0.987739 10.856000
0.988506 70.052900
0.989272 16.814400
0.990038 3.998060
0.990805 39.719700
0.991571 8.815600
0.992337 15.163700
0.993103 41.362000
0.993870 12.855500
0.994636 14.546700
0.995402 19.293300
0.996169 33.172200
0.996935 15.807300
0.997701 20.639700
0.998467 5.903050
0.999234 13.428500
1.000000 43.439800
