0.000192 22.112600
0.000383 6.172680
0.000575 29.755800
0.000766 20.324900
0.000958 61.278500
0.001149 30.651200
0.001341 3.224390
0.001532 2.735470
0.001724 21.255400
0.001915 79.544500
0.002107 20.090300
0.002298 20.178800
0.002490 41.056300
0.002681 40.927400
0.002873 9.305160
0.003065 29.533000
0.003256 7.428940
0.003448 65.924100
0.003639 16.079200
0.003831 37.063800
0.004022 16.607000
0.004214 47.962600
0.004405 7.028560
0.004597 17.867900
0.006321 67.121200
0.006512 9.118720
0.006704 29.098000
0.006895 37.881500
0.007087 41.427300
0.007278 5.818820
0.007470 11.507600
0.007661 8.152980
0.007853 51.328000
0.008044 42.290800
0.008236 8.567620
0.008428 7.892190
0.020303 9.691900
0.020494 22.352100
0.020686 12.415700
0.020877 31.197700
0.021069 22.293400
0.021260 26.646500
0.021452 5.273240
0.021643 18.109200
0.021835 8.328400
0.022026 21.577700
0.022218 24.095500
0.022410 6.451140
0.022601 32.072700
0.022793 16.342500
0.022984 52.996500
0.023176 50.669900
0.023367 8.840490
0.023559 29.158100
0.023750 9.716590
0.023942 7.136520
0.024133 16.846100
0.024325 60.541700
0.024516 42.675300
0.024708 33.677200
0.024899 10.932000
0.025091 19.305800
0.025283 18.582700
0.025474 17.860500
0.025666 3.897730
0.025857 38.277400
0.026049 18.670000
0.026240 14.935500
0.026432 6.065750
0.026623 10.760700
0.026815 1.642180
0.027006 62.251800
0.027198 6.651720
0.027389 42.628200
0.046351 8.389800
0.046543 63.895300
0.046734 9.273350
0.046926 19.684700
0.047117 31.367400
0.047309 51.688700
0.047500 26.017600
0.047692 71.384800
0.047884 16.513000
0.049416 67.417800
0.049607 33.127900
0.049799 18.410600
0.049990 43.571000
0.051714 11.312900
0.051906 16.779200
0.052097 35.814200
0.052289 42.485300
0.052480 56.525900
0.052672 75.190200
0.052863 4.714520
0.053055 25.781700
0.053247 14.188700
0.053438 52.506600
0.053630 11.357500
0.053821 4.034890
0.054013 15.417100
0.054204 55.075000
0.054396 10.567100
0.054587 9.208860
0.054779 6.300290
0.054970 42.750800
0.055162 5.500480
0.055353 23.639100
0.055545 42.690300
0.055736 47.633400
0.055928 19.036600
0.056120 5.535080
0.056311 9.128270
0.056503 6.774410
0.056694 7.036860
0.056886 2.340800
0.057077 3.869880
0.057269 43.589700
0.057460 4.146740
0.057652 54.613700
0.057843 46.699500
0.058035 69.200400
0.058226 44.478800
0.058418 2.693380
0.058609 50.320300
0.058801 58.420900
0.058993 10.105800
0.059184 28.930900
0.059376 12.434600
0.059567 20.589100
0.059759 32.390600
0.059950 8.314220
0.060142 5.545690
0.060333 70.327200
0.060525 56.612800
0.060716 14.258500
0.060908 9.782960
0.061099 21.928300
0.061291 36.950400
0.061482 20.552300
0.061674 6.616640
0.061866 82.263900
0.062057 10.805100
0.062249 6.879650
0.062440 59.654500
0.062632 5.904010
0.062823 4.387130
0.063015 52.335400
0.063206 33.881300
0.063398 54.537200
0.072975 59.483000
0.073166 15.553600
0.073358 34.158200
0.073549 33.869800
0.073741 53.927300
0.073932 79.581500
0.074124 71.983100
0.074315 55.834900
0.074507 28.947000
0.074698 13.539100
0.074890 23.139000
0.075081 13.734400
0.075273 11.923400
0.075464 27.867300
0.075656 34.306900
0.075848 73.701200
0.076039 22.391900
0.076231 53.695800
0.076422 9.151960
0.076614 85.759000
0.076805 33.609400
0.076997 61.743500
0.077188 8.482340
0.077380 3.517180
0.077571 46.595300
0.077763 17.389700
0.077954 7.037230
0.078146 19.707700
0.078529 6.439470
0.078721 14.308200
0.078912 21.375200
0.079104 31.175400
0.079295 13.252000
0.079487 70.307700
0.079678 3.444510
0.079870 15.966700
0.080061 7.657080
0.080253 17.652000
0.080444 4.427690
0.080636 12.909100
0.080827 15.590900
0.081019 69.389400
0.081210 39.251900
0.081402 74.961300
0.081594 21.550600
0.081785 39.396800
0.081977 6.741700
0.082168 56.094300
0.082360 21.820500
0.082551 6.431950
0.082743 48.904200
0.082934 32.425800
0.083126 38.494100
0.083317 10.207600
0.083509 26.391000
0.083700 42.871900
0.083892 10.895700
0.084084 49.247100
0.084275 4.701400
0.084467 94.220000
0.084658 24.856800
0.085041 19.769400
0.085233 55.959900
0.085424 4.776880
0.085616 22.681300
0.085807 57.664100
0.085999 20.115400
0.086190 49.208300
0.086382 8.072690
0.086573 34.750600
0.086765 12.792000
0.086957 11.081600
0.087148 22.891200
0.087340 4.696680
0.087531 84.100800
0.087723 7.725430
0.087914 10.442400
0.088106 50.256700
0.088297 4.461500
0.088489 88.873600
0.088680 52.957400
0.088872 21.384900
0.089063 17.225300
0.089255 49.159600
0.089446 13.592400
0.089638 38.460300
0.089830 29.012700
0.090021 9.136280
0.090213 31.969200
0.090404 13.085800
0.090596 87.787700
0.090787 20.624000
0.090979 25.430600
0.091170 14.051900
0.091362 19.932000
0.091553 4.427430
0.091745 8.750700
0.091936 26.073300
0.092128 9.647480
0.092319 7.216770
0.092511 18.297600
0.092703 62.118800
0.092894 26.642900
0.093086 51.762500
0.093277 4.973350
0.093469 29.249600
0.093660 9.852180
0.093852 7.494590
0.094043 29.449100
0.094235 17.178300
0.094426 17.431800
0.094618 28.984300
0.094809 33.635400
0.095001 47.429600
0.095192 9.936390
0.095384 25.457700
0.095576 35.007400
0.095767 10.244500
0.095959 13.088900
0.096150 62.960700
0.096342 5.753560
0.096533 7.106430
0.096725 20.398300
0.096916 8.014420
0.097108 8.822050
0.097299 8.373060
0.097491 17.772800
0.097682 33.518100
0.097874 23.452300
0.098066 70.381100
0.098257 6.300640
0.098449 40.281800
0.098640 19.560000
0.098832 32.933100
0.099023 47.163300
0.099215 34.246600
0.099406 43.563200
0.099598 7.431660
0.099789 48.498000
0.099981 27.775500
0.100172 20.087600
0.100364 30.558400
0.100555 7.268490
0.100747 8.619190
0.100939 14.628200
0.101130 11.533800
0.101322 9.649990
0.101513 8.851980
0.101705 34.082600
0.101896 12.052300
0.102088 10.928300
0.102279 5.287250
0.102471 9.954640
0.102662 41.892700
0.102854 14.325300
0.103045 18.568900
0.103237 33.919600
0.103428 2.740170
0.103620 10.014400
0.103812 73.364000
0.104003 13.771500
0.104195 16.174400
0.104386 12.384900
0.104578 19.869800
0.104769 37.209000
0.104961 36.504800
0.105152 27.458800
0.105344 8.557350
0.105535 41.662300
0.105727 17.276500
0.105918 37.991000
0.106110 33.440400
0.106301 5.284480
0.106493 12.949700
0.106685 24.493100
0.106876 40.215400
0.107068 63.837600
0.107259 10.705000
0.107451 42.887400
0.107642 2.986920
0.107834 39.785900
0.108025 19.719300
0.108217 22.767900
0.108408 7.014470
0.108600 13.649800
0.108791 45.416200
0.108983 21.948700
0.109174 25.642300
0.109366 32.097700
0.109558 6.700040
0.109749 75.930500
0.109941 9.564580
0.110132 30.318600
0.110324 10.702300
0.110515 18.034800
0.110707 28.850700
0.110898 92.497600
0.111090 35.192300
0.111281 45.571900
0.111473 35.018600
0.111664 16.700000
0.111856 11.483200
0.112048 35.922300
0.112239 56.479300
0.112431 18.400700
0.112622 16.157900
0.112814 56.715400
0.113005 51.642400
0.113197 5.828590
0.113388 39.467300
0.113580 22.974100
0.113771 19.144200
0.113963 9.073700
0.114154 19.584100
0.114346 7.533640
0.114537 19.884000
0.114729 56.043400
0.114921 35.821700
0.115112 29.744400
0.115304 19.673300
0.115495 10.776800
0.115687 32.769200
0.115878 76.153700
0.116070 9.653710
0.116261 10.049200
0.116453 7.943540
0.116644 8.600580
0.116836 22.667100
0.117027 33.316800
0.117219 71.007200
0.117410 94.481600
0.117602 2.978310
0.117794 3.155350
0.117985 24.306000
0.118177 44.887100
0.118368 60.762800
0.118560 10.713200
0.118751 7.274600
0.118943 1.014020
0.119134 21.074500
0.119326 5.947820
0.119517 5.268350
0.119709 23.650800
0.119900 3.681300
0.120092 22.664500
0.120283 8.362610
0.120475 5.042400
0.120667 29.893000
0.120858 19.620300
0.121050 35.401800
0.121241 16.431800
0.121433 47.539600
0.121624 31.293800
0.121816 4.659030
0.122007 8.908600
0.122199 46.084800
0.122390 39.270600
0.122582 21.509800
0.122773 6.989330
0.122965 7.571370
0.123156 5.571710
0.123348 43.958300
0.123540 60.284200
0.123731 42.666700
0.123923 22.387100
0.124114 45.816700
0.124306 15.355800
0.124497 34.152400
0.124689 8.049980
0.124880 8.796610
0.129860 58.116000
0.130052 55.007400
0.130243 18.005000
0.130435 5.707080
0.130626 64.939000
0.130818 29.686100
0.131009 5.587750
0.131201 27.702000
0.131392 20.508200
0.131584 44.991200
0.131776 16.799900
0.131967 28.546200
0.132159 54.545300
0.132350 6.741860
0.132542 24.340200
0.132733 19.315900
0.132925 5.644140
0.133116 2.302390
0.133308 9.611870
0.133499 9.316660
0.133691 26.021900
0.133882 7.244190
0.134074 9.247410
0.134265 10.154100
0.134457 30.829600
0.134649 10.958900
0.134840 5.293380
0.135032 6.555420
0.135223 38.713500
0.135415 43.799600
0.135606 6.240480
0.135798 42.992100
0.135989 27.418000
0.136181 78.839300
0.140586 9.958660
0.140778 39.832800
0.140969 14.926600
0.141161 1.719330
0.141352 23.456600
0.141544 16.304500
0.141735 15.490800
0.141927 8.723010
0.142118 28.510300
0.142310 12.683900
0.142501 8.731200
0.142693 40.256700
0.142885 20.378800
0.143076 4.248040
0.143268 69.253000
0.143459 51.950200
0.143651 21.196300
0.143842 16.748700
0.144034 32.114700
0.144225 1.721450
0.144417 3.832490
0.144608 16.429200
0.144800 5.070680
0.144991 83.677600
0.145183 18.580900
0.145374 7.087850
0.145566 7.386740
0.145758 9.662590
0.145949 26.372400
0.146141 5.487550
0.146332 61.786600
0.146524 56.943000
0.146715 40.734400
0.146907 55.508700
0.147098 28.130000
0.147290 30.173100
0.147481 5.453340
0.147673 66.940400
0.147864 5.669120
0.148056 11.899300
0.148247 86.718200
0.148439 28.066400
0.148631 39.981900
0.148822 4.405600
0.149014 24.808700
0.149205 25.164000
0.149397 8.162850
0.149588 33.552000
0.149780 22.147000
0.149971 49.493400
0.150163 29.420100
0.150354 26.480900
0.150546 20.672500
0.150737 26.001100
0.150929 32.278700
0.151120 32.469500
0.151312 6.710430
0.151504 5.060100
0.151695 9.161080
0.151887 52.826000
0.152078 25.185800
0.152270 20.279100
0.152461 7.129480
0.152653 11.499600
0.152844 31.765700
0.153036 26.507400
0.153227 9.649110
0.153419 7.013030
0.153610 14.908400
0.153802 18.749700
0.153993 42.113100
0.154185 53.042000
0.154377 19.703600
0.154568 13.277100
0.154760 8.071000
0.154951 32.152200
0.155143 5.699450
0.155334 60.481600
0.155526 71.919800
0.155717 11.128000
0.155909 2.999710
0.156100 30.057300
0.156292 45.323000
0.156483 13.605500
0.156675 15.563300
0.156867 10.358800
0.157058 9.554770
0.157250 33.399900
0.157441 17.279800
0.157633 21.925500
0.157824 8.385500
0.158016 1.653170
0.158207 4.965310
0.158399 39.070600
0.158590 74.177900
0.158782 4.161210
0.158973 24.444600
0.159165 8.578920
0.159356 52.012500
0.159548 12.037400
0.159740 19.624100
0.159931 9.049090
0.160123 7.740490
0.160314 12.349400
0.160506 5.327340
0.160697 69.792300
0.160889 11.487900
0.161080 17.327000
0.161272 20.542200
0.161463 14.664100
0.161655 7.652810
0.161846 13.344000
0.162038 28.884800
0.162229 5.849590
0.162421 30.578500
0.162613 5.168410
0.162804 37.237700
0.162996 71.355600
0.163187 14.468300
0.163379 25.075700
0.163570 25.957800
0.163762 22.288400
0.163953 18.534800
0.164145 24.135900
0.164336 23.269700
0.164528 14.720100
0.164719 54.743600
0.164911 58.080500
0.165102 11.225200
0.165294 12.880600
0.165486 4.696760
0.165677 20.232400
0.165869 24.598000
0.166060 8.028480
0.166252 40.973300
0.166443 15.167400
0.166635 21.703400
0.166826 9.475710
0.169891 8.324900
0.170082 24.606000
0.170274 22.505000
0.170465 41.896000
0.170657 20.167800
0.170848 25.951600
0.171040 7.667260
0.171232 16.347200
0.171423 47.407600
0.171615 8.694450
0.171806 42.350700
0.171998 40.325400
0.172189 27.223700
0.172381 30.278300
0.172572 2.099730
0.172764 58.070500
0.172955 9.161560
0.173147 50.689100
0.173338 21.493600
0.173530 15.231800
0.173722 67.081400
0.173913 9.102090
0.174105 37.447900
0.174296 5.185810
0.174488 43.751100
0.174679 13.388100
0.174871 8.006340
0.175062 15.942000
0.175254 81.875400
0.175637 59.435800
0.175828 11.167500
0.176020 2.328350
0.176211 17.413200
0.176403 3.993120
0.176595 43.045600
0.176786 11.868700
0.176978 8.476740
0.177169 14.322600
0.177361 16.198000
0.177552 3.570210
0.177744 12.748800
0.177935 57.154400
0.178127 28.410800
0.178318 53.638800
0.178510 46.694200
0.178701 5.534460
0.178893 13.320000
0.179084 25.679500
0.179276 35.459200
0.179468 13.394400
0.179659 3.339990
0.179851 38.673900
0.180042 55.428600
0.180234 27.763100
0.180425 13.431000
0.180617 38.631300
0.180808 15.819900
0.181000 6.895370
0.181191 18.989500
0.181383 11.144600
0.181574 10.998800
0.181766 42.774100
0.181957 7.077430
0.182149 20.294100
0.182915 8.776500
0.183107 10.226800
0.183298 31.439500
0.183490 26.729400
0.183681 9.482960
0.183873 68.689700
0.184064 12.760500
0.184256 55.605800
0.184447 63.552200
0.184639 9.652040
0.184830 50.412900
0.185022 25.800800
0.185214 21.560400
0.185405 49.790400
0.185597 38.021500
0.185788 23.801400
0.185980 54.155400
0.186171 60.086700
0.187895 9.805800
0.188087 8.186360
0.188278 67.395200
0.188470 30.689000
0.188661 54.942800
0.188853 4.106690
0.189044 6.329030
0.189236 65.337700
0.189427 34.935800
0.189619 27.206600
0.189810 85.533100
0.190002 43.987200
0.190193 5.849250
0.190385 26.287600
0.190577 59.172600
0.190768 16.741500
0.190960 55.625700
0.191151 7.890530
0.191343 5.740640
0.191534 5.782330
0.191726 53.622100
0.191917 5.377890
0.192109 19.172400
0.192300 46.577900
0.192492 13.215200
0.192683 31.166900
0.192875 36.425200
0.193066 41.440800
0.193258 11.219100
0.193450 15.432000
0.193641 24.391100
0.193833 8.276760
0.194024 5.930120
0.194216 4.970140
0.194407 23.055800
0.194599 31.378900
0.194790 18.915000
0.194982 9.054870
0.195173 5.402930
0.195365 10.759200
0.195556 19.244400
0.195748 35.865400
0.195939 17.709200
0.196131 26.680500
0.196323 6.001500
0.196514 14.381800
0.196706 9.033060
0.196897 41.325900
0.197089 1.822020
0.197280 34.596100
0.197472 53.113600
0.197663 27.184300
0.197855 26.568900
0.198046 12.952400
0.198238 9.445490
0.198429 58.378500
0.198621 29.240900
0.198812 7.919350
0.199004 37.588200
0.199196 11.072900
0.199387 13.060200
0.199579 67.445300
0.199770 7.028870
0.199962 13.237600
0.200153 1.800300
0.200345 8.312420
0.200536 12.018600
0.200728 10.835900
0.200919 4.975150
0.201111 6.770130
0.201302 24.593200
0.201494 16.567000
0.201686 16.931800
0.201877 69.535600
0.202069 41.676000
0.202260 11.249800
0.202452 9.233810
0.202643 22.633400
0.202835 13.271600
0.203026 17.446300
0.203218 10.780700
0.203409 19.617000
0.203601 48.020300
0.203792 22.693600
0.203984 19.298000
0.204175 33.333600
0.204367 15.992600
0.204559 46.666400
0.204750 82.102600
0.204942 42.960000
0.205133 26.145500
0.205325 14.593800
0.205516 30.897300
0.205708 10.510400
0.205899 7.872270
0.206091 34.617600
0.206282 48.555000
0.206474 27.304200
0.206665 4.466080
0.206857 46.849500
0.207048 12.972400
0.207240 11.618900
0.207432 18.233800
0.207623 4.595800
0.207815 5.542720
0.208006 35.840200
0.208198 19.437700
0.208389 39.450700
0.208581 79.728400
0.208772 6.824130
0.208964 21.826900
0.209155 8.413710
0.209347 19.117700
0.209538 54.699100
0.209730 20.299100
0.209921 57.027600
0.210113 74.611900
0.210305 24.684000
0.210496 44.711700
0.210688 7.316290
0.210879 9.092070
0.211071 35.486700
0.211262 17.024200
0.211454 12.978200
0.211645 47.293700
0.211837 5.500350
0.212028 22.626000
0.212220 79.140600
0.212411 59.962600
0.212603 24.975400
0.212794 58.526000
0.212986 15.188900
0.213178 23.985400
0.213369 5.963430
0.213561 8.011760
0.213752 44.662200
0.213944 27.203400
0.214135 11.723600
0.214327 44.462800
0.214518 35.679600
0.214710 48.564000
0.214901 5.691280
0.215093 67.201100
0.215284 23.235300
0.215476 23.449000
0.215667 38.140300
0.215859 13.815900
0.216242 62.202300
0.216434 24.374000
0.216625 10.024500
0.216817 31.490000
0.217008 15.977500
0.217200 5.795860
0.217391 3.024620
0.217583 27.344700
0.217774 6.041210
0.217966 5.276730
0.218157 53.292700
0.218349 7.164960
0.218541 25.465800
0.218732 6.718550
0.218924 34.483100
0.219115 14.205000
0.219307 23.743000
0.219498 18.567600
0.219690 34.699100
0.219881 4.360660
0.220073 4.821170
0.220264 32.216400
0.220456 64.956600
0.220647 10.910200
0.220839 31.141800
0.221030 10.203700
0.221222 14.424000
0.221414 24.995300
0.221605 13.537300
0.221797 18.714900
0.221988 23.091200
0.222180 68.519700
0.222371 41.912100
0.222563 49.551800
0.222754 8.459520
0.222946 2.839290
0.223137 58.957700
0.223329 9.946330
0.223520 57.737100
0.223712 60.127100
0.223903 13.655100
0.224095 8.188290
0.224287 28.817900
0.224478 81.891500
0.224670 4.014910
0.224861 5.152040
0.225053 46.644000
0.225244 66.585800
0.225436 41.525600
0.225627 17.001800
0.225819 26.264900
0.226010 19.265600
0.226202 47.032300
0.226393 7.935490
0.226585 3.864280
0.226776 18.650900
0.226968 57.378100
0.227160 16.247600
0.227351 37.386500
0.227543 10.980500
0.227734 18.768400
0.227926 28.341700
0.228117 19.055400
0.228309 39.116100
0.228500 22.685400
0.228692 14.730000
0.228883 11.720500
0.229075 10.036800
0.229266 14.951000
0.229458 40.148300
0.229649 36.573400
0.229841 40.313500
0.230033 15.764800
0.230224 47.892100
0.230416 21.925700
0.230607 8.476340
0.230799 4.498080
0.230990 15.518700
0.231182 20.025400
0.231373 18.450800
0.231565 69.550000
0.231756 11.860800
0.231948 40.008500
0.232139 11.026500
0.232331 8.762330
0.232523 19.679800
0.232714 9.859700
0.232906 5.349000
0.233097 46.281000
0.233289 68.448300
0.233480 11.134000
0.233672 26.856200
0.233863 62.529600
0.234055 37.915000
0.234246 3.203560
0.234438 11.748900
0.234629 10.817800
0.234821 26.804100
0.235012 4.526700
0.235204 11.431500
0.235396 11.415100
0.235587 10.869000
0.235779 18.472700
0.235970 68.894200
0.236162 8.686820
0.236353 71.419500
0.236545 43.747300
0.236736 39.200300
0.237119 20.704100
0.237311 19.623400
0.237502 70.052600
0.237694 12.985500
0.237885 21.207900
0.238077 24.248600
0.238269 25.299400
0.238460 24.372400
0.238652 3.491070
0.238843 25.890500
0.239035 4.312050
0.239226 40.855200
0.239418 2.692540
0.239609 3.791780
0.239801 27.651000
0.239992 19.170900
0.240184 8.659600
0.240375 45.393100
0.240567 21.514200
0.240758 6.789840
0.240950 13.020500
0.241142 54.827200
0.241333 24.206700
0.241525 6.012320
0.241716 37.689700
0.241908 33.986600
0.242099 20.005200
0.242291 53.299300
0.242482 12.727000
0.242674 23.034200
0.242865 20.004100
0.243057 27.534500
0.243248 19.962500
0.243440 49.413100
0.243631 43.780500
0.243823 31.699800
0.244206 9.509200
0.244398 12.634300
0.244589 23.726600
0.244781 27.608700
0.244972 27.808900
0.245164 7.669280
0.245355 42.772000
0.245547 6.031920
0.245738 19.587100
0.245930 6.255630
0.246121 56.754800
0.246313 61.960700
0.246505 63.071200
0.246696 5.781040
0.246888 7.908000
0.247079 56.724500
0.247271 34.819700
0.247462 22.108300
0.247654 35.707400
0.247845 32.957900
0.248037 16.716900
0.248228 24.953300
0.248420 6.272630
0.248611 30.917500
0.248803 6.569940
0.248994 36.329600
0.249186 10.032000
0.249378 18.822200
0.249569 10.783400
0.249761 9.745910
0.249952 5.917490
0.250144 69.333200
0.250335 34.952300
0.250527 4.429720
0.250718 19.206100
0.250910 24.554400
0.251101 4.468900
0.251293 8.644530
0.251484 54.228600
0.251676 57.356500
0.251867 19.472800
0.252059 30.096900
0.252251 5.462800
0.252442 9.885310
0.252634 6.787160
0.252825 7.797370
0.253017 7.959920
0.253208 12.048800
0.253400 38.717400
0.253591 17.779200
0.253783 50.067300
0.253974 8.556690
0.254166 82.446200
0.254357 8.142140
0.254549 8.941130
0.254740 27.141800
0.254932 32.405500
0.255124 6.894660
0.255315 18.132100
0.255507 22.065100
0.255698 16.947200
0.255890 6.776490
0.256081 26.963100
0.256273 28.559600
0.256464 12.364200
0.256656 6.640880
0.256847 60.732800
0.257039 9.721760
0.257230 6.162690
0.257422 40.302000
0.257613 3.962690
0.257805 31.152500
0.257997 9.386680
0.258188 14.297000
0.258380 77.188000
0.258571 11.584800
0.258763 27.128200
0.258954 25.131500
0.259146 21.500800
0.259337 17.824000
0.259529 37.015800
0.259720 16.898100
0.259912 13.518300
0.260103 18.230800
0.260295 38.936100
0.260486 67.197500
0.260678 28.289300
0.260870 6.951640
0.261061 5.711540
0.261253 6.890170
0.261444 17.464600
0.261636 3.508350
0.261827 32.383100
0.262019 12.787200
0.262210 23.931600
0.262402 34.587900
0.262593 3.635730
0.262785 8.661940
0.262976 11.957900
0.263168 42.820700
0.263360 20.129800
0.263551 56.194000
0.263743 19.515800
0.263934 6.025350
0.264126 9.964460
0.264317 6.373790
0.264509 8.129540
0.264700 64.128800
0.264892 62.751200
0.265083 16.988800
0.265275 7.878320
0.265466 16.319000
0.265658 17.910200
0.265849 28.349200
0.266041 21.684300
0.266233 10.455800
0.266424 45.796000
0.266616 36.314000
0.266807 11.523700
0.266999 47.550600
0.267190 10.035900
0.267382 49.552500
0.267573 39.606000
0.267765 59.254200
0.267956 8.335290
0.268148 17.225800
0.268339 83.767100
0.268531 57.021500
0.268722 8.319820
0.268914 17.274200
0.269106 31.333600
0.269297 31.631000
0.269489 59.557100
0.269680 29.813400
0.269872 8.544710
0.270063 28.996400
0.270255 25.332200
0.270446 14.797300
0.270638 78.693200
0.270829 39.442100
0.271021 32.207100
0.271212 4.019890
0.271404 28.477000
0.271595 6.683100
0.271787 14.406900
0.271979 11.437500
0.272170 50.403100
0.272362 67.886000
0.272553 13.513400
0.272745 39.022800
0.272936 21.041000
0.273128 13.367000
0.273511 35.760100
0.273702 57.393700
0.273894 72.512000
0.274085 15.083200
0.274468 40.266200
0.274660 9.813240
0.274852 40.039600
0.275043 20.796200
0.275235 5.862040
0.275426 8.633150
0.275618 12.850500
0.275809 8.068490
0.276001 8.226980
0.276192 21.831800
0.276384 58.060400
0.276575 44.152600
0.276767 7.248950
0.276958 6.340790
0.277150 10.364100
0.277342 16.168600
0.277533 18.664900
0.277725 42.332100
0.277916 3.322140
0.278108 54.844200
0.278299 19.229300
0.278491 35.586900
0.278682 17.495000
0.278874 24.587800
0.279065 4.944890
0.279257 39.122300
0.279448 18.915600
0.279640 14.424500
0.279831 11.925400
0.280023 76.812300
0.280215 8.885940
0.280406 11.494500
0.280598 29.516400
0.280789 31.130100
0.280981 22.103100
0.281172 46.243700
0.281364 7.208240
0.281555 70.920300
0.281747 4.536830
0.282130 10.037800
0.282321 41.795600
0.282513 38.635500
0.282704 26.106200
0.282896 11.149700
0.283088 36.140600
0.283279 20.409600
0.283471 12.825600
0.283662 15.436600
0.283854 1.801230
0.284045 27.460400
0.284237 13.043900
0.284428 22.049000
0.284620 33.391600
0.284811 1.735470
0.285003 31.081600
0.285194 4.934630
0.285386 14.910700
0.285577 63.271000
0.285769 2.542860
0.285961 42.700800
0.286152 21.793500
0.286344 9.723010
0.286535 53.602700
0.286727 43.588600
0.286918 17.999200
0.287110 14.979500
0.287301 8.802630
0.287493 7.539720
0.287684 16.513100
0.287876 10.738400
0.288067 28.049100
0.288259 15.962700
0.288450 62.968600
0.288642 9.933940
0.288834 69.590600
0.289025 6.600310
0.289217 12.439800
0.289408 51.760400
0.289600 57.352000
0.289791 8.613450
0.289983 9.693620
0.290174 7.155010
0.290366 46.472800
0.290557 27.060400
0.290749 33.347700
0.290940 38.473700
0.291132 17.632100
0.291324 57.738100
0.291515 7.835570
0.291707 8.585770
0.291898 82.697000
0.292090 44.968400
0.292281 8.778570
0.292473 49.721500
0.292664 50.988800
0.292856 11.778900
0.293047 20.165800
0.293239 28.622000
0.293430 8.439960
0.293622 9.978510
0.293813 12.607000
0.294005 6.515250
0.294197 67.027900
0.294388 4.649160
0.294580 11.521400
0.294771 20.542100
0.294963 7.979040
0.295154 13.190600
0.295346 7.812190
0.295537 20.408900
0.295729 32.516200
0.295920 15.305400
0.296112 18.423600
0.296303 42.271100
0.296495 27.023700
0.296686 24.792100
0.296878 3.503720
0.297070 36.494200
0.297261 1.393470
0.297453 25.975000
0.297644 6.924980
0.297836 17.588700
0.298027 6.863770
0.298219 53.030700
0.298410 3.910300
0.298602 27.792800
0.298793 13.417300
0.298985 13.250900
0.299176 39.656800
0.299368 44.865300
0.299559 8.192070
0.299751 28.475100
0.299943 31.102500
0.300134 1.696260
0.300326 64.907200
0.300517 33.235700
0.300709 16.928300
0.300900 32.998200
0.301092 16.447600
0.301283 18.492800
0.301475 9.927080
0.301666 9.361590
0.301858 8.852840
0.302049 78.288800
0.302241 6.336320
0.302432 39.858500
0.302624 51.709800
0.302816 16.256600
0.303007 19.270500
0.303199 19.167700
0.303390 23.439600
0.303582 73.659500
0.303773 54.943800
0.303965 22.474400
0.304156 30.735500
0.304348 32.584400
0.304539 33.043600
0.304731 54.442600
0.304922 7.717340
0.305114 29.728800
0.305305 41.056800
0.305497 7.025500
0.305689 26.795400
0.305880 20.153900
0.306072 15.657300
0.306263 9.266410
0.306455 26.440300
0.306646 11.751600
0.306838 29.500100
0.307029 21.428200
0.307221 28.745800
0.307412 64.508200
0.307604 10.499300
0.307795 34.421500
0.307987 9.137400
0.308179 16.268500
0.308370 51.281100
0.308562 15.466500
0.308753 22.332500
0.308945 27.744800
0.309136 15.242800
0.309328 19.322200
0.309519 23.058200
0.309711 1.765080
0.309902 7.443350
0.310094 16.008300
0.310285 35.259500
0.310477 14.172600
0.310668 12.826200
0.310860 73.661300
0.311052 22.307300
0.311243 9.540800
0.311626 10.934400
0.311818 9.467390
0.312009 32.883500
0.312201 19.938000
0.312392 8.879540
0.312584 11.219700
0.312775 42.029400
0.312967 18.955600
0.313158 40.886400
0.313350 39.664400
0.313541 19.565700
0.313733 4.617930
0.313925 61.992500
0.314308 69.269400
0.314499 4.216330
0.314691 6.819120
0.314882 28.808200
0.315074 26.583600
0.315265 45.990200
0.315457 9.920350
0.315648 52.873000
0.315840 24.889900
0.316223 16.505200
0.316414 37.971900
0.316606 10.449900
0.316798 68.860700
0.316989 6.140900
0.317181 49.112700
0.317372 24.874000
0.317564 13.815700
0.317755 64.505700
0.317947 5.763360
0.318138 23.004900
0.318330 9.118310
0.318521 32.607000
0.318713 2.758690
0.318904 10.908700
0.319096 9.544930
0.319287 60.132100
0.319479 28.920300
0.319671 8.036010
0.319862 8.459080
0.320054 53.047600
0.320245 35.479600
0.320437 6.093770
0.320628 9.799600
0.320820 65.673400
0.321011 8.033830
0.321203 11.332800
0.321394 7.760800
0.321586 16.010200
0.321777 6.570120
0.321969 20.124600
0.322161 25.220100
0.322352 31.257100
0.322544 25.452700
0.322735 6.667790
0.322927 59.631400
0.323118 49.521300
0.323310 6.871190
0.323501 24.355300
0.323693 7.699390
0.323884 29.721000
0.324076 4.601270
0.324267 39.817000
0.324459 66.221000
0.324650 14.256200
0.324842 28.126900
0.325034 5.484330
0.325225 50.311200
0.325417 11.272600
0.325608 15.449200
0.325800 36.715400
0.325991 53.995600
0.326183 27.474500
0.326374 9.736160
0.326566 7.527920
0.326757 23.362200
0.326949 57.786700
0.327140 17.893700
0.327332 8.703830
0.327523 19.585800
0.327715 6.444090
0.327907 5.318150
0.328098 48.943500
0.328290 7.265170
0.328481 5.857000
0.328673 19.289600
0.328864 2.728510
0.329056 29.133200
0.329247 13.584800
0.329439 56.357300
0.329630 23.460300
0.329822 18.462800
0.330013 9.377690
0.330205 3.347750
0.330396 5.274820
0.330588 9.761040
0.330780 16.122700
0.330971 49.941000
0.331163 18.857200
0.331354 6.559260
0.331546 16.201800
0.331737 29.722900
0.331929 16.762000
0.332120 40.764000
0.332312 10.895300
0.332503 6.037230
0.332695 14.458800
0.332886 16.707600
0.333078 58.770500
0.333269 57.190700
0.333461 24.870800
0.333653 17.709800
0.333844 7.860740
0.334036 31.815500
0.334227 51.791900
0.334419 31.067800
0.334610 37.216700
0.334802 11.925600
0.334993 24.473300
0.335185 87.221200
0.335376 76.914400
0.335568 42.974600
0.335759 21.471200
0.335951 23.079800
0.336143 8.556790
0.336334 9.383870
0.336526 19.999800
0.336717 16.323100
0.336909 10.021700
0.337100 37.760700
0.337292 19.083500
0.337483 6.978830
0.337675 26.441500
0.337866 9.525820
0.338058 27.272300
0.338249 18.785200
0.338441 32.813400
0.338632 15.964900
0.338824 12.954800
0.339016 22.314500
0.339207 27.591500
0.339399 21.437900
0.339590 24.203400
0.339782 2.202610
0.339973 22.343600
0.340165 10.218000
0.340356 11.657400
0.340548 50.277200
0.340739 8.539610
0.340931 8.769470
0.341122 7.706060
0.341314 44.709900
0.341505 15.125700
0.341697 19.377700
0.341889 42.342800
0.342080 41.549100
0.342272 6.704530
0.342463 9.031820
0.342655 61.387600
0.342846 37.783800
0.343038 30.708600
0.343229 18.547900
0.343421 7.093520
0.343612 7.949920
0.343804 17.204800
0.343995 20.705800
0.344187 14.530600
0.344378 15.925500
0.344570 18.008800
0.344762 30.643100
0.344953 8.332200
0.345145 49.403500
0.345336 9.459900
0.345528 26.110100
0.345719 5.131830
0.345911 11.945600
0.346102 9.957030
0.346294 8.798920
0.346485 28.164400
0.346677 2.573260
0.346868 23.217800
0.347060 17.761100
0.347251 29.585200
0.347443 55.309300
0.347635 68.338900
0.347826 10.735600
0.348018 7.299080
0.348209 17.066000
0.348401 21.024900
0.348592 36.720800
0.348784 19.859300
0.348975 20.507900
0.349167 20.401200
0.349358 46.656800
0.349550 20.630100
0.349741 17.772700
0.349933 37.647200
0.350124 42.213400
0.350316 10.190900
0.350508 19.581900
0.350699 8.736740
0.350891 20.264300
0.351082 32.660700
0.351274 45.107200
0.351465 27.439700
0.351657 35.830500
0.351848 8.664370
0.352040 39.298000
0.352231 19.640100
0.352423 62.413100
0.352614 36.753700
0.352806 19.331000
0.352998 47.957800
0.353189 14.747900
0.353381 8.698150
0.353572 33.547000
0.353764 4.762160
0.353955 7.113200
0.354147 28.483000
0.354338 20.221700
0.354530 15.159600
0.354721 4.622980
0.354913 88.741100
0.355104 95.438200
0.355296 6.229030
0.355487 19.014400
0.355679 95.094100
0.355871 8.392250
0.356062 23.527800
0.356254 31.530100
0.356445 30.430400
0.356637 11.157100
0.356828 66.697800
0.357020 7.049000
0.357211 27.716100
0.357403 14.572000
0.357594 27.878300
0.357786 34.492500
0.357977 8.771050
0.358169 11.003800
0.358360 8.499490
0.358552 13.296000
0.358744 8.304250
0.358935 51.998100
0.359127 48.438600
0.359318 29.118500
0.359510 7.946990
0.359701 10.319100
0.359893 63.101300
0.360084 4.044050
0.360276 19.810700
0.360467 23.756800
0.360659 62.631200
0.360850 9.476410
0.361042 18.488000
0.361233 15.078500
0.361425 56.712700
0.361617 30.285100
0.361808 74.459800
0.362000 31.410200
0.362191 48.271100
0.362383 9.320520
0.362574 3.556860
0.362766 54.666000
0.362957 9.321790
0.363149 4.497820
0.363340 13.528700
0.363532 5.350490
0.363723 13.714000
0.363915 9.845010
0.364106 18.170600
0.364298 28.196700
0.364490 6.460930
0.364681 35.247500
0.364873 5.144970
0.365064 17.114600
0.365256 11.835000
0.365447 13.319000
0.365639 35.640900
0.365830 30.424700
0.366022 37.169500
0.366213 32.871900
0.366405 63.270300
0.366596 28.028400
0.366788 28.261500
0.366980 43.186300
0.367171 7.194130
0.367363 21.569600
0.367554 5.880100
0.367746 9.542930
0.367937 2.419780
0.368129 10.752000
0.368320 7.945630
0.368512 33.724100
0.368703 6.134920
0.368895 31.192600
0.369086 63.017800
0.369278 19.755800
0.369469 33.350300
0.369661 7.906400
0.369853 6.795810
0.370044 20.142600
0.370236 19.432100
0.370427 59.477500
0.370619 5.762740
0.370810 9.170610
0.371002 7.608450
0.371193 9.407320
0.371385 11.366500
0.371576 35.123100
0.371768 39.954900
0.371959 22.829400
0.372151 9.208690
0.372342 43.417400
0.372534 42.509600
0.372726 47.309500
0.372917 15.158900
0.373109 6.383900
0.373300 9.071680
0.373492 9.108440
0.373683 40.051200
0.373875 4.516850
0.374066 9.077640
0.374258 37.488700
0.374449 14.270400
0.374641 43.437300
0.374832 34.534400
0.375024 5.012780
0.375215 33.282500
0.375407 2.967630
0.375599 31.646500
0.375790 50.980000
0.375982 49.796100
0.376173 43.343400
0.376365 30.457200
0.376556 20.049900
0.376748 33.433500
0.376939 7.912970
0.377131 47.829200
0.377322 32.310100
0.377514 28.193800
0.377705 84.719500
0.377897 29.138900
0.378088 18.714400
0.378280 6.738370
0.378472 72.511200
0.378663 8.924320
0.378855 89.196000
0.379046 12.977300
0.379238 28.182900
0.379429 13.341100
0.379621 16.033100
0.379812 6.055100
0.380004 9.252030
0.380195 2.518870
0.380387 6.512570
0.380578 5.884030
0.380770 73.558300
0.380962 7.791260
0.381153 8.171360
0.381345 15.020400
0.381536 29.382500
0.381728 32.728000
0.381919 5.673180
0.382111 36.210000
0.382302 8.094140
0.382494 8.552190
0.382685 40.622200
0.382877 9.344260
0.383068 53.744200
0.383260 18.176300
0.383451 38.329100
0.383643 7.417220
0.383835 35.654700
0.384026 19.323500
0.384218 4.008440
0.384409 8.644950
0.384601 21.592900
0.384792 5.170090
0.384984 68.723700
0.385175 62.435600
0.385367 7.377980
0.385558 17.064200
0.385750 29.900300
0.385941 12.716100
0.386133 19.253500
0.386324 5.941590
0.386516 22.852100
0.386708 4.941070
0.386899 22.074900
0.387091 17.629800
0.387282 28.717100
0.387474 16.585200
0.387665 50.051900
0.387857 35.719200
0.388048 3.003710
0.388240 26.667700
0.388431 20.490200
0.388623 27.932400
0.388814 7.040930
0.389006 5.690280
0.389197 7.763580
0.389389 63.388100
0.389581 78.962200
0.389772 60.550500
0.389964 69.753600
0.390155 54.612700
0.390347 53.312800
0.390538 28.441800
0.390730 6.144320
0.390921 54.653400
0.391113 12.086600
0.391304 57.578500
0.391496 6.007260
0.391687 3.929330
0.391879 23.860500
0.392070 11.484600
0.392262 15.746600
0.392454 7.138740
0.392645 26.087400
0.392837 23.280500
0.393028 26.411400
0.393220 9.047370
0.393411 6.701080
0.393603 21.093900
0.393794 34.850600
0.393986 65.223400
0.394177 18.175900
0.394369 40.069400
0.394560 67.353300
0.394752 76.154900
0.394943 12.765600
0.395135 6.262670
0.395327 25.320100
0.395518 65.960900
0.395710 30.860300
0.395901 13.883600
0.396093 37.952000
0.396284 9.123930
0.396476 26.734700
0.396667 7.377990
0.396859 48.293400
0.397050 12.526100
0.397242 29.923400
0.397433 5.308210
0.397625 5.348090
0.397817 11.674800
0.398008 23.646300
0.398200 20.320000
0.398391 33.585300
0.398583 14.797000
0.398774 8.132830
0.398966 28.227500
0.399157 26.157200
0.399349 65.148800
0.399540 10.499700
0.399732 26.026300
0.399923 20.447300
0.400115 10.087000
0.400306 5.036290
0.400498 36.703100
0.400690 6.788250
0.400881 9.401370
0.401073 33.967300
0.401264 12.957400
0.401456 24.892400
0.401647 28.162800
0.401839 18.815700
0.402030 9.303490
0.402222 29.210900
0.402413 8.441750
0.402605 2.736540
0.402796 16.018600
0.402988 21.924200
0.403179 32.932800
0.403371 18.833500
0.403563 41.607200
0.403754 17.599100
0.403946 3.686140
0.404137 9.057700
0.404329 14.913900
0.404520 16.806100
0.404712 57.578000
0.404903 9.411560
0.405095 5.556400
0.405286 64.576600
0.405478 15.158800
0.405669 25.938300
0.405861 19.305000
0.406052 17.933100
0.406244 43.066900
0.406436 15.357100
0.406627 12.354000
0.406819 17.731200
0.407010 7.444650
0.407202 13.057100
0.407393 23.790600
0.407585 15.194800
0.407776 78.546800
0.407968 11.042300
0.408159 28.497400
0.408351 9.111690
0.408542 37.465700
0.408734 20.788000
0.408925 23.094800
0.409117 6.675840
0.409309 7.886150
0.409500 31.016200
0.409692 66.473600
0.409883 17.936800
0.410075 23.403500
0.410266 3.235350
0.410458 52.820300
0.410649 30.109800
0.410841 34.520300
0.411032 39.964700
0.411224 62.286900
0.411415 8.540620
0.411607 20.208500
0.411799 51.019900
0.411990 38.252900
0.412182 6.667600
0.412373 46.580300
0.412565 59.512100
0.412756 33.898900
0.412948 11.374400
0.413139 26.608200
0.413331 26.665800
0.413522 14.422000
0.413714 15.794900
0.413905 16.441800
0.414097 9.994930
0.414288 35.346000
0.414480 25.797500
0.414672 21.475600
0.414863 26.004400
0.415055 12.069900
0.415246 36.280200
0.415438 8.123730
0.415629 43.638200
0.415821 6.297940
0.416012 17.547100
0.416204 50.210600
0.416395 2.850670
0.416587 9.329570
0.416778 31.010300
0.416970 14.861200
0.417161 19.373800
0.417353 13.068600
0.417545 5.734450
0.417736 36.588600
0.417928 31.358400
0.418119 25.904300
0.418311 29.118200
0.418502 18.570700
0.418694 9.864190
0.418885 58.542900
0.419077 61.274200
0.419268 8.570860
0.419460 16.833500
0.419651 6.391330
0.419843 29.837800
0.420034 17.491900
0.420226 56.330600
0.420418 6.894170
0.420609 5.981700
0.420801 74.817800
0.420992 23.700300
0.421184 27.501900
0.421375 19.111200
0.421567 6.622820
0.421758 38.969700
0.421950 20.578600
0.422141 7.642220
0.422333 7.558230
0.422524 5.122820
0.422716 31.512000
0.422907 26.906500
0.423099 6.548770
0.423482 25.843500
0.423674 40.038000
0.423865 16.732400
0.424057 27.535000
0.424248 49.556800
0.424440 9.320200
0.424631 78.010400
0.424823 7.077150
0.425014 9.832180
0.425206 10.325900
0.425397 69.648500
0.425589 32.197100
0.425781 39.458200
0.425972 62.885300
0.426164 25.660400
0.426355 6.209930
0.426547 57.324500
0.426738 20.137500
0.426930 50.243900
0.427121 6.006750
0.427313 22.439000
0.427504 14.818600
0.427696 68.269800
0.427887 7.268280
0.428079 57.108000
0.428270 6.147750
0.428462 5.578700
0.428654 13.018900
0.428845 24.948000
0.429037 9.581660
0.429228 9.313780
0.429420 30.853300
0.429611 13.054300
0.429803 10.993900
0.429994 62.379100
0.430186 29.060200
0.430377 7.128170
0.430569 48.762200
0.430760 23.984700
0.430952 13.676500
0.431143 7.513320
0.431335 29.370800
0.431527 10.372300
0.431718 17.163400
0.431910 3.686200
0.432101 43.998300
0.432293 14.271200
0.432484 37.484500
0.432676 2.179820
0.432867 39.069500
0.433059 55.215000
0.433250 13.449300
0.433442 14.920100
0.433633 13.627000
0.433825 6.962850
0.434016 49.272900
0.434208 8.068100
0.434400 30.683900
0.434591 25.922000
0.434783 25.736500
0.434974 18.836100
0.435166 15.841100
0.435357 36.033300
0.435549 2.295270
0.435740 1.890560
0.435932 7.531780
0.436123 11.247100
0.436315 29.894600
0.436506 16.152100
0.436698 9.612940
0.436889 7.942360
0.437081 90.210700
0.437273 8.885220
0.437464 21.805700
0.437656 21.941000
0.437847 29.015100
0.438039 1.721400
0.438230 33.709600
0.438422 16.195000
0.438613 11.224500
0.438805 5.049140
0.438996 20.543000
0.439188 21.467100
0.439379 17.748300
0.439571 34.433300
0.439762 18.464300
0.439954 23.785400
0.440146 3.761130
0.440337 7.419250
0.440529 7.549560
0.440720 7.819720
0.440912 3.272020
0.441103 4.353810
0.441295 9.828090
0.441486 11.662800
0.441869 40.451700
0.442061 20.558700
0.442252 12.032400
0.442444 13.674700
0.442636 2.066980
0.442827 32.298000
0.443019 5.313520
0.443210 43.077700
0.443402 5.180440
0.443593 18.159900
0.443785 14.067900
0.443976 15.608600
0.444168 9.044820
0.444359 39.630300
0.444551 4.161200
0.444742 10.131600
0.444934 9.218360
0.445125 8.445130
0.445317 39.641200
0.445509 30.071500
0.445700 18.973800
0.445892 3.982980
0.446083 8.613480
0.446275 17.506700
0.446466 21.779200
0.446658 16.230800
0.446849 24.834300
0.447041 39.862700
0.447232 69.483800
0.447424 4.112070
0.447615 27.697300
0.447807 58.962800
0.447998 36.263100
0.448190 18.133300
0.448382 40.414700
0.448573 20.607000
0.448765 35.893200
0.448956 43.214300
0.449148 15.244900
0.449339 10.846500
0.449531 37.623600
0.449722 19.995500
0.449914 8.918990
0.450105 27.993900
0.450297 52.321700
0.450488 23.171200
0.450680 19.571100
0.450871 68.887800
0.451063 10.052300
0.451255 21.487700
0.451446 36.219800
0.451638 19.233200
0.451829 11.143000
0.452021 43.170000
0.452212 32.249400
0.452404 10.956200
0.452595 7.404320
0.452787 46.583200
0.452978 17.594200
0.453170 3.267860
0.453361 28.751000
0.453553 32.319100
0.453744 5.399200
0.453936 43.218000
0.454128 34.900300
0.454319 29.883300
0.454511 3.935820
0.454702 30.467900
0.454894 8.923430
0.455085 5.854210
0.455277 27.307800
0.455468 78.719500
0.455660 18.250900
0.455851 8.585800
0.456043 29.466000
0.456234 43.107500
0.456426 9.917260
0.456618 14.274400
0.456809 22.824600
0.457001 5.154540
0.457192 32.831800
0.457384 2.346400
0.457575 28.491500
0.457767 8.005590
0.457958 14.499400
0.458150 38.594600
0.458341 47.832200
0.458533 29.401000
0.458724 8.252860
0.458916 4.965600
0.459107 8.374310
0.459299 37.606900
0.459491 15.909400
0.459682 5.397460
0.459874 29.111600
0.460065 19.288600
0.460257 15.968800
0.460448 6.243160
0.460640 29.562200
0.460831 44.856300
0.461023 38.543000
0.461214 4.391950
0.461406 18.595300
0.461597 42.587200
0.461789 21.039900
0.461980 48.980700
0.462172 28.777500
0.462364 20.418600
0.462555 22.486700
0.462747 22.879700
0.462938 21.843900
0.463130 43.876600
0.463321 19.315500
0.463513 61.237100
0.463704 84.723300
0.463896 19.212000
0.464087 25.993800
0.464279 16.469200
0.464470 12.764800
0.464662 8.671500
0.464853 23.763500
0.465045 42.397500
0.465237 28.896500
0.465428 19.026600
0.465620 69.357800
0.465811 35.158500
0.466003 19.673800
0.466194 4.556920
0.466386 37.871100
0.466577 82.251200
0.466769 4.462250
0.466960 3.010400
0.467152 63.079100
0.467343 27.156300
0.467535 28.432200
0.467918 10.063800
0.468110 17.984600
0.468301 36.187700
0.468493 26.843500
0.468684 31.734600
0.468876 26.142100
0.469067 3.611060
0.469259 10.211600
0.469450 9.019820
0.469642 30.892700
0.469833 9.512640
0.470025 9.338200
0.470216 60.662700
0.470408 16.244900
0.470600 6.920190
0.470791 40.704800
0.470983 65.279900
0.471174 25.586200
0.471366 8.143830
0.471557 29.573000
0.471749 4.249400
0.471940 7.763510
0.472132 9.545320
0.472323 26.211500
0.472515 16.153200
0.472706 14.517400
0.472898 9.659240
0.473089 8.871010
0.473281 6.148360
0.473473 52.607100
0.473664 26.874300
0.473856 23.313200
0.474047 92.977800
0.474239 23.575700
0.474430 30.868100
0.474622 18.042000
0.474813 28.308900
0.475005 26.467200
0.475196 32.920300
0.475388 9.601970
0.475579 7.313490
0.475771 29.139500
0.475962 38.583700
0.476154 26.518100
0.476346 16.180100
0.476537 54.056200
0.476729 71.893300
0.476920 18.444000
0.477112 10.181200
0.477303 21.714800
0.477495 34.389600
0.477686 15.954600
0.477878 4.835460
0.478069 26.504200
0.478261 6.921980
0.478452 14.201900
0.478644 47.781300
0.478835 49.636400
0.479027 35.026800
0.479219 36.928500
0.479410 19.899500
0.479602 53.493000
0.479793 42.326600
0.479985 9.949530
0.480176 16.465900
0.480368 37.871800
0.480559 13.834800
0.480751 17.265200
0.480942 24.447400
0.481134 75.082100
0.481325 9.866980
0.481517 8.542750
0.481708 56.062500
0.481900 51.831400
0.482092 8.084540
0.482283 18.067800
0.482475 24.144400
0.482666 41.410400
0.482858 9.625910
0.483049 16.698100
0.483241 42.773300
0.483432 6.079640
0.483624 56.607700
0.483815 35.487800
0.484007 28.367200
0.484198 5.307660
0.484390 9.635430
0.484581 9.362380
0.484773 29.806500
0.484965 33.865900
0.485156 56.398000
0.485348 24.168900
0.485539 28.712700
0.485731 11.294800
0.485922 4.085480
0.486114 7.285010
0.486305 20.148000
0.486497 26.336000
0.486688 5.151820
0.486880 40.409000
0.487071 45.963700
0.487263 36.870800
0.487455 5.079070
0.487646 43.103900
0.487838 47.380200
0.488029 9.044180
0.488221 49.721400
0.488412 8.617100
0.488604 55.438000
0.488795 42.552700
0.488987 17.792400
0.489178 32.631200
0.489370 13.266800
0.489561 14.049100
0.489753 33.734100
0.489944 10.054500
0.490136 7.860330
0.490328 31.774100
0.490519 73.975100
0.490711 7.804980
0.490902 32.754000
0.491094 70.575200
0.491285 21.671800
0.491477 9.803350
0.491668 63.740700
0.491860 3.366530
0.492051 22.192600
0.492243 17.256400
0.492434 8.623740
0.492626 12.346100
0.492817 13.576100
0.493009 13.559600
0.493201 19.750200
0.493392 5.236730
0.493584 7.938970
0.493775 6.005570
0.493967 32.495400
0.494158 5.649500
0.494350 14.670800
0.494541 77.524800
0.494733 34.263000
0.494924 37.905100
0.495116 6.277100
0.495307 82.496600
0.495499 8.038090
0.495690 18.114000
0.495882 20.982600
0.496074 59.434700
0.496265 36.699000
0.496457 21.850300
0.496648 18.799500
0.496840 6.664310
0.497031 14.395300
0.497223 21.726000
0.497414 8.230050
0.497606 4.386570
0.497797 5.777030
0.497989 68.926900
0.498180 45.015600
0.498372 10.021600
0.498563 19.009300
0.498755 81.569500
0.498947 8.731260
0.499138 5.288710
0.499330 72.673000
0.499521 20.392500
0.499713 9.958080
0.499904 6.761800
0.500096 78.608500
0.500287 6.961450
0.500479 12.481800
0.500670 9.934010
0.500862 45.468800
0.501053 7.108170
0.501245 25.767700
0.501437 22.299700
0.501628 28.134000
0.501820 23.403700
0.502011 35.461300
0.502203 17.426100
0.502394 10.030200
0.502586 38.437600
0.502777 16.396800
0.502969 8.224980
0.503160 9.350140
0.503352 8.133860
0.503543 60.681200
0.503735 34.397200
0.503926 48.347000
0.504118 27.614700
0.504310 48.315800
0.504501 2.223960
0.504693 21.886300
0.504884 15.244700
0.505076 28.912800
0.505267 19.848000
0.505459 30.166700
0.505650 31.943100
0.505842 10.862500
0.506033 47.083200
0.506225 31.841500
0.506416 29.430100
0.506608 20.232100
0.506799 4.846500
0.506991 14.882800
0.507183 6.283920
0.507374 8.424280
0.507566 9.033590
0.507757 58.469800
0.507949 8.973910
0.508140 22.513000
0.508332 9.150970
0.508523 4.563460
0.508715 19.353400
0.508906 28.059400
0.509098 16.592700
0.509289 3.960590
0.509481 1.726260
0.509672 8.865120
0.509864 4.459000
0.510056 21.114800
0.510247 11.474800
0.510439 24.713300
0.510630 24.180000
0.510822 28.017400
0.511013 11.282400
0.511205 8.512560
0.511396 20.278600
0.511588 6.000160
0.511779 28.669700
0.511971 34.483200
0.512162 35.798700
0.512354 3.969860
0.512545 7.315710
0.512737 7.859240
0.512929 20.632100
0.513120 19.245500
0.513312 20.869300
0.513503 35.991500
0.513695 19.678100
0.513886 23.438400
0.514078 11.192300
0.514269 14.540300
0.514461 19.864400
0.514652 11.096200
0.514844 7.232880
0.515035 16.534500
0.515227 4.772330
0.515419 10.844400
0.515610 18.296400
0.515802 8.797540
0.515993 8.342160
0.516185 38.158000
0.516376 22.789900
0.516568 13.701000
0.516759 38.595400
0.516951 36.252200
0.517142 9.224960
0.517334 80.266100
0.517525 46.032600
0.517717 22.822400
0.517908 18.694300
0.518100 9.920570
0.518292 38.008200
0.518483 16.908500
0.518675 65.918600
0.518866 68.365600
0.519058 33.772100
0.519249 7.125040
0.519441 15.568500
0.519632 41.820000
0.519824 48.487300
0.520015 39.796700
0.520207 14.117300
0.520398 3.443030
0.520590 8.481800
0.520781 5.050670
0.520973 1.781720
0.521165 7.885170
0.521356 27.989400
0.521548 37.326500
0.521739 14.714500
0.521931 6.775840
0.522122 15.964300
0.522314 7.124390
0.522505 10.136800
0.522697 18.748100
0.522888 53.973500
0.523080 10.166100
0.523271 9.067870
0.523463 42.148100
0.523654 49.725500
0.523846 5.765730
0.524038 20.917400
0.524229 65.000400
0.524421 10.597000
0.524612 29.731900
0.524804 30.624500
0.524995 30.972100
0.525187 22.821700
0.525378 11.434200
0.525570 34.949200
0.525761 23.465700
0.525953 15.456600
0.526144 9.784960
0.526336 8.843470
0.526527 17.354800
0.526719 10.077200
0.526911 49.310300
0.527102 5.905830
0.527294 19.086200
0.527485 7.714160
0.527677 8.827060
0.527868 10.925700
0.528060 32.827300
0.528251 3.941100
0.528443 5.431120
0.528634 10.432100
0.528826 94.751100
0.529017 9.269790
0.529209 29.372800
0.529400 24.350800
0.529592 6.701130
0.529784 42.906500
0.529975 26.703800
0.530167 41.899000
0.530358 7.393880
0.530550 17.572400
0.530741 29.055400
0.530933 14.501100
0.531124 3.738600
0.531316 32.285600
0.531507 10.064400
0.531699 22.285600
0.531890 49.478100
0.532082 14.239000
0.532274 36.703400
0.532465 11.107300
0.532657 11.273400
0.532848 36.275400
0.533040 7.265570
0.533231 63.480400
0.533423 11.244600
0.533614 14.204100
0.533806 24.037600
0.533997 41.192100
0.534189 10.121200
0.534380 24.412300
0.534572 5.489300
0.534763 8.455060
0.534955 57.096000
0.535147 75.140900
0.535338 49.882700
0.535530 18.489300
0.535721 53.548000
0.535913 15.678500
0.536104 10.605100
0.536296 17.982600
0.536487 3.092220
0.536679 4.184140
0.536870 47.508600
0.537062 41.556000
0.537253 6.967420
0.537445 45.578300
0.537636 2.135310
0.537828 19.071300
0.538020 4.481680
0.538211 69.021000
0.538403 12.786000
0.538594 10.070300
0.538786 5.113050
0.538977 34.977300
0.539169 3.503470
0.539360 11.920600
0.539552 16.417100
0.539743 19.866700
0.539935 1.854820
0.540126 8.450680
0.540318 8.749510
0.540509 7.378200
0.540701 21.601700
0.540893 2.095880
0.541084 7.944310
0.541276 14.488200
0.541467 23.510400
0.541659 25.542600
0.541850 87.172600
0.542042 2.712580
0.542233 55.351100
0.542425 32.425600
0.542616 21.062700
0.542808 84.585400
0.542999 41.942000
0.543191 43.532200
0.543382 37.734700
0.543574 25.520000
0.543766 6.806120
0.543957 41.495900
0.544149 13.382400
0.544340 8.601150
0.544532 28.067900
0.544723 10.395500
0.544915 13.193500
0.545106 26.073100
0.545298 9.298870
0.545489 1.751860
0.545681 10.048900
0.545872 6.808380
0.546064 3.956920
0.546256 8.779900
0.546447 19.124800
0.546639 47.158500
0.546830 22.637000
0.547022 15.757100
0.547213 56.455400
0.547405 33.177700
0.547596 10.245100
0.547788 8.847090
0.547979 20.162900
0.548171 19.857100
0.548362 40.170800
0.548554 18.953000
0.548745 12.417600
0.548937 13.356200
0.549129 6.316380
0.549320 24.034700
0.549512 26.958800
0.549703 4.196660
0.549895 6.057530
0.550086 10.377500
0.550278 22.059100
0.550469 10.028300
0.550661 31.329200
0.550852 8.275850
0.551044 23.885300
0.551235 25.081500
0.551427 35.554600
0.551618 25.615900
0.551810 6.151840
0.552002 20.278200
0.552193 34.516900
0.552385 21.533500
0.552576 68.634700
0.552768 37.025900
0.552959 22.272400
0.553151 33.481200
0.553342 35.012800
0.553534 8.989400
0.553725 11.453100
0.553917 2.524210
0.554108 9.495100
0.554300 11.565400
0.554491 35.345400
0.554683 54.089400
0.554875 9.121410
0.555066 26.091300
0.555258 6.644100
0.555449 35.873100
0.555641 52.755700
0.555832 34.982400
0.556024 36.731400
0.556215 16.635100
0.556407 16.017300
0.556598 1.782150
0.556790 38.121300
0.556981 2.678320
0.557173 44.715000
0.557364 17.796000
0.557556 7.382340
0.557748 8.017940
0.557939 10.818700
0.558131 24.058900
0.558322 38.647900
0.558514 8.554360
0.558705 36.509400
0.558897 66.988600
0.559088 21.981800
0.559280 13.647200
0.559471 28.583700
0.559663 26.685000
0.559854 10.291200
0.560046 16.230200
0.560238 43.407800
0.560429 8.974480
0.560621 94.224200
0.560812 29.859100
0.561004 13.785300
0.561195 6.756000
0.561387 55.969400
0.561578 74.166300
0.561770 13.316700
0.561961 17.223600
0.562153 3.011500
0.562344 35.013800
0.562536 28.629700
0.562727 1.886480
0.562919 15.571600
0.563111 12.309000
0.563302 8.000120
0.563494 21.477100
0.563685 15.328400
0.563877 11.255800
0.564068 7.409500
0.564260 10.800800
0.564451 37.085200
0.564643 8.387990
0.564834 9.667440
0.565026 40.323000
0.565217 24.479500
0.565409 20.435400
0.565600 27.487600
0.565792 29.084100
0.565984 7.865880
0.566175 24.627800
0.566367 20.969900
0.566558 27.728100
0.566750 2.448490
0.566941 9.669390
0.567133 43.758700
0.567324 31.849000
0.567516 24.830200
0.567707 2.050250
0.567899 8.125640
0.568090 4.980810
0.568282 11.641400
0.568473 29.057200
0.568665 16.419400
0.568857 67.463100
0.569048 18.753100
0.569240 41.970500
0.569431 39.936800
0.569623 18.206600
0.569814 28.658700
0.570006 63.450900
0.570197 18.082300
0.570389 5.553410
0.570580 42.961100
0.570772 15.886300
0.570963 63.060500
0.571155 84.424900
0.571346 14.194500
0.571538 20.968600
0.571730 49.361500
0.571921 16.520600
0.572113 16.058500
0.572304 15.130500
0.572496 6.615050
0.572687 7.401170
0.572879 10.770000
0.573070 7.442810
0.573262 91.453100
0.573453 8.172420
0.573645 9.946500
0.573836 11.615900
0.574028 54.295100
0.574219 15.051700
0.574411 4.319010
0.574603 13.523900
0.574794 6.115080
0.574986 51.089900
0.575177 23.636500
0.575369 10.493000
0.575560 70.564900
0.575752 27.416100
0.575943 58.416900
0.576135 10.088700
0.576326 24.691500
0.576518 46.515600
0.576709 80.217700
0.576901 28.242400
0.577093 3.318650
0.577284 36.394100
0.577476 13.689800
0.577667 11.756200
0.577859 19.209400
0.578050 5.193600
0.578242 22.351800
0.578433 23.608600
0.578625 18.673400
0.578816 9.601580
0.579008 23.068600
0.579199 30.373100
0.579391 9.641850
0.579582 31.466300
0.579774 22.489000
0.579966 19.746200
0.580157 25.797100
0.580349 22.529900
0.580540 21.810200
0.580732 47.176900
0.580923 44.148700
0.581115 21.993200
0.581306 47.803300
0.581498 62.730100
0.581689 8.390500
0.581881 10.568400
0.582072 6.521510
0.582264 26.418700
0.582455 3.824260
0.582647 11.874400
0.582839 29.553600
0.583030 6.996350
0.583222 43.399500
0.583413 49.220400
0.583605 42.088500
0.583796 42.337500
0.583988 11.049800
0.584179 44.092200
0.584371 20.682300
0.584562 22.724700
0.584754 11.520500
0.584945 18.607000
0.585137 11.355600
0.585328 48.110800
0.585520 32.067800
0.585712 28.120100
0.585903 30.288000
0.586095 32.209500
0.586286 19.496900
0.586478 21.857700
0.586669 6.351720
0.586861 6.431190
0.587052 17.434200
0.587244 1.939940
0.587435 36.644000
0.587627 7.487140
0.587818 5.092970
0.588010 6.765400
0.588201 9.333840
0.588393 5.342900
0.588585 37.516200
0.588776 11.242600
0.588968 4.277000
0.589159 21.755600
0.589351 16.939600
0.589542 54.091000
0.589734 13.721000
0.589925 62.572600
0.590117 34.613500
0.590308 5.065830
0.590500 24.815900
0.590691 30.037000
0.590883 62.396700
0.591075 18.375400
0.591266 12.368900
0.591458 4.419770
0.591649 9.087820
0.591841 6.641050
0.592032 9.301130
0.592224 22.576100
0.592415 20.135900
0.592607 7.393020
0.592798 20.678600
0.592990 38.678400
0.593181 32.753700
0.593373 26.904600
0.593564 32.667100
0.593756 24.324300
0.593948 40.942600
0.594139 13.702900
0.594331 20.689700
0.594522 31.027000
0.594714 18.854700
0.594905 44.376900
0.595097 60.208400
0.595288 46.707500
0.595480 58.402900
0.595671 4.024790
0.595863 3.295620
0.596054 36.551300
0.596246 42.042300
0.596437 47.250300
0.596629 6.126660
0.596821 61.297500
0.597012 32.008600
0.597204 22.057100
0.597395 4.479910
0.597587 7.317410
0.597778 1.705270
0.597970 15.752800
0.598161 39.495500
0.598353 13.565000
0.598544 7.795220
0.598736 71.786300
0.598927 42.135400
0.599119 6.369790
0.599310 35.762000
0.599502 4.226080
0.599694 52.675700
0.599885 45.519100
0.600077 22.744500
0.600268 53.643600
0.600460 13.073000
0.600651 72.780300
0.600843 29.787700
0.601034 14.139200
0.601226 15.119800
0.601417 21.504300
0.601609 76.774500
0.601800 22.928800
0.601992 9.340880
0.602183 12.468800
0.602375 22.390100
0.602567 9.222200
0.602758 48.484700
0.602950 8.978460
0.603141 21.478500
0.603333 29.443900
0.603524 16.931900
0.603716 30.822500
0.603907 18.902500
0.604099 6.646680
0.604290 32.242300
0.604482 37.120200
0.604673 6.147710
0.604865 24.745500
0.605057 55.888500
0.605248 3.352660
0.605440 24.694000
0.605631 30.444200
0.605823 7.134800
0.606014 11.234800
0.606206 14.349000
0.606397 8.670410
0.606589 36.792100
0.606780 23.613500
0.606972 6.927280
0.607163 33.044800
0.607355 58.429000
0.607546 8.939410
0.607738 73.703200
0.607930 70.321200
0.608121 5.169610
0.608313 76.315700
0.608504 70.572100
0.608696 32.988300
0.608887 10.524800
0.609079 17.570700
0.609270 5.067100
0.609462 34.088400
0.609653 7.353290
0.609845 22.972700
0.610036 27.213500
0.610228 6.483070
0.610419 24.760000
0.610611 16.711900
0.610803 59.834000
0.610994 68.899500
0.611186 46.939000
0.611377 7.230110
0.611569 16.037100
0.611952 1.772950
0.612143 5.899490
0.612335 8.272680
0.612526 49.241700
0.612718 14.595400
0.612909 73.818600
0.613101 80.772800
0.613292 30.321800
0.613484 75.064300
0.613676 6.274770
0.613867 8.932630
0.614059 12.577900
0.614250 7.512940
0.614442 6.848670
0.614633 62.622800
0.614825 82.575100
0.615016 17.059500
0.615208 69.124000
0.615399 22.283900
0.615591 7.751870
0.615782 40.530300
0.615974 7.025030
0.616165 9.742150
0.616357 23.792400
0.616549 2.142160
0.616740 26.849400
0.616932 19.618300
0.617123 69.555400
0.617315 40.699800
0.617506 8.841760
0.617698 17.684600
0.617889 45.969700
0.618081 9.604830
0.618272 17.801800
0.618464 19.088200
0.618655 8.204100
0.618847 27.108000
0.619038 13.680500
0.619230 18.247300
0.619422 44.634900
0.619613 17.443600
0.619805 34.860800
0.619996 11.151300
0.620188 3.120560
0.620379 29.543000
0.620571 22.486800
0.620762 33.454100
0.620954 5.320460
0.621145 59.229500
0.621337 26.276700
0.621528 32.231500
0.621720 29.119500
0.621912 25.455300
0.622103 16.182200
0.622295 38.285700
0.622486 52.004800
0.622678 20.182300
0.622869 16.603500
0.623061 22.579500
0.623252 64.460200
0.623444 31.135200
0.623635 33.255700
0.623827 27.729500
0.624018 64.142000
0.624210 9.287440
0.624401 68.392500
0.624593 40.334300
0.624785 9.519520
0.624976 29.133300
0.625168 35.212400
0.625359 75.996300
0.625551 38.920500
0.625742 19.723100
0.625934 55.012600
0.626125 30.490000
0.626317 6.814880
0.626508 16.732600
0.626700 18.097300
0.626891 25.748400
0.627083 9.193040
0.627274 20.856700
0.627466 4.576240
0.627658 46.663800
0.627849 43.805300
0.628041 20.641600
0.628232 39.443000
0.628424 10.338500
0.628615 52.733900
0.628807 29.102900
0.628998 41.073600
0.629190 13.229100
0.629381 4.298450
0.629573 9.700070
0.629764 9.991890
0.629956 38.957400
0.630147 2.456270
0.630339 7.000660
0.630531 24.450300
0.630722 21.069000
0.630914 4.733050
0.631105 32.931500
0.631297 13.985700
0.631488 25.566500
0.631680 17.858100
0.631871 7.861270
0.632063 9.641920
0.632254 47.678400
0.632446 2.134570
0.632637 53.383900
0.632829 84.351700
0.633020 27.015300
0.633212 62.703400
0.633404 22.116100
0.633595 35.764800
0.633787 14.228600
0.633978 9.423240
0.634170 46.312300
0.634361 2.237570
0.634553 62.212500
0.634744 21.351000
0.634936 27.658900
0.635127 17.941200
0.635319 8.516710
0.635510 15.741700
0.635702 13.076900
0.635894 34.072500
0.636085 15.236300
0.636277 4.194750
0.636468 17.464200
0.636660 13.742500
0.636851 13.962000
0.637043 51.763600
0.637234 15.079100
0.637426 19.795600
0.637617 2.055070
0.637809 21.613600
0.638000 34.247900
0.638192 72.963700
0.638383 49.830600
0.638575 30.976200
0.638767 8.263730
0.638958 10.975900
0.639150 52.286100
0.639341 23.974800
0.639533 6.850510
0.639724 49.278800
0.639916 8.144950
0.640107 25.145400
0.640299 69.983900
0.640490 17.449800
0.640682 23.800100
0.640873 12.499800
0.641065 8.572370
0.641256 64.549800
0.641448 6.380860
0.641640 25.894200
0.641831 5.771970
0.642023 6.839990
0.642214 43.282000
0.642406 39.535700
0.642597 15.158500
0.642789 15.810900
0.642980 15.111800
0.643172 3.357970
0.643363 4.575820
0.643555 27.377600
0.643746 6.016670
0.643938 11.329000
0.644129 39.278300
0.644321 12.783300
0.644513 29.545000
0.644704 21.222000
0.644896 47.016600
0.645087 13.353400
0.645279 41.599500
0.645470 22.995300
0.645662 3.342100
0.645853 45.064500
0.646045 9.826210
0.646236 19.151000
0.646428 11.278400
0.646619 7.122390
0.646811 34.306400
0.647002 22.585300
0.647194 43.374100
0.647386 23.774500
0.647577 69.721500
0.647769 45.468600
0.647960 17.982800
0.648152 15.394000
0.648343 37.332000
0.648535 20.119300
0.648726 18.563600
0.648918 16.281300
0.649109 12.083400
0.649301 17.394300
0.649492 30.519900
0.649684 17.759100
0.649876 15.137100
0.650067 11.872200
0.650259 35.286500
0.650450 36.048700
0.650642 41.904900
0.650833 50.303400
0.651025 24.893200
0.651216 15.158700
0.651408 33.291900
0.651599 9.419450
0.651791 6.511360
0.651982 25.133600
0.652174 61.997000
0.652365 41.903100
0.652557 4.954350
0.652749 7.417940
0.652940 4.798350
0.653132 6.372700
0.653323 3.934870
0.653515 26.873900
0.653706 81.202400
0.653898 5.191340
0.654089 52.481200
0.654281 42.149000
0.654472 19.544100
0.654664 63.416500
0.654855 87.390700
0.655047 10.072700
0.655238 21.938400
0.655430 64.470700
0.655813 59.125300
0.656005 50.395100
0.656196 15.655300
0.656388 73.270200
0.656579 40.503800
0.656771 37.273300
0.656962 14.536800
0.657154 9.817920
0.657345 12.848500
0.657537 53.832200
0.657728 12.593800
0.657920 31.208800
0.658111 19.119800
0.658303 30.211900
0.658495 30.348100
0.658686 9.187690
0.658878 37.922500
0.659069 25.944300
0.659261 15.613700
0.659452 9.780730
0.659644 9.624540
0.659835 2.512670
0.660027 30.852300
0.660218 3.204450
0.660410 29.013000
0.660601 6.508260
0.660793 15.301800
0.660984 46.535400
0.661176 47.072800
0.661368 4.229150
0.661559 7.429000
0.661751 10.719500
0.661942 7.209110
0.662134 8.972470
0.662325 19.793000
0.662517 37.957600
0.662708 38.524800
0.662900 36.849500
0.663091 21.566500
0.663283 57.415900
0.663474 5.444520
0.663666 9.004200
0.663857 34.285800
0.664049 5.978800
0.664241 37.956300
0.664432 15.552900
0.664624 2.729160
0.664815 69.544400
0.665007 23.573900
0.665198 22.228700
0.665390 1.886710
0.665581 53.166400
0.665773 22.343400
0.665964 23.265100
0.666156 31.701000
0.666347 50.650900
0.666539 8.461100
0.666731 8.370430
0.666922 40.844100
0.667114 18.321800
0.667305 31.645300
0.667497 3.879050
0.667688 31.998300
0.667880 3.186480
0.668071 12.132400
0.668263 7.551700
0.668454 27.713800
0.668646 7.022000
0.668837 8.793330
0.669029 34.519400
0.669220 46.289700
0.669412 14.195600
0.669604 9.984490
0.669795 31.745600
0.669987 28.768200
0.670178 8.787980
0.670370 25.619900
0.670561 38.769200
0.670753 19.145200
0.670944 15.995500
0.671136 60.131300
0.671327 25.069700
0.671519 20.270700
0.671710 8.007600
0.671902 8.576040
0.672093 9.148920
0.672285 13.274200
0.672477 43.065900
0.672668 2.971510
0.672860 9.977990
0.673051 34.573300
0.673243 11.220300
0.673434 57.675000
0.673626 96.311100
0.673817 17.819700
0.674009 62.155700
0.674200 21.649500
0.674392 17.430000
0.674583 5.946620
0.674775 49.413600
0.674966 15.807700
0.675158 47.878200
0.675350 8.106680
0.675541 17.795100
0.675733 18.537000
0.675924 7.846640
0.676116 31.922500
0.676307 52.800600
0.676499 3.528470
0.676690 15.898500
0.676882 11.301200
0.677073 46.523000
0.677265 20.707600
0.677456 45.905600
0.677648 31.940200
0.677839 40.950000
0.678031 51.836100
0.678223 21.108100
0.678414 14.385200
0.678606 19.000600
0.678797 2.760690
0.678989 7.878050
0.679180 22.888600
0.679372 44.186600
0.679563 7.689940
0.679755 6.736070
0.679946 11.473100
0.680138 7.785870
0.680329 23.712300
0.680521 49.517900
0.680713 75.083200
0.680904 45.950100
0.681096 22.690500
0.681287 17.273500
0.681479 4.793570
0.681670 69.406500
0.681862 64.982100
0.682053 18.247900
0.682245 9.311050
0.682436 7.959720
0.682628 35.670900
0.682819 11.418500
0.683011 8.103980
0.683202 43.444000
0.683394 51.599300
0.683586 4.170370
0.683777 5.320090
0.683969 58.721600
0.684160 4.600730
0.684352 17.395200
0.684543 21.274500
0.684735 11.919000
0.684926 53.727600
0.685118 65.698200
0.685309 3.216420
0.685501 17.708500
0.685692 25.338700
0.685884 14.854300
0.686075 6.818160
0.686267 74.135900
0.686459 96.726800
0.686650 9.290940
0.686842 19.698600
0.687033 14.681300
0.687225 13.625700
0.687416 33.841500
0.687608 45.625100
0.687799 28.065700
0.687991 28.076200
0.688182 14.877200
0.688374 24.437400
0.688565 6.852760
0.688757 22.531100
0.688948 17.039400
0.689140 97.542700
0.689332 39.259200
0.689523 19.905500
0.689715 32.845800
0.689906 11.359100
0.690098 8.135950
0.690289 52.015100
0.690481 41.121800
0.690672 39.471600
0.690864 8.802030
0.691055 23.453300
0.691247 83.089500
0.691438 8.516700
0.691630 24.064000
0.691821 36.986400
0.692013 27.731200
0.692205 28.977900
0.692396 19.944800
0.692588 7.374740
0.692779 38.402200
0.692971 3.526660
0.693162 71.232500
0.693354 9.633780
0.693545 27.652000
0.693737 24.613300
0.693928 43.130000
0.694120 25.951400
0.694311 13.330300
0.694503 39.207100
0.694695 10.639100
0.694886 21.666000
0.695078 20.623300
0.695269 9.832440
0.695461 63.891700
0.695652 9.597650
0.695844 21.035400
0.696035 34.035500
0.696227 16.110900
0.696418 17.534800
0.696610 19.273700
0.696801 39.078800
0.696993 33.233300
0.697184 31.543400
0.697376 10.103300
0.697568 43.984800
0.697759 43.027600
0.697951 8.408060
0.698142 6.061190
0.698334 11.808800
0.698525 70.784500
0.698717 18.630900
0.698908 15.033800
0.699100 33.712800
0.699291 37.419900
0.699483 16.386900
0.699674 9.373320
0.699866 30.936200
0.700057 35.863900
0.700249 85.742500
0.700441 6.640660
0.700632 18.917000
0.700824 39.923800
0.701015 10.382800
0.701207 19.822600
0.701398 25.044200
0.701590 16.053700
0.701781 4.811080
0.701973 6.871420
0.702164 30.238500
0.702356 15.664800
0.702547 24.614700
0.702739 35.118000
0.702930 24.782400
0.703122 39.457300
0.703314 35.605800
0.703505 6.369920
0.703697 9.155740
0.703888 39.392200
0.704080 13.733400
0.704271 8.482440
0.704463 69.701100
0.704654 11.100400
0.704846 6.880020
0.705037 16.124000
0.705229 20.478300
0.705420 9.999470
0.705612 52.316400
0.705803 8.502470
0.705995 21.036300
0.706187 29.403900
0.706378 25.595400
0.706570 43.515500
0.706761 17.785700
0.706953 9.666100
0.707144 18.080700
0.707336 3.793770
0.707527 5.786020
0.707719 8.231280
0.707910 62.764900
0.708102 43.131200
0.708293 5.492690
0.708485 17.988500
0.708676 7.602590
0.708868 7.635520
0.709060 33.257300
0.709251 65.210600
0.709443 7.583970
0.709634 15.672000
0.709826 12.787000
0.710017 9.609380
0.710209 73.045100
0.710400 5.019500
0.710592 9.787710
0.710783 23.563200
0.710975 6.168430
0.711166 4.037540
0.711358 27.318400
0.711550 69.639800
0.711741 19.237500
0.711933 17.091900
0.712124 14.586500
0.712316 9.124870
0.712507 26.015000
0.712699 14.392000
0.712890 12.236700
0.713082 17.950200
0.713273 4.719350
0.713465 7.996000
0.713656 6.958830
0.713848 57.946000
0.714039 8.835370
0.714231 6.545650
0.714423 22.673000
0.714614 10.123300
0.714806 16.154500
0.714997 7.312520
0.715189 1.731810
0.715380 35.291200
0.715572 9.806830
0.715763 32.925200
0.715955 6.803530
0.716146 43.157100
0.716338 39.537600
0.716529 23.120300
0.716721 18.146500
0.716912 6.909060
0.717104 18.638500
0.717296 17.904700
0.717487 15.821500
0.717679 6.013360
0.717870 4.937170
0.718062 8.866740
0.718253 35.487600
0.718445 8.818170
0.718636 9.910270
0.718828 27.358400
0.719019 13.094500
0.719211 31.579600
0.719402 26.862800
0.719594 12.041400
0.719785 56.389800
0.719977 5.741750
0.720169 14.031100
0.720360 32.236200
0.720552 12.741000
0.720743 7.936960
0.720935 11.580400
0.721126 29.696000
0.721318 62.591000
0.721509 12.831800
0.721701 2.959720
0.721892 4.389650
0.722084 21.665300
0.722275 18.915700
0.722467 31.636300
0.722658 16.056200
0.722850 11.251500
0.723042 3.639990
0.723233 82.092400
0.723425 8.608960
0.723616 31.222900
0.723808 40.526400
0.723999 33.987900
0.724191 37.530500
0.724382 11.537000
0.724574 3.176240
0.724765 20.816900
0.724957 8.404000
0.725148 72.646200
0.725340 22.335900
0.725532 32.315600
0.725723 30.455400
0.725915 9.701620
0.726106 7.845210
0.726298 22.437300
0.726489 48.506900
0.726681 25.072500
0.726872 21.921900
0.727064 2.090560
0.727255 21.885800
0.727447 21.754400
0.727638 54.054800
0.727830 8.303690
0.728021 30.047000
0.728213 52.435700
0.728405 14.428700
0.728596 18.722300
0.728788 12.298900
0.728979 14.666600
0.729171 4.240920
0.729362 28.324400
0.729554 6.494970
0.729745 29.121800
0.729937 27.539400
0.730128 33.394500
0.730320 7.308230
0.730511 45.742100
0.730703 14.840500
0.730894 12.726800
0.731086 31.960200
0.731278 67.082800
0.731469 33.535100
0.731661 46.288100
0.731852 74.143300
0.732044 27.103900
0.732235 50.215600
0.732427 44.471900
0.732618 41.678500
0.732810 25.066500
0.733001 40.525100
0.733193 61.664300
0.733384 71.819200
0.733576 12.191900
0.733767 6.164400
0.733959 28.188800
0.734151 33.408700
0.734342 8.857940
0.734534 39.964400
0.734725 18.781400
0.734917 16.823400
0.735108 49.006400
0.735300 24.642800
0.735491 17.928500
0.735683 15.787500
0.735874 85.059400
0.736066 10.879700
0.736257 7.451430
0.736449 44.465000
0.736640 7.449320
0.736832 21.070900
0.737024 7.967690
0.737215 5.048310
0.737407 56.528800
0.737598 35.736900
0.737790 2.065790
0.737981 7.436460
0.738173 7.661390
0.738364 51.875600
0.738556 3.140350
0.738747 5.696240
0.738939 24.846400
0.739130 19.089300
0.739322 18.706200
0.739514 22.103800
0.739705 32.680300
0.739897 7.839110
0.740088 98.100900
0.740280 16.720900
0.740471 2.007050
0.740663 45.067800
0.740854 13.509800
0.741046 30.176600
0.741237 7.954030
0.741429 86.646300
0.741620 27.943800
0.741812 40.167300
0.742003 7.286630
0.742195 67.766800
0.742387 27.193900
0.742578 29.798300
0.742770 26.041700
0.742961 4.117840
0.743153 21.749000
0.743344 9.760880
0.743536 9.119520
0.743727 27.202900
0.743919 70.531900
0.744110 9.027320
0.744302 19.359200
0.744493 60.084600
0.744685 4.380620
0.744876 8.435330
0.745068 10.316300
0.745260 34.784100
0.745451 29.617900
0.745643 9.123370
0.745834 7.027360
0.746026 18.306100
0.746217 19.054100
0.746409 9.552350
0.746600 10.769100
0.746792 32.607500
0.746983 45.488500
0.747175 4.672900
0.747366 25.673100
0.747558 70.706500
0.747749 73.413900
0.747941 7.162250
0.748133 3.491810
0.748324 46.817700
0.748516 24.044200
0.748707 3.209830
0.748899 51.708600
0.749090 7.302890
0.749282 43.661300
0.749473 31.217900
0.749665 3.955740
0.749856 57.088900
0.750048 29.736700
0.750239 29.724000
0.750431 68.157600
0.750622 21.434300
0.750814 60.102900
0.751006 26.865000
0.751197 3.583660
0.751389 46.091700
0.751580 13.074800
0.751772 19.527100
0.751963 61.245500
0.752155 12.943800
0.752346 51.337000
0.752538 31.902500
0.752729 50.468900
0.752921 67.372200
0.753112 14.667100
0.753304 28.542700
0.753495 8.735590
0.753687 7.897080
0.753879 16.432900
0.754070 44.020800
0.754262 8.803970
0.754453 15.148300
0.754645 31.366300
0.754836 8.881490
0.755028 28.596700
0.755219 24.504300
0.755411 9.406040
0.755602 16.999800
0.755794 13.229400
0.755985 14.009900
0.756177 3.395830
0.756369 64.610800
0.756560 21.363200
0.756752 28.749100
0.756943 21.751500
0.757135 15.560700
0.757326 32.531900
0.757518 26.186000
0.757709 27.682300
0.757901 60.785600
0.758092 30.342300
0.758284 9.494640
0.758475 66.513000
0.758667 2.678300
0.758858 9.081710
0.759050 8.498380
0.759242 5.837920
0.759433 28.002700
0.759625 34.833900
0.759816 19.829700
0.760008 51.334700
0.760199 5.207630
0.760391 14.608500
0.760582 10.203500
0.760774 8.493130
0.760965 47.624600
0.761157 5.383320
0.761348 33.922700
0.761540 6.849730
0.761731 13.311700
0.761923 45.276700
0.762115 16.941700
0.762306 3.596060
0.762498 13.751200
0.762689 54.674300
0.762881 37.973400
0.763072 57.773000
0.763264 7.334210
0.763455 16.434900
0.763647 39.817500
0.763838 48.929700
0.764030 54.587200
0.764221 51.823400
0.764413 14.570300
0.764604 55.022500
0.764796 38.402400
0.764988 24.626400
0.765179 10.016700
0.765371 11.715700
0.765562 19.078700
0.765754 49.440800
0.765945 22.416000
0.766137 5.250030
0.766328 9.846640
0.766520 4.425080
0.766711 24.658800
0.766903 10.087200
0.767094 67.446300
0.767286 23.006300
0.767477 21.804900
0.767669 29.088900
0.767861 10.161500
0.768052 22.127400
0.768244 7.718990
0.768435 8.907000
0.768627 68.399000
0.768818 8.177040
0.769010 59.276200
0.769201 1.923320
0.769393 7.457050
0.769584 9.211140
0.769776 78.329300
0.769967 21.494700
0.770159 91.659700
0.770351 43.014300
0.770542 6.998950
0.770734 49.428300
0.770925 42.420000
0.771117 7.009610
0.771308 67.414500
0.771500 22.682000
0.771691 15.200700
0.771883 11.569400
0.772074 5.882900
0.772266 20.543800
0.772457 5.572710
0.772649 26.879400
0.772840 17.867400
0.773032 9.008140
0.773224 24.210300
0.773415 26.922800
0.773607 30.633800
0.773798 36.927100
0.773990 15.568700
0.774181 18.794500
0.774373 20.411200
0.774564 10.137600
0.774756 14.231200
0.774947 22.402200
0.775139 48.802300
0.775330 65.346000
0.775522 3.891850
0.775713 27.179700
0.775905 85.515000
0.776097 16.121400
0.776288 56.446300
0.776480 9.358470
0.776671 12.506600
0.776863 83.020800
0.777054 2.561620
0.777246 85.349500
0.777437 8.915090
0.777629 64.329700
0.777820 9.351960
0.778012 15.770900
0.778203 57.553300
0.778395 5.515070
0.778586 52.596600
0.778778 9.749510
0.778970 30.456400
0.779161 41.098300
0.779353 9.142180
0.779544 1.760850
0.779736 8.549640
0.779927 1.776520
0.780119 16.290400
0.780310 9.627660
0.780502 18.096300
0.780693 31.236000
0.780885 50.669400
0.781076 75.298400
0.781268 26.355700
0.781459 8.480730
0.781651 23.998200
0.781843 15.255200
0.782034 26.377600
0.782226 16.715300
0.782417 6.213790
0.782609 5.374610
0.782800 7.280880
0.782992 16.773300
0.783183 28.272800
0.783375 82.148700
0.783566 20.813700
0.783758 17.578300
0.783949 9.772770
0.784141 12.405400
0.784333 6.849010
0.784524 11.850600
0.784716 7.863230
0.784907 57.404100
0.785099 21.019300
0.785290 5.431220
0.785482 44.906200
0.785673 24.550200
0.785865 26.928300
0.786056 11.637200
0.786248 9.901390
0.786439 8.503970
0.786631 18.797400
0.786822 4.581910
0.787014 17.928800
0.787206 31.166200
0.787397 21.973900
0.787589 6.928720
0.787780 13.951100
0.787972 82.101800
0.788163 8.528950
0.788355 12.364500
0.788546 8.296480
0.788738 3.846850
0.788929 62.315700
0.789121 34.611400
0.789312 16.319800
0.789504 41.565700
0.789695 10.919100
0.789887 21.077600
0.790079 31.760900
0.790270 47.512300
0.790462 20.415500
0.790653 2.050850
0.790845 15.980100
0.791036 36.847100
0.791228 24.951700
0.791419 25.809600
0.791611 11.275900
0.791802 43.367100
0.791994 15.527900
0.792185 58.324400
0.792377 10.658400
0.792568 9.637560
0.792760 15.323300
0.792952 22.530900
0.793143 6.083910
0.793335 14.629100
0.793526 23.251200
0.793718 11.515200
0.793909 20.725000
0.794101 21.605200
0.794292 9.769200
0.794484 36.822200
0.794675 22.676200
0.794867 39.062300
0.795058 5.608580
0.795250 39.892600
0.795441 11.211700
0.795633 55.258700
0.795825 15.896600
0.796016 18.447300
0.796208 25.584900
0.796399 38.114900
0.796591 5.058400
0.796782 41.286000
0.796974 10.532700
0.797165 14.199000
0.797357 27.651700
0.797548 12.834300
0.797740 51.647700
0.797931 28.488000
0.798123 15.322200
0.798314 13.726700
0.798506 24.347500
0.798698 43.158800
0.798889 51.572100
0.799081 6.819820
0.799272 5.935950
0.799464 10.957400
0.799655 23.031700
0.799847 33.346000
0.800038 28.657600
0.800230 26.979300
0.800421 40.846200
0.800613 52.367000
0.800804 82.751700
0.800996 27.917100
0.801188 14.199700
0.801379 64.950000
0.801571 23.701700
0.801762 62.506200
0.801954 55.905600
0.802145 43.363700
0.802337 63.084400
0.802528 52.786100
0.802720 9.500820
0.802911 50.596500
0.803103 21.168800
0.803294 17.205500
0.803486 11.498800
0.803677 28.078700
0.803869 12.825700
0.804061 46.280600
0.804252 49.001500
0.804444 22.353900
0.804635 20.428000
0.804827 5.260550
0.805018 41.203400
0.805210 4.933540
0.805401 12.711600
0.805593 26.995800
0.805784 16.181400
0.805976 26.284100
0.806167 11.244800
0.806359 19.787900
0.806550 2.501740
0.806742 9.205700
0.806934 8.540420
0.807125 84.135600
0.807317 21.172500
0.807508 37.098600
0.807700 5.346050
0.807891 76.264200
0.808083 39.169500
0.808274 4.324590
0.808466 14.839200
0.808657 6.065260
0.808849 7.681040
0.809040 9.098260
0.809232 54.180700
0.809423 56.525500
0.809615 22.757200
0.809807 29.214600
0.809998 30.341100
0.810190 14.751200
0.810381 7.620020
0.810573 24.230800
0.810764 26.462800
0.810956 10.196100
0.811147 36.315000
0.811339 69.931300
0.811530 11.513700
0.811722 21.685800
0.811913 14.234200
0.812105 4.973360
0.812296 7.650710
0.812488 26.488600
0.812680 21.143100
0.812871 23.062700
0.813063 55.727600
0.813254 37.131800
0.813446 11.161500
0.813637 6.017290
0.813829 16.634500
0.814020 52.214300
0.814212 13.693100
0.814403 28.352200
0.814595 73.521500
0.814786 17.110600
0.814978 20.858500
0.815170 50.052900
0.815361 35.146900
0.815553 34.223000
0.815744 6.287160
0.815936 9.429310
0.816127 33.608700
0.816319 12.802300
0.816510 38.444200
0.816702 39.303900
0.816893 21.277000
0.817085 9.122500
0.817276 47.934800
0.817468 22.242800
0.817659 17.162600
0.817851 26.723200
0.818043 27.688600
0.818234 54.475000
0.818426 15.134600
0.818617 7.203590
0.819000 40.804200
0.819192 6.748100
0.819383 33.009300
0.819575 4.295470
0.819766 4.189630
0.819958 29.485000
0.820149 3.488740
0.820341 7.464600
0.820532 20.264000
0.820724 11.378400
0.820916 7.129700
0.821107 1.893300
0.821299 63.239000
0.821490 7.794250
0.821682 26.815900
0.821873 33.430300
0.822065 6.726590
0.822256 19.677400
0.822448 24.121500
0.822639 10.765700
0.822831 25.947300
0.823022 58.654200
0.823214 5.281430
0.823405 59.341500
0.823597 15.086200
0.823789 13.245100
0.823980 16.469700
0.824172 10.987600
0.824363 70.812500
0.824555 44.154100
0.824746 9.600820
0.824938 23.393100
0.825129 7.892370
0.825321 13.762600
0.825512 42.995400
0.825704 26.181800
0.825895 6.890410
0.826087 29.868700
0.826278 20.871700
0.826470 24.922100
0.826662 12.380300
0.826853 58.230300
0.827045 1.782730
0.827236 13.861500
0.827428 5.417940
0.827619 65.381700
0.827811 83.815100
0.828002 73.524500
0.828194 9.470750
0.828385 26.200500
0.828577 23.864700
0.828768 48.967800
0.828960 17.589900
0.829152 29.029300
0.829343 8.436650
0.829535 41.476000
0.829726 25.399600
0.829918 42.956000
0.830109 22.302100
0.830301 25.839500
0.830492 24.154200
0.830684 3.694880
0.830875 23.755500
0.831067 12.312000
0.831258 13.029400
0.831450 65.999400
0.831641 11.936600
0.831833 34.064100
0.832025 9.376190
0.832216 15.285100
0.832408 66.969200
0.832599 54.483000
0.832791 8.125060
0.832982 14.641900
0.833174 18.178700
0.833365 20.651800
0.833557 23.418600
0.833748 37.333700
0.833940 7.047940
0.834131 37.500200
0.834323 57.471000
0.834514 20.988300
0.834706 44.706300
0.834898 95.197800
0.835089 25.471500
0.835281 16.721800
0.835472 22.054800
0.835664 31.654500
0.835855 29.175600
0.836047 58.618700
0.836238 28.516800
0.836430 26.737800
0.836621 44.520000
0.836813 8.933550
0.837004 13.853100
0.837196 52.783900
0.837387 4.026910
0.837579 16.800600
0.837771 35.795300
0.837962 24.621200
0.838154 5.951550
0.838345 8.952100
0.838537 23.967500
0.838728 76.634400
0.838920 8.245480
0.839111 70.640600
0.839303 46.004900
0.839494 21.840000
0.839686 25.500200
0.839877 7.920770
0.840069 10.091700
0.840260 25.505800
0.840452 12.306200
0.840644 9.347180
0.840835 19.937400
0.841027 53.043400
0.841218 16.143700
0.841410 6.557550
0.841601 50.246700
0.841793 16.235700
0.841984 18.021700
0.842176 7.040040
0.842367 6.328080
0.842559 9.161070
0.842750 37.409500
0.842942 19.321600
0.843133 19.052400
0.843325 51.997000
0.843517 16.925600
0.843708 13.374600
0.843900 47.136500
0.844091 10.027500
0.844283 4.364030
0.844474 4.320640
0.844666 20.751700
0.844857 25.509100
0.845049 22.985600
0.845240 17.059300
0.845432 54.116900
0.845623 7.603420
0.845815 76.302200
0.846007 7.075210
0.846198 7.052050
0.846390 41.014200
0.846581 5.817770
0.846773 43.645400
0.846964 37.467000
0.847156 15.651300
0.847347 29.850200
0.847539 6.791320
0.847730 43.993600
0.847922 90.057900
0.848113 4.134110
0.848305 26.839000
0.848496 9.427210
0.848688 9.305040
0.848880 59.491100
0.849071 25.325400
0.849263 2.023700
0.849454 22.877900
0.849646 7.783520
0.849837 28.102200
0.850029 2.595770
0.850220 24.112300
0.850412 3.483500
0.850603 21.677000
0.850795 12.234600
0.850986 40.330500
0.851178 47.458600
0.851369 13.198800
0.851561 10.517200
0.851753 31.957000
0.851944 4.655410
0.852136 10.231600
0.852327 5.665180
0.852519 32.214900
0.852710 5.745530
0.852902 5.353090
0.853093 33.550800
0.853285 61.542000
0.853476 19.837800
0.853668 7.967790
0.853859 54.113100
0.854051 25.327200
0.854242 9.299070
0.854434 16.119300
0.854626 28.329300
0.854817 5.215080
0.855009 23.496100
0.855200 4.485400
0.855392 35.341700
0.855583 8.815740
0.855775 20.420800
0.855966 14.069900
0.856158 4.312030
0.856349 18.415000
0.856541 13.724100
0.856732 16.542100
0.856924 15.269900
0.857115 5.940040
0.857307 60.235100
0.857499 13.372700
0.857690 13.357900
0.857882 69.732500
0.858073 45.264700
0.858265 6.934920
0.858456 8.167230
0.858648 29.833800
0.858839 19.374700
0.859031 7.765950
0.859222 15.866400
0.859414 31.284300
0.859605 46.558700
0.859797 29.880200
0.859989 23.889900
0.860180 40.139800
0.860372 14.240400
0.860563 9.895550
0.860755 7.972890
0.860946 23.511400
0.861138 62.879800
0.861329 25.373000
0.861521 12.369700
0.861712 12.584600
0.861904 65.506500
0.862095 24.168800
0.862287 26.915000
0.862478 9.572220
0.862670 13.453300
0.862862 13.618900
0.863053 30.232100
0.863245 21.052600
0.863436 26.738100
0.863628 10.344700
0.863819 29.491600
0.864011 10.899400
0.864202 25.595200
0.864394 9.559290
0.864585 15.632600
0.864777 49.069400
0.864968 18.362300
0.865160 9.982070
0.865351 6.599220
0.865543 21.264200
0.865735 37.123100
0.865926 17.581400
0.866118 15.065400
0.866309 17.862100
0.866501 23.072200
0.866692 35.119700
0.866884 7.908100
0.867075 33.981600
0.867267 12.539500
0.867458 14.215400
0.867650 71.481400
0.867841 42.123400
0.868033 5.456140
0.868224 10.194000
0.868416 7.522700
0.868608 26.726700
0.868799 22.811000
0.868991 25.773900
0.869182 48.573700
0.869374 9.923920
0.869565 79.243000
0.869757 28.983700
0.869948 11.491300
0.870140 35.436400
0.870331 44.781700
0.870523 23.196900
0.870714 26.835900
0.870906 10.210200
0.871097 11.908400
0.871289 17.685600
0.871481 18.035200
0.871672 48.987200
0.871864 49.868200
0.872055 45.458400
0.872247 30.310300
0.872438 39.959000
0.872630 13.014400
0.872821 15.787200
0.873013 69.272800
0.873204 20.833400
0.873396 17.526400
0.873587 17.194400
0.873779 41.909400
0.873971 5.722480
0.874162 48.633300
0.874354 56.837200
0.874545 67.659100
0.874737 23.053400
0.874928 17.593800
0.875120 7.269140
0.875311 17.615600
0.875503 8.346380
0.875694 9.111060
0.875886 50.325600
0.876077 34.181100
0.876269 73.528800
0.876460 8.457830
0.876652 46.479700
0.876844 13.977500
0.877035 8.437380
0.877227 13.016200
0.877418 23.886600
0.877610 55.980500
0.877801 5.028220
0.877993 31.062400
0.878184 81.765200
0.878376 12.399900
0.878567 42.336300
0.878759 22.472900
0.878950 12.262000
0.879142 19.877700
0.879333 77.911700
0.879525 12.653400
0.879717 7.517680
0.879908 5.553570
0.880100 13.507100
0.880291 56.515400
0.880483 8.066300
0.880674 20.799800
0.880866 11.313600
0.881057 23.531900
0.881249 13.657000
0.881440 14.327200
0.881632 43.412000
0.881823 7.594600
0.882015 19.310200
0.882206 52.729000
0.882398 75.725200
0.882590 23.389600
0.882781 35.693800
0.882973 41.185300
0.883164 12.975200
0.883356 15.583900
0.883547 1.849790
0.883739 75.430900
0.883930 13.645700
0.884122 17.556700
0.884313 35.759400
0.884505 39.299300
0.884696 28.199300
0.884888 52.340500
0.885079 45.253300
0.885271 7.289530
0.885463 8.458540
0.885654 5.616020
0.885846 13.803800
0.886037 8.440930
0.886229 6.598770
0.886420 3.567030
0.886612 9.258520
0.886803 8.896980
0.886995 17.487700
0.887186 10.877100
0.887378 25.743800
0.887569 21.837100
0.887761 8.172090
0.887952 20.257800
0.888144 16.960900
0.888336 9.103450
0.888527 28.402200
0.888719 14.260600
0.888910 8.563240
0.889102 21.142000
0.889293 27.418200
0.889485 36.387500
0.889676 79.157000
0.889868 14.885300
0.890059 23.989000
0.890251 82.096600
0.890442 24.665600
0.890634 26.742700
0.890826 26.523700
0.891017 48.921900
0.891209 10.096600
0.891400 32.843700
0.891592 21.017300
0.891783 9.408890
0.891975 8.166810
0.892166 14.794100
0.892358 8.748300
0.892549 4.248400
0.892741 42.837200
0.892932 12.344600
0.893124 18.364800
0.893315 23.989800
0.893507 9.832370
0.893699 10.246000
0.893890 6.887200
0.894082 23.037300
0.894273 55.483400
0.894465 26.920200
0.894656 2.921130
0.894848 28.277500
0.895039 47.294200
0.895231 5.439380
0.895422 9.703100
0.895614 2.619570
0.895805 7.483150
0.895997 4.653880
0.896188 56.057400
0.896380 26.230600
0.896572 58.267900
0.896763 17.370800
0.896955 7.869080
0.897146 9.767330
0.897338 9.147090
0.897529 9.611400
0.897721 9.774420
0.897912 43.739900
0.898104 25.340300
0.898295 8.000580
0.898487 18.359800
0.898678 19.720500
0.898870 6.197120
0.899061 8.487800
0.899253 25.768400
0.899445 7.301000
0.899636 16.135100
0.899828 21.081800
0.900019 10.101800
0.900211 10.059900
0.900402 14.222000
0.900594 58.059700
0.900785 53.941800
0.900977 21.533300
0.901168 18.037200
0.901360 54.959100
0.901551 17.733300
0.901743 12.391100
0.901934 61.361300
0.902126 30.083700
0.902318 4.730700
0.902509 8.473550
0.902701 21.532200
0.902892 66.393300
0.903084 6.307920
0.903275 2.223710
0.903467 12.201800
0.903658 14.404200
0.903850 33.443000
0.904041 37.136700
0.904233 63.485900
0.904424 10.861000
0.904616 35.888700
0.904808 9.611900
0.904999 11.762100
0.905191 32.546800
0.905382 21.347000
0.905574 67.423300
0.905765 23.947300
0.905957 39.687800
0.906148 48.252100
0.906340 23.570700
0.906531 44.248600
0.906723 36.131600
0.906914 8.079620
0.907106 73.405100
0.907297 40.894900
0.907489 28.729300
0.907681 30.567400
0.907872 28.870100
0.908064 29.167400
0.908255 35.379300
0.908447 34.616000
0.908638 24.413600
0.908830 52.180700
0.909021 34.430700
0.909213 23.364400
0.909404 49.725000
0.909596 19.763600
0.909787 6.727130
0.909979 38.191200
0.910170 13.215800
0.910362 11.849300
0.910554 40.900100
0.910745 9.063890
0.910937 5.450420
0.911128 34.692300
0.911320 10.935800
0.911511 14.415700
0.911703 33.042400
0.911894 50.051400
0.912086 17.681200
0.912277 5.745670
0.912469 13.138900
0.912660 12.010500
0.912852 14.186000
0.913043 59.515400
0.913235 24.914000
0.913427 7.821440
0.913618 40.946100
0.913810 21.434200
0.914001 50.764700
0.914193 5.592520
0.914384 9.023670
0.914576 4.903920
0.914767 7.866920
0.914959 15.442500
0.915150 77.729100
0.915342 11.308600
0.915533 8.090840
0.915725 9.398560
0.915916 15.487000
0.916108 6.256470
0.916300 16.269600
0.916491 50.696400
0.916683 25.958300
0.916874 44.220000
0.917066 1.808270
0.917257 32.181300
0.917449 48.022500
0.917640 24.516100
0.917832 12.902800
0.918023 24.732500
0.918215 39.985300
0.918406 35.671300
0.918598 19.873400
0.918790 31.603500
0.918981 2.571300
0.919173 13.958100
0.919364 10.932400
0.919556 21.536400
0.919747 11.389200
0.919939 46.928300
0.920130 6.047750
0.920322 11.883500
0.920513 26.352600
0.920705 9.607640
0.920896 8.265580
0.921088 24.950000
0.921279 26.146700
0.921471 5.216680
0.921663 9.997680
0.921854 39.038700
0.922046 49.085400
0.922237 21.691300
0.922429 5.493150
0.922620 12.702000
0.922812 13.879400
0.923003 8.461490
0.923195 13.629000
0.923386 11.095900
0.923578 9.275990
0.923769 4.519610
0.923961 31.402400
0.924152 30.376000
0.924344 18.496200
0.924536 16.098400
0.924727 44.179700
0.924919 50.217900
0.925110 16.253600
0.925302 12.306300
0.925493 40.903200
0.925685 23.680400
0.925876 67.739400
0.926068 7.257030
0.926259 28.089400
0.926451 15.816500
0.926642 38.360200
0.926834 20.619200
0.927025 22.589500
0.927217 29.137300
0.927409 2.237340
0.927600 15.744700
0.927792 11.943800
0.927983 36.394300
0.928175 21.534800
0.928366 7.640030
0.928558 29.343400
0.928749 11.672300
0.928941 5.555800
0.929132 25.010700
0.929324 22.980900
0.929515 50.430100
0.929707 45.986800
0.929898 8.872760
0.930090 39.177800
0.930282 9.680670
0.930473 27.616700
0.930665 5.106980
0.930856 70.939300
0.931048 23.727500
0.931239 2.939240
0.931431 6.004330
0.931622 17.978500
0.931814 33.489100
0.932005 32.890100
0.932197 27.908900
0.932388 30.831100
0.932580 34.237800
0.932771 6.511780
0.932963 28.599300
0.933155 56.146100
0.933346 45.240100
0.933538 33.921300
0.933729 11.730800
0.933921 37.182700
0.934112 22.132100
0.934304 5.214600
0.934495 79.037500
0.934687 7.201760
0.934878 37.807300
0.935070 18.306200
0.935261 15.524900
0.935453 17.714400
0.935645 34.749900
0.935836 46.866600
0.936028 37.216800
0.936219 49.294800
0.936411 9.175790
0.936602 6.038970
0.936794 57.265900
0.936985 30.997300
0.937177 46.041300
0.937368 35.554000
0.937560 39.978100
0.937751 60.650300
0.937943 25.109900
0.938134 13.220800
0.938326 46.004600
0.938518 13.979900
0.938709 21.675600
0.938901 21.492400
0.939092 3.483520
0.939284 14.583700
0.939475 48.888300
0.939667 42.303500
0.939858 55.556800
0.940050 1.682470
0.940241 17.455600
0.940433 17.027800
0.940624 68.626800
0.940816 35.743400
0.941007 7.834040
0.941199 51.548400
0.941391 25.950500
0.941582 4.919170
0.941774 49.336100
0.941965 2.533270
0.942157 7.601080
0.942348 42.269200
0.942540 42.123500
0.942731 38.240600
0.942923 7.773390
0.943114 29.191200
0.943306 30.886100
0.943497 80.248300
0.943689 9.037170
0.943880 9.185060
0.944072 17.348300
0.944264 13.976700
0.944455 7.784910
0.944647 14.374900
0.944838 58.104900
0.945030 20.851700
0.945221 3.539340
0.945413 15.335000
0.945604 52.454100
0.945796 37.111200
0.945987 23.136800
0.946179 70.577900
0.946370 59.312500
0.946562 59.918500
0.946753 44.322100
0.946945 64.510700
0.947137 19.291200
0.947328 28.499500
0.947520 6.018870
0.947711 26.792000
0.947903 79.136200
0.948094 14.176300
0.948286 7.730690
0.948477 13.160800
0.948669 2.023860
0.948860 15.293900
0.949052 28.819500
0.949243 51.035000
0.949435 22.882600
0.949627 26.000300
0.949818 17.509500
0.950010 5.504490
0.950201 3.697060
0.950393 18.651600
0.950584 11.307000
0.950776 16.926200
0.950967 41.031200
0.951159 8.083710
0.951350 5.522840
0.951542 23.919000
0.951733 11.096400
0.951925 21.180400
0.952116 23.612300
0.952308 4.858490
0.952500 31.804000
0.952691 51.564900
0.952883 55.936400
0.953074 20.723000
0.953266 8.919070
0.953457 16.073200
0.953649 8.648240
0.953840 26.563800
0.954032 8.515670
0.954223 51.759700
0.954415 50.470500
0.954606 25.372700
0.954798 23.253700
0.954989 7.458320
0.955181 10.197500
0.955373 9.526010
0.955564 24.273500
0.955756 6.880410
0.955947 32.305400
0.956139 74.781400
0.956330 22.189400
0.956522 22.899300
0.956713 6.850310
0.956905 34.909200
0.957096 19.144700
0.957288 72.651500
0.957479 8.667600
0.957671 24.625200
0.957862 16.689400
0.958054 17.034800
0.958246 13.509700
0.958437 5.993580
0.958629 21.551800
0.958820 15.126300
0.959012 23.008000
0.959203 16.553500
0.959395 9.567770
0.959586 23.208500
0.959778 29.072800
0.959969 23.565800
0.960161 51.448000
0.960352 21.109000
0.960544 41.137500
0.960735 29.949100
0.960927 13.868600
0.961119 14.751400
0.961310 8.178780
0.961502 10.062200
0.961693 47.430500
0.961885 6.410480
0.962076 53.531800
0.962268 7.618000
0.962459 13.209400
0.962651 20.722100
0.962842 88.904700
0.963034 19.757800
0.963225 16.071800
0.963417 40.525400
0.963609 15.648100
0.963800 33.666300
0.963992 89.363300
0.964183 31.776500
0.964375 9.212760
0.964566 32.620400
0.964758 25.460900
0.964949 35.508300
0.965141 19.737300
0.965332 18.954000
0.965524 43.825900
0.965715 3.556410
0.965907 5.903600
0.966098 14.836600
0.966290 3.156690
0.966482 17.914700
0.966673 66.810300
0.966865 45.519000
0.967056 32.879200
0.967248 35.984000
0.967439 8.009400
0.967631 5.440130
0.967822 6.237520
0.968014 10.812300
0.968205 2.423210
0.968397 18.825200
0.968588 47.397900
0.968780 9.437430
0.968971 20.602800
0.969163 28.248200
0.969355 76.391800
0.969546 6.121230
0.969738 9.471560
0.969929 23.909000
0.970121 8.603640
0.970312 30.495300
0.970504 3.454670
0.970695 15.505800
0.970887 15.437900
0.971078 6.061510
0.971270 28.875700
0.971461 38.720400
0.971653 13.934700
0.971844 17.697600
0.972036 41.958300
0.972228 27.890400
0.972419 12.778200
0.972611 9.944010
0.972802 37.145800
0.972994 55.369700
0.973185 33.813900
0.973377 5.146380
0.973568 26.522000
0.973760 7.590750
0.973951 18.476500
0.974143 5.307740
0.974334 14.192600
0.974526 64.764600
0.974717 22.649200
0.974909 25.540400
0.975101 6.879700
0.975292 41.168800
0.975484 42.983300
0.975675 14.973700
0.975867 33.680200
0.976058 8.820390
0.976250 15.606400
0.976441 27.352800
0.976633 11.612500
0.976824 55.388700
0.977016 21.053000
0.977207 10.479900
0.977399 26.082800
0.977590 5.045650
0.977782 20.028600
0.977974 18.793600
0.978165 33.798800
0.978357 26.329900
0.978548 73.882100
0.978740 4.942390
0.978931 33.160200
0.979123 17.069700
0.979314 49.803600
0.979506 46.941900
0.979697 42.026000
0.979889 25.312900
0.980080 57.668200
0.980272 7.814550
0.980464 10.850900
0.980655 16.251500
0.980847 29.594400
0.981038 62.887300
0.981230 17.448100
0.981421 27.662300
0.981613 6.182940
0.981804 40.154700
0.981996 6.696230
0.982187 21.851000
0.982379 5.045100
0.982570 53.450800
0.982762 42.685200
0.982953 29.598600
0.983145 19.143300
0.983337 41.763500
0.983528 17.095000
0.983720 14.756500
0.983911 46.103200
0.984103 23.076200
0.984294 68.865200
0.984486 16.399300
0.984677 16.688900
0.984869 22.968600
0.985060 6.545040
0.985252 36.080300
0.985443 6.667260
0.985635 39.461800
0.985826 4.722120
0.986018 10.121800
0.986210 11.136200
0.986401 47.663500
0.986593 26.314100
0.986784 45.039800
0.986976 12.148500
0.987167 25.982900
0.987359 26.435900
0.987550 12.353400
0.987742 3.331150
0.987933 9.475500
0.988125 42.469100
0.988316 50.186200
0.988508 10.113900
0.988699 5.238720
0.988891 50.071900
0.989083 43.809700
0.989274 59.600100
0.989466 28.004100
0.989657 8.472900
0.989849 8.403960
0.990040 3.557960
0.990232 8.779820
0.990423 36.664300
0.990615 29.398900
0.990806 27.451400
0.990998 36.830100
0.991189 54.465000
0.991381 30.511100
0.991572 44.060800
0.991764 19.970000
0.991956 16.480400
0.992147 7.941950
0.992339 1.784500
0.992530 18.241300
0.992722 22.473400
0.992913 4.491890
0.993105 2.600400
0.993296 25.412600
0.993488 6.861200
0.993679 38.774200
0.993871 7.710920
0.994062 5.842530
0.994254 33.544000
0.994446 3.226070
0.994637 45.848700
0.994829 20.168300
0.995020 25.492800
0.995212 13.675700
0.995403 7.604790
0.995595 9.372420
0.995786 5.763040
0.995978 8.462320
0.996169 4.013680
0.996361 27.984500
0.996552 21.957000
0.996744 13.000900
0.996935 16.709200
0.997127 14.080700
0.997319 10.242600
0.997510 23.233500
0.997702 11.363600
0.997893 2.262830
0.998085 53.167300
0.998276 34.619600
0.998468 90.365800
0.998659 32.841100
0.998851 32.670100
0.999042 7.156360
0.999234 39.183800
0.999425 9.016380
0.999617 7.686810
0.999808 47.742600
1.000000 5.609190
