0.000224 34.972500
0.000448 7.383820
0.000672 14.618100
0.000896 7.310220
0.001120 10.590000
0.001344 28.971800
0.001568 15.279200
0.019045 8.389800
0.019270 26.813800
0.019494 66.735200
0.019718 28.011800
0.019942 22.086200
0.020166 2.246010
0.020390 50.533800
0.020614 45.068600
0.020838 1.701570
0.021062 35.728600
0.021286 30.551600
0.021510 11.502600
0.021734 39.677000
0.021958 58.686300
0.022182 25.002200
0.022406 22.808500
0.022631 50.278300
0.022855 22.725900
0.023079 9.436000
0.023303 28.711500
0.023527 18.414100
0.023751 6.324490
0.023975 19.690700
0.024199 50.353700
0.024423 45.524000
0.024647 22.825800
0.024871 27.003000
0.025095 6.784890
0.025319 8.266720
0.025543 21.240500
0.025767 54.905000
0.025991 30.924400
0.026216 13.003000
0.026440 7.869560
0.026664 5.798730
0.026888 30.085000
0.027112 5.112200
0.027336 14.639200
0.027560 17.170000
0.035850 59.483000
0.036074 2.291700
0.036298 70.034000
0.036523 43.215400
0.036747 22.091200
0.036971 55.085300
0.037195 23.164800
0.037419 20.923800
0.037643 57.207200
0.037867 7.948460
0.038091 69.781700
0.038315 12.791700
0.038539 10.705800
0.038763 43.195600
0.038987 17.012300
0.039211 19.170500
0.039435 7.261540
0.039659 21.442100
0.039883 38.990900
0.040108 12.718100
0.040332 7.483150
0.040556 11.445600
0.040780 6.271800
0.041004 19.429000
0.041228 10.724700
0.041452 2.169580
0.041676 36.361100
0.041900 54.823600
0.042124 9.929230
0.042348 26.174200
0.042572 20.413600
0.042796 32.812200
0.043020 6.515610
0.043244 33.190800
0.043469 33.565500
0.043693 7.041480
0.043917 30.654100
0.044141 60.412400
0.044365 26.309800
0.044589 58.649000
0.044813 49.025900
0.045037 57.504500
0.045261 45.006900
0.045485 11.829700
0.045709 8.031110
0.045933 52.495000
0.046157 15.511100
0.046381 11.896200
0.046605 19.606500
0.046829 63.831700
0.047054 33.977300
0.047278 25.628200
0.047502 28.015100
0.047726 21.051400
0.047950 32.419100
0.048174 10.930300
0.048398 13.497200
0.048622 66.286300
0.048846 29.146200
0.049070 8.495230
0.049294 6.062300
0.049518 24.479700
0.049742 59.828100
0.049966 8.468820
0.050190 21.797800
0.050415 26.594600
0.050639 68.841300
0.050863 18.653600
0.051087 37.636600
0.051311 21.706500
0.051535 49.643900
0.051759 53.310200
0.051983 56.830400
0.052207 20.734100
0.052431 59.543900
0.052655 19.954800
0.052879 38.720100
0.053103 23.779900
0.053327 16.281500
0.053551 32.741400
0.053775 13.197100
0.054000 31.440900
0.054224 33.955300
0.054448 3.650290
0.054672 66.811100
0.054896 12.091000
0.055120 24.465700
0.055344 14.235900
0.055568 18.637500
0.055792 43.971500
0.056016 47.692000
0.056240 42.395000
0.056464 7.423620
0.056688 16.482000
0.056912 3.833940
0.057136 23.590100
0.057361 56.726500
0.057585 31.305000
0.057809 21.326200
0.058033 15.085300
0.058257 63.972700
0.058481 27.475000
0.058705 9.857930
0.058929 21.238600
0.059153 73.265100
0.059377 31.643800
0.059601 39.806500
0.059825 12.403600
0.060049 6.005770
0.060273 8.501240
0.060497 4.403660
0.060721 7.318670
0.060946 54.207800
0.061170 12.002700
0.061394 19.190300
0.061618 3.765820
0.061842 18.428900
0.062066 15.808200
0.062290 22.721100
0.062514 6.962850
0.062738 32.934900
0.062962 66.728900
0.063186 54.968700
0.063410 11.687300
0.063634 17.273400
0.063858 7.238370
0.064082 31.739800
0.064307 32.519400
0.064531 58.395800
0.064755 11.706900
0.064979 46.439300
0.065203 5.486470
0.065427 31.908800
0.065651 16.528300
0.065875 12.581200
0.066099 44.451400
0.066323 5.712010
0.066547 42.116100
0.066771 13.654700
0.066995 16.560200
0.067219 16.768700
0.067443 55.704600
0.067667 13.796300
0.067892 49.760400
0.068116 10.866400
0.068340 60.664000
0.068564 32.483400
0.068788 39.444900
0.069012 14.703300
0.069236 24.627000
0.069460 35.575700
0.069684 7.425950
0.069908 29.921400
0.070132 20.390400
0.070356 8.981490
0.070580 16.143800
0.070804 26.767900
0.071028 4.006610
0.071253 28.804500
0.071477 24.702300
0.071701 14.465100
0.071925 31.427700
0.072149 22.776200
0.072373 29.466400
0.072597 28.578600
0.072821 25.686200
0.073045 54.039400
0.073269 9.705650
0.073493 37.851400
0.073717 12.295900
0.073941 5.870020
0.074838 9.509200
0.075062 4.696270
0.075286 37.518400
0.075510 38.970500
0.075734 23.091800
0.075958 8.286610
0.076182 17.559300
0.076406 9.002080
0.091194 9.691900
0.091418 10.737600
0.091642 5.512820
0.091866 1.734980
0.092091 9.486280
0.092315 8.888930
0.092539 3.843600
0.092763 28.480000
0.092987 18.977000
0.093211 6.218870
0.093435 17.590000
0.093659 63.214900
0.093883 43.041600
0.094107 11.599800
0.094331 51.649500
0.094555 9.442180
0.094779 16.056300
0.095003 44.355500
0.095227 17.456900
0.095451 70.871000
0.095676 66.892900
0.095900 25.764100
0.096124 10.033100
0.096348 54.782900
0.096572 71.496500
0.096796 3.277020
0.097020 27.538300
0.097244 36.352800
0.097468 34.306400
0.097692 25.080000
0.097916 27.952000
0.098140 22.162800
0.098364 8.994210
0.098588 74.911800
0.098812 1.503930
0.099037 13.971000
0.099261 32.337200
0.099485 13.471000
0.099709 18.687100
0.099933 25.043000
0.100157 9.462540
0.100381 26.883400
0.100605 70.817700
0.100829 42.036100
0.101053 15.854000
0.101501 46.574700
0.101725 26.385300
0.101949 2.026420
0.102173 11.616800
0.102397 15.318100
0.102622 8.804770
0.103070 18.698600
0.103294 20.756300
0.103518 61.587400
0.103742 9.583920
0.103966 11.692700
0.104190 24.927100
0.104414 20.308300
0.104638 52.617100
0.104862 36.416900
0.105086 21.947900
0.105310 4.650890
0.105534 24.455900
0.105758 26.438300
0.105983 22.880700
0.106207 5.162230
0.106431 31.685100
0.106655 26.716100
0.106879 52.061900
0.107103 34.849400
0.107327 3.207330
0.107551 13.498900
0.107775 7.063660
0.107999 57.180000
0.108223 19.962400
0.108671 11.212000
0.108895 56.005900
0.109119 52.870400
0.109343 28.629600
0.109568 80.733200
0.109792 30.325700
0.110016 9.538010
0.110240 12.020700
0.110464 7.930290
0.110688 18.865900
0.110912 8.693460
0.111136 5.339060
0.111360 7.310790
0.111584 10.978100
0.111808 13.786900
0.112032 9.163710
0.112256 16.309300
0.112480 16.104600
0.112704 9.908830
0.112929 10.833000
0.113153 8.727640
0.113377 75.177100
0.113601 59.239800
0.113825 32.910000
0.114049 34.444600
0.114273 7.581240
0.114497 27.887700
0.114721 23.148400
0.114945 60.035600
0.115169 30.664200
0.115393 44.755300
0.115617 27.487300
0.115841 5.141260
0.116065 39.897900
0.116289 19.379400
0.116514 78.840100
0.116738 12.615700
0.116962 2.555940
0.117186 7.004330
0.117410 16.470000
0.117634 5.475850
0.117858 8.629700
0.118082 4.983250
0.118306 5.086330
0.118530 11.594900
0.119650 7.409500
0.119875 1.724370
0.120099 9.707390
0.120323 9.504660
0.120547 39.682100
0.120771 13.993100
0.120995 19.588100
0.121219 15.070100
0.121443 38.550600
0.121667 12.960000
0.121891 26.308800
0.122115 14.406900
0.122339 32.303500
0.122563 35.754500
0.122787 30.344600
0.123011 13.280800
0.123235 69.373300
0.123460 7.130280
0.123684 11.390700
0.123908 10.113100
0.124132 47.606200
0.124356 25.133600
0.124580 11.391100
0.125924 67.121200
0.126148 14.483300
0.126372 31.651400
0.126596 10.442900
0.126821 2.329210
0.127045 24.017100
0.127269 15.260200
0.127493 12.545600
0.127717 11.061600
0.127941 7.564280
0.128165 21.994800
0.128389 9.081650
0.128613 26.004000
0.128837 95.165900
0.129061 7.903050
0.129285 69.061600
0.129509 26.647800
0.129733 7.386780
0.129957 11.512200
0.130181 44.299900
0.130406 32.615900
0.130630 5.987180
0.130854 51.837700
0.131078 41.461100
0.131302 13.972500
0.131526 16.250000
0.131750 12.350000
0.131974 27.757800
0.132198 9.942250
0.132422 45.559200
0.132646 38.697800
0.132870 27.403900
0.133094 13.002500
0.133318 22.805700
0.133542 58.457400
0.133767 16.155600
0.133991 42.263800
0.134215 37.086300
0.134439 50.559500
0.134663 21.455300
0.134887 21.532200
0.135111 33.839800
0.135335 19.510900
0.135559 15.052700
0.135783 10.934600
0.136007 43.060500
0.136231 27.359600
0.136455 40.340900
0.136679 23.060000
0.136903 20.580000
0.137127 24.033600
0.137352 78.211700
0.137576 26.128600
0.137800 73.204400
0.138024 44.479900
0.138248 7.562940
0.138472 7.570030
0.138696 16.985100
0.138920 39.832200
0.139144 4.548300
0.139368 6.603780
0.139592 8.116520
0.139816 17.736100
0.140040 21.976300
0.140264 55.683700
0.140488 58.314000
0.140713 12.041200
0.140937 26.272400
0.141161 15.761300
0.141385 25.317800
0.141609 30.288200
0.141833 12.641000
0.142057 59.324100
0.142281 2.151850
0.142505 9.225060
0.142729 16.688200
0.142953 6.235170
0.143177 7.363000
0.143401 9.471630
0.143849 10.101000
0.144073 15.383600
0.144298 19.703500
0.144522 40.841500
0.144746 39.041000
0.144970 7.552350
0.145194 35.261900
0.145418 14.744000
0.145642 24.120600
0.145866 19.667400
0.146090 47.954900
0.146314 13.989400
0.146538 5.436540
0.146762 56.476800
0.146986 18.080900
0.147210 10.687200
0.147434 6.544700
0.147659 8.038010
0.147883 7.730980
0.148107 8.202540
0.148331 5.661300
0.148555 47.939000
0.148779 66.825000
0.149003 19.338000
0.149227 10.553800
0.149451 14.047700
0.149675 17.405700
0.149899 51.092600
0.150123 3.846390
0.150347 28.824800
0.150571 9.519040
0.150795 47.587000
0.151019 20.002600
0.151244 9.187270
0.151468 27.447200
0.151692 38.227400
0.151916 3.233400
0.152140 15.053500
0.152364 6.793870
0.152588 6.948370
0.152812 6.276280
0.153036 56.533700
0.153260 31.002500
0.153484 51.213200
0.153708 14.174200
0.153932 6.543190
0.154156 49.836600
0.154380 35.647300
0.154605 19.458500
0.154829 26.532000
0.155053 41.589000
0.155277 16.625200
0.155501 18.422100
0.155725 10.465700
0.155949 29.868800
0.156173 14.924700
0.156397 8.580060
0.156621 7.185660
0.156845 36.702700
0.157069 9.637460
0.157293 12.097000
0.157517 10.978500
0.157741 9.946990
0.157965 3.532480
0.158190 39.766900
0.158414 31.562600
0.161775 9.958660
0.161999 80.023200
0.162223 23.446800
0.162447 23.929700
0.162671 33.182400
0.162895 14.800000
0.163119 36.746300
0.163343 55.890700
0.163567 8.385900
0.163791 41.095400
0.164015 29.892000
0.164239 19.189700
0.167600 11.312900
0.167824 5.662880
0.168048 11.914200
0.168272 19.963300
0.168497 11.453500
0.168721 34.327200
0.168945 46.523200
0.169169 12.902500
0.169393 37.939500
0.169617 36.257300
0.169841 20.398000
0.170065 8.101160
0.170289 5.376510
0.170513 16.881300
0.170737 24.081600
0.170961 71.427300
0.171185 5.336930
0.171409 12.866400
0.171633 19.644100
0.171857 19.736600
0.172082 6.006220
0.172306 77.450300
0.172530 52.143000
0.172754 9.927990
0.172978 7.912950
0.173202 21.805800
0.173426 28.121100
0.173650 8.635630
0.173874 10.332200
0.174098 5.044910
0.174322 10.387200
0.174546 15.720600
0.174770 6.579220
0.174994 17.943000
0.175218 13.083400
0.175443 21.467700
0.175667 32.527200
0.175891 25.545900
0.176115 21.164900
0.176339 19.461000
0.176563 10.004600
0.176787 8.779790
0.177011 8.542890
0.177235 37.739800
0.177459 54.923600
0.177683 31.843800
0.177907 21.484700
0.178131 76.339800
0.178355 27.371600
0.178579 51.867600
0.178803 11.152100
0.179028 1.367300
0.179252 30.361700
0.179476 8.520520
0.179700 27.382300
0.179924 53.197500
0.180148 14.756200
0.180372 17.158500
0.180596 6.997260
0.180820 27.796900
0.181044 25.847800
0.181268 15.791400
0.181492 35.554100
0.181716 16.993000
0.181940 8.777050
0.182164 6.351410
0.182389 7.633450
0.182613 63.158600
0.182837 38.987200
0.183061 61.576000
0.183285 23.236100
0.183509 53.885200
0.183733 8.836120
0.183957 28.280700
0.184181 34.627800
0.184405 10.365000
0.184629 83.917500
0.184853 9.487460
0.185077 25.868800
0.185301 20.556200
0.185525 22.636400
0.185749 12.799600
0.185974 41.038200
0.186198 28.218900
0.186422 21.620600
0.186646 9.770630
0.186870 59.153600
0.187094 22.898400
0.187318 19.608500
0.187542 16.116600
0.187766 7.302460
0.190007 8.324900
0.190231 8.712380
0.190455 14.503900
0.190679 46.411300
0.190903 27.731900
0.191127 43.213900
0.191351 23.058800
0.191575 58.337200
0.191799 48.073100
0.192023 11.154800
0.192247 11.827200
0.192471 54.553400
0.192695 31.224700
0.192920 7.471470
0.193144 26.915300
0.193368 16.685100
0.193592 9.495290
0.193816 45.455100
0.194040 43.950200
0.194264 25.324300
0.194488 16.404500
0.194712 15.416800
0.194936 2.991340
0.195160 8.402810
0.195384 23.430900
0.195608 13.778900
0.195832 14.011300
0.196056 14.441000
0.196281 4.998730
0.200762 58.116000
0.200986 81.947700
0.201210 32.186300
0.201434 2.890430
0.201658 9.278500
0.201882 8.068090
0.202106 15.158800
0.202330 11.602600
0.202554 11.136400
0.202778 40.534700
0.203002 53.783600
0.203227 4.186050
0.203451 50.080000
0.203675 6.431450
0.203899 8.787520
0.204123 58.096500
0.206363 67.417800
0.206587 50.457500
0.206812 59.163200
0.207036 8.218300
0.207260 74.246200
0.207484 27.704300
0.207708 3.243710
0.207932 17.734800
0.208156 5.191800
0.208380 17.480000
0.208604 39.044500
0.208828 29.782600
0.209052 12.586300
0.209276 10.215100
0.209500 6.210600
0.209724 9.401990
0.209948 11.800500
0.210173 9.797250
0.210397 16.559400
0.210621 33.357300
0.210845 72.331700
0.211069 10.115200
0.211293 12.869600
0.211517 1.730720
0.211741 7.985250
0.211965 6.197070
0.212189 41.805400
0.212413 28.169800
0.212637 9.425050
0.212861 32.644500
0.213085 50.406200
0.213309 38.921400
0.213533 13.842800
0.213758 9.731910
0.213982 11.496400
0.214206 12.115700
0.214430 8.202440
0.214654 9.583020
0.214878 12.121500
0.215102 75.624900
0.215326 7.221490
0.215550 10.170000
0.215774 79.669300
0.215998 26.738300
0.216222 19.592900
0.216446 17.955400
0.216670 5.595020
0.216894 55.054300
0.217119 9.253200
0.217343 17.870300
0.217567 44.954100
0.217791 11.455300
0.218015 3.058150
0.218239 16.237100
0.218463 20.010500
0.218687 18.308700
0.218911 27.557000
0.219135 71.627800
0.219359 8.154060
0.219583 77.528000
0.219807 27.655300
0.220031 6.149410
0.220255 40.702000
0.220479 5.857660
0.220704 78.602800
0.220928 10.521400
0.221152 18.086400
0.221376 41.592000
0.221600 17.274100
0.221824 3.241340
0.222048 33.967400
0.222272 57.917500
0.222496 12.429300
0.222720 5.794340
0.222944 46.279800
0.223168 4.960960
0.223392 6.278780
0.223616 29.775400
0.223840 21.287600
0.224065 27.598800
0.224289 37.535500
0.224513 5.597340
0.224737 16.261300
0.224961 13.363100
0.225185 14.850800
0.225409 16.501700
0.225633 19.713900
0.225857 28.051200
0.226081 28.939800
0.226305 56.483900
0.226529 8.464610
0.226753 10.123900
0.226977 53.714000
0.227201 12.543600
0.227425 42.256700
0.227650 8.777270
0.227874 24.356300
0.228098 14.196300
0.228322 19.122500
0.228546 20.127200
0.228770 24.801200
0.228994 4.577520
0.229218 5.671130
0.229442 58.590500
0.229666 6.642490
0.229890 26.362000
0.230114 96.851500
0.230338 10.326500
0.230562 44.153200
0.230786 45.317400
0.231011 17.010500
0.231235 5.097950
0.231459 19.124300
0.231683 13.584500
0.231907 16.965800
0.232131 25.558700
0.232355 26.651000
0.232579 2.023860
0.232803 51.760400
0.233027 9.531760
0.233251 49.035300
0.233475 20.719600
0.233699 26.580100
0.233923 24.971700
0.234147 7.021460
0.234371 15.275700
0.234596 52.766500
0.234820 79.139100
0.235044 27.456600
0.235268 11.322400
0.235492 17.173400
0.235716 22.207900
0.235940 19.261700
0.236164 48.107900
0.236388 8.155440
0.236612 10.934200
0.236836 17.183600
0.237060 2.395450
0.237284 24.821000
0.237508 10.749700
0.237732 10.562200
0.237957 9.682340
0.238181 9.817690
0.238405 2.317090
0.238629 23.018100
0.238853 20.715000
0.239077 6.507330
0.239301 49.750200
0.239525 13.693500
0.239749 22.948700
0.239973 38.931300
0.240197 12.958300
0.240421 51.711200
0.240645 10.269500
0.240869 27.895000
0.241093 16.842100
0.241317 35.893600
0.241542 70.285400
0.241766 15.231200
0.241990 46.716200
0.242214 26.348400
0.242438 9.932130
0.242662 6.301290
0.242886 30.727700
0.243110 11.759600
0.243334 64.412000
0.243558 78.273000
0.243782 26.913700
0.244006 22.318200
0.244230 44.871700
0.244454 8.058210
0.244678 13.090000
0.244903 26.748800
0.245127 6.496240
0.245351 8.541300
0.245575 33.115900
0.245799 44.110200
0.246023 6.319510
0.246247 14.497700
0.246471 2.302450
0.246695 40.100500
0.246919 23.614000
0.247143 52.613300
0.247367 61.084900
0.247591 29.760300
0.247815 35.114200
0.248039 41.489300
0.248263 28.961300
0.248488 14.019100
0.248712 9.775500
0.248936 4.225290
0.249160 20.779400
0.249384 10.204900
0.249608 13.631000
0.249832 8.197600
0.250056 2.144590
0.250280 71.088300
0.250504 6.541980
0.250728 20.413800
0.250952 79.046400
0.251176 43.763000
0.251400 62.714800
0.251624 28.995800
0.251849 9.614950
0.252073 23.465300
0.252297 60.005300
0.252521 43.608100
0.252745 9.605190
0.252969 53.135400
0.253193 9.856330
0.253417 12.570500
0.253641 54.855800
0.253865 24.042700
0.254089 47.455300
0.254313 12.182700
0.254537 22.572100
0.254761 5.531930
0.254985 7.890540
0.255210 37.546900
0.255434 36.229300
0.255658 9.913450
0.255882 6.825420
0.256106 20.663700
0.256330 35.738900
0.256554 10.017000
0.256778 18.787500
0.257002 4.684690
0.257226 10.126000
0.257450 35.044400
0.257674 22.278300
0.257898 16.764600
0.258122 3.979570
0.258346 18.806300
0.258570 21.987400
0.258795 38.630000
0.259019 39.640800
0.259243 12.788600
0.259467 33.146700
0.259691 28.557000
0.259915 16.347800
0.260139 8.139810
0.260363 4.631190
0.260587 42.698400
0.260811 25.751900
0.261035 4.940430
0.261259 51.205600
0.261483 14.924600
0.261707 22.692000
0.261931 13.299900
0.262156 17.739000
0.262380 18.708300
0.262604 52.422100
0.262828 21.572500
0.263052 34.420000
0.263276 40.506100
0.263500 28.134000
0.263724 24.498300
0.263948 18.174100
0.264172 22.136600
0.264396 41.237700
0.264620 20.169800
0.264844 26.743800
0.265068 52.373100
0.265292 3.396160
0.265516 22.180900
0.265741 51.082200
0.265965 8.242420
0.266189 9.449950
0.266413 19.933100
0.266637 40.269200
0.266861 76.255000
0.267085 18.876200
0.267309 35.386700
0.267533 7.583850
0.267757 81.322600
0.267981 37.601500
0.268205 68.082500
0.268429 31.953500
0.268653 12.122400
0.268877 82.505000
0.269102 10.988300
0.269326 30.627500
0.269550 72.225600
0.269774 4.544540
0.269998 6.953100
0.270222 27.650100
0.270446 50.457700
0.270670 78.308300
0.270894 18.607800
0.271118 19.468900
0.271342 10.018800
0.271566 23.798900
0.271790 10.454900
0.272014 8.345430
0.272238 24.168800
0.272462 43.082800
0.272687 9.476460
0.272911 5.413140
0.273135 30.540400
0.273359 7.997270
0.273583 80.450200
0.273807 59.668800
0.274031 7.465540
0.274255 73.682900
0.274479 54.881300
0.274703 7.737760
0.274927 48.115100
0.275151 24.344700
0.275375 9.359100
0.275599 57.639700
0.275823 20.785200
0.276048 50.923100
0.276272 17.754000
0.276496 24.118500
0.276720 9.093440
0.276944 66.849600
0.277168 18.165300
0.277392 16.462200
0.277616 74.793100
0.277840 40.121100
0.278736 9.805800
0.278960 10.138200
0.279408 18.362900
0.279633 37.203600
0.279857 72.776900
0.280081 16.963700
0.280305 6.046200
0.280529 28.962300
0.280753 34.249900
0.280977 28.391200
0.281201 9.527380
0.281425 9.935370
0.281649 90.519700
0.281873 22.696000
0.282097 14.075400
0.282321 20.642000
0.282545 24.986500
0.282769 58.310200
0.282994 6.245410
0.283218 9.139110
0.283442 36.630600
0.283666 9.290110
0.283890 17.461500
0.284114 19.012000
0.284338 6.039330
0.284562 13.288000
0.284786 13.745700
0.285010 49.786700
0.285234 28.250500
0.285458 9.746450
0.285682 11.128800
0.285906 46.008400
0.286130 63.840900
0.286354 26.813900
0.286579 22.224000
0.286803 21.189600
0.287027 25.559500
0.287251 33.110500
0.287475 24.474800
0.287699 19.649900
0.287923 60.977000
0.288147 25.450400
0.288371 37.672600
0.288595 50.975500
0.288819 16.863500
0.289043 43.811600
0.289267 13.325000
0.289491 75.005300
0.289715 24.022900
0.289940 8.374010
0.290164 10.540400
0.290388 40.962700
0.290612 30.626100
0.290836 11.268900
0.291060 19.132100
0.291284 37.655000
0.291508 46.360700
0.291732 21.829800
0.291956 27.500800
0.292180 60.439000
0.292404 26.924000
0.292628 49.506100
0.292852 6.487500
0.293076 22.231700
0.293300 5.642180
0.293525 39.980500
0.293749 16.684100
0.293973 6.564200
0.294197 40.120200
0.294421 87.144000
0.294645 7.536060
0.294869 4.785480
0.295093 44.567700
0.295317 8.078460
0.295541 82.805400
0.295765 3.946540
0.295989 26.678700
0.296213 75.937700
0.296437 16.829300
0.296661 32.707000
0.296886 23.430200
0.297110 12.614400
0.297334 10.166800
0.297558 14.042600
0.297782 45.452800
0.298006 79.151400
0.298230 13.810100
0.298454 7.749480
0.298678 8.530210
0.298902 43.395700
0.299126 3.506050
0.299350 14.287500
0.299574 13.851500
0.299798 10.391500
0.300022 9.106500
0.300246 26.639700
0.300471 27.518700
0.300695 27.261200
0.300919 14.415500
0.301143 37.695500
0.301367 10.833200
0.301591 6.088620
0.301815 21.913500
0.302039 40.241500
0.302263 12.168300
0.302487 13.576500
0.302711 6.775110
0.302935 2.352970
0.303159 10.035200
0.303383 9.715340
0.303607 39.768700
0.303832 39.707800
0.304056 47.627100
0.304280 21.562600
0.304504 11.216100
0.304728 11.821900
0.304952 10.815900
0.305176 23.296300
0.305400 10.268600
0.305624 13.739200
0.305848 8.963420
0.306072 23.917700
0.306296 19.805100
0.306520 5.050870
0.306744 32.751400
0.306968 2.397510
0.307192 7.926040
0.307417 3.437160
0.307641 89.728000
0.307865 17.341300
0.308089 11.187700
0.308313 11.266700
0.308537 85.017300
0.308761 6.342350
0.308985 21.779000
0.309209 25.091200
0.309433 8.048340
0.309657 18.098000
0.309881 89.348700
0.310105 77.398000
0.310329 60.856800
0.310778 16.766000
0.311002 29.844600
0.311226 31.911100
0.311450 75.861000
0.311674 33.988200
0.311898 12.408200
0.312122 4.633170
0.312346 46.442200
0.312570 9.689180
0.312794 15.593500
0.313018 23.819400
0.313242 10.204600
0.313466 62.294400
0.313690 26.786200
0.313914 10.492300
0.314138 34.294700
0.314363 36.912000
0.314587 28.384100
0.314811 31.371600
0.315035 52.862500
0.315259 4.261360
0.315483 24.124300
0.315707 29.743200
0.315931 11.026200
0.316155 9.109470
0.316379 5.877430
0.316603 37.344700
0.316827 37.310400
0.317051 19.078400
0.317275 31.156900
0.317499 2.548340
0.317724 34.179000
0.317948 4.851440
0.318172 6.416230
0.318396 48.324200
0.318620 85.275100
0.318844 20.549900
0.319068 27.995400
0.319292 19.484800
0.319516 6.211640
0.319740 53.654400
0.319964 35.774000
0.320188 26.928400
0.320412 6.838970
0.320636 33.445500
0.320860 4.919020
0.321084 46.442500
0.321309 60.315100
0.321533 36.088200
0.321757 12.760600
0.321981 23.933800
0.322205 6.637600
0.322429 36.155100
0.322653 58.568200
0.322877 8.350370
0.323101 55.284600
0.323325 8.618030
0.323549 7.573290
0.323773 24.268100
0.323997 6.182370
0.324221 37.619500
0.324445 5.272310
0.324670 25.713700
0.324894 11.522000
0.325118 31.162000
0.325342 11.902400
0.325566 7.849090
0.325790 46.170900
0.326014 5.735060
0.326238 21.565500
0.326462 12.720700
0.326686 15.879700
0.326910 5.892080
0.327134 17.614800
0.327358 45.598700
0.327582 86.065300
0.327806 6.421100
0.328030 66.514300
0.328255 39.829000
0.328479 2.378270
0.328703 49.954300
0.328927 70.346000
0.329151 7.273350
0.329375 30.649100
0.329599 2.913170
0.329823 8.653910
0.330047 18.557500
0.330271 4.471870
0.330495 12.733600
0.330719 73.421200
0.330943 38.206800
0.331167 69.286100
0.331391 16.874800
0.331616 11.088800
0.331840 26.991800
0.332064 6.566470
0.332288 4.002080
0.332512 5.734950
0.332736 6.816840
0.332960 28.935600
0.333184 7.497330
0.333408 6.489300
0.333632 32.797100
0.333856 20.981200
0.334080 41.299300
0.334528 10.579200
0.334752 31.634100
0.334976 23.606400
0.335201 40.025200
0.335425 28.810200
0.335649 43.463200
0.335873 41.591100
0.336097 11.457600
0.336321 19.195200
0.336545 29.974200
0.336769 7.923510
0.336993 8.783280
0.337217 21.614000
0.337441 15.178500
0.337665 20.950300
0.337889 17.873800
0.338113 6.353680
0.338337 51.435400
0.338562 19.024700
0.338786 37.017500
0.339010 17.669100
0.339234 7.689060
0.339458 23.775300
0.339682 37.907700
0.339906 4.978370
0.340130 68.040400
0.340354 31.043900
0.340578 69.860800
0.340802 6.006750
0.341026 27.833400
0.341250 85.818700
0.341474 18.928500
0.341698 27.837300
0.341922 51.240200
0.342147 27.193100
0.342371 41.009500
0.342595 13.710700
0.342819 27.678200
0.343043 62.417100
0.343267 1.788400
0.343491 24.105000
0.343715 61.512100
0.343939 12.205600
0.344163 20.204400
0.344387 13.481300
0.344611 24.176200
0.344835 6.750430
0.345059 48.944700
0.345283 14.956100
0.345508 8.613190
0.345732 84.501600
0.345956 12.468300
0.346180 9.872050
0.346404 10.613000
0.346628 13.342100
0.346852 11.827000
0.347076 9.028980
0.347300 74.596300
0.347524 6.741820
0.347748 30.491900
0.347972 9.001510
0.348196 14.400100
0.348420 19.797200
0.348644 30.235900
0.348868 62.268400
0.349093 46.309700
0.349317 23.742100
0.349541 8.304140
0.349765 40.322500
0.349989 68.637500
0.350213 2.449000
0.350437 54.761500
0.350661 17.668400
0.350885 16.779900
0.351109 22.219000
0.351333 5.198800
0.351557 1.762240
0.351781 36.188900
0.352005 59.222200
0.352229 3.881860
0.352454 8.319290
0.352678 21.493200
0.352902 33.715300
0.353126 50.154600
0.353350 30.948400
0.353574 23.810700
0.353798 35.163000
0.354022 29.215200
0.354246 5.319300
0.354470 32.741100
0.354694 25.132000
0.354918 34.173200
0.355142 35.944500
0.355366 7.859850
0.355590 43.162200
0.355814 5.902660
0.356039 8.029850
0.356263 56.264000
0.356487 20.545000
0.356711 34.662200
0.356935 64.727800
0.357159 9.919760
0.357383 9.721260
0.357607 14.158400
0.357831 53.061900
0.358055 16.699100
0.358279 34.793100
0.358503 10.432300
0.358727 37.651500
0.358951 56.004900
0.359175 6.960970
0.359400 7.013500
0.359624 11.711500
0.359848 4.332730
0.360072 6.810570
0.360296 9.039810
0.360520 8.182090
0.360744 15.353900
0.360968 57.270200
0.361192 9.996150
0.361416 13.882200
0.361640 9.062720
0.361864 31.902200
0.362088 13.419800
0.362312 18.093900
0.362536 9.587150
0.362760 88.543100
0.362985 7.935120
0.363209 13.530600
0.363433 8.737260
0.363657 9.032760
0.363881 13.435000
0.364105 23.789300
0.364329 5.660360
0.364553 13.770200
0.364777 36.506600
0.365001 6.293760
0.365225 26.957600
0.365449 33.569700
0.365673 49.069800
0.365897 55.264400
0.366121 32.858500
0.366346 18.543400
0.366570 8.523880
0.366794 11.755100
0.367018 20.586300
0.367242 39.725400
0.367466 43.040200
0.367690 4.549280
0.367914 41.495400
0.368138 54.253500
0.368362 43.020100
0.368586 7.714820
0.368810 2.340520
0.369034 49.922400
0.369258 34.480700
0.369482 12.900000
0.369706 33.133100
0.369931 10.077400
0.370155 7.149910
0.370379 1.657610
0.370603 15.127400
0.370827 44.439600
0.371051 7.857510
0.371275 9.620470
0.371499 19.978400
0.371723 37.374700
0.371947 2.675620
0.372171 40.469700
0.372395 57.331200
0.372619 17.638400
0.372843 19.224300
0.373067 5.101450
0.373292 8.837360
0.373516 18.348400
0.373740 60.435900
0.373964 9.733820
0.374188 15.136800
0.374412 25.284400
0.374636 89.758500
0.374860 33.310800
0.375084 26.249800
0.375308 8.423390
0.375532 31.387300
0.375756 9.372360
0.375980 26.950000
0.376204 38.886600
0.376428 6.157550
0.376652 9.243310
0.376877 25.907200
0.377101 8.073850
0.377325 8.803250
0.377549 52.647400
0.377773 15.881700
0.377997 65.201000
0.378221 33.419600
0.378445 14.134100
0.378669 2.720660
0.378893 42.934500
0.379117 33.971200
0.379341 24.617200
0.379565 40.453600
0.379789 20.140200
0.380013 8.023010
0.380238 4.132930
0.380462 8.887210
0.380686 20.794700
0.380910 25.471200
0.381134 19.902500
0.381358 15.283700
0.381582 20.778700
0.381806 37.857300
0.382030 22.006600
0.382254 29.902200
0.382478 62.822600
0.382702 31.975800
0.382926 17.762700
0.383150 5.857450
0.383374 37.080000
0.383598 4.035140
0.383823 25.324800
0.384047 7.047670
0.384271 12.439500
0.384495 15.967600
0.384719 32.899900
0.384943 13.118400
0.385167 43.085000
0.385391 4.997960
0.385615 3.681750
0.385839 32.065100
0.386063 4.234900
0.386287 9.300360
0.386511 1.649520
0.386735 52.898200
0.386959 23.445200
0.387184 57.501200
0.387408 46.014800
0.387632 17.174500
0.387856 31.390700
0.388080 20.750400
0.388304 7.703520
0.388528 36.800700
0.388752 47.464200
0.388976 6.538860
0.389200 28.265200
0.389424 15.569600
0.389648 11.685200
0.389872 7.273140
0.390096 84.376000
0.390320 6.463850
0.390544 12.845200
0.391217 9.945950
0.391441 76.818400
0.391665 38.516300
0.391889 27.166900
0.392113 63.165100
0.392337 11.364000
0.392561 9.678850
0.392785 54.218900
0.393009 2.412970
0.393233 20.188400
0.393457 5.029700
0.393681 7.695260
0.393905 24.634000
0.394130 18.702200
0.394354 11.631800
0.394578 18.507000
0.394802 11.873100
0.395026 40.127000
0.395250 56.781100
0.395474 69.421300
0.395698 40.435200
0.395922 20.862900
0.396146 7.303730
0.396370 26.221900
0.396594 5.738690
0.396818 6.922520
0.397042 33.109100
0.397266 12.957800
0.397490 16.322400
0.397715 9.542220
0.397939 6.122870
0.398163 43.142900
0.398387 3.407820
0.398611 8.582240
0.398835 28.984100
0.399059 88.295400
0.399283 15.758300
0.399507 2.926220
0.399731 5.374740
0.399955 25.727200
0.400179 30.410200
0.400403 5.359680
0.400627 15.000000
0.400851 34.984500
0.401076 63.703100
0.401300 67.068700
0.401524 13.455300
0.401748 35.446900
0.401972 19.337700
0.402196 14.808900
0.402420 5.776030
0.402644 34.053700
0.402868 15.947500
0.403092 17.279600
0.403316 16.582700
0.403540 42.803600
0.403764 14.167900
0.403988 14.253800
0.404212 5.894600
0.404436 20.978900
0.404661 7.254040
0.404885 8.008280
0.405109 95.683900
0.405333 4.547710
0.405557 5.617640
0.405781 34.966700
0.406005 4.108880
0.406229 93.553100
0.406453 20.906200
0.406677 8.834350
0.406901 27.911100
0.407125 54.175200
0.407349 42.591100
0.407573 17.892100
0.407797 14.902300
0.408022 10.243000
0.408246 14.842300
0.408470 37.459500
0.408694 25.220000
0.408918 11.882400
0.409142 3.917020
0.409366 5.107020
0.409590 23.379600
0.409814 28.794400
0.410038 38.002100
0.410262 4.281060
0.410486 6.774880
0.410710 24.033100
0.410934 14.246600
0.411158 5.736590
0.411382 17.029100
0.411607 55.522900
0.411831 7.380150
0.412055 7.449100
0.412279 13.142200
0.412503 15.945400
0.412727 17.237700
0.412951 12.026400
0.413175 15.962800
0.413399 18.122400
0.413623 14.709200
0.413847 29.289600
0.414071 38.367900
0.414295 26.501000
0.414519 4.870300
0.414743 21.634000
0.414968 18.818800
0.415192 41.757300
0.415416 5.556250
0.415640 5.660390
0.416312 1.772950
0.416536 5.081420
0.416760 60.246400
0.416984 1.640270
0.417208 5.912980
0.417432 19.307700
0.417656 13.815300
0.417880 9.022710
0.418104 1.758340
0.418328 21.503100
0.418553 10.752400
0.418777 15.548900
0.419001 22.475400
0.419225 60.304900
0.419449 22.734500
0.419673 13.453700
0.419897 20.274500
0.420121 23.749800
0.420345 32.666400
0.420569 35.355200
0.420793 14.783500
0.421017 7.257190
0.421241 34.860700
0.421465 30.197000
0.421689 48.939400
0.421914 18.063200
0.422138 7.972390
0.422362 6.347190
0.422586 7.051840
0.422810 26.953200
0.423034 45.800200
0.423258 27.081600
0.423482 56.921400
0.423706 67.729500
0.423930 6.906960
0.424154 23.638100
0.424378 5.699890
0.424602 6.412920
0.424826 23.872500
0.425050 58.554600
0.425274 24.434600
0.425499 52.307700
0.425723 14.381500
0.425947 23.288800
0.426171 7.652090
0.426395 4.674310
0.426619 18.913200
0.426843 21.269900
0.427067 38.178900
0.427291 7.858580
0.427515 19.348300
0.427739 43.622500
0.427963 10.155000
0.428187 14.769000
0.428411 28.227700
0.428635 41.747300
0.428860 6.097060
0.429084 25.284900
0.429308 32.440500
0.429532 33.489200
0.429756 6.387100
0.429980 46.111700
0.430204 40.059400
0.430428 10.313900
0.430652 1.755640
0.430876 8.760350
0.431100 9.969750
0.431324 50.005200
0.431548 37.277000
0.431772 4.417820
0.431996 20.250900
0.432220 18.696400
0.432445 56.673100
0.432669 10.129900
0.432893 66.584900
0.433117 50.598500
0.433341 48.602400
0.433565 4.412010
0.433789 9.633070
0.434013 11.705700
0.434237 13.114700
0.434461 23.393300
0.434685 20.047500
0.434909 9.674880
0.435133 21.273700
0.435357 10.074000
0.435581 40.972200
0.435806 10.595800
0.436030 10.854100
0.436254 24.633800
0.436478 15.601500
0.436702 8.280820
0.436926 61.628500
0.437150 27.012500
0.437374 16.186100
0.437598 2.933270
0.437822 8.376310
0.438046 25.856200
0.438270 44.486700
0.438494 30.853800
0.438718 47.436500
0.438942 2.151640
0.439166 47.811800
0.439391 4.858830
0.439615 44.090800
0.439839 20.855400
0.440063 9.696320
0.440287 17.204900
0.440511 12.634300
0.440735 39.371100
0.440959 4.464990
0.441183 75.583400
0.441407 10.094800
0.441631 8.260910
0.441855 7.422300
0.442079 5.114600
0.442303 50.529800
0.442527 28.032600
0.442752 27.586100
0.442976 68.517000
0.443200 26.000300
0.443424 87.675400
0.443648 32.922300
0.443872 10.052300
0.444096 63.796200
0.444320 29.520100
0.444544 7.510200
0.444768 12.249200
0.444992 18.768900
0.445216 9.639290
0.445440 30.103700
0.445664 81.609000
0.445888 15.684700
0.446112 9.997980
0.446337 19.283800
0.446561 24.184500
0.446785 39.503100
0.447009 38.776600
0.447233 18.865100
0.447457 3.731260
0.447681 38.078600
0.447905 39.864400
0.448129 27.161100
0.448353 11.964400
0.448577 21.099300
0.448801 32.400300
0.449025 11.130500
0.449249 22.184000
0.449473 61.901500
0.449698 17.071000
0.449922 27.446100
0.450146 34.503800
0.450370 10.898500
0.450594 5.942740
0.450818 57.869500
0.451042 49.082200
0.451266 4.965640
0.451490 7.597310
0.451714 32.114700
0.451938 11.917000
0.452162 10.641500
0.452386 33.642900
0.452610 18.833500
0.452834 15.421800
0.453058 13.905300
0.453283 12.948600
0.453507 4.912850
0.453731 79.233500
0.453955 5.979710
0.454179 20.668400
0.454403 6.759260
0.454627 61.438000
0.454851 10.416500
0.455075 7.795620
0.455299 12.445300
0.455523 49.841800
0.455747 46.593500
0.455971 7.915160
0.456195 21.413800
0.456419 9.758240
0.456644 10.069300
0.456868 9.397230
0.457092 8.417220
0.457316 12.381200
0.457540 19.277800
0.457764 9.625970
0.457988 23.033700
0.458212 5.988800
0.458436 8.851300
0.458660 4.290830
0.458884 41.595400
0.459108 37.916200
0.459332 23.013100
0.459556 8.666600
0.459780 32.244000
0.460004 29.726500
0.460229 53.164300
0.460453 9.514030
0.460677 45.541400
0.461125 12.045600
0.461349 8.064210
0.461573 10.965400
0.461797 19.791100
0.462021 57.464000
0.462245 13.750800
0.462469 11.267300
0.462693 10.147100
0.462917 20.238000
0.463141 39.755300
0.463365 10.553100
0.463590 21.113400
0.463814 8.632200
0.464038 14.136300
0.464262 14.323100
0.464486 43.697400
0.464710 14.755000
0.464934 21.503400
0.465158 20.353000
0.465382 9.434080
0.465606 6.903750
0.465830 4.650450
0.466054 6.857780
0.466278 12.387700
0.466502 6.111580
0.466726 12.653000
0.466950 7.671260
0.467175 29.727700
0.467399 1.441670
0.467623 35.784600
0.467847 4.002410
0.468071 46.830100
0.468295 15.870500
0.468519 17.499300
0.468743 6.273660
0.468967 60.708700
0.469191 22.508600
0.469415 52.687800
0.469639 43.857200
0.469863 34.716500
0.470087 9.690400
0.470311 88.699300
0.470536 36.530900
0.470760 30.775100
0.470984 1.668050
0.471208 8.215160
0.471432 9.209600
0.471656 78.696000
0.471880 7.762930
0.472104 29.035700
0.472328 8.560270
0.472552 14.902600
0.472776 70.073000
0.473000 14.443600
0.473224 20.884200
0.473448 1.753000
0.473672 38.610700
0.473896 31.492200
0.474121 11.226900
0.474345 67.159900
0.474569 22.564200
0.474793 6.242740
0.475017 40.657200
0.475241 43.019900
0.475465 33.726200
0.475689 63.073200
0.475913 26.307800
0.476137 13.703200
0.476361 5.971300
0.476585 22.339300
0.476809 6.123060
0.477033 23.860000
0.477257 9.879160
0.477482 35.226200
0.477706 18.376000
0.477930 25.540100
0.478154 25.766000
0.478378 29.220500
0.478602 16.935700
0.478826 51.679400
0.479050 30.701300
0.479274 11.817600
0.479498 35.742700
0.479722 11.114900
0.479946 59.962300
0.480170 19.360700
0.480394 15.299800
0.480618 41.620700
0.480842 30.911900
0.481067 8.519140
0.481291 57.348800
0.481515 4.599950
0.481739 11.030000
0.481963 11.731400
0.482187 14.989800
0.482411 65.530700
0.482635 18.827400
0.482859 5.850440
0.483083 2.476880
0.483307 18.969000
0.483531 5.509860
0.483755 6.033930
0.483979 39.864000
0.484203 49.627800
0.484428 9.908250
0.484652 8.490370
0.484876 8.598390
0.485100 57.990900
0.485324 65.293900
0.485548 26.743200
0.485772 24.653200
0.485996 11.577200
0.486220 11.860500
0.486444 13.738800
0.486668 58.273400
0.486892 11.487000
0.487116 17.069500
0.487340 15.010700
0.487564 5.801970
0.487788 2.858490
0.488013 2.278230
0.488237 28.295500
0.488461 33.279600
0.488685 14.955400
0.488909 14.575400
0.489133 8.023210
0.489357 31.640000
0.489581 23.207300
0.489805 57.542200
0.490029 77.776100
0.490253 38.911900
0.490477 10.384200
0.490701 5.595560
0.490925 10.092500
0.491149 25.544200
0.491374 9.380200
0.491598 21.410000
0.491822 4.194160
0.492046 54.953400
0.492270 38.996300
0.492494 46.447500
0.492718 19.267500
0.492942 34.766600
0.493166 9.342810
0.493390 10.325300
0.493614 39.741900
0.493838 2.322320
0.494062 21.717600
0.494286 9.367930
0.494510 20.713900
0.494734 1.794920
0.494959 91.319900
0.495183 13.466800
0.495407 23.803200
0.495631 21.277300
0.495855 61.525000
0.496079 11.904600
0.496303 7.782980
0.496527 16.466400
0.496751 3.607090
0.496975 54.029100
0.497199 57.739300
0.497423 32.556600
0.497647 30.789700
0.497871 14.986400
0.498095 19.025300
0.498320 6.963800
0.498544 58.168400
0.498768 69.465500
0.498992 49.973700
0.499216 48.750900
0.499440 36.918200
0.499664 5.694190
0.499888 40.140500
0.500112 8.460990
0.500336 59.848900
0.500560 10.291800
0.500784 76.942200
0.501008 8.355470
0.501232 28.247600
0.501456 4.802310
0.501680 31.150500
0.501905 6.881400
0.502129 6.096830
0.502353 10.716500
0.502577 12.860300
0.502801 7.569740
0.503025 21.985800
0.503249 18.973800
0.503473 15.015900
0.503697 5.561580
0.503921 47.722100
0.504145 2.253340
0.504369 9.623510
0.504593 16.551700
0.504817 35.391200
0.505041 24.513000
0.505266 9.556140
0.505490 12.563400
0.505714 28.573000
0.505938 22.919800
0.506162 21.186400
0.506386 37.471200
0.506610 18.264100
0.506834 14.074400
0.507058 48.649400
0.507282 1.997230
0.507506 5.803450
0.507730 7.100060
0.507954 12.713500
0.508178 7.492330
0.508402 70.213400
0.508626 69.365200
0.508851 25.590000
0.509075 9.097840
0.509299 13.437400
0.509523 28.811700
0.509747 8.548810
0.509971 9.805970
0.510195 23.893700
0.510419 42.188100
0.510643 9.040090
0.510867 4.859520
0.511091 61.649400
0.511315 27.456400
0.511539 9.255780
0.511763 39.052500
0.511987 52.714800
0.512212 14.568300
0.512436 20.640700
0.512660 10.938600
0.512884 48.428000
0.513108 17.140000
0.513332 13.032900
0.513556 23.020300
0.513780 7.027910
0.514004 1.792290
0.514228 8.009880
0.514452 14.403500
0.514676 24.279100
0.514900 51.085400
0.515124 28.700900
0.515348 33.026300
0.515572 26.421600
0.515797 9.582140
0.516021 22.681600
0.516245 79.327200
0.516469 6.530560
0.516693 16.031000
0.516917 10.167900
0.517141 30.703800
0.517365 22.189100
0.517589 8.431340
0.517813 94.237000
0.518037 61.736400
0.518261 48.473600
0.518485 53.723000
0.518709 40.074000
0.518933 30.396000
0.519158 25.698500
0.519382 3.437450
0.519606 11.756900
0.519830 34.786800
0.520054 27.503300
0.520278 12.135000
0.520502 15.388100
0.520726 37.859600
0.520950 9.856730
0.521174 67.720300
0.521398 27.244000
0.521622 10.646200
0.521846 9.207680
0.522070 10.479400
0.522294 39.230000
0.522518 17.624300
0.522743 7.622710
0.522967 6.417270
0.523191 14.355600
0.523415 88.103700
0.523639 8.393120
0.523863 43.155900
0.524087 45.913900
0.524311 25.820100
0.524535 16.065500
0.524759 1.666030
0.524983 10.088300
0.525207 48.944900
0.525431 26.666200
0.525655 10.492900
0.525879 10.670100
0.526104 10.602300
0.526328 18.129400
0.526552 8.080350
0.526776 33.839400
0.527000 27.972500
0.527224 81.045000
0.527448 8.162710
0.527672 8.979500
0.527896 27.316800
0.528120 11.461400
0.528344 57.380100
0.528568 50.159500
0.528792 33.144600
0.529016 12.026100
0.529240 6.238760
0.529464 13.112700
0.529689 13.915800
0.529913 24.504700
0.530137 23.935300
0.530361 6.160050
0.530585 13.200100
0.530809 14.225800
0.531033 5.658400
0.531257 14.855800
0.531481 7.477420
0.531705 6.865440
0.531929 11.263200
0.532153 8.355350
0.532377 7.460790
0.532601 33.206300
0.532825 8.362510
0.533050 12.302600
0.533274 61.372700
0.533498 22.872600
0.533722 11.403900
0.533946 58.570000
0.534170 8.090100
0.534394 32.697600
0.534618 8.371000
0.534842 4.375650
0.535066 29.242900
0.535290 72.379200
0.535514 7.877130
0.535738 22.085000
0.535962 26.268000
0.536186 16.565100
0.536410 8.972520
0.536635 14.184700
0.536859 9.348820
0.537083 27.992800
0.537307 36.488600
0.537531 4.772700
0.537755 6.412110
0.537979 71.026400
0.538203 19.118100
0.538427 17.033400
0.538651 29.963900
0.538875 26.588400
0.539099 49.361400
0.539323 55.173100
0.539547 11.881300
0.539771 16.067000
0.539996 30.933100
0.540220 32.557900
0.540444 15.761400
0.540668 13.399500
0.540892 27.961400
0.541116 42.768000
0.541340 27.980600
0.541564 3.724440
0.541788 15.622700
0.542012 3.072920
0.542236 28.519800
0.542460 7.155820
0.542684 14.587800
0.542908 9.573540
0.543132 8.294620
0.543356 25.389200
0.543581 51.356300
0.543805 20.956900
0.544029 9.614910
0.544253 14.914100
0.544477 11.524900
0.544701 5.659220
0.544925 26.848600
0.545149 9.599610
0.545373 20.185000
0.545821 28.613300
0.546045 21.171900
0.546269 17.401500
0.546493 16.373100
0.546717 59.010200
0.546942 3.465230
0.547166 25.201100
0.547390 9.415030
0.547614 28.458000
0.547838 8.835060
0.548062 7.931770
0.548286 34.654900
0.548510 27.120000
0.548734 9.055890
0.548958 3.608830
0.549182 19.397800
0.549406 10.422600
0.549630 6.117580
0.549854 15.689300
0.550078 45.700800
0.550302 15.430800
0.550527 46.650000
0.550751 25.884700
0.550975 8.376280
0.551199 1.899300
0.551423 30.558500
0.551647 15.256400
0.551871 10.315600
0.552095 20.817400
0.552319 13.834400
0.552543 40.764400
0.552767 26.234500
0.552991 59.723100
0.553215 3.647140
0.553439 10.444200
0.553663 14.272800
0.553888 32.369900
0.554112 52.101300
0.554336 43.716200
0.554560 8.881290
0.554784 34.578100
0.555008 59.997800
0.555232 59.356400
0.555456 9.270530
0.555680 11.263700
0.555904 37.654500
0.556128 60.296900
0.556352 28.314700
0.556576 21.826900
0.556800 17.528400
0.557024 2.625500
0.557248 9.682050
0.557473 12.251300
0.557697 38.483400
0.557921 60.035000
0.558145 51.181000
0.558369 4.800760
0.558593 12.055800
0.558817 18.288400
0.559041 6.785480
0.559265 19.534200
0.559489 13.921900
0.559713 30.025400
0.559937 38.800400
0.560161 82.234800
0.560385 15.643500
0.560609 81.957100
0.560834 61.481400
0.561058 10.143900
0.561282 13.608900
0.561506 33.819100
0.561730 13.517100
0.561954 17.055700
0.562178 35.704900
0.562402 15.188600
0.562626 11.880000
0.562850 66.372800
0.563074 22.290100
0.563298 11.545900
0.563522 18.224000
0.563746 83.904400
0.563970 14.722600
0.564194 7.011890
0.564419 57.514400
0.564643 45.902500
0.564867 18.747600
0.565091 15.341100
0.565315 27.831400
0.565539 38.079200
0.565763 20.463100
0.565987 28.923900
0.566211 3.430190
0.566435 7.072220
0.566659 32.049900
0.566883 46.424700
0.567107 20.260300
0.567331 30.338600
0.567555 4.934090
0.567780 27.525200
0.568004 10.874100
0.568228 28.417400
0.568452 8.193940
0.568676 75.174000
0.568900 7.986220
0.569124 58.456500
0.569348 20.137100
0.569572 15.297700
0.569796 8.703850
0.570020 8.695740
0.570244 15.457700
0.570468 2.695440
0.570692 32.012900
0.570916 6.697640
0.571140 16.950000
0.571365 7.013890
0.571589 62.869000
0.571813 35.956700
0.572037 7.863050
0.572261 22.138700
0.572485 44.582300
0.572709 22.129400
0.572933 79.338400
0.573157 19.745300
0.573381 24.074100
0.573605 15.530200
0.573829 12.397700
0.574053 17.714000
0.574277 25.520100
0.574501 7.779770
0.574726 8.760770
0.574950 6.482200
0.575174 5.161270
0.575398 19.709900
0.575622 37.703700
0.575846 32.676800
0.576070 10.377600
0.576294 5.809180
0.576518 19.364100
0.576742 23.909800
0.576966 23.637900
0.577190 2.959980
0.577414 10.908900
0.577638 19.667500
0.577862 11.174500
0.578086 70.963500
0.578311 15.521100
0.578535 21.703000
0.578759 6.455650
0.578983 6.526040
0.579207 40.852300
0.579431 63.963700
0.579655 23.252500
0.579879 8.768190
0.580103 8.123680
0.580327 10.190200
0.580551 2.530490
0.580775 48.793400
0.580999 14.923900
0.581223 33.756600
0.581447 16.763400
0.581672 51.204000
0.581896 14.973200
0.582120 6.197140
0.582344 12.021000
0.582568 12.589900
0.582792 20.984000
0.583016 68.851900
0.583240 38.988300
0.583464 13.110000
0.583688 8.070290
0.583912 30.071500
0.584136 15.913100
0.584360 13.659100
0.584584 3.103140
0.584808 30.524000
0.585032 57.045700
0.585257 23.937700
0.585481 27.039500
0.585705 8.457730
0.585929 63.007100
0.586153 6.878490
0.586377 8.755840
0.586601 3.245340
0.586825 21.662700
0.587049 9.674490
0.587273 7.745960
0.587497 11.128000
0.587721 9.009400
0.587945 8.017770
0.588169 65.612200
0.588393 12.611400
0.588618 69.269400
0.588842 51.182800
0.589066 32.837400
0.589290 21.303800
0.589514 20.217600
0.589738 8.940620
0.589962 15.581200
0.590186 23.109700
0.590410 6.386940
0.590634 16.731400
0.590858 8.947550
0.591082 28.562500
0.591306 6.264850
0.591530 86.734300
0.591754 34.358300
0.591978 20.280800
0.592203 31.436400
0.592427 15.340500
0.592651 59.942300
0.592875 3.880170
0.593099 60.580900
0.593323 65.252600
0.593547 14.860500
0.593771 45.806600
0.593995 3.789930
0.594219 5.754710
0.594443 5.411360
0.594667 8.233300
0.594891 46.079600
0.595115 39.852500
0.595339 22.858300
0.595564 8.695850
0.595788 29.444300
0.596012 46.707000
0.596236 20.366100
0.596460 20.493700
0.596684 16.427200
0.596908 15.195300
0.597132 42.136200
0.597356 43.814900
0.597580 25.566300
0.597804 63.841200
0.598028 29.738100
0.598252 14.160900
0.598476 6.145640
0.598700 13.283300
0.598924 19.604000
0.599149 18.680100
0.599373 28.262200
0.599597 30.984600
0.599821 1.923060
0.600045 78.647900
0.600269 13.288300
0.600493 11.900100
0.600717 51.550100
0.600941 37.972600
0.601165 22.390100
0.601389 29.420000
0.601613 31.717700
0.601837 5.361530
0.602061 7.330870
0.602285 6.657180
0.602510 18.056000
0.602734 22.034000
0.602958 3.583990
0.603182 15.154400
0.603406 30.748000
0.603630 26.450100
0.603854 7.567180
0.604078 19.252000
0.604302 25.948600
0.604526 25.824400
0.604750 10.830200
0.604974 7.525410
0.605198 35.267800
0.605422 67.399900
0.605646 11.797700
0.605870 27.457700
0.606095 29.865100
0.606319 9.046240
0.606543 21.121300
0.606767 16.861500
0.606991 20.546400
0.607215 17.463500
0.607439 23.687500
0.607663 8.868870
0.607887 50.659700
0.608111 26.677800
0.608335 9.493010
0.608559 21.286800
0.608783 9.595890
0.609007 31.458200
0.609231 9.576130
0.609456 48.895600
0.609680 19.960100
0.609904 5.716510
0.610128 16.206000
0.610352 9.351710
0.610576 20.584000
0.610800 44.865000
0.611024 35.797400
0.611248 5.493850
0.611472 10.339400
0.611696 17.338500
0.611920 5.771490
0.612144 22.373300
0.612368 10.138500
0.612592 20.400000
0.612816 6.468760
0.613041 25.735300
0.613265 3.764480
0.613489 6.409650
0.613713 14.167100
0.613937 19.232500
0.614161 6.557580
0.614385 22.516800
0.614609 7.531910
0.614833 9.627770
0.615057 21.854100
0.615281 16.888500
0.615505 15.271400
0.615729 24.712200
0.615953 19.492300
0.616177 15.762500
0.616402 42.056300
0.616626 22.209200
0.616850 6.452820
0.617074 57.134800
0.617298 25.670300
0.617522 15.712400
0.617746 59.638000
0.617970 24.984100
0.618194 31.657100
0.618418 32.457600
0.618642 16.990100
0.618866 9.457330
0.619090 18.878600
0.619314 96.922300
0.619538 20.054300
0.619762 35.629900
0.619987 31.246400
0.620211 16.297300
0.620435 60.433800
0.620659 37.100400
0.620883 8.579970
0.621107 39.466000
0.621331 16.181700
0.621555 22.338100
0.621779 7.947140
0.622003 12.367700
0.622227 6.311650
0.622451 36.382300
0.622675 18.620600
0.622899 51.418700
0.623123 8.175850
0.623348 70.349600
0.623572 11.736300
0.623796 9.048870
0.624020 24.976500
0.624244 19.465100
0.624468 15.932100
0.624692 13.534600
0.624916 19.298800
0.625140 4.903020
0.625364 5.621030
0.625588 63.346800
0.625812 17.399600
0.626036 15.605300
0.626260 17.151400
0.626484 37.666900
0.626708 34.083800
0.626933 43.149700
0.627157 46.622600
0.627381 31.738000
0.627605 6.612400
0.627829 33.514800
0.628053 40.281400
0.628277 17.953600
0.628501 9.724150
0.628725 39.273600
0.628949 9.523200
0.629173 1.706820
0.629397 8.403680
0.629621 5.328850
0.629845 26.446300
0.630069 14.923100
0.630294 33.374000
0.630518 3.562370
0.630742 40.533600
0.630966 83.830800
0.631190 11.320600
0.631414 9.457940
0.631638 49.712400
0.631862 34.431300
0.632086 36.438000
0.632310 7.803990
0.632534 48.239900
0.632758 9.805020
0.632982 8.314290
0.633206 12.032500
0.633430 2.529560
0.633654 35.969400
0.633879 17.191000
0.634103 23.133400
0.634327 15.418300
0.634551 10.294300
0.634775 39.788200
0.634999 14.395200
0.635223 21.989100
0.635447 25.422000
0.635671 72.185500
0.635895 69.115000
0.636119 10.770700
0.636343 8.963790
0.636567 28.138800
0.636791 3.550120
0.637015 20.964100
0.637240 41.779700
0.637464 8.618930
0.637688 25.778800
0.637912 28.321300
0.638136 9.134690
0.638360 6.629670
0.638584 35.833000
0.638808 5.719320
0.639032 20.927700
0.639256 8.434900
0.639480 8.502430
0.639704 7.473970
0.639928 9.265910
0.640152 21.372700
0.640376 35.285500
0.640600 5.969510
0.640825 29.011800
0.641049 16.414800
0.641273 6.906920
0.641497 13.071600
0.641721 14.025000
0.641945 26.642500
0.642169 51.052900
0.642393 5.959860
0.642617 9.312720
0.642841 2.422620
0.643065 15.113200
0.643289 29.275800
0.643513 4.355470
0.643737 35.406300
0.643961 1.843290
0.644186 67.958500
0.644410 59.386300
0.644634 23.908500
0.644858 20.288000
0.645082 13.209500
0.645306 17.305100
0.645530 6.735560
0.645754 12.059000
0.645978 6.450010
0.646202 13.808200
0.646426 19.784200
0.646650 13.998900
0.646874 18.707500
0.647098 14.061700
0.647322 3.478300
0.647546 13.886700
0.647771 29.317900
0.647995 43.834000
0.648219 6.565460
0.648443 50.567900
0.648667 33.184700
0.648891 22.441400
0.649115 21.291600
0.649339 3.890840
0.649563 7.349040
0.649787 6.064010
0.650011 10.483100
0.650235 34.389600
0.650459 14.595800
0.650683 6.557440
0.650907 9.345050
0.651132 16.282200
0.651356 96.746100
0.651580 8.802470
0.651804 34.965200
0.652028 5.682750
0.652252 33.543000
0.652476 2.760920
0.652700 7.256690
0.652924 31.762500
0.653148 62.154200
0.653372 22.884100
0.653596 14.194600
0.653820 67.787000
0.654044 62.958400
0.654268 54.972600
0.654492 19.767000
0.654717 13.560000
0.654941 3.655340
0.655165 34.550700
0.655389 52.278500
0.655613 43.668800
0.655837 1.679520
0.656061 19.599500
0.656285 4.926290
0.656509 16.952800
0.656733 81.289100
0.656957 53.005800
0.657181 48.145300
0.657405 27.772500
0.657629 20.785400
0.657853 38.804500
0.658078 11.064700
0.658302 45.708200
0.658526 17.039400
0.658750 10.025700
0.658974 17.428300
0.659198 28.215900
0.659422 73.671900
0.659646 14.054500
0.659870 44.039300
0.660094 15.771100
0.660318 10.259700
0.660542 10.803000
0.660766 31.307300
0.660990 32.116500
0.661214 10.718300
0.661438 4.021300
0.661663 35.750100
0.661887 8.810090
0.662111 25.528300
0.662335 11.652900
0.662559 27.160500
0.662783 16.417400
0.663007 20.492900
0.663231 6.888640
0.663455 32.871200
0.663679 24.314200
0.663903 37.973300
0.664127 5.754600
0.664351 28.749300
0.664575 11.682800
0.664799 14.158800
0.665024 37.378300
0.665248 45.336100
0.665472 10.355200
0.665696 23.120100
0.665920 34.114500
0.666144 9.598050
0.666368 26.190400
0.666592 24.276600
0.666816 49.623100
0.667040 4.241750
0.667264 25.216500
0.667488 4.838580
0.667712 64.295500
0.667936 81.222800
0.668160 56.971200
0.668384 15.944800
0.668609 36.036600
0.668833 61.570000
0.669057 39.758800
0.669281 6.705910
0.669505 23.186900
0.669729 34.592900
0.669953 19.498700
0.670177 45.627400
0.670401 12.398500
0.670625 65.828900
0.670849 9.294990
0.671073 3.644480
0.671297 79.131000
0.671521 22.348900
0.671745 9.237530
0.671970 62.984000
0.672194 4.647690
0.672418 42.691000
0.672642 15.563700
0.672866 18.843300
0.673090 8.802960
0.673314 28.987400
0.673538 11.403100
0.673762 16.103100
0.673986 20.368100
0.674434 12.348400
0.674658 6.106740
0.674882 29.474800
0.675106 7.609910
0.675330 9.997690
0.675555 47.180300
0.675779 23.434800
0.676003 3.711230
0.676227 23.302600
0.676451 9.541080
0.676675 15.664400
0.676899 74.499900
0.677123 58.238200
0.677347 9.793510
0.677571 9.140970
0.677795 32.869900
0.678019 49.959100
0.678243 15.231500
0.678467 5.746860
0.678691 47.963700
0.679140 5.604280
0.679364 25.837500
0.679588 7.770510
0.679812 58.258700
0.680036 21.073600
0.680260 54.810000
0.680484 26.527600
0.680708 5.504510
0.680932 6.633230
0.681156 15.457000
0.681380 22.113000
0.681604 59.786200
0.681828 17.041400
0.682052 10.117400
0.682276 35.250100
0.682501 35.435700
0.682725 7.713130
0.682949 7.912690
0.683173 57.024100
0.683397 24.601200
0.683621 24.150500
0.683845 62.098800
0.684069 8.517920
0.684293 88.004200
0.684517 6.708710
0.684741 38.313900
0.684965 26.258200
0.685189 84.176000
0.685413 21.752200
0.685637 34.751900
0.685862 53.201400
0.686086 42.799200
0.686310 21.297400
0.686534 28.072300
0.686758 23.177700
0.686982 65.703700
0.687206 47.359800
0.687430 63.354000
0.687654 45.370800
0.687878 40.537800
0.688102 27.845300
0.688326 28.049300
0.688550 7.788860
0.688774 17.692900
0.688998 17.979400
0.689222 29.097800
0.689447 12.492300
0.689671 25.890200
0.689895 21.993600
0.690119 13.198600
0.690343 1.724600
0.690567 59.626800
0.690791 4.421440
0.691015 38.457400
0.691239 12.949300
0.691463 3.083250
0.691687 21.525100
0.691911 44.975300
0.692135 16.104100
0.692359 7.498650
0.692583 45.473700
0.692808 28.839200
0.693032 3.344200
0.693256 39.120400
0.693480 6.512640
0.693704 13.401600
0.693928 5.302290
0.694152 10.162400
0.694376 45.006800
0.694600 27.463800
0.694824 5.216190
0.695048 87.630100
0.695272 4.373590
0.695496 2.944910
0.695720 26.124000
0.695944 27.773700
0.696168 15.501000
0.696393 49.911000
0.696617 34.480400
0.696841 13.613200
0.697065 8.996920
0.697289 18.862400
0.697513 9.207900
0.697737 14.591100
0.697961 23.545200
0.698185 18.068200
0.698409 17.023700
0.698633 28.883700
0.698857 57.840400
0.699081 55.995600
0.699305 22.057300
0.699529 4.091250
0.699754 12.144900
0.699978 1.894020
0.700202 10.577400
0.700426 28.813800
0.700650 14.418800
0.700874 5.676860
0.701098 28.524000
0.701322 55.553500
0.701546 8.937990
0.701770 7.379870
0.701994 55.748000
0.702218 23.116600
0.702442 7.386530
0.702666 13.923100
0.702890 44.836700
0.703114 61.682800
0.703339 15.291800
0.703563 33.063500
0.703787 33.885500
0.704011 36.739300
0.704235 16.167700
0.704459 7.215480
0.704683 9.549240
0.704907 20.727600
0.705131 68.600900
0.705355 34.932600
0.705579 34.385500
0.705803 29.968000
0.706027 40.181900
0.706251 28.232500
0.706475 27.278700
0.706700 20.196500
0.706924 17.031300
0.707148 7.653380
0.707372 30.359700
0.707596 47.395000
0.707820 12.584900
0.708044 74.356300
0.708268 85.568300
0.708492 35.225900
0.708716 41.548400
0.708940 20.004400
0.709164 17.073600
0.709388 25.332900
0.709612 10.466700
0.709836 43.816400
0.710060 45.247700
0.710285 6.770170
0.710509 20.248200
0.710733 9.036070
0.710957 37.384100
0.711181 18.921100
0.711405 26.274000
0.711629 2.779940
0.711853 8.503550
0.712077 20.690100
0.712301 11.768400
0.712525 10.527400
0.712749 54.852200
0.712973 64.408400
0.713197 33.195500
0.713421 8.681430
0.713646 4.013730
0.713870 32.665000
0.714094 44.499200
0.714318 5.515690
0.714542 5.856890
0.714766 12.879400
0.714990 68.147500
0.715214 44.006900
0.715438 60.548800
0.715662 6.487770
0.715886 20.674400
0.716110 7.074910
0.716334 5.549780
0.716558 22.752600
0.716782 5.579230
0.717006 41.694800
0.717231 35.450100
0.717455 14.880000
0.717679 42.829400
0.717903 14.705900
0.718127 3.566930
0.718351 21.231300
0.718575 31.793500
0.718799 9.297850
0.719023 30.820200
0.719247 13.428000
0.719471 23.735800
0.719695 11.116500
0.719919 34.111000
0.720143 26.509100
0.720367 46.436400
0.720592 31.216700
0.720816 28.865700
0.721040 54.954000
0.721264 5.028220
0.721488 48.150700
0.721712 25.092600
0.721936 9.257080
0.722160 51.002400
0.722384 40.577700
0.722608 15.657300
0.722832 80.709600
0.723056 9.703320
0.723280 21.825400
0.723504 60.703100
0.723728 51.678400
0.723952 2.582320
0.724177 7.083000
0.724401 70.951700
0.724625 1.711550
0.724849 8.761250
0.725073 48.685800
0.725297 16.276700
0.725521 9.159790
0.725745 8.792360
0.725969 47.891100
0.726193 20.877500
0.726417 31.179300
0.726641 18.838700
0.727313 9.621300
0.727538 7.358990
0.727762 28.293500
0.727986 15.374500
0.728210 6.575970
0.728434 52.828800
0.728658 14.116600
0.728882 10.846800
0.729106 68.949100
0.729330 3.591920
0.729554 18.082800
0.729778 10.902000
0.730002 6.197520
0.730226 87.716600
0.730450 55.019400
0.730674 35.221900
0.730898 18.463600
0.731123 36.578100
0.731347 5.260180
0.731571 19.475500
0.731795 25.161300
0.732019 9.998350
0.732243 7.584870
0.732467 15.031200
0.732691 25.605300
0.732915 22.846900
0.733139 14.543800
0.733363 20.644200
0.733587 3.096450
0.733811 65.141800
0.734035 22.527300
0.734259 21.025600
0.734484 41.270600
0.734708 13.994300
0.734932 45.116900
0.735156 12.947000
0.735380 54.614900
0.735604 9.790330
0.735828 33.720200
0.736052 29.618400
0.736276 42.961400
0.736500 4.545560
0.736724 10.639800
0.736948 59.734000
0.737172 7.787430
0.737620 15.995400
0.737844 40.466700
0.738069 24.417100
0.738293 27.442600
0.738517 5.419190
0.738741 56.407200
0.738965 8.726630
0.739189 36.282200
0.739413 85.874600
0.739637 23.957500
0.739861 3.467520
0.740085 8.032850
0.740309 10.107700
0.740533 17.856400
0.740757 7.552100
0.740981 43.656600
0.741205 20.254300
0.741430 24.412100
0.741654 90.726400
0.741878 22.759400
0.742102 8.313980
0.742326 19.071700
0.742550 23.590200
0.742774 9.443180
0.742998 11.483800
0.743222 22.086500
0.743446 34.411800
0.743670 35.544900
0.743894 40.958300
0.744118 69.840600
0.744342 23.909000
0.744566 12.717600
0.744790 9.633460
0.745015 24.518100
0.745239 63.487400
0.745463 16.641000
0.745687 49.007900
0.745911 17.402000
0.746135 41.248500
0.746359 19.970200
0.746583 21.318800
0.746807 12.085700
0.747031 28.740200
0.747255 52.344500
0.747479 15.126100
0.747703 29.781500
0.747927 53.946000
0.748151 48.732300
0.748376 4.879330
0.748600 21.869000
0.748824 81.820000
0.749048 13.166900
0.749272 47.691200
0.749496 14.664600
0.749720 21.419700
0.749944 48.257400
0.750168 12.754000
0.750392 82.533100
0.750616 11.111700
0.750840 30.555400
0.751064 8.749600
0.751288 12.958400
0.751512 14.037100
0.751737 57.892300
0.751961 9.022680
0.752185 24.284300
0.752409 78.395900
0.752633 13.862900
0.752857 17.082200
0.753081 11.790500
0.753305 11.547900
0.753529 27.916900
0.753753 14.768600
0.753977 11.856700
0.754201 26.030700
0.754425 17.547700
0.754649 52.741500
0.754873 14.066600
0.755097 6.177330
0.755322 33.819500
0.755546 5.073600
0.755770 35.979100
0.755994 34.283200
0.756218 62.673700
0.756442 21.393500
0.756666 24.198000
0.756890 17.319700
0.757114 7.220340
0.757338 22.613300
0.757562 47.226800
0.757786 15.285900
0.758010 3.996450
0.758234 13.765900
0.758458 40.487500
0.758683 68.077000
0.758907 82.353400
0.759131 33.521800
0.759355 23.012500
0.759579 29.118800
0.759803 20.011900
0.760027 19.788700
0.760251 45.939500
0.760475 23.208900
0.760699 12.967600
0.760923 53.833900
0.761147 17.222900
0.761371 37.787500
0.761595 65.893300
0.761819 5.117970
0.762043 28.566200
0.762268 26.289600
0.762492 10.126600
0.762716 8.574480
0.762940 5.380590
0.763164 54.075900
0.763388 14.634500
0.763612 22.795000
0.763836 21.809700
0.764060 25.151400
0.764284 4.368740
0.764508 15.749000
0.764732 21.063900
0.764956 20.104700
0.765180 9.804080
0.765404 28.443400
0.765629 13.627700
0.765853 31.805100
0.766077 9.605020
0.766301 13.937700
0.766525 38.977600
0.766749 17.879300
0.766973 6.579280
0.767197 8.113160
0.767421 2.612950
0.767645 6.338990
0.767869 6.355170
0.768093 19.737000
0.768317 5.516280
0.768541 9.639030
0.768765 4.475840
0.768989 29.506100
0.769214 31.471300
0.769438 8.762830
0.769662 23.931800
0.769886 62.429600
0.770110 16.538900
0.770334 7.074450
0.770558 7.257730
0.770782 50.624600
0.771006 10.721300
0.771230 8.281290
0.771454 20.260900
0.771678 20.830800
0.771902 11.926800
0.772126 67.614600
0.772350 10.840800
0.772575 9.761270
0.772799 34.455800
0.773023 46.424600
0.773247 17.322300
0.773471 7.913080
0.773695 31.112600
0.773919 3.231000
0.774143 12.278900
0.774367 15.993900
0.774591 10.140300
0.774815 12.624400
0.775039 19.802800
0.775263 17.302800
0.775487 22.543100
0.775711 13.709800
0.775935 5.325970
0.776160 91.737800
0.776384 10.365500
0.776608 7.891680
0.776832 23.966600
0.777056 4.810720
0.777280 10.105700
0.777504 25.021900
0.777728 47.603000
0.777952 20.569500
0.778176 8.189810
0.778400 31.840500
0.778624 7.430210
0.778848 30.208600
0.779072 25.755700
0.779296 19.780100
0.779521 11.866400
0.779745 46.423400
0.779969 14.551200
0.780193 15.357700
0.780417 10.272200
0.780641 27.330000
0.780865 11.347900
0.781089 43.677500
0.781313 9.704370
0.781537 25.426100
0.781761 8.522780
0.781985 6.161150
0.782209 11.484100
0.782433 69.425800
0.782657 8.470020
0.782881 39.705300
0.783106 36.755600
0.783330 6.133870
0.783554 7.451090
0.783778 68.150900
0.784002 55.002100
0.784226 43.427900
0.784450 13.251300
0.784674 29.444800
0.784898 11.955500
0.785122 25.044100
0.785346 14.356900
0.785570 12.685600
0.785794 60.255300
0.786018 10.477200
0.786242 7.152490
0.786467 28.557600
0.786691 26.528800
0.786915 4.167690
0.787139 22.342500
0.787363 18.290600
0.787587 6.110300
0.787811 15.644700
0.788035 11.455200
0.788259 79.571400
0.788483 10.676800
0.788707 5.089810
0.788931 1.742650
0.789155 69.019900
0.789379 8.596240
0.789603 54.647600
0.789827 27.154800
0.790052 7.433230
0.790276 5.617320
0.790500 19.864900
0.790724 21.310900
0.790948 2.590770
0.791172 21.507200
0.791396 19.017800
0.791620 83.404200
0.791844 20.277200
0.792068 9.504910
0.792292 4.620260
0.792516 31.139500
0.792740 28.528300
0.792964 19.006200
0.793188 11.627800
0.793413 53.386000
0.793637 20.682100
0.793861 34.164600
0.794085 52.773300
0.794309 33.037300
0.794533 64.102900
0.794757 7.176910
0.794981 34.176300
0.795205 10.353300
0.795429 18.309500
0.795653 42.548100
0.795877 35.306300
0.796101 4.996640
0.796325 12.544200
0.796549 13.703600
0.796773 22.967200
0.796998 5.467440
0.797222 5.613580
0.797446 27.911900
0.797670 10.232100
0.797894 50.932600
0.798118 18.377400
0.798342 37.325600
0.798566 18.231300
0.798790 18.286900
0.799014 6.825470
0.799238 14.513200
0.799462 6.327980
0.799686 20.965700
0.799910 16.945500
0.800134 10.610500
0.800359 11.096800
0.800583 8.935280
0.800807 7.119260
0.801031 5.948130
0.801255 3.649820
0.801479 30.371100
0.801703 36.015700
0.801927 23.563800
0.802151 4.960020
0.802375 20.950200
0.802599 9.655470
0.802823 11.754100
0.803047 9.214010
0.803271 8.953140
0.803495 54.730600
0.803719 9.907420
0.803944 44.392100
0.804168 38.866100
0.804392 15.618200
0.804616 8.634400
0.804840 30.797900
0.805064 32.570300
0.805288 13.009800
0.805512 18.327700
0.805736 33.658800
0.805960 20.922400
0.806184 6.888070
0.806408 7.673600
0.806632 34.457100
0.806856 8.612590
0.807080 36.085300
0.807305 11.873400
0.807529 24.394900
0.807753 29.729600
0.807977 28.376000
0.808201 34.269800
0.808425 22.446600
0.808649 14.743000
0.808873 65.178100
0.809097 8.344520
0.809321 10.131100
0.809545 11.200100
0.809769 18.967500
0.809993 23.996600
0.810217 25.110900
0.810441 18.815400
0.810665 37.839700
0.810890 46.890400
0.811114 16.694000
0.811338 4.383370
0.811562 17.354000
0.811786 40.472400
0.812010 49.389500
0.812234 35.296300
0.812458 9.299690
0.812682 74.306300
0.812906 47.302200
0.813130 45.108100
0.813354 22.377800
0.813578 12.246200
0.813802 9.009750
0.814026 35.889500
0.814251 23.902500
0.814475 27.297100
0.814699 17.939700
0.814923 61.441800
0.815147 7.967740
0.815371 14.063600
0.815595 35.651200
0.815819 7.690540
0.816043 15.937800
0.816267 51.701900
0.816491 2.497280
0.816715 10.974200
0.816939 11.742900
0.817163 69.793900
0.817387 12.943000
0.817611 8.111440
0.817836 27.270700
0.818060 7.102870
0.818284 15.904300
0.818508 7.061960
0.818732 45.034000
0.818956 12.399200
0.819180 22.966400
0.819404 42.016500
0.819628 9.922250
0.819852 56.745600
0.820076 8.423480
0.820300 59.887500
0.820524 4.491930
0.820748 23.681900
0.820972 11.988900
0.821197 22.819700
0.821421 23.893800
0.821645 19.084200
0.821869 2.546650
0.822093 13.818800
0.822317 6.419550
0.822541 24.798600
0.822765 17.595200
0.822989 29.018400
0.823213 14.469900
0.823437 42.028500
0.823661 10.922300
0.823885 31.548200
0.824109 10.120900
0.824333 21.857700
0.824557 16.977900
0.824782 16.893800
0.825006 19.570800
0.825230 20.728600
0.825454 7.591690
0.825678 73.124000
0.825902 53.891300
0.826126 26.478800
0.826350 8.353260
0.826574 19.347900
0.826798 14.242700
0.827022 21.263300
0.827246 8.221440
0.827470 32.365700
0.827694 27.725600
0.827918 3.786860
0.828143 30.347600
0.828367 35.598200
0.828591 23.530100
0.828815 7.278840
0.829039 78.576500
0.829263 6.201620
0.829487 12.855000
0.829711 10.013200
0.829935 12.928100
0.830159 39.857400
0.830383 20.471100
0.830607 45.366100
0.830831 23.020600
0.831055 30.643100
0.831279 8.967140
0.831503 30.865600
0.831728 9.585620
0.831952 6.927340
0.832176 18.347300
0.832400 10.615600
0.832624 31.281700
0.832848 81.081400
0.833072 19.378800
0.833296 9.374870
0.833520 13.528100
0.833744 8.411770
0.833968 6.839730
0.834192 47.641000
0.834416 32.218200
0.834640 72.877700
0.834864 11.334100
0.835089 18.955500
0.835313 20.104800
0.835537 70.848600
0.835761 51.229300
0.835985 25.106000
0.836209 3.862960
0.836433 27.863700
0.836657 5.162970
0.836881 1.809060
0.837105 21.278900
0.837329 28.447800
0.837553 15.208300
0.837777 23.003400
0.838001 6.965670
0.838225 8.632530
0.838449 11.417500
0.838674 6.395080
0.838898 62.503000
0.839122 19.101700
0.839346 10.967200
0.839570 24.313900
0.839794 12.830700
0.840018 68.531400
0.840242 38.495500
0.840466 56.389600
0.840690 9.295200
0.840914 21.428700
0.841138 10.443900
0.841362 36.563000
0.841586 30.313800
0.841810 26.357100
0.842035 14.269600
0.842259 18.642300
0.842483 23.570700
0.842707 54.221500
0.842931 10.185800
0.843155 23.692300
0.843379 22.670700
0.843603 15.136900
0.843827 16.086300
0.844051 8.600250
0.844275 27.781200
0.844499 29.559500
0.844723 31.423100
0.844947 68.399100
0.845171 19.166000
0.845395 8.146310
0.845620 76.059000
0.845844 38.701700
0.846068 17.095600
0.846292 38.849200
0.846516 26.909500
0.846740 26.974000
0.846964 75.210700
0.847188 13.639100
0.847412 64.128300
0.847636 30.992500
0.847860 11.110700
0.848084 12.955200
0.848308 12.211400
0.848532 11.334000
0.848756 13.709600
0.848981 27.095200
0.849205 55.469700
0.849429 1.647050
0.849653 10.892000
0.849877 18.990400
0.850101 30.571200
0.850325 24.586500
0.850549 75.581900
0.850773 25.745800
0.850997 30.556100
0.851221 43.781700
0.851445 33.025800
0.851669 5.835860
0.851893 12.138100
0.852117 69.043900
0.852341 18.209800
0.852566 23.550400
0.852790 6.257810
0.853014 39.671700
0.853238 2.507770
0.853462 5.434070
0.853686 15.703500
0.853910 5.745600
0.854134 25.805800
0.854358 19.985500
0.854582 30.714300
0.854806 21.277900
0.855030 20.735500
0.855254 8.914030
0.855478 5.920760
0.855702 21.437200
0.855927 11.409300
0.856151 44.572100
0.856375 19.134400
0.856599 16.691100
0.856823 8.839980
0.857047 7.583200
0.857271 31.882500
0.857495 5.990410
0.857719 8.004570
0.857943 15.493000
0.858167 88.221400
0.858391 7.348890
0.858615 15.539700
0.858839 44.546500
0.859063 17.318900
0.859287 12.130100
0.859512 69.070200
0.859736 34.996100
0.859960 17.244200
0.860184 4.000180
0.860408 20.606600
0.860632 19.814600
0.860856 15.280900
0.861080 16.208300
0.861304 84.414900
0.861528 10.706600
0.861752 17.461600
0.861976 22.345000
0.862200 7.763900
0.862424 7.143370
0.862648 17.053000
0.862873 50.239100
0.863097 7.689880
0.863321 5.336160
0.863545 46.253400
0.863769 55.750500
0.863993 2.927940
0.864217 10.937500
0.864441 39.571200
0.864665 10.121500
0.864889 27.820100
0.865113 38.104100
0.865337 2.138080
0.865561 22.299800
0.865785 8.815650
0.866009 7.736720
0.866233 17.592900
0.866458 8.039330
0.866682 20.443900
0.866906 6.655280
0.867130 17.684900
0.867354 56.908700
0.867578 23.338000
0.867802 5.151500
0.868026 69.640300
0.868250 18.717900
0.868474 22.209800
0.868698 24.556300
0.868922 21.381500
0.869146 28.973700
0.869370 12.748300
0.869594 5.398280
0.869819 24.443000
0.870043 9.530500
0.870267 9.352600
0.870491 4.798350
0.870715 93.719800
0.870939 26.679800
0.871163 8.071970
0.871387 4.526410
0.871611 21.903300
0.871835 47.387500
0.872059 7.629360
0.872283 40.819100
0.872507 8.732970
0.872731 60.489600
0.872955 53.821900
0.873179 15.638600
0.873404 6.682950
0.873628 12.327500
0.873852 4.018210
0.874076 23.795200
0.874300 78.057500
0.874524 41.137900
0.874748 19.446400
0.874972 57.213300
0.875196 38.881800
0.875420 32.606200
0.875644 29.180700
0.875868 30.952900
0.876092 7.134150
0.876316 62.458200
0.876540 44.745700
0.876765 6.996030
0.876989 17.284900
0.877213 62.290200
0.877437 5.649340
0.877661 10.216800
0.877885 20.755800
0.878109 32.088600
0.878333 6.639010
0.878557 28.920400
0.878781 9.499670
0.879005 9.527410
0.879229 12.838000
0.879453 47.738100
0.879677 40.517800
0.879901 5.623810
0.880125 58.464900
0.880350 8.240650
0.880574 53.879900
0.880798 23.175500
0.881022 4.545030
0.881246 85.945500
0.881470 64.127800
0.881694 6.752420
0.881918 47.518700
0.882142 6.767510
0.882366 13.520700
0.882590 26.608200
0.882814 8.522270
0.883038 54.259700
0.883262 22.227900
0.883486 36.676200
0.883711 6.861710
0.883935 43.605600
0.884159 90.521800
0.884383 9.872750
0.884607 4.656800
0.884831 33.501000
0.885055 31.613600
0.885279 11.431200
0.885503 9.062530
0.885727 40.132200
0.885951 58.768900
0.886175 34.731000
0.886399 74.523600
0.886623 67.583200
0.886847 9.494340
0.887071 42.458200
0.887296 24.165400
0.887520 28.053600
0.887744 43.580400
0.887968 17.258600
0.888192 20.425800
0.888416 11.778000
0.888640 18.623400
0.888864 23.096900
0.889088 21.114500
0.889312 57.208500
0.889536 91.143300
0.889760 8.658930
0.889984 22.701800
0.890208 49.942500
0.890432 13.758000
0.890657 8.848410
0.890881 5.949600
0.891105 40.903400
0.891329 37.633900
0.891553 38.023200
0.891777 35.784800
0.892001 8.964020
0.892225 26.577300
0.892449 17.878500
0.892673 24.789600
0.892897 41.811900
0.893121 56.721100
0.893345 33.134300
0.893569 11.963100
0.893793 61.648600
0.894017 12.787300
0.894242 25.047500
0.894466 42.713500
0.894690 18.746900
0.894914 58.441000
0.895138 24.724700
0.895362 59.847900
0.895586 1.909090
0.895810 3.549910
0.896034 22.751200
0.896258 23.259000
0.896482 7.952990
0.896706 4.954910
0.896930 19.846600
0.897154 59.771100
0.897378 12.266900
0.897603 4.872990
0.897827 74.193800
0.898051 39.183700
0.898275 6.108360
0.898499 25.897500
0.898723 18.840900
0.898947 5.884090
0.899171 42.856700
0.899395 26.231500
0.899619 21.990100
0.899843 46.312300
0.900067 42.170100
0.900291 52.791500
0.900515 40.940400
0.900963 12.620400
0.901188 31.750100
0.901412 8.659150
0.901636 12.559100
0.901860 11.431400
0.902084 36.382800
0.902308 16.807900
0.902532 12.794800
0.902756 3.032720
0.902980 8.775460
0.903204 38.982100
0.903428 54.322500
0.903652 17.363900
0.903876 49.616900
0.904100 22.782900
0.904324 31.486400
0.904549 31.087700
0.904773 25.467800
0.904997 57.219900
0.905221 42.358400
0.905445 22.053200
0.905669 22.677900
0.905893 12.431300
0.906117 91.116100
0.906341 7.715250
0.906565 62.826300
0.906789 15.131700
0.907013 19.241600
0.907237 18.155500
0.907461 35.606000
0.907685 4.179760
0.907909 35.273300
0.908134 6.121800
0.908358 35.819200
0.908582 12.888500
0.908806 6.970120
0.909030 24.130700
0.909254 38.057200
0.909478 20.835400
0.909702 17.492100
0.909926 4.305520
0.910150 2.822550
0.910374 60.383200
0.910598 57.107800
0.910822 43.846700
0.911046 17.915900
0.911270 16.825300
0.911495 2.170110
0.911719 16.188000
0.911943 35.885500
0.912167 39.434700
0.912391 4.860440
0.912615 11.608400
0.912839 19.281200
0.913063 26.566300
0.913287 17.784700
0.913511 20.027500
0.913735 13.853800
0.913959 74.959900
0.914183 53.429000
0.914407 50.881100
0.914631 43.306300
0.914855 7.775530
0.915080 49.226400
0.915304 36.941100
0.915528 18.074500
0.915752 1.799770
0.915976 3.450480
0.916200 44.573700
0.916424 24.630700
0.916648 15.450900
0.916872 40.586800
0.917096 10.081800
0.917320 50.116800
0.917544 33.950000
0.917768 6.599820
0.917992 7.824550
0.918216 14.047100
0.918441 23.137500
0.918665 58.942200
0.918889 7.344680
0.919113 44.701900
0.919337 20.580700
0.919561 41.699400
0.919785 32.936700
0.920009 30.680700
0.920233 13.508700
0.920457 42.279600
0.920681 51.289200
0.920905 24.630900
0.921129 45.907300
0.921353 27.268100
0.921577 45.620700
0.921801 12.973800
0.922026 1.990230
0.922250 2.249650
0.922474 59.191300
0.922698 3.600550
0.922922 10.549800
0.923146 6.300940
0.923370 8.814270
0.923594 19.252500
0.923818 9.029740
0.924042 11.626400
0.924266 27.889400
0.924490 42.167400
0.924714 26.531700
0.924938 11.453700
0.925162 12.337500
0.925387 4.150290
0.925611 28.375700
0.925835 9.309920
0.926059 14.062500
0.926283 1.722230
0.926507 33.067800
0.926731 12.369600
0.926955 14.209100
0.927179 35.897900
0.927403 7.473870
0.927627 21.510100
0.927851 26.854200
0.928075 3.722500
0.928299 9.281450
0.928523 56.403000
0.928747 36.815700
0.928972 7.079350
0.929196 6.149510
0.929420 8.256190
0.929644 15.050900
0.929868 32.722400
0.930092 7.044850
0.930316 9.231160
0.930540 42.168200
0.930764 3.398820
0.930988 20.008800
0.931212 20.872100
0.931436 9.848720
0.931660 31.899900
0.931884 46.187500
0.932108 7.307480
0.932333 16.887300
0.932557 33.826600
0.932781 10.433500
0.933005 5.240780
0.933229 12.715900
0.933453 30.915200
0.933677 44.448700
0.933901 21.183900
0.934125 48.014600
0.934349 11.766500
0.934573 49.958900
0.934797 39.861100
0.935021 7.285950
0.935245 42.242700
0.935469 3.293910
0.935693 23.985900
0.935918 8.470000
0.936142 65.729700
0.936366 64.977600
0.936590 10.910200
0.936814 6.645580
0.937038 77.817200
0.937262 6.749980
0.937486 43.139600
0.937710 10.776700
0.937934 28.208100
0.938158 85.544500
0.938382 32.261200
0.938606 25.563800
0.938830 30.628000
0.939054 10.526900
0.939279 2.689020
0.939503 94.541300
0.939727 13.377800
0.939951 6.105850
0.940175 49.513200
0.940399 22.284000
0.940623 21.025700
0.940847 49.653700
0.941071 25.069200
0.941295 7.659870
0.941519 13.762800
0.941743 7.229030
0.941967 9.955550
0.942191 34.530900
0.942415 7.893820
0.942639 12.334300
0.942864 82.760900
0.943088 7.770550
0.943312 10.302000
0.943536 9.395280
0.943760 11.581900
0.943984 38.184000
0.944208 19.847600
0.944432 16.683100
0.944656 22.692300
0.944880 88.985900
0.945104 2.588840
0.945328 7.991000
0.945552 23.168000
0.945776 7.755830
0.946000 7.283100
0.946225 26.721000
0.946449 7.911260
0.946673 10.306200
0.946897 20.763000
0.947121 9.434990
0.947345 15.712500
0.947569 1.680650
0.947793 72.306200
0.948017 26.033100
0.948241 42.971400
0.948465 9.832120
0.948689 3.031700
0.948913 4.999170
0.949137 18.135200
0.949361 25.161500
0.949585 18.100900
0.949810 12.974100
0.950034 9.647390
0.950258 28.865400
0.950482 3.708520
0.950706 17.451300
0.950930 5.070470
0.951154 34.369600
0.951378 11.398400
0.951602 8.666900
0.951826 32.975300
0.952050 21.106000
0.952274 5.494100
0.952498 32.109900
0.952722 32.362100
0.952946 7.857810
0.953171 20.442900
0.953395 68.927600
0.953619 30.876800
0.953843 76.234000
0.954067 22.674200
0.954291 66.894400
0.954515 4.819280
0.954739 14.589500
0.954963 13.716800
0.955187 26.232500
0.955411 14.979800
0.955635 60.856300
0.955859 21.898900
0.956083 16.970100
0.956307 17.271000
0.956531 37.152100
0.956756 8.908220
0.956980 10.175800
0.957204 25.832500
0.957428 49.647600
0.957652 6.989670
0.957876 84.015000
0.958100 3.816930
0.958324 9.890050
0.958548 2.212910
0.958772 16.817700
0.958996 20.701300
0.959220 20.728300
0.959444 8.690860
0.959668 17.427600
0.959892 12.174300
0.960117 16.038000
0.960341 58.231300
0.960565 20.024600
0.960789 7.477530
0.961013 8.958060
0.961237 70.054800
0.961461 25.692200
0.961685 9.204310
0.961909 29.019800
0.962133 37.038200
0.962357 8.353010
0.962581 59.803500
0.962805 5.904860
0.963029 31.214400
0.963253 10.288100
0.963477 31.896400
0.963702 10.641000
0.963926 5.467990
0.964150 18.464400
0.964374 4.917640
0.964598 28.952200
0.964822 9.522730
0.965046 16.176300
0.965270 14.366800
0.965494 7.041740
0.965718 8.688170
0.965942 1.954110
0.966166 15.528500
0.966390 6.084980
0.966614 50.835300
0.966838 21.546000
0.967063 13.313600
0.967287 31.877500
0.967511 14.460700
0.967735 18.717800
0.967959 27.103400
0.968183 30.955600
0.968407 5.096710
0.968631 65.288200
0.968855 59.866300
0.969079 9.937150
0.969303 18.861400
0.969527 7.855760
0.969751 5.726860
0.969975 24.493000
0.970199 22.397000
0.970423 12.514200
0.970648 11.980900
0.970872 24.300700
0.971096 17.386400
0.971320 60.429400
0.971544 23.060900
0.971768 23.483900
0.971992 12.401500
0.972216 16.973400
0.972440 14.099800
0.972664 3.805780
0.972888 3.536240
0.973112 21.600000
0.973336 22.826600
0.973560 33.697800
0.973784 15.620400
0.974009 37.698900
0.974233 13.458300
0.974457 5.352970
0.974681 1.781460
0.974905 7.308380
0.975129 5.778610
0.975353 4.185810
0.975577 28.054100
0.975801 5.382380
0.976025 25.108800
0.976249 32.008200
0.976473 3.552270
0.976697 43.433300
0.976921 26.195800
0.977145 20.565600
0.977369 74.242100
0.977594 8.713140
0.977818 8.841780
0.978042 12.638700
0.978266 15.646300
0.978490 58.721700
0.978714 9.640970
0.978938 19.558000
0.979162 43.942100
0.979386 30.963100
0.979610 15.064400
0.979834 9.997720
0.980058 27.871500
0.980282 29.069600
0.980506 14.620100
0.980730 23.513800
0.980955 10.497400
0.981179 22.629100
0.981403 13.873100
0.981627 13.115200
0.981851 56.865200
0.982075 25.706900
0.982299 23.426900
0.982523 35.668800
0.982747 17.102400
0.982971 15.300500
0.983195 6.582020
0.983419 28.912000
0.983643 8.262430
0.983867 9.932010
0.984091 46.948400
0.984315 68.965700
0.984540 80.038100
0.984764 29.872600
0.984988 20.647400
0.985212 34.124500
0.985436 31.852900
0.985660 10.161100
0.985884 4.783450
0.986108 15.902200
0.986332 5.159340
0.986556 7.136120
0.986780 39.536600
0.987004 4.604950
0.987228 11.024100
0.987452 31.438300
0.987676 28.559900
0.987901 50.126600
0.988125 20.846800
0.988349 8.806550
0.988573 6.926320
0.988797 14.560400
0.989021 8.946090
0.989245 26.944200
0.989469 7.072870
0.989693 34.104600
0.989917 9.172170
0.990141 6.597580
0.990365 16.932700
0.990589 40.383500
0.990813 68.288700
0.991037 26.960500
0.991261 75.782300
0.991486 29.824800
0.991710 8.487260
0.991934 7.285480
0.992158 24.680200
0.992382 18.333000
0.992606 9.265180
0.992830 5.737280
0.993054 45.529300
0.993278 5.737980
0.993502 7.580840
0.993726 25.600200
0.993950 12.865100
0.994174 17.849100
0.994398 46.387500
0.994622 9.750590
0.994847 20.817800
0.995071 13.756200
0.995295 33.080500
0.995519 51.764800
0.995743 36.990500
0.995967 20.129300
0.996191 7.512880
0.996415 14.280200
0.996639 1.667250
0.996863 86.059900
0.997087 27.484900
0.997311 71.093700
0.997535 13.306900
0.997759 32.934200
0.997983 16.096900
0.998207 25.835900
0.998432 19.835700
0.998656 10.947500
0.998880 11.369500
0.999104 11.310700
0.999328 9.832510
0.999552 2.842680
0.999776 31.855900
1.000000 8.338440
