0.020076 8.389800
0.020619 39.262200
0.021161 61.404700
0.021704 59.836700
0.022246 2.871540
0.022789 9.196720
0.023332 6.175440
0.023874 9.131790
0.024417 38.429700
0.024959 62.427500
0.025502 62.001600
0.026044 8.812020
0.026587 4.045810
0.027130 7.260390
0.027672 70.058500
0.028215 11.088900
0.028757 6.122270
0.029300 30.510300
0.029843 79.050900
0.030385 5.310840
0.030928 16.765500
0.031470 16.114800
0.032013 36.724000
0.032556 38.131500
0.033098 7.633920
0.033641 23.046200
0.034183 33.844900
0.034726 30.099200
0.035269 14.815800
0.035811 6.944090
0.036354 24.071600
0.036896 6.016760
0.037439 68.293500
0.037982 6.011770
0.038524 39.517400
0.039067 9.820960
0.039609 29.733200
0.040152 55.883900
0.040695 3.660130
0.041237 28.530000
0.041780 15.902700
0.042322 8.014810
0.042865 12.926800
0.043407 26.492500
0.043950 10.421700
0.044493 33.559700
0.045035 7.307940
0.045578 26.310400
0.046120 16.891300
0.046663 15.832200
0.047206 9.555100
0.047748 15.794100
0.048291 53.454300
0.048833 35.947100
0.049376 16.285100
0.049919 7.008580
0.050461 19.965300
0.051004 42.304500
0.051546 23.497200
0.052089 4.300240
0.061856 59.483000
0.062398 4.890560
0.062941 26.114300
0.063483 27.957700
0.064026 26.447900
0.064569 26.286300
0.065111 13.881700
0.065654 19.402400
0.066196 17.011600
0.066739 51.652300
0.067282 4.329610
0.067824 8.013870
0.068367 17.968400
0.068909 12.901100
0.069452 6.247210
0.069995 15.263000
0.070537 13.869600
0.071080 5.849900
0.071622 5.139720
0.072165 14.247300
0.072708 6.758640
0.073250 72.732400
0.073793 20.833700
0.074335 29.933400
0.074878 6.696520
0.075421 43.427100
0.075963 11.856500
0.076506 50.376900
0.077048 9.164790
0.077591 14.749100
0.078133 79.590200
0.078676 58.311000
0.079219 53.561200
0.079761 59.243400
0.080304 21.611500
0.080846 1.162390
0.081389 10.820500
0.081932 6.234000
0.082474 52.818500
0.083017 5.862750
0.083559 54.883400
0.084102 60.908400
0.084645 5.570790
0.085187 17.456100
0.085730 55.785200
0.086272 31.988500
0.086815 35.195500
0.087358 21.497600
0.087900 8.721740
0.088443 9.787290
0.088985 30.794400
0.089528 13.424400
0.090071 36.956900
0.090613 50.029600
0.091156 10.301400
0.091698 71.336700
0.092241 6.563570
0.092784 7.023230
0.093326 4.556720
0.093869 95.035300
0.094411 39.436400
0.094954 88.656500
0.095496 6.416110
0.096039 34.657400
0.096582 4.856630
0.097124 21.517300
0.097667 7.590530
0.098209 16.690700
0.098752 25.710400
0.099295 24.696200
0.099837 17.265900
0.100380 5.689580
0.100922 71.935900
0.111232 9.691900
0.111774 55.919800
0.112317 17.569800
0.112859 51.653400
0.113402 5.692580
0.113945 13.314700
0.114487 17.820400
0.115030 7.573140
0.115572 4.821130
0.116115 19.234000
0.116658 44.801400
0.117200 14.084500
0.117743 8.060160
0.118285 18.937300
0.118828 22.957100
0.119371 5.933110
0.119913 5.140590
0.120456 7.013630
0.120998 33.430100
0.121541 7.807690
0.122084 29.601700
0.126424 58.116000
0.126967 15.162200
0.127509 45.476500
0.128052 39.429700
0.128595 33.262400
0.129137 56.366300
0.129680 11.996400
0.130222 60.875300
0.130765 54.995700
0.131308 78.140700
0.131850 23.139900
0.132393 29.871600
0.132935 31.041600
0.133478 15.125100
0.134021 5.027520
0.134563 68.405200
0.135106 58.693600
0.135648 51.920700
0.136191 11.215200
0.136734 8.427500
0.137276 5.678840
0.137819 3.173930
0.138361 22.993200
0.138904 6.858560
0.139447 42.021800
0.139989 10.754500
0.140532 5.395820
0.141074 73.388100
0.141617 8.703750
0.142160 48.402500
0.142702 9.053720
0.143245 29.371300
0.143787 27.461400
0.144330 7.240740
0.144872 1.668870
0.145415 59.398700
0.145958 4.870780
0.146500 23.808400
0.147043 16.461600
0.147585 48.187600
0.148128 19.677300
0.148671 21.571000
0.149213 7.526300
0.149756 35.384500
0.150298 21.915100
0.150841 6.303100
0.151384 9.749970
0.151926 33.254400
0.152469 26.182500
0.153011 53.132800
0.153554 57.397900
0.154097 50.155500
0.154639 12.533000
0.155182 49.500800
0.155724 2.558640
0.157895 11.312900
0.158437 22.824800
0.158980 15.310900
0.159523 3.472220
0.160065 7.497790
0.160608 57.267100
0.161150 27.285100
0.164406 9.958660
0.164948 22.267900
0.165491 13.773900
0.166034 33.713000
0.166576 11.133300
0.167119 27.809500
0.167661 25.132100
0.168204 38.610500
0.168747 26.185700
0.169289 18.428200
0.169832 44.464600
0.170374 77.444300
0.170917 53.726300
0.171460 27.900300
0.172002 7.828330
0.172545 36.858200
0.173087 8.092990
0.173630 4.090760
0.174173 58.367400
0.174715 27.557800
0.175258 7.214780
0.175800 48.433100
0.176343 42.796100
0.176886 19.307600
0.177428 52.328000
0.177971 7.101300
0.178513 12.641700
0.179056 41.613300
0.179598 30.224500
0.180141 37.758700
0.180684 38.307200
0.181226 60.665700
0.181769 26.113100
0.182311 38.827500
0.182854 5.600580
0.183397 6.301590
0.183939 36.479900
0.184482 60.356200
0.185024 19.497200
0.185567 28.841300
0.186110 31.207500
0.186652 16.486000
0.187195 50.648800
0.187737 46.803300
0.188280 5.517790
0.188823 7.681830
0.189365 25.424400
0.189908 22.709100
0.190450 63.270100
0.190993 27.077700
0.191536 8.239850
0.192078 9.733570
0.192621 29.384600
0.193163 10.743200
0.193706 9.992910
0.194249 30.878600
0.194791 32.510100
0.195334 13.647100
0.195876 4.110110
0.196419 3.097630
0.196961 22.796800
0.197504 3.136670
0.198047 13.444500
0.198589 1.675190
0.199132 16.389800
0.199674 34.623700
0.200217 9.735700
0.200760 67.623300
0.201302 45.901700
0.201845 50.434700
0.202387 37.901500
0.202930 6.063880
0.203473 40.293100
0.204015 25.813100
0.204558 3.339810
0.205100 14.272600
0.205643 22.483100
0.206186 33.261700
0.206728 69.529000
0.207271 49.545700
0.207813 1.707370
0.208356 63.846900
0.208899 29.177600
0.209441 94.607400
0.209984 23.205800
0.210526 37.737100
0.211069 16.990500
0.211612 69.758500
0.212154 41.255800
0.212697 9.606470
0.213239 53.307500
0.213782 10.153000
0.214324 16.291700
0.214867 44.241300
0.215410 19.559900
0.215952 8.709800
0.216495 38.554600
0.217037 43.337900
0.217580 24.704300
0.218123 25.606500
0.218665 12.385600
0.219208 17.753300
0.219750 46.799300
0.220293 15.254300
0.220836 19.959700
0.221378 16.790600
0.221921 7.645660
0.222463 8.169960
0.223006 11.723700
0.223549 85.086200
0.224091 9.149630
0.224634 44.091700
0.225176 3.368670
0.225719 10.710500
0.226262 26.370700
0.226804 70.931100
0.227347 19.473700
0.227889 26.370000
0.228432 7.427670
0.228974 14.175400
0.229517 22.131900
0.230060 51.332000
0.230602 21.433900
0.231145 55.347100
0.231687 18.452400
0.232230 5.575760
0.232773 15.543200
0.233315 52.254700
0.233858 54.637300
0.234400 88.051400
0.234943 22.848400
0.235486 8.273560
0.236028 23.937600
0.236571 7.720230
0.237113 12.417600
0.237656 46.374700
0.238199 26.157900
0.238741 22.096500
0.239284 7.772350
0.239826 19.498000
0.240369 23.691300
0.240912 7.671220
0.241454 4.507470
0.241997 12.021000
0.242539 59.223300
0.243082 49.831200
0.243625 6.486700
0.244167 24.687400
0.244710 37.747300
0.245252 5.044940
0.245795 10.838800
0.246337 29.800200
0.246880 27.524800
0.247423 25.983400
0.247965 14.009800
0.248508 24.875600
0.249050 4.854130
0.249593 50.704300
0.250136 4.403180
0.250678 6.678930
0.251221 17.157700
0.251763 72.296900
0.252306 20.383300
0.252849 13.483800
0.253391 4.308020
0.253934 46.461500
0.254476 6.962750
0.255019 57.853300
0.255562 10.004900
0.256104 2.821460
0.256647 2.881710
0.257189 8.500840
0.257732 21.413800
0.258275 47.177600
0.258817 11.257800
0.259360 58.544000
0.259902 20.835900
0.260445 28.541700
0.260988 21.719700
0.261530 5.656110
0.263158 9.805800
0.263700 10.877100
0.264243 5.251120
0.264786 8.516380
0.265328 18.315700
0.265871 58.515100
0.266413 17.571400
0.266956 18.415600
0.267499 8.666320
0.268041 9.381480
0.268584 7.971040
0.269126 34.974900
0.269669 51.932400
0.270212 19.760100
0.270754 16.758200
0.271297 7.487660
0.271839 42.183200
0.272382 11.793200
0.272925 35.802000
0.273467 8.988780
0.274010 10.141200
0.274552 9.634390
0.275095 4.669240
0.275638 20.278500
0.276180 4.164490
0.276723 22.921800
0.277265 40.992000
0.277808 11.183200
0.278351 83.515600
0.278893 38.753100
0.279436 20.936300
0.279978 22.479200
0.280521 22.211500
0.281063 11.366300
0.281606 15.975600
0.282149 4.688410
0.282691 28.858500
0.283234 55.855700
0.283776 16.387700
0.284319 3.926920
0.284862 28.605200
0.285404 10.354200
0.285947 24.640200
0.286489 8.550530
0.287032 35.588800
0.287575 43.022900
0.288117 3.871360
0.288660 82.589400
0.289202 21.444600
0.289745 25.366200
0.290288 5.110330
0.290830 11.083800
0.291373 14.899900
0.291915 14.216900
0.292458 8.724850
0.293001 7.938040
0.293543 18.868800
0.294086 28.114200
0.294628 7.966670
0.295171 16.824900
0.295714 39.996100
0.296256 26.538500
0.296799 37.530600
0.297341 7.710700
0.297884 46.660000
0.298426 56.731000
0.298969 27.198900
0.299512 42.033300
0.300054 21.100800
0.300597 24.295500
0.301139 28.893000
0.301682 6.408040
0.302225 59.832200
0.302767 17.580100
0.303310 5.011380
0.303852 10.455600
0.306565 67.417800
0.307108 5.049890
0.307651 5.987150
0.308193 7.726970
0.308736 15.319400
0.309278 11.337200
0.309821 13.958100
0.310364 65.670100
0.310906 46.427000
0.311449 43.974500
0.311991 10.295000
0.312534 7.991590
0.313077 28.038400
0.313619 16.934800
0.314162 22.806800
0.314704 22.598700
0.315247 23.953900
0.315789 24.135700
0.316332 4.362590
0.316875 4.118260
0.317417 10.999900
0.317960 31.779200
0.318502 28.450100
0.319045 16.853100
0.319588 6.555430
0.320130 22.596800
0.320673 48.236000
0.321215 15.000200
0.321758 28.810500
0.322301 4.444020
0.322843 50.919500
0.323386 20.232800
0.323928 10.912600
0.324471 25.562800
0.325014 41.034600
0.325556 28.113900
0.326099 86.301500
0.326641 5.693530
0.327184 13.355600
0.327727 4.909270
0.328269 9.407050
0.328812 18.970600
0.329354 6.706530
0.329897 46.316400
0.330440 7.072660
0.330982 11.289600
0.331525 4.528650
0.332067 14.290400
0.332610 32.742500
0.333152 19.356900
0.333695 8.166810
0.334238 6.769110
0.334780 30.998600
0.335323 8.648930
0.335865 4.163630
0.336408 13.160000
0.336951 10.038900
0.337493 59.758300
0.338036 19.970400
0.338578 6.378160
0.339121 65.795700
0.339664 4.751290
0.340206 10.635300
0.340749 8.461400
0.341291 20.445700
0.341834 35.121100
0.342377 94.919900
0.342919 18.041800
0.343462 45.929300
0.344004 12.386000
0.344547 76.211000
0.345090 10.166400
0.345632 14.539900
0.346175 47.395800
0.346717 8.955370
0.347260 27.847100
0.347802 13.353500
0.348345 20.809000
0.348888 16.280800
0.349430 7.252360
0.349973 17.500800
0.350515 13.527100
0.351058 9.690080
0.351601 48.804600
0.352143 9.211780
0.352686 32.650400
0.353228 34.454200
0.353771 12.312600
0.354314 4.682250
0.354856 7.099960
0.355399 26.322100
0.355941 10.553700
0.356484 21.031000
0.357027 6.145790
0.357569 2.324260
0.358112 13.787100
0.358654 16.866500
0.359197 1.764150
0.359740 8.040140
0.360282 20.567600
0.360825 4.200880
0.361367 8.942600
0.361910 39.124900
0.362453 69.444700
0.362995 15.632400
0.363538 45.085200
0.364080 23.605700
0.364623 12.254900
0.365165 10.759300
0.365708 5.022580
0.366251 17.451500
0.366793 42.393300
0.367336 31.778900
0.367878 15.775400
0.368421 23.387500
0.368964 51.958000
0.369506 7.739100
0.370049 4.365720
0.370591 8.542200
0.371134 34.439000
0.371677 62.460600
0.372219 11.173000
0.372762 57.835400
0.373304 37.680600
0.373847 91.459700
0.374390 5.496430
0.374932 15.177700
0.375475 18.747100
0.376017 26.049100
0.376560 6.005670
0.377103 39.527100
0.377645 23.101900
0.378188 6.228830
0.378730 61.232300
0.379273 10.588400
0.379816 10.047900
0.380358 9.858910
0.380901 37.290200
0.381443 17.645000
0.381986 5.894460
0.382528 12.441000
0.383071 56.910600
0.383614 7.799360
0.384156 5.708270
0.384699 22.472800
0.385241 18.882500
0.385784 9.818730
0.386327 40.631800
0.386869 17.186200
0.387412 5.792010
0.387954 15.883900
0.388497 9.644410
0.389040 44.817600
0.389582 2.915790
0.390125 20.830800
0.390667 5.900170
0.391210 51.217900
0.391753 32.284000
0.392295 58.062800
0.392838 5.731430
0.393380 45.722500
0.393923 10.157100
0.394466 14.295700
0.395008 2.945430
0.395551 11.408200
0.396093 13.725900
0.396636 14.252800
0.397179 33.749600
0.397721 6.540100
0.398264 15.923200
0.398806 29.211300
0.399349 19.141700
0.399891 59.943600
0.400434 13.564800
0.400977 17.770700
0.401519 13.907400
0.402062 7.650710
0.402604 44.886700
0.403147 5.786370
0.403690 57.217300
0.404232 21.437900
0.404775 17.967600
0.405317 13.163600
0.405860 20.207700
0.406403 26.022600
0.406945 8.759330
0.407488 79.260400
0.408030 5.278740
0.408573 9.845840
0.409116 9.254040
0.409658 23.183400
0.410201 47.294600
0.410743 10.347000
0.411286 17.785200
0.411829 17.618400
0.412371 47.803200
0.412914 8.045460
0.413456 46.542200
0.413999 3.253550
0.414542 17.890800
0.415084 10.663900
0.415627 33.614000
0.416169 47.587600
0.416712 35.547000
0.417254 3.419390
0.417797 5.298010
0.418340 8.197050
0.418882 9.200950
0.419425 26.206800
0.419967 8.007820
0.420510 32.471600
0.421053 24.461800
0.421595 22.536500
0.422138 3.616760
0.422680 14.542400
0.423223 33.451400
0.423766 50.986000
0.424308 10.438700
0.424851 82.225100
0.425393 11.705900
0.425936 19.503400
0.426479 17.440700
0.427021 78.093000
0.427564 62.576300
0.428106 5.048700
0.428649 7.616310
0.429192 8.572950
0.429734 30.792100
0.430277 64.614000
0.430819 5.512230
0.431362 6.280750
0.431905 11.755600
0.432447 22.027900
0.432990 7.973470
0.433532 10.174500
0.434075 22.200800
0.434617 37.694500
0.435160 3.899190
0.435703 2.724770
0.436245 51.635900
0.436788 18.391000
0.437330 2.828410
0.437873 88.548300
0.438416 37.330800
0.438958 23.800800
0.439501 24.756600
0.440043 6.706960
0.440586 6.899670
0.441129 15.265200
0.441671 13.102900
0.442214 23.835100
0.442756 18.869200
0.443299 18.656700
0.443842 5.769100
0.445469 7.409500
0.446012 14.559000
0.446555 25.735400
0.447097 7.708190
0.447640 39.238600
0.448182 29.867800
0.448725 17.911400
0.449267 35.060600
0.449810 13.718500
0.450353 11.994100
0.450895 9.867280
0.451438 15.058900
0.451980 39.069100
0.452523 10.116500
0.453066 21.933200
0.453608 23.785500
0.454151 11.842700
0.454693 37.706900
0.455236 8.458130
0.455779 47.918300
0.456321 7.979050
0.456864 17.285200
0.457406 34.699600
0.457949 5.035750
0.458492 18.644300
0.459034 14.352300
0.459577 31.400700
0.460119 4.460670
0.460662 37.085900
0.461205 18.960100
0.461747 37.191600
0.462290 11.529200
0.462832 65.866900
0.463375 8.285300
0.463918 23.841600
0.464460 43.142000
0.465003 28.285700
0.465545 5.354250
0.466088 7.171900
0.466630 17.741800
0.467173 21.471100
0.467716 12.184800
0.468258 35.964100
0.468801 9.583430
0.469343 43.860100
0.469886 34.126000
0.470429 18.876100
0.470971 47.716900
0.471514 38.456400
0.472056 37.672300
0.472599 8.523190
0.473142 27.707800
0.473684 68.593100
0.474227 3.334650
0.474769 47.149000
0.475312 49.101200
0.475855 28.773500
0.476397 14.445100
0.476940 18.276200
0.477482 26.839800
0.478025 23.106400
0.478568 20.128800
0.479110 27.298400
0.479653 7.243560
0.480195 54.205700
0.480738 48.698500
0.481281 78.455600
0.481823 48.210800
0.482366 35.913700
0.482908 20.153800
0.483451 65.012900
0.483993 85.339700
0.484536 15.720100
0.485079 8.263730
0.485621 56.902800
0.486164 4.865510
0.486706 11.857000
0.487249 2.205030
0.487792 36.376000
0.488334 5.306960
0.488877 15.005500
0.489419 23.217300
0.489962 65.011700
0.490505 11.836700
0.491047 3.426660
0.491590 23.157300
0.492132 21.523600
0.492675 6.186610
0.493218 10.610900
0.493760 37.184900
0.494303 9.925060
0.494845 19.868400
0.495388 23.421500
0.495931 40.105400
0.496473 58.088700
0.497016 62.916200
0.497558 4.160270
0.498101 26.802500
0.498644 54.562000
0.499186 22.697600
0.499729 4.776930
0.500271 84.463200
0.500814 22.286300
0.501356 30.492000
0.501899 34.207400
0.502442 5.246430
0.502984 4.572760
0.503527 61.917500
0.504069 61.057000
0.504612 13.353800
0.505155 10.662300
0.505697 8.506670
0.506240 44.526000
0.506782 4.687150
0.507325 13.798700
0.507868 8.138930
0.508410 5.214490
0.508953 17.754800
0.509495 50.417800
0.510038 18.683200
0.510581 31.872000
0.511123 12.427800
0.511666 17.914900
0.512208 11.588200
0.512751 7.230670
0.513294 17.895100
0.513836 6.979810
0.514379 9.344020
0.514921 27.571000
0.515464 15.262800
0.516007 14.763200
0.516549 1.657530
0.517092 11.152200
0.517634 18.105600
0.518177 23.046100
0.518719 6.659580
0.519262 7.370450
0.519805 32.452400
0.520347 11.660700
0.520890 52.060200
0.521432 62.176400
0.521975 6.823070
0.522518 20.406100
0.523060 12.347200
0.523603 13.203000
0.524145 46.222100
0.524688 15.340000
0.525231 6.471540
0.525773 25.380200
0.526316 16.400400
0.526858 62.712200
0.527401 3.875740
0.527944 33.135500
0.529029 40.415000
0.529571 3.286580
0.530114 39.953900
0.530657 20.664000
0.531199 12.902800
0.531742 14.862300
0.532284 53.507800
0.532827 5.931360
0.533370 14.805300
0.533912 25.924700
0.534455 10.063400
0.534997 43.842200
0.536082 12.409300
0.536625 63.840400
0.537168 42.860900
0.537710 21.623800
0.538253 16.378800
0.538795 17.003500
0.539338 6.122180
0.539881 51.849200
0.540423 6.458930
0.540966 8.680590
0.541508 32.519600
0.542051 17.295800
0.542594 14.371600
0.543136 21.973200
0.543679 6.822150
0.544221 12.442300
0.544764 64.009200
0.545307 4.711710
0.545849 59.320700
0.546392 29.986600
0.546934 17.456600
0.547477 18.629900
0.548020 28.847200
0.548562 5.637430
0.549105 2.704420
0.549647 53.250900
0.550190 8.328020
0.550733 27.377900
0.551275 14.827400
0.551818 19.465900
0.552360 5.592990
0.552903 10.636200
0.553445 6.680940
0.553988 4.890380
0.554531 15.408600
0.555073 5.529520
0.555616 29.209000
0.556158 22.637300
0.556701 5.394700
0.557244 13.979800
0.557786 55.581300
0.558329 21.220300
0.558871 10.071600
0.559414 19.506800
0.559957 24.413300
0.560499 8.877320
0.561042 17.307900
0.561584 9.461610
0.562127 7.678040
0.562670 9.150850
0.563212 3.156030
0.563755 12.664700
0.564297 9.201510
0.564840 41.657300
0.565383 7.347610
0.565925 74.662800
0.566468 17.017900
0.567010 7.576930
0.567553 76.116500
0.568095 11.018800
0.568638 17.069000
0.569181 46.518200
0.569723 5.331970
0.570266 29.314500
0.570808 38.832700
0.571351 2.242590
0.571894 77.764500
0.572436 6.288110
0.572979 21.993600
0.573521 20.643400
0.574064 4.415330
0.574607 5.995910
0.575149 6.137230
0.575692 27.151000
0.576234 16.145300
0.576777 32.078500
0.577320 64.490400
0.577862 51.875300
0.578405 41.029200
0.578947 18.136500
0.579490 9.316990
0.580033 31.737500
0.580575 51.443600
0.581118 12.542500
0.581660 77.676500
0.582203 17.619700
0.582746 7.348330
0.583288 78.653800
0.583831 18.952500
0.584373 19.463600
0.584916 42.751600
0.585458 75.574300
0.586001 25.101500
0.586544 7.569290
0.587086 6.248990
0.587629 11.859500
0.588171 16.741300
0.588714 30.332300
0.589257 30.639700
0.589799 3.246630
0.590342 28.032300
0.590884 31.609000
0.591427 30.315200
0.591970 24.447700
0.592512 7.551050
0.593055 21.712100
0.593597 8.967020
0.594140 51.155300
0.594683 15.955300
0.595225 75.878200
0.595768 8.039650
0.596310 55.805500
0.596853 35.423400
0.597396 13.417500
0.597938 9.504210
0.598481 38.537400
0.599023 26.243300
0.599566 15.198600
0.600109 68.826500
0.600651 25.221300
0.601194 8.041280
0.601736 31.835300
0.602279 9.553880
0.602821 5.355040
0.603364 19.184500
0.603907 4.236010
0.604449 2.082000
0.604992 38.188700
0.605534 51.488400
0.606077 39.480800
0.606620 4.086280
0.607162 9.067520
0.607705 32.375400
0.608247 19.164000
0.608790 19.350400
0.609333 15.646300
0.609875 25.978200
0.610418 67.550300
0.610960 12.121100
0.611503 5.524660
0.612046 28.988000
0.612588 35.058000
0.613131 6.694700
0.613673 3.666660
0.614216 6.528920
0.614759 30.016500
0.615301 15.960300
0.615844 43.480700
0.616386 9.056270
0.616929 30.449200
0.617472 84.008600
0.618014 9.128560
0.619642 9.509200
0.620184 12.384000
0.620727 64.216200
0.621270 25.143000
0.621812 16.533400
0.622355 30.192000
0.622897 12.259000
0.623440 18.003100
0.623983 12.838900
0.624525 10.674900
0.625068 52.863900
0.625610 10.614500
0.626153 10.887200
0.626696 12.834200
0.627238 43.005200
0.627781 30.654500
0.628323 75.727800
0.628866 18.897700
0.629409 6.899390
0.629951 7.314880
0.630494 33.475500
0.631036 9.012930
0.631579 1.145700
0.632122 52.181700
0.632664 8.866800
0.633207 7.221910
0.633749 16.393900
0.634292 5.415640
0.634835 35.023800
0.635377 49.215800
0.635920 22.180300
0.636462 10.355600
0.637005 19.246300
0.637547 45.519800
0.638090 13.692600
0.638633 53.402300
0.639175 20.843500
0.639718 17.249900
0.640260 28.880400
0.640803 9.116040
0.641346 9.128700
0.641888 14.727800
0.642431 15.094500
0.642973 9.397930
0.643516 41.881200
0.644059 69.388900
0.644601 14.368500
0.645144 36.113700
0.645686 11.944500
0.646229 20.491200
0.646772 33.640100
0.647314 16.662000
0.647857 7.678060
0.648399 46.662600
0.648942 76.418900
0.649485 42.424400
0.650027 27.742800
0.650570 18.349100
0.651112 6.981320
0.651655 44.477100
0.652198 46.474500
0.652740 1.719650
0.653283 16.931400
0.653825 15.491800
0.654368 16.505000
0.654910 33.053300
0.655453 27.395500
0.655996 18.002100
0.656538 8.709860
0.657081 33.651200
0.657623 39.909600
0.658166 22.580800
0.658709 9.465460
0.659251 62.263400
0.659794 8.519780
0.660336 6.294770
0.660879 33.000000
0.661422 35.689000
0.661964 3.788240
0.662507 7.354310
0.663049 58.793000
0.663592 18.358300
0.664135 9.694210
0.664677 19.012200
0.665220 56.697500
0.665762 39.428400
0.666305 21.639400
0.666848 4.340440
0.667390 46.908900
0.667933 4.689260
0.668475 38.452700
0.669018 4.612680
0.669560 46.342300
0.670103 24.764000
0.670646 21.630200
0.671188 9.959180
0.671731 30.015700
0.672273 42.973800
0.672816 66.021100
0.673359 4.283450
0.673901 19.748200
0.674444 6.397610
0.674986 44.614900
0.675529 3.850900
0.676072 20.370400
0.676614 27.294700
0.677157 35.076100
0.677699 7.639580
0.678242 20.005700
0.678785 5.461270
0.679327 14.037100
0.679870 3.421400
0.680412 2.867550
0.680955 15.878800
0.681498 19.879000
0.682040 9.447810
0.682583 51.315900
0.683125 37.259500
0.683668 36.371600
0.684211 28.092100
0.684753 8.597020
0.685296 15.427400
0.685838 7.239040
0.686381 37.896200
0.686923 10.025500
0.687466 14.178600
0.688009 29.939700
0.688551 6.756360
0.689094 42.131500
0.689636 60.239200
0.690179 13.791800
0.690722 28.402800
0.691264 13.084100
0.691807 59.343000
0.692349 7.199880
0.692892 4.196000
0.693435 28.608600
0.693977 6.673440
0.694520 17.062500
0.695062 7.079370
0.695605 29.748800
0.696148 11.271200
0.696690 18.974200
0.697233 32.917500
0.697775 10.117500
0.698318 6.008440
0.698861 57.915400
0.699403 49.387500
0.699946 44.758900
0.700488 62.267700
0.701031 15.257000
0.701574 15.200200
0.702116 38.221800
0.702659 40.244300
0.703201 5.484570
0.703744 22.597500
0.704286 10.811600
0.704829 8.008880
0.705372 5.848650
0.705914 21.213200
0.706457 19.690500
0.706999 55.326400
0.707542 7.377140
0.708085 24.351400
0.708627 19.120700
0.709170 39.031800
0.709712 11.799700
0.710255 79.333500
0.710798 27.977400
0.711340 23.037000
0.711883 4.258580
0.712425 20.573600
0.712968 64.566400
0.713511 62.350600
0.714053 28.607200
0.714596 2.714420
0.715138 34.897600
0.715681 56.981700
0.716224 5.871410
0.716766 24.123700
0.717309 26.809600
0.717851 35.828500
0.718394 8.350750
0.718937 12.608600
0.719479 27.808500
0.720022 5.753200
0.720564 61.595900
0.721107 6.769550
0.721649 14.720300
0.722192 7.736180
0.722735 87.069100
0.723277 19.357700
0.723820 4.566290
0.724362 8.268880
0.724905 4.231260
0.725448 40.297300
0.725990 5.423730
0.726533 7.912100
0.727075 17.877900
0.727618 19.888800
0.728161 13.887500
0.728703 24.692900
0.729246 52.314900
0.729788 31.531600
0.730331 16.547100
0.730874 20.003300
0.731416 8.451930
0.731959 8.513780
0.732501 16.977000
0.733044 36.554900
0.733587 6.332990
0.734129 23.493400
0.734672 5.202370
0.735214 36.543800
0.735757 70.727900
0.736300 5.682100
0.736842 30.441100
0.737385 25.368700
0.737927 34.067500
0.738470 34.833700
0.739012 55.006300
0.739555 7.315300
0.740098 10.171800
0.740640 6.872940
0.741183 50.960700
0.741725 15.556800
0.742268 26.986500
0.742811 8.566190
0.743353 18.975800
0.743896 20.727000
0.744438 26.998600
0.744981 10.416800
0.745524 6.541720
0.746066 25.569300
0.746609 7.630480
0.747151 26.157500
0.747694 13.607000
0.748237 76.370200
0.748779 9.540240
0.749322 26.495100
0.749864 5.513170
0.750407 7.209000
0.750950 7.822090
0.751492 12.719400
0.752035 43.717000
0.752577 17.538000
0.753120 24.214600
0.753663 3.294800
0.754205 34.095800
0.754748 4.193210
0.755290 37.792000
0.755833 4.976150
0.756375 42.894000
0.756918 22.163800
0.757461 28.515800
0.758003 2.984670
0.758546 69.268800
0.759088 9.901920
0.759631 23.300100
0.760174 26.303400
0.760716 19.959500
0.761259 43.961600
0.761801 37.589500
0.762344 31.092900
0.762887 21.537600
0.763429 20.730200
0.763972 69.975000
0.764514 47.052100
0.765057 17.302900
0.765600 37.389700
0.766142 23.197300
0.766685 35.478300
0.767227 43.618800
0.767770 2.933100
0.768313 10.565600
0.768855 8.768820
0.769398 20.281100
0.769940 62.318700
0.770483 53.176500
0.771026 7.451080
0.771568 20.655200
0.772111 54.012600
0.772653 3.168000
0.773196 43.587600
0.773738 5.464340
0.774281 9.164980
0.774824 17.460700
0.775366 31.494800
0.775909 24.810700
0.776451 50.602100
0.776994 13.121900
0.777537 76.805900
0.778079 69.269400
0.778622 47.175200
0.779164 66.335200
0.779707 13.792400
0.780250 22.161300
0.780792 19.283200
0.781335 41.487300
0.781877 4.381570
0.782420 11.086600
0.782963 21.827600
0.783505 14.686100
0.784048 1.852170
0.784590 58.091600
0.785133 34.822400
0.785676 41.180600
0.786218 17.447800
0.786761 29.836700
0.787303 34.974800
0.787846 75.508600
0.788388 32.166800
0.788931 30.590000
0.789474 26.965300
0.790016 46.367600
0.790559 19.553300
0.791101 45.503500
0.791644 8.080380
0.792187 21.778200
0.792729 7.888230
0.793272 19.143200
0.793814 56.205400
0.794357 25.538100
0.794900 57.949000
0.795442 36.630800
0.795985 41.832100
0.796527 1.148510
0.797070 5.695940
0.797613 15.187300
0.798155 6.982340
0.798698 50.901100
0.799240 7.574610
0.799783 13.863900
0.800326 9.280600
0.800868 7.028450
0.801411 5.724540
0.801953 18.246500
0.802496 11.862400
0.803039 9.718980
0.803581 73.267000
0.804124 12.071900
0.804666 7.969790
0.805209 21.776000
0.805751 22.402500
0.806294 18.802800
0.806837 76.492600
0.807379 38.173700
0.807922 65.722100
0.808464 22.894800
0.809007 39.532300
0.809550 31.618700
0.810092 6.267750
0.810635 10.948800
0.811177 10.111200
0.811720 12.719600
0.812263 30.837500
0.812805 15.332000
0.813348 15.452000
0.813890 15.423100
0.814433 4.080910
0.814976 6.266150
0.815518 52.487800
0.816061 64.447800
0.816603 26.271400
0.817146 65.796300
0.817689 20.736700
0.818231 17.466000
0.818774 5.616680
0.819316 92.483800
0.819859 24.340400
0.820402 22.426200
0.820944 36.152600
0.821487 14.626700
0.822029 43.542000
0.822572 8.002060
0.823114 82.714900
0.823657 3.676330
0.824200 24.239000
0.824742 6.481630
0.825285 4.652150
0.825827 2.718320
0.826370 14.584100
0.826913 11.114000
0.827455 8.708190
0.827998 6.120160
0.828540 37.251600
0.829083 20.471000
0.829626 33.526700
0.830168 52.540500
0.830711 14.945700
0.831253 19.835800
0.831796 71.906300
0.832339 10.121600
0.832881 27.667000
0.833424 27.529000
0.833966 8.012830
0.834509 50.469400
0.835052 4.552430
0.835594 5.337970
0.836137 12.798700
0.836679 33.570100
0.837222 15.503800
0.837765 25.195500
0.838307 51.621500
0.838850 22.358900
0.839392 31.834400
0.839935 2.798420
0.840477 5.297200
0.841020 10.826400
0.841563 53.369300
0.842105 7.985500
0.842648 43.437000
0.843190 2.642170
0.843733 1.739850
0.844276 22.856100
0.844818 31.473700
0.845361 11.242200
0.845903 21.276800
0.846446 29.300000
0.846989 43.048200
0.847531 20.256500
0.848074 36.010900
0.848616 4.003960
0.849159 55.584100
0.849702 35.629100
0.850244 43.990300
0.850787 33.110800
0.851329 38.858300
0.851872 8.594800
0.852415 37.318200
0.852957 21.117900
0.853500 71.347500
0.854042 24.415300
0.854585 8.914670
0.855128 42.339500
0.855670 10.511400
0.856213 7.086120
0.856755 33.433900
0.857298 22.559900
0.857840 27.983100
0.858383 50.627200
0.858926 23.328800
0.859468 11.143200
0.860011 2.594260
0.860553 17.832300
0.861096 8.908540
0.861639 12.077000
0.862181 15.642100
0.862724 6.416230
0.863266 32.504700
0.863809 9.451030
0.864352 9.306890
0.864894 4.918490
0.865437 11.068300
0.865979 14.086200
0.866522 64.055900
0.867065 35.318600
0.867607 50.969700
0.868150 13.321800
0.868692 26.012200
0.869235 24.882500
0.869778 15.935100
0.870320 15.883200
0.870863 27.616100
0.871405 12.851000
0.871948 13.284600
0.872491 16.969800
0.873033 60.799900
0.873576 6.068920
0.874118 4.890850
0.874661 88.687100
0.875203 41.917700
0.875746 33.007800
0.876289 9.000080
0.876831 7.488980
0.877374 38.478000
0.877916 54.332700
0.878459 15.442200
0.879002 8.115710
0.879544 4.760530
0.880087 12.990800
0.880629 10.777200
0.881172 27.982500
0.881715 29.285000
0.882257 36.081900
0.882800 17.661600
0.883342 68.261200
0.883885 9.399020
0.884428 21.308700
0.884970 32.448400
0.885513 35.997600
0.886055 5.547720
0.886598 19.602100
0.887141 7.181980
0.887683 6.286680
0.888226 11.355000
0.888768 23.571200
0.889311 9.551680
0.889853 8.454500
0.890396 58.459800
0.890939 20.672000
0.891481 19.149300
0.892024 9.402690
0.892566 2.549610
0.893109 21.390900
0.893652 31.439200
0.894194 86.267100
0.894737 21.512600
0.895279 1.738350
0.895822 9.870220
0.896365 35.586800
0.896907 18.144700
0.897450 15.826900
0.897992 7.507710
0.898535 6.230880
0.899078 12.260100
0.899620 11.959300
0.900163 19.752900
0.900705 28.511300
0.901248 31.986900
0.901791 8.294870
0.902333 22.083700
0.902876 35.957000
0.903418 48.457800
0.903961 6.570410
0.904504 6.703310
0.905046 29.382900
0.905589 16.226800
0.906131 60.335300
0.906674 42.057400
0.907216 42.568300
0.907759 61.814200
0.908302 32.684100
0.908844 45.354000
0.909387 7.555590
0.909929 47.967200
0.910472 17.912800
0.911015 5.516310
0.911557 43.747600
0.912100 21.142300
0.912642 15.182000
0.913185 8.347100
0.913728 35.960700
0.914270 8.516460
0.914813 59.690300
0.915355 17.837000
0.915898 15.669900
0.916441 11.431900
0.916983 56.476300
0.917526 9.061290
0.918068 51.998600
0.918611 32.281200
0.919154 56.740600
0.919696 23.309900
0.920239 31.540000
0.920781 10.627100
0.921324 4.813930
0.921867 13.109700
0.922409 11.001500
0.922952 4.797250
0.923494 41.713600
0.924037 5.453800
0.924579 10.010700
0.925122 49.028100
0.925665 81.394300
0.926207 11.976900
0.926750 32.054800
0.927292 10.805300
0.927835 53.118600
0.928378 22.802700
0.928920 55.546700
0.929463 8.769700
0.930005 10.097400
0.930548 49.360300
0.931091 7.076560
0.931633 50.404900
0.932176 7.084430
0.932718 23.926900
0.933261 38.745000
0.933804 16.661500
0.934346 18.101900
0.934889 8.462170
0.935431 7.210420
0.935974 6.109490
0.936517 11.679800
0.937059 36.992600
0.937602 13.741300
0.938144 83.200200
0.938687 16.258500
0.939230 18.775400
0.939772 53.067000
0.940315 31.039500
0.940857 70.111900
0.941400 18.912800
0.941942 7.997910
0.942485 31.586300
0.943028 6.385040
0.943570 37.220800
0.944113 30.523400
0.944655 5.785320
0.945198 15.440400
0.945741 15.101200
0.946283 9.631670
0.946826 10.534900
0.947368 23.835800
0.947911 34.776000
0.948454 17.558100
0.948996 55.750900
0.949539 9.005110
0.950081 30.365500
0.950624 9.985810
0.951167 63.184900
0.951709 10.758800
0.952252 39.180700
0.952794 7.466410
0.953337 42.582200
0.953880 7.354070
0.954422 23.166100
0.954965 22.095000
0.955507 51.728900
0.956050 10.748500
0.956593 9.101040
0.957135 6.225960
0.957678 20.484300
0.958220 77.285400
0.958763 5.132710
0.959305 3.818490
0.959848 17.406600
0.960391 35.963400
0.960933 25.656200
0.961476 13.502200
0.962018 8.068080
0.962561 22.227100
0.963104 12.719200
0.963646 8.806040
0.964189 7.654230
0.964731 13.451000
0.965274 15.987300
0.965817 27.509500
0.966359 29.748200
0.966902 60.700700
0.967444 8.662870
0.967987 20.584200
0.968530 42.640800
0.969072 11.700200
0.969615 13.939800
0.970157 16.798600
0.970700 92.482000
0.971243 5.998070
0.971785 39.624400
0.972328 28.798000
0.972870 3.505820
0.973413 12.853500
0.973956 23.674100
0.974498 17.809400
0.975041 56.460900
0.975583 5.350000
0.976126 22.309100
0.976668 19.939100
0.977211 9.157520
0.977754 25.736500
0.978296 58.820000
0.978839 69.200400
0.979381 14.336700
0.979924 11.694400
0.980467 11.623600
0.981009 54.705200
0.981552 7.072800
0.982094 33.607100
0.982637 7.746390
0.983180 10.398400
0.983722 9.700380
0.984265 22.177700
0.984807 9.233160
0.985350 9.418060
0.985893 13.291100
0.986435 13.527200
0.986978 41.770400
0.987520 2.980100
0.988063 8.057360
0.988606 7.291860
0.989148 35.783900
0.989691 67.121200
0.990233 8.308150
0.990776 5.116890
0.991319 51.916200
0.991861 8.298150
0.992404 27.304600
0.992946 27.857700
0.993489 50.593000
0.994031 22.986700
0.994574 2.368360
0.995117 33.842600
0.995659 18.208700
0.996202 7.511930
0.996744 10.225200
0.997287 18.251000
0.997830 7.983080
0.998372 8.451810
0.998915 7.675590
0.999457 19.522400
1.000000 54.457000
