0.000887 13.828800
0.001775 27.038400
0.002662 21.059800
0.004437 9.509200
0.005324 9.604740
0.006211 14.677700
0.007098 7.761390
0.007986 38.781700
0.008873 4.010060
0.009760 64.395600
0.016859 58.116000
0.017746 9.383400
0.018634 10.680500
0.019521 12.291300
0.020408 4.571760
0.021295 30.222400
0.022183 10.198600
0.023070 15.479700
0.023957 8.346580
0.024845 62.121100
0.025732 21.166900
0.026619 14.503300
0.027507 49.796500
0.028394 5.857300
0.029281 29.432200
0.030169 9.309170
0.031056 45.149600
0.031943 57.533100
0.032831 42.101200
0.033718 7.944790
0.034605 15.002800
0.035492 15.392800
0.036380 17.508100
0.037267 17.091800
0.038154 66.626300
0.056788 8.389800
0.057675 46.319100
0.058563 7.678230
0.059450 43.500400
0.060337 42.169800
0.061224 28.124800
0.062112 11.936600
0.067436 59.483000
0.068323 17.302700
0.069210 6.726350
0.070098 21.951200
0.070985 48.401800
0.071872 5.984440
0.072760 6.883330
0.073647 21.756600
0.074534 78.056800
0.075421 30.570300
0.076309 7.499810
0.077196 18.015200
0.078083 7.430210
0.078971 36.453300
0.079858 1.755470
0.080745 65.794500
0.081633 72.311000
0.082520 44.440600
0.083407 62.258900
0.084295 23.173600
0.085182 7.330500
0.086069 11.462600
0.086957 13.280800
0.087844 12.949200
0.088731 30.031500
0.089618 33.542400
0.090506 17.422400
0.102928 9.691900
0.103815 54.575400
0.104703 3.620300
0.105590 19.906700
0.106477 14.804100
0.107365 24.277200
0.108252 17.822000
0.109139 37.613700
0.110027 15.647000
0.110914 28.553600
0.111801 9.666210
0.112689 10.340900
0.113576 9.135990
0.114463 39.985300
0.115350 27.077200
0.116238 52.618800
0.117125 7.711540
0.118012 6.804020
0.118900 15.504800
0.119787 21.320700
0.120674 25.848700
0.121562 9.368450
0.122449 22.574400
0.123336 9.041600
0.124224 16.829400
0.125111 18.002100
0.125998 2.792650
0.126886 23.155900
0.127773 5.250790
0.128660 31.895000
0.129547 62.956500
0.130435 5.819720
0.131322 50.936400
0.132209 25.826000
0.133097 6.154990
0.133984 25.381300
0.134871 28.716400
0.135759 10.139400
0.136646 11.360700
0.137533 1.696140
0.138421 37.955200
0.139308 10.485600
0.140195 9.629230
0.141083 16.530600
0.141970 6.899610
0.142857 8.030260
0.143744 52.001500
0.144632 5.774770
0.145519 50.541100
0.146406 50.065200
0.147294 42.440500
0.148181 17.566200
0.149068 3.138130
0.149956 5.985270
0.150843 31.702100
0.151730 25.091300
0.152618 7.034560
0.153505 9.929820
0.154392 8.956040
0.155280 6.847770
0.156167 4.616680
0.157054 73.589900
0.157941 50.286000
0.158829 9.557700
0.159716 21.455300
0.160603 22.102800
0.161491 43.795900
0.162378 45.903400
0.163265 41.728800
0.164153 67.417800
0.165040 65.866100
0.165927 59.092300
0.166815 6.541890
0.167702 38.109600
0.168589 17.118700
0.169476 23.121100
0.170364 5.654250
0.171251 26.056600
0.172138 6.934280
0.173026 16.033100
0.173913 51.036500
0.174800 8.037400
0.175688 24.484900
0.176575 19.087600
0.177462 5.065520
0.178350 37.345800
0.179237 4.643270
0.180124 14.243400
0.181012 14.753800
0.181899 5.224280
0.182786 15.185400
0.183673 6.893290
0.184561 20.675000
0.185448 6.527620
0.186335 9.717670
0.187223 52.641800
0.188110 41.326300
0.188997 10.164400
0.189885 14.221600
0.190772 25.194000
0.191659 42.532800
0.192547 2.021120
0.193434 34.355000
0.194321 34.067500
0.195209 9.019230
0.196096 15.281800
0.196983 22.748100
0.197870 12.990700
0.198758 2.151080
0.199645 57.761900
0.200532 29.081300
0.201420 68.171200
0.202307 23.451900
0.203194 9.372030
0.204082 50.936000
0.204969 39.693200
0.205856 41.006000
0.206744 53.540800
0.207631 8.739210
0.208518 17.353700
0.209406 33.800600
0.210293 40.881300
0.211180 61.449400
0.212067 14.282700
0.212955 9.012100
0.213842 8.510820
0.214729 8.537610
0.215617 16.634200
0.216504 11.270700
0.217391 52.258400
0.218279 48.858600
0.219166 26.783500
0.220053 32.990300
0.220941 48.885800
0.221828 9.124640
0.222715 35.873900
0.223602 65.079700
0.224490 6.937180
0.225377 21.241700
0.226264 52.681200
0.227152 6.761020
0.228039 4.017090
0.228926 28.986900
0.229814 22.662600
0.230701 11.880300
0.231588 5.970970
0.232476 49.464900
0.233363 3.882670
0.234250 49.469300
0.235138 13.031100
0.236025 77.407400
0.236912 68.209100
0.237799 23.974600
0.238687 4.346190
0.239574 11.089600
0.240461 6.491890
0.241349 40.562700
0.242236 8.749840
0.243123 7.763780
0.244011 3.987060
0.244898 18.678500
0.245785 40.597900
0.246673 5.008490
0.247560 12.437400
0.248447 70.005500
0.249335 8.821510
0.250222 21.790000
0.251109 28.676300
0.251996 1.832050
0.252884 53.895700
0.253771 83.545400
0.254658 64.599900
0.255546 42.849600
0.256433 7.902280
0.257320 15.563000
0.258208 16.868700
0.259095 10.283500
0.259982 31.176000
0.260870 4.575500
0.261757 24.256100
0.262644 38.083100
0.263531 19.612200
0.264419 5.463600
0.265306 17.708000
0.266193 17.399000
0.267081 6.331800
0.267968 23.536000
0.268855 11.315200
0.269743 77.513000
0.270630 4.608540
0.271517 16.292300
0.272405 7.658770
0.273292 31.545600
0.274179 8.222810
0.275067 16.672600
0.275954 5.127990
0.276841 10.322100
0.277728 9.788310
0.278616 14.633900
0.279503 65.759500
0.280390 18.531800
0.281278 11.995300
0.282165 13.483300
0.283052 61.542900
0.283940 36.475800
0.284827 54.658800
0.285714 20.759400
0.286602 23.437100
0.287489 4.145390
0.288376 1.779580
0.289264 13.055300
0.290151 62.888800
0.291038 29.977200
0.291925 37.718700
0.292813 18.807300
0.293700 25.877300
0.294587 30.449900
0.295475 26.351100
0.296362 15.350200
0.297249 61.908000
0.298137 19.128900
0.299024 1.859290
0.299911 11.439100
0.300799 17.252100
0.301686 23.334400
0.302573 6.680930
0.303461 42.105800
0.304348 26.240500
0.305235 32.795500
0.306122 9.123480
0.307010 10.119000
0.307897 27.025700
0.308784 6.665710
0.309672 22.743000
0.310559 25.026400
0.311446 28.043900
0.312334 24.276600
0.313221 29.094000
0.314108 76.721000
0.314996 55.895800
0.315883 43.767200
0.316770 7.206180
0.317657 56.367000
0.322981 9.958660
0.323869 13.208400
0.324756 8.166290
0.325643 9.029580
0.326531 55.987400
0.327418 2.442370
0.328305 20.501100
0.329193 51.617400
0.330080 6.747170
0.330967 23.967300
0.331854 30.620800
0.332742 13.091100
0.333629 27.703300
0.334516 51.519400
0.335404 9.221340
0.336291 8.305610
0.337178 9.770820
0.338066 33.579300
0.338953 6.821360
0.339840 8.663870
0.340728 12.207000
0.341615 10.252700
0.342502 58.773100
0.343390 28.533300
0.344277 15.684200
0.345164 6.768060
0.346051 36.107700
0.346939 53.386600
0.347826 8.014080
0.348713 50.740600
0.349601 15.092900
0.350488 5.131430
0.351375 10.852400
0.352263 12.706400
0.353150 23.409000
0.354037 10.491600
0.354925 23.027200
0.355812 68.186600
0.356699 16.457100
0.357587 6.104160
0.358474 22.141500
0.359361 14.836200
0.360248 12.464600
0.361136 5.080070
0.362023 20.526700
0.362910 5.781140
0.363798 46.181300
0.364685 21.463000
0.365572 23.358300
0.366460 11.696500
0.367347 10.935700
0.368234 43.870600
0.369122 13.081300
0.370009 33.245700
0.370896 13.098700
0.371783 31.549400
0.372671 7.379390
0.373558 8.741130
0.374445 3.977320
0.375333 24.382400
0.376220 24.259500
0.377107 4.208180
0.377995 12.835900
0.378882 6.758460
0.379769 62.376100
0.380657 18.762100
0.381544 11.880700
0.382431 42.946600
0.383319 31.045200
0.384206 73.515800
0.385093 8.048230
0.385980 61.798100
0.386868 39.522600
0.387755 35.085000
0.388642 9.262200
0.389530 11.192400
0.390417 8.641910
0.391304 19.374800
0.392192 54.391700
0.393079 51.786100
0.393966 7.673620
0.394854 45.163200
0.395741 23.582500
0.396628 75.108500
0.397516 45.380700
0.398403 38.292500
0.399290 8.776500
0.400177 8.300510
0.401065 25.714000
0.401952 25.944600
0.402839 49.927000
0.403727 33.117900
0.404614 26.294500
0.405501 18.120300
0.406389 56.604300
0.407276 30.511800
0.408163 34.434400
0.409051 26.759900
0.409938 54.684900
0.410825 3.509010
0.411713 21.973800
0.412600 40.778300
0.413487 10.006200
0.414374 7.558240
0.415262 9.269770
0.416149 13.999400
0.417036 9.103760
0.417924 45.186100
0.418811 42.444200
0.419698 17.127000
0.420586 42.915100
0.421473 9.248640
0.422360 10.044300
0.423248 8.991730
0.424135 25.219100
0.425022 75.275400
0.425909 13.701200
0.426797 14.640000
0.427684 34.523700
0.428571 20.057100
0.429459 11.355600
0.430346 14.535300
0.431233 7.048540
0.432121 59.701200
0.433008 7.316810
0.433895 6.989020
0.434783 22.639100
0.435670 6.300450
0.436557 19.029600
0.437445 1.770590
0.438332 5.374490
0.439219 27.740600
0.440106 34.239200
0.440994 20.257200
0.441881 6.452170
0.442768 18.731300
0.443656 7.701670
0.444543 15.854800
0.445430 39.779500
0.446318 37.524400
0.447205 16.163600
0.448092 33.194600
0.448980 15.637200
0.449867 8.090550
0.450754 19.382200
0.451642 4.148520
0.452529 12.991900
0.453416 42.286800
0.454303 20.722600
0.455191 35.193900
0.456078 7.697230
0.456965 22.511400
0.457853 47.237000
0.458740 5.836250
0.459627 12.363700
0.460515 17.349600
0.461402 33.271300
0.462289 60.669500
0.463177 6.268170
0.464064 35.445000
0.464951 37.704800
0.465839 34.898100
0.466726 20.732700
0.467613 5.999640
0.468500 37.828000
0.469388 8.702770
0.470275 23.540500
0.471162 8.687320
0.472050 19.980400
0.472937 38.197600
0.473824 49.240100
0.474712 11.451800
0.475599 39.279300
0.476486 11.312900
0.477374 15.147300
0.478261 13.170300
0.479148 19.861500
0.480035 33.285000
0.480923 6.998810
0.481810 49.126900
0.482697 5.414430
0.483585 10.425100
0.484472 12.459300
0.485359 10.850700
0.486247 47.629600
0.487134 8.047040
0.488021 4.806830
0.488909 55.059100
0.489796 61.044900
0.490683 41.161700
0.491571 8.922810
0.492458 13.105100
0.493345 31.121400
0.494232 24.805900
0.495120 17.522700
0.496007 19.099200
0.496894 7.506110
0.497782 22.531500
0.498669 58.824100
0.499556 20.463500
0.500444 42.707400
0.501331 27.695900
0.502218 12.820200
0.503106 25.560500
0.503993 20.369900
0.504880 64.055400
0.505768 45.595100
0.506655 6.934270
0.507542 29.360000
0.508429 71.970900
0.509317 27.530900
0.510204 37.254500
0.511091 39.929200
0.511979 15.418400
0.512866 7.012900
0.513753 2.698640
0.514641 13.925300
0.515528 8.051080
0.516415 6.343980
0.517303 9.737330
0.518190 26.984700
0.519077 8.054420
0.519965 61.545000
0.520852 8.215000
0.521739 8.694580
0.522626 4.872190
0.523514 5.511210
0.524401 23.193900
0.525288 6.126900
0.526176 49.155200
0.527063 20.387900
0.527950 45.021800
0.528838 36.246900
0.529725 50.712700
0.530612 10.594700
0.531500 5.952700
0.532387 48.742300
0.533274 17.036500
0.534161 7.233670
0.535049 27.921900
0.535936 27.541500
0.536823 51.433700
0.537711 37.726700
0.538598 8.001360
0.539485 46.291800
0.540373 14.031300
0.541260 4.892700
0.542147 65.972900
0.543035 5.548480
0.543922 57.527400
0.544809 11.163500
0.545697 26.705400
0.546584 52.272100
0.547471 32.549500
0.548358 15.134600
0.549246 31.223500
0.550133 5.378710
0.551020 14.471000
0.551908 32.798000
0.552795 19.457400
0.553682 23.828000
0.554570 34.113800
0.555457 16.217400
0.556344 16.564900
0.557232 7.236020
0.558119 14.246300
0.559006 11.011200
0.559894 21.025000
0.560781 43.769200
0.561668 5.428760
0.562555 20.254100
0.563443 18.068000
0.564330 20.506600
0.565217 6.065400
0.566105 16.432900
0.566992 18.145700
0.567879 11.331700
0.568767 6.404640
0.569654 23.126600
0.570541 17.404700
0.571429 14.891800
0.572316 37.822300
0.573203 62.041200
0.574091 6.590800
0.574978 5.853590
0.575865 28.162700
0.576752 11.941100
0.577640 4.739610
0.578527 33.449400
0.579414 25.743400
0.580302 24.455500
0.581189 4.830110
0.582076 26.020600
0.582964 44.314000
0.583851 16.617900
0.584738 9.857100
0.585626 29.790200
0.586513 84.809600
0.587400 21.700400
0.588287 16.776100
0.589175 17.859100
0.590062 25.223100
0.590949 10.699500
0.591837 10.717300
0.592724 67.461300
0.593611 35.311500
0.594499 13.619100
0.595386 44.818300
0.596273 8.588070
0.597161 24.718900
0.598048 11.914000
0.598935 32.807600
0.599823 7.982860
0.600710 20.445800
0.601597 22.753700
0.602484 21.987100
0.603372 11.641000
0.604259 6.212980
0.605146 17.065600
0.606034 32.780800
0.606921 5.378400
0.607808 5.116050
0.608696 59.411000
0.609583 12.855600
0.610470 9.082370
0.611358 62.306100
0.612245 64.175600
0.613132 50.991900
0.614020 19.364600
0.614907 23.902600
0.615794 21.529100
0.616681 32.388900
0.617569 29.024800
0.618456 34.888200
0.619343 10.060900
0.620231 16.574400
0.621118 61.547000
0.622005 17.001300
0.622893 8.622930
0.623780 20.853500
0.624667 15.896100
0.625555 40.023900
0.626442 43.503500
0.627329 18.668800
0.628217 8.076150
0.629104 47.435400
0.629991 8.388200
0.630878 52.519500
0.631766 8.842370
0.632653 36.672100
0.633540 5.896630
0.634428 19.712700
0.635315 16.245000
0.636202 4.408560
0.637090 5.814140
0.637977 53.910600
0.638864 14.591100
0.639752 22.374400
0.640639 11.128900
0.641526 21.526600
0.642413 12.556100
0.643301 41.532300
0.644188 15.680900
0.645075 8.857070
0.645963 31.901500
0.646850 36.965200
0.647737 5.235230
0.648625 12.737100
0.649512 66.518400
0.650399 4.892160
0.651287 21.621600
0.652174 10.829100
0.653061 31.339900
0.653949 50.438100
0.654836 5.283220
0.655723 9.783230
0.656610 34.542200
0.657498 42.985700
0.658385 15.805000
0.659272 55.510400
0.660160 11.381700
0.661047 79.401900
0.661934 52.907000
0.662822 18.056700
0.663709 5.247860
0.664596 17.954800
0.665484 25.799800
0.666371 74.985500
0.667258 8.940820
0.668146 18.441500
0.669033 17.215900
0.669920 22.514600
0.670807 9.986440
0.671695 41.074100
0.672582 9.261120
0.673469 13.709000
0.674357 37.275200
0.675244 8.356350
0.676131 2.741910
0.677019 6.877880
0.677906 37.459200
0.678793 24.766800
0.679681 13.616200
0.680568 43.040500
0.681455 57.141800
0.682343 25.623300
0.683230 82.599600
0.684117 23.546300
0.685004 13.586500
0.685892 36.177600
0.686779 28.127600
0.687666 6.839390
0.688554 29.956600
0.689441 27.371700
0.690328 6.953500
0.691216 32.320400
0.692103 14.603500
0.692990 35.734000
0.693878 20.393700
0.694765 48.559400
0.695652 9.513140
0.696539 9.259020
0.697427 5.394650
0.698314 27.289000
0.699201 3.086010
0.700089 55.550400
0.700976 19.472600
0.701863 6.852340
0.702751 10.240900
0.703638 12.613100
0.704525 4.843300
0.705413 14.457600
0.706300 4.843320
0.707187 31.475600
0.708075 10.046600
0.708962 39.762600
0.709849 9.232180
0.710736 35.143000
0.711624 52.611900
0.712511 12.196500
0.713398 30.773800
0.714286 48.336600
0.715173 26.106200
0.716060 4.695980
0.716948 9.433930
0.717835 6.124300
0.718722 34.247300
0.719610 18.996800
0.720497 8.121630
0.721384 49.602000
0.722272 7.707360
0.723159 8.469950
0.724046 13.093900
0.724933 20.592400
0.725821 9.347850
0.726708 12.327300
0.727595 22.552600
0.728483 13.699600
0.729370 14.644300
0.730257 9.910410
0.731145 80.929700
0.732032 15.786200
0.732919 16.319800
0.733807 13.236800
0.734694 9.117270
0.735581 17.005900
0.736469 22.059100
0.737356 25.706300
0.738243 9.805800
0.739130 10.058000
0.740018 5.679450
0.740905 16.003300
0.741792 5.317240
0.742680 18.294000
0.743567 17.584900
0.744454 32.020400
0.745342 30.687900
0.746229 43.601300
0.747116 3.897760
0.748004 8.665860
0.748891 24.704600
0.749778 3.368510
0.750665 35.545200
0.751553 17.747400
0.752440 25.892000
0.753327 12.121500
0.754215 47.547700
0.755102 54.503900
0.755989 27.328100
0.756877 48.085600
0.757764 10.610100
0.758651 67.929300
0.759539 21.735000
0.760426 2.125700
0.761313 37.948800
0.762201 3.756030
0.763088 43.091700
0.763975 7.420810
0.764862 81.329100
0.765750 17.620000
0.766637 27.312400
0.767524 26.493900
0.768412 44.745700
0.769299 25.571500
0.770186 7.877440
0.771074 5.828140
0.771961 24.452200
0.772848 69.068000
0.773736 21.966400
0.774623 12.273500
0.775510 18.544900
0.776398 13.093100
0.777285 6.703060
0.778172 23.421600
0.779059 34.217100
0.779947 14.046700
0.780834 5.516910
0.781721 24.872100
0.782609 21.105700
0.783496 10.936500
0.784383 79.266700
0.785271 2.988140
0.786158 6.302810
0.787045 6.010850
0.787933 9.002230
0.788820 12.157500
0.789707 38.760200
0.790594 42.704100
0.791482 51.304100
0.792369 41.953400
0.793256 41.201900
0.794144 45.450400
0.795031 25.477300
0.795918 72.951700
0.796806 17.724400
0.797693 51.471400
0.798580 13.329300
0.799468 21.833700
0.800355 21.230300
0.801242 11.859900
0.802130 38.397500
0.803017 8.759840
0.803904 45.605100
0.804791 13.233400
0.805679 15.656400
0.806566 3.111440
0.807453 17.661900
0.808341 50.214900
0.809228 12.282900
0.810115 41.060700
0.811003 18.602400
0.811890 54.248100
0.812777 31.454000
0.813665 55.439700
0.814552 17.152000
0.815439 18.334200
0.816327 36.802300
0.817214 49.289700
0.818101 5.823050
0.818988 32.861900
0.819876 9.810000
0.820763 6.046780
0.821650 81.662600
0.822538 9.922690
0.823425 6.456610
0.824312 19.315800
0.825200 8.403820
0.826087 3.104870
0.826974 16.848000
0.827862 10.073500
0.828749 40.679900
0.829636 35.954100
0.830524 20.050300
0.831411 6.039110
0.832298 24.899100
0.833185 3.934590
0.834073 48.080900
0.834960 23.074600
0.835847 18.156200
0.836735 10.098100
0.837622 56.804600
0.838509 54.212500
0.839397 31.905900
0.840284 40.888300
0.841171 23.294200
0.842059 22.068500
0.842946 33.927200
0.843833 6.374740
0.844720 47.702700
0.845608 48.565200
0.846495 66.961800
0.847382 38.905900
0.848270 7.190740
0.849157 23.053600
0.850044 31.689000
0.850932 48.154200
0.851819 9.452090
0.852706 8.911690
0.853594 19.309500
0.854481 29.631900
0.855368 13.782300
0.856256 5.820320
0.857143 8.422150
0.858030 14.723700
0.858917 25.703100
0.859805 67.121200
0.860692 10.197700
0.861579 17.050300
0.862467 74.510000
0.863354 26.544800
0.864241 29.792400
0.865129 44.203400
0.866016 4.329470
0.866903 12.125000
0.867791 34.831700
0.868678 32.343800
0.869565 52.036400
0.870453 7.428520
0.871340 14.422000
0.872227 18.755700
0.873114 31.279300
0.874002 22.488700
0.874889 28.348000
0.875776 25.802100
0.876664 2.955010
0.877551 16.673700
0.878438 9.204340
0.879326 30.186100
0.880213 7.183520
0.881100 28.255700
0.881988 9.048810
0.882875 13.973000
0.883762 12.138800
0.884650 30.020100
0.885537 25.454500
0.886424 6.936180
0.887311 27.575400
0.888199 54.558400
0.889086 86.925000
0.889973 7.849780
0.890861 7.742810
0.891748 12.148500
0.892635 76.526300
0.893523 14.451700
0.894410 5.295310
0.895297 30.218400
0.896185 9.343530
0.897072 9.779940
0.897959 67.103500
0.898846 8.504880
0.899734 7.603020
0.900621 17.192200
0.901508 23.874600
0.902396 10.187000
0.903283 3.388040
0.904170 64.223000
0.905058 5.993900
0.905945 6.421870
0.906832 50.011100
0.907720 58.711400
0.908607 9.684680
0.909494 12.788300
0.910382 38.631300
0.911269 22.539500
0.912156 69.900600
0.913043 28.253300
0.913931 17.420600
0.914818 27.757700
0.915705 7.671090
0.916593 2.571380
0.917480 52.725200
0.918367 51.860100
0.919255 48.883000
0.920142 66.117200
0.921029 49.376700
0.921917 15.755800
0.922804 4.327210
0.923691 29.583600
0.924579 23.805300
0.925466 5.204750
0.926353 52.463900
0.927240 7.518430
0.928128 59.492400
0.929015 19.910900
0.929902 12.415900
0.930790 8.727580
0.931677 11.291200
0.932564 41.567900
0.933452 19.005400
0.934339 10.750200
0.935226 25.603200
0.936114 18.817800
0.937001 69.949300
0.937888 33.426700
0.938776 3.796150
0.939663 23.948700
0.940550 56.841500
0.941437 4.831770
0.942325 7.039920
0.943212 26.652100
0.944099 46.723300
0.944987 6.082910
0.945874 8.941300
0.946761 41.916200
0.947649 67.610100
0.948536 6.922730
0.949423 46.481700
0.950311 58.850600
0.951198 14.440600
0.952085 4.610020
0.952972 8.631010
0.953860 20.230900
0.954747 11.039700
0.955634 20.137900
0.956522 4.579590
0.957409 44.490800
0.958296 26.869500
0.959184 6.509060
0.960071 51.444000
0.960958 5.645960
0.961846 20.437000
0.962733 51.738400
0.963620 11.187900
0.964508 11.046100
0.966282 7.409500
0.967169 22.045300
0.968057 14.791800
0.968944 12.094700
0.969831 13.815500
0.970719 62.995800
0.971606 15.612300
0.972493 27.322400
0.973381 7.164530
0.974268 39.013200
0.975155 14.212900
0.976043 29.128800
0.976930 7.165100
0.977817 38.919200
0.978705 42.513200
0.979592 12.636600
0.980479 31.988800
0.981366 8.927400
0.982254 4.414260
0.983141 83.203000
0.984028 11.067200
0.984916 6.143790
0.985803 40.715900
0.986690 7.593060
0.987578 12.747000
0.988465 21.607500
0.989352 6.410420
0.990240 19.828100
0.991127 8.348280
0.992014 39.534400
0.992902 9.028050
0.993789 77.089600
0.994676 25.296100
0.995563 35.243400
0.996451 23.334200
0.997338 65.157300
0.998225 13.416000
0.999113 38.626100
1.000000 63.447700
