0.000195 52.429900
0.000390 70.820200
0.000585 40.782900
0.000780 46.448100
0.001171 8.776500
0.001366 8.895260
0.001561 3.347990
0.001756 8.907810
0.001951 42.771900
0.002146 27.710000
0.002341 19.857300
0.002537 7.172440
0.016780 9.691900
0.016976 13.648800
0.017171 8.870230
0.017366 9.474300
0.017561 21.182200
0.017756 12.397900
0.017951 6.979770
0.018146 5.960360
0.018341 1.742670
0.018537 11.335600
0.018732 49.763100
0.018927 4.997160
0.019122 7.505520
0.032195 8.389800
0.037854 58.116000
0.038049 16.625800
0.038244 11.216800
0.038439 40.970700
0.038634 31.195300
0.038829 18.228400
0.039024 5.765920
0.039220 49.831100
0.039415 39.292000
0.039610 49.992200
0.039805 26.047900
0.043902 9.958660
0.044098 9.878100
0.044293 38.634900
0.044488 37.034800
0.044683 21.666300
0.044878 15.270900
0.045073 44.485300
0.045268 60.520800
0.045463 9.980230
0.045659 71.049600
0.045854 23.026400
0.046049 38.398700
0.046244 5.463430
0.046439 6.424470
0.046634 13.240700
0.046829 42.520300
0.047024 27.405700
0.047220 25.944100
0.047415 24.590800
0.047805 25.280800
0.048000 39.942800
0.048195 10.577700
0.048390 6.866000
0.048585 5.135980
0.048780 4.588570
0.048976 29.221400
0.049171 9.939670
0.049366 10.052800
0.049561 40.814700
0.049756 14.413500
0.049951 56.169000
0.050146 17.873200
0.050341 5.117580
0.050537 29.021800
0.050732 23.929700
0.050927 13.661000
0.051122 26.004700
0.051317 17.423500
0.051512 14.717800
0.051707 15.909100
0.051902 28.303500
0.052098 27.911300
0.052293 32.521700
0.052488 1.894380
0.052683 11.936100
0.052878 5.770640
0.053073 19.241900
0.053268 70.738700
0.053463 47.141700
0.053659 80.621100
0.053854 30.760500
0.054049 18.068700
0.054244 57.239500
0.054439 49.228400
0.054634 9.123000
0.054829 17.426700
0.055024 9.608090
0.055220 27.540400
0.055415 66.645600
0.055610 12.764500
0.055805 19.341200
0.056000 32.524900
0.056195 26.663600
0.056390 19.225600
0.056585 55.815400
0.056780 6.065060
0.056976 30.620300
0.057171 26.582600
0.057366 8.744410
0.057561 11.044400
0.057756 16.752100
0.057951 32.180400
0.058146 20.026000
0.058341 12.921300
0.058537 15.951400
0.058732 19.974500
0.058927 21.880300
0.059122 20.852700
0.059317 46.049100
0.059512 24.931700
0.059707 22.248400
0.059902 28.328200
0.060098 42.104300
0.060293 41.562100
0.060488 3.152450
0.060683 18.259300
0.060878 8.863200
0.061073 9.404860
0.061268 7.270650
0.061463 33.143000
0.061659 25.856100
0.061854 42.414400
0.062049 16.815100
0.062244 37.008900
0.062439 21.950300
0.062634 50.516200
0.062829 13.640700
0.063024 6.527180
0.063220 12.592400
0.063415 10.015900
0.063610 12.613200
0.063805 9.628390
0.064000 8.572590
0.064195 18.623400
0.064390 22.174900
0.064585 49.601200
0.064780 10.149800
0.064976 50.752700
0.065171 23.589200
0.065366 53.519000
0.065561 10.099100
0.065756 33.997700
0.065951 28.801500
0.066146 22.552200
0.066341 59.250800
0.066537 11.000200
0.066732 31.906900
0.066927 37.456700
0.067122 39.357600
0.067317 4.464870
0.067512 21.687900
0.067707 36.279700
0.067902 48.775400
0.068098 40.769300
0.068293 6.095040
0.068488 17.344500
0.068878 22.074300
0.069073 8.055480
0.069268 24.233400
0.069463 49.343000
0.069659 15.887800
0.069854 47.053800
0.070049 25.342000
0.070244 14.761300
0.070439 12.435400
0.070634 17.319700
0.070829 66.589600
0.071024 28.074600
0.071220 9.511170
0.071415 29.377000
0.071610 33.118300
0.071805 4.813510
0.073171 7.409500
0.073366 23.954100
0.073561 8.138230
0.073756 36.753200
0.073951 12.228900
0.074146 92.230800
0.074341 23.135500
0.074537 86.943100
0.074732 55.783000
0.074927 7.509050
0.075122 41.922200
0.075317 7.597360
0.075512 50.826600
0.075707 39.078200
0.075902 4.982160
0.076098 15.804100
0.076293 41.111600
0.076488 14.406100
0.076683 34.256300
0.076878 22.636100
0.077073 46.879200
0.077268 23.491900
0.077463 19.443800
0.077659 37.349100
0.077854 53.860000
0.078049 12.083600
0.078244 34.051200
0.078439 33.253000
0.078634 15.223300
0.078829 30.011900
0.079024 7.301980
0.079220 9.373120
0.079415 32.226500
0.079610 20.576800
0.079805 12.243700
0.080000 11.154400
0.080195 4.763820
0.080390 84.444400
0.080585 30.126600
0.080780 22.605500
0.080976 4.419750
0.081171 55.906900
0.081366 31.921000
0.081561 78.188800
0.081756 8.629390
0.081951 42.754400
0.082146 30.286500
0.082341 6.095570
0.082537 25.109900
0.082732 6.662820
0.082927 8.856400
0.083122 52.144200
0.083317 15.520800
0.083707 20.591000
0.083902 26.508500
0.084098 44.064300
0.084293 5.604810
0.084488 12.408900
0.084683 8.230630
0.084878 9.942230
0.085073 15.529200
0.085268 23.070300
0.085463 77.857200
0.085659 33.484700
0.085854 17.293200
0.086049 70.009300
0.086244 55.174400
0.086439 25.189600
0.086634 54.502600
0.086829 9.301560
0.088780 8.324900
0.088976 39.518100
0.089171 37.879700
0.089366 28.490700
0.089561 56.172100
0.089756 34.621000
0.089951 13.221700
0.090146 60.512800
0.090341 13.199400
0.090537 24.527400
0.090732 65.188800
0.090927 47.413400
0.091122 5.680820
0.091317 18.042900
0.091512 25.620500
0.091707 49.060700
0.091902 48.371000
0.092098 9.494710
0.092293 8.176600
0.092488 23.286100
0.092683 59.179300
0.092878 15.133000
0.093073 8.781910
0.093268 50.722400
0.093463 10.070000
0.093659 20.158200
0.093854 18.184600
0.094244 11.373500
0.094439 5.959260
0.094634 59.841700
0.094829 34.611300
0.095024 24.739700
0.096780 11.312900
0.096976 19.421200
0.097171 9.365760
0.097366 9.183170
0.097561 19.886600
0.097756 32.380400
0.097951 11.270800
0.098146 70.315700
0.098341 16.036100
0.098537 7.302160
0.098732 13.539400
0.098927 15.447000
0.099122 50.752400
0.099317 41.962000
0.099512 9.066330
0.099707 9.625350
0.099902 38.045300
0.100098 25.520700
0.100293 46.843800
0.100488 33.041400
0.100683 16.020500
0.100878 10.951200
0.101073 26.098000
0.101268 9.518320
0.101463 40.587600
0.101659 5.228820
0.101854 44.255700
0.102049 44.642400
0.102244 33.682500
0.102439 26.723400
0.102634 45.935400
0.102829 39.194500
0.103024 5.785360
0.103220 8.889230
0.103415 15.412400
0.103610 29.529100
0.103805 6.687460
0.104000 63.863300
0.104195 8.418520
0.104390 16.668400
0.104585 10.129000
0.104780 38.353500
0.104976 8.020740
0.105171 36.803400
0.105366 26.726800
0.105561 41.165900
0.105756 47.705900
0.105951 66.859300
0.106146 31.597200
0.106341 54.493700
0.106537 89.934500
0.106927 21.562100
0.107122 18.414400
0.107317 25.863400
0.107512 42.487300
0.107707 61.256600
0.107902 4.368370
0.108098 50.575500
0.108293 11.114000
0.108488 28.247300
0.108683 5.764700
0.108878 27.045600
0.109073 7.309150
0.109268 10.741600
0.109463 52.670300
0.109659 6.062950
0.109854 17.998600
0.110049 22.284600
0.110244 6.882570
0.110439 32.591400
0.110634 4.630910
0.110829 7.115620
0.111024 51.360500
0.111220 37.415800
0.111415 5.241410
0.111610 6.605650
0.111805 71.861600
0.112000 66.126100
0.112195 11.391300
0.113756 67.417800
0.113951 21.355600
0.114146 30.696100
0.114341 14.112400
0.114537 47.636600
0.114732 27.090500
0.114927 34.184700
0.115122 16.759000
0.115317 7.137830
0.115512 30.910400
0.115707 6.118640
0.115902 17.923300
0.116098 12.004000
0.116293 4.908940
0.116488 17.209700
0.116683 4.963400
0.116878 37.832100
0.117073 8.169910
0.117268 29.608800
0.117463 24.906200
0.117659 27.797200
0.117854 34.423900
0.118049 34.663000
0.118244 49.746100
0.118439 45.133500
0.118634 31.094100
0.118829 39.562800
0.119024 38.005000
0.119220 7.554440
0.119415 18.456700
0.119610 13.288300
0.119805 79.816500
0.120000 13.483800
0.120195 56.139300
0.120390 22.899100
0.120585 15.725500
0.120780 35.736000
0.120976 9.907880
0.121171 37.439300
0.121366 8.943940
0.121561 13.821700
0.121756 64.826900
0.121951 24.076200
0.122146 51.028400
0.122341 18.476300
0.122537 15.150700
0.122732 7.328290
0.122927 45.009600
0.123122 43.456100
0.123317 7.455790
0.123512 87.503500
0.123707 26.078600
0.123902 16.959000
0.124098 1.852140
0.124293 22.152300
0.124488 41.359500
0.124683 7.619540
0.124878 23.138100
0.125073 3.694000
0.125268 16.263300
0.125463 13.517700
0.125659 43.553800
0.125854 23.198400
0.126049 13.909700
0.126244 33.488500
0.126439 33.708800
0.126634 43.188600
0.126829 19.004200
0.127024 19.874200
0.127220 44.799800
0.127415 10.743500
0.127610 14.298900
0.127805 21.697700
0.128000 29.310400
0.128976 67.121200
0.129171 8.187100
0.129366 28.704400
0.129561 84.156900
0.129756 4.474290
0.129951 47.614900
0.130146 29.422700
0.130341 63.693100
0.130537 10.221900
0.130732 35.241300
0.130927 41.592600
0.131122 34.768600
0.131317 9.539400
0.131512 17.837600
0.131707 26.646100
0.131902 20.800100
0.132098 16.323600
0.132293 57.899400
0.132488 11.613600
0.132683 37.901000
0.132878 6.112970
0.133073 10.382500
0.133268 42.980500
0.133463 51.691000
0.133659 5.955710
0.133854 22.624500
0.134049 41.337200
0.134244 12.664300
0.134439 46.280600
0.134634 18.350100
0.134829 12.452600
0.135024 18.766000
0.135220 27.524300
0.135415 9.539630
0.135610 18.029100
0.135805 4.941090
0.136000 13.821900
0.136195 19.607900
0.136390 8.831720
0.136585 13.454900
0.136780 18.104600
0.136976 27.445200
0.137171 41.372700
0.137366 33.742800
0.137561 17.035300
0.137756 7.243360
0.137951 49.461900
0.138146 29.187700
0.138341 8.327200
0.138537 11.371800
0.138732 21.395100
0.138927 16.481400
0.139122 27.625300
0.139317 10.255600
0.139512 68.834700
0.139707 46.495900
0.139902 60.189800
0.140098 30.251100
0.140293 10.176900
0.140488 11.993800
0.140683 16.813300
0.140878 23.678000
0.141073 15.149200
0.141268 65.655600
0.141463 6.681800
0.141659 36.245400
0.141854 42.270400
0.142049 44.281500
0.142244 41.572500
0.142439 72.809500
0.142634 39.116600
0.142829 36.324800
0.143024 1.650590
0.143220 22.401300
0.143415 24.563500
0.143610 22.411700
0.143805 50.620900
0.144000 6.070770
0.144195 36.682200
0.144390 8.363620
0.144585 10.443300
0.144780 32.549900
0.144976 15.839300
0.145171 7.910790
0.145366 29.677700
0.145561 59.952500
0.145756 29.138400
0.145951 25.928800
0.146146 7.631160
0.146341 38.198100
0.146537 18.212100
0.146732 8.041580
0.146927 15.224100
0.147122 12.166600
0.147317 59.197400
0.147512 1.702320
0.147707 56.553200
0.147902 17.160400
0.156683 59.483000
0.156878 17.502100
0.157073 21.256000
0.157268 34.371300
0.157463 25.164200
0.157659 47.627100
0.157854 27.262600
0.158049 14.121400
0.158244 27.971600
0.158439 46.391700
0.158634 5.930440
0.158829 23.888000
0.159024 15.801100
0.159220 17.682900
0.159415 19.765400
0.159610 39.577100
0.159805 36.080300
0.160000 21.484000
0.160195 41.141500
0.160390 24.941000
0.160585 15.533900
0.160780 36.166700
0.160976 4.506610
0.161171 8.130410
0.161366 29.723200
0.161561 8.577480
0.161756 6.797010
0.161951 23.037300
0.162146 24.107400
0.162341 8.666460
0.162537 15.466800
0.162732 3.605390
0.162927 9.027640
0.163122 68.744500
0.163317 16.251500
0.163512 70.594300
0.163707 9.457940
0.163902 9.270580
0.164098 42.883900
0.164293 5.522350
0.164488 18.896700
0.164683 16.674700
0.164878 7.179920
0.165073 30.614800
0.165268 35.194700
0.165463 8.572070
0.165659 23.454100
0.165854 6.606430
0.166049 40.763500
0.166244 26.577900
0.166439 13.693200
0.166634 7.230610
0.166829 10.046600
0.167024 68.324200
0.167220 19.568500
0.167415 49.017900
0.167610 35.909800
0.167805 15.684000
0.168000 20.075200
0.168195 48.120600
0.168390 14.300800
0.168585 26.219600
0.168780 53.999000
0.168976 6.050930
0.169171 16.923300
0.169366 20.367800
0.169561 22.021900
0.169756 3.331770
0.169951 2.434050
0.170146 52.647600
0.170341 5.107940
0.170537 26.848400
0.170732 5.739870
0.170927 27.678600
0.171122 23.063600
0.171317 30.186600
0.171512 35.302300
0.171707 9.133160
0.171902 39.466300
0.172098 9.369790
0.172293 21.596400
0.172488 32.598600
0.172683 25.546800
0.172878 12.103200
0.173073 20.607900
0.173268 14.854000
0.173463 14.632400
0.173659 7.199770
0.173854 26.053200
0.174049 70.211400
0.174244 6.888640
0.174439 9.703220
0.174634 5.627010
0.174829 31.878900
0.175024 16.290700
0.175220 7.300600
0.175415 50.307200
0.175610 3.804480
0.175805 61.279000
0.176000 5.281340
0.176195 46.399100
0.176390 11.922700
0.176585 18.635800
0.176780 42.034600
0.176976 9.883390
0.177171 27.979200
0.177366 78.184200
0.177561 30.458800
0.177756 19.208900
0.177951 35.081400
0.178146 25.444200
0.178341 77.694700
0.178732 23.054500
0.178927 18.072400
0.179122 55.575400
0.179317 17.240400
0.179512 9.793120
0.179707 16.974400
0.179902 12.886600
0.180098 28.130500
0.180293 92.217400
0.180488 20.286200
0.180683 12.176400
0.180878 24.944300
0.181073 19.992600
0.181268 2.987460
0.181463 8.601670
0.181659 18.748600
0.181854 2.642710
0.182049 26.737400
0.182244 11.566000
0.182439 12.291300
0.182634 16.488300
0.182829 23.550100
0.183024 19.414500
0.183220 85.567800
0.183415 23.889000
0.183610 9.066190
0.183805 21.882600
0.184000 7.222230
0.184195 9.568930
0.184390 10.421000
0.184585 27.283300
0.184780 17.977300
0.184976 6.596040
0.185171 7.296390
0.185366 38.554200
0.185561 11.065900
0.185756 9.542040
0.185951 22.693900
0.186146 8.335390
0.186341 57.655800
0.186537 37.065100
0.186732 81.812800
0.186927 47.479000
0.187122 28.845300
0.187317 7.243080
0.187512 3.535100
0.187707 15.646700
0.187902 7.918240
0.188098 22.378800
0.188293 4.292920
0.188488 10.103800
0.188683 1.772640
0.188878 7.335230
0.189073 6.685980
0.189268 13.120800
0.189463 7.504130
0.189659 30.369900
0.189854 8.182670
0.190049 53.008300
0.190244 46.093600
0.190439 18.790000
0.190634 46.133800
0.190829 40.943100
0.191024 58.493300
0.191220 3.968330
0.191415 22.542000
0.191610 11.475900
0.191805 5.689900
0.192000 14.032800
0.192195 24.874600
0.192390 6.379510
0.192585 48.658500
0.192780 21.074200
0.192976 25.162400
0.193171 52.217600
0.193366 27.298300
0.193561 27.943900
0.193756 17.065900
0.193951 71.104200
0.194146 21.095400
0.194341 7.114030
0.194537 30.999800
0.194732 35.491700
0.194927 16.221500
0.195122 35.615400
0.195317 8.525920
0.195512 32.474700
0.195707 19.215000
0.195902 19.756300
0.196098 58.177700
0.196293 8.849310
0.196488 8.236220
0.196683 7.559680
0.196878 9.600830
0.197073 16.676400
0.197268 3.399420
0.197463 14.368600
0.197659 49.544900
0.197854 60.436400
0.198049 10.511300
0.198244 11.990200
0.198439 48.882400
0.198634 35.180000
0.198829 53.296600
0.199024 25.959900
0.199220 17.064400
0.199415 6.418130
0.199610 22.597700
0.199805 91.506500
0.200000 8.767990
0.200195 15.726100
0.200390 13.575000
0.200585 7.814760
0.200780 41.597200
0.200976 56.936700
0.201171 5.091710
0.201366 32.039100
0.201561 47.386600
0.201756 24.163200
0.201951 1.155320
0.202146 14.747300
0.202341 54.440400
0.202537 26.920300
0.202732 10.756100
0.202927 9.502560
0.203122 36.506400
0.203317 55.762500
0.203512 24.856400
0.203707 21.028800
0.203902 20.508700
0.204098 9.294480
0.204293 13.890500
0.204488 7.373800
0.204683 50.451900
0.204878 42.338900
0.205073 11.349200
0.205268 26.153300
0.205463 6.947180
0.205659 26.648300
0.205854 26.203500
0.206049 23.601300
0.206244 12.592500
0.206439 33.825700
0.206634 9.977600
0.206829 31.990600
0.207024 37.448300
0.207220 21.500600
0.207415 20.341500
0.207610 25.085600
0.207805 46.262500
0.208000 4.068350
0.208195 42.538000
0.208390 39.023300
0.208585 28.818000
0.208780 17.296500
0.208976 5.118250
0.209171 8.845810
0.209366 25.668400
0.209561 20.573000
0.209756 40.899500
0.209951 39.247700
0.210146 21.051700
0.210341 72.126300
0.210537 72.931800
0.210732 6.031650
0.210927 10.046200
0.211122 7.914080
0.211317 38.315200
0.211512 36.694800
0.211707 23.293000
0.211902 25.162800
0.212098 42.072200
0.212293 30.515300
0.212488 7.238590
0.212683 16.260300
0.212878 7.608850
0.213073 62.291700
0.213268 18.445100
0.213463 6.464290
0.213659 26.491400
0.213854 13.823300
0.214049 60.272000
0.214244 28.059300
0.214439 8.402210
0.214634 18.317500
0.214829 35.380700
0.215024 14.240900
0.215220 48.581600
0.215415 65.370400
0.215610 5.834620
0.215805 17.364100
0.216000 23.564700
0.216195 16.042400
0.216390 36.112300
0.216585 36.757200
0.216780 6.466380
0.216976 31.499800
0.217171 8.733270
0.217366 11.225400
0.217561 19.633200
0.217756 16.909700
0.217951 11.693100
0.218146 9.475390
0.218341 51.336500
0.218537 19.922000
0.218732 28.327700
0.218927 21.383600
0.219122 13.229400
0.219317 10.834300
0.219512 62.637300
0.219707 35.934800
0.219902 13.535700
0.220098 8.118640
0.220293 8.459480
0.220488 11.083900
0.220683 19.491300
0.220878 37.089300
0.221073 25.838800
0.221268 30.347500
0.221463 71.710600
0.221659 4.820150
0.221854 50.801900
0.222049 13.199200
0.222244 2.540250
0.222439 37.095600
0.222634 6.260890
0.222829 10.082700
0.223024 22.726600
0.223220 85.262800
0.223415 4.687800
0.223610 12.575200
0.223805 28.807400
0.224000 5.223080
0.224195 26.467800
0.224390 25.460900
0.224585 11.654700
0.224780 52.810300
0.224976 30.884600
0.225171 7.433680
0.225366 6.275730
0.225561 4.726620
0.225756 17.028800
0.225951 1.955340
0.226146 61.971000
0.226341 3.580190
0.226732 17.284600
0.226927 56.649100
0.227122 11.160500
0.227317 22.177200
0.227512 14.738800
0.227707 57.519900
0.227902 11.565000
0.228098 4.639710
0.228293 10.980100
0.228488 36.854600
0.228683 20.965000
0.228878 9.648790
0.229073 41.691900
0.229268 17.116600
0.229463 11.880300
0.229659 44.568500
0.229854 20.409300
0.230049 63.422400
0.230244 6.722150
0.230439 5.801570
0.230634 51.241100
0.230829 4.290340
0.231024 52.741400
0.231220 6.536870
0.231415 37.170100
0.231610 28.763200
0.231805 10.358200
0.232000 23.593700
0.232195 67.161900
0.232390 25.933400
0.232585 85.362200
0.232780 61.304600
0.232976 10.586800
0.233171 7.554500
0.233366 6.808840
0.233561 12.447900
0.233756 68.918500
0.233951 15.186000
0.234146 14.039100
0.234341 35.553600
0.234537 30.924400
0.234732 9.134440
0.234927 11.400700
0.235122 31.286400
0.235317 20.443200
0.235512 19.860700
0.235707 33.083700
0.235902 49.649000
0.236098 27.840900
0.236293 52.478700
0.236488 9.350770
0.236683 14.516200
0.236878 5.415540
0.237073 71.892200
0.237268 2.892930
0.237463 7.058990
0.237659 7.403850
0.237854 28.457400
0.238049 8.231950
0.238244 29.862100
0.238439 47.555100
0.238634 73.933400
0.238829 15.537500
0.239024 16.122400
0.239220 38.397600
0.239415 30.381800
0.239610 15.640800
0.239805 30.605700
0.240000 15.845900
0.240195 3.182400
0.240390 50.266500
0.240585 26.801700
0.240780 15.038000
0.240976 6.683760
0.241171 21.558900
0.241366 20.427100
0.241561 34.782400
0.241756 3.207280
0.241951 19.710500
0.242146 19.566700
0.242341 25.708600
0.242537 15.907800
0.242732 21.142000
0.242927 6.416010
0.243122 39.228200
0.243317 9.932100
0.243512 17.310800
0.243707 7.719300
0.243902 26.815100
0.244098 33.923200
0.244293 9.816630
0.244488 68.961300
0.244683 61.167500
0.244878 9.979820
0.245073 30.589500
0.245268 16.912700
0.245463 20.102200
0.245659 90.802500
0.245854 14.352000
0.246049 40.097000
0.246244 16.702800
0.246439 5.274660
0.246634 26.438400
0.246829 26.182600
0.247024 6.091660
0.247220 32.860900
0.247415 24.949900
0.247610 40.321000
0.247805 9.325140
0.248000 49.402800
0.248195 47.465300
0.248390 22.992800
0.248585 37.850400
0.248780 34.969800
0.248976 13.673500
0.249171 22.282100
0.249366 50.676600
0.249561 14.562100
0.249756 87.734500
0.249951 55.766500
0.250146 20.837200
0.250341 7.137500
0.250537 14.916400
0.250732 7.248030
0.250927 8.063370
0.251122 4.484520
0.251317 18.863600
0.251512 22.102100
0.251707 63.984800
0.251902 12.916600
0.252098 15.169100
0.252293 32.546900
0.252488 31.224200
0.252683 12.388100
0.252878 1.700420
0.253073 10.183900
0.253268 82.467500
0.253463 32.487900
0.253659 2.758300
0.253854 7.897000
0.254049 29.541500
0.254244 28.045800
0.254439 58.723800
0.254634 13.204500
0.254829 28.826600
0.255024 45.769200
0.255220 11.853900
0.255415 41.125900
0.255610 32.184700
0.255805 31.110300
0.256000 9.792880
0.256195 10.042900
0.256390 3.466190
0.256585 9.980190
0.256780 66.868600
0.256976 10.161400
0.257171 7.048980
0.257366 26.675800
0.257561 1.806200
0.257756 7.352000
0.257951 61.742100
0.258146 15.714200
0.258341 15.729300
0.258537 7.246680
0.258732 49.110400
0.258927 5.837580
0.259122 9.308800
0.259317 34.201700
0.259512 5.354960
0.259707 35.052400
0.259902 33.406700
0.260098 60.958500
0.260293 33.290000
0.260488 34.831700
0.260683 34.805100
0.260878 52.539200
0.261073 40.665400
0.261268 59.270300
0.261463 55.038500
0.261659 38.614300
0.261854 9.350510
0.262049 60.162500
0.262244 44.002800
0.262439 26.268600
0.262634 6.195750
0.262829 42.501100
0.263024 47.064200
0.263220 12.261700
0.263415 3.918260
0.263610 10.714800
0.263805 26.647200
0.264000 8.519830
0.264195 19.776500
0.264390 16.568000
0.264585 23.526300
0.264780 37.520700
0.264976 25.950100
0.265171 65.848500
0.265366 4.877170
0.265561 27.913600
0.265756 38.146700
0.265951 15.856100
0.266146 29.853400
0.266341 14.472900
0.266537 18.561700
0.266732 12.583300
0.266927 21.465200
0.267122 30.174500
0.267317 31.025300
0.267512 23.939500
0.267707 24.608900
0.267902 32.003700
0.268098 12.288300
0.268293 26.863300
0.268488 90.626600
0.268683 6.580460
0.268878 36.476200
0.269073 6.815340
0.269268 13.947500
0.269463 20.501800
0.269659 14.673700
0.269854 5.530550
0.270049 46.771400
0.270244 73.235800
0.270439 40.411900
0.270634 36.946400
0.270829 14.795500
0.271024 27.218600
0.271220 9.852230
0.271415 8.528110
0.271610 9.959830
0.271805 39.072000
0.272000 8.291060
0.272195 5.183510
0.272390 46.966600
0.272585 9.739690
0.272780 48.564200
0.272976 59.464100
0.273171 51.899800
0.273366 33.091900
0.273561 23.338300
0.273756 55.407400
0.273951 41.202700
0.274146 62.630600
0.274341 89.494300
0.274537 10.937500
0.274732 3.268640
0.274927 8.455710
0.275122 4.539250
0.275317 91.783300
0.275512 33.818000
0.275707 37.451800
0.275902 20.661700
0.276098 25.249500
0.276293 4.291850
0.276488 50.670800
0.276683 20.232000
0.276878 14.163100
0.277073 15.935800
0.277268 24.594500
0.277463 18.924300
0.277659 22.232900
0.277854 16.357000
0.278049 17.960000
0.278244 11.891700
0.278439 35.245300
0.278634 18.269000
0.278829 23.589500
0.279024 27.645700
0.279220 42.494800
0.279415 9.447220
0.279610 19.867400
0.279805 45.111400
0.280000 37.035600
0.280195 9.628170
0.280390 78.906200
0.280585 28.064100
0.280780 52.925400
0.280976 27.122700
0.281171 12.222900
0.281366 6.456820
0.281561 64.327600
0.281756 45.949200
0.281951 15.045400
0.282146 42.381000
0.282341 17.109500
0.282537 11.735200
0.282732 4.779670
0.282927 27.475600
0.283122 4.630150
0.283317 7.830080
0.283512 57.442200
0.283707 39.220100
0.283902 74.594100
0.284098 88.629800
0.284293 33.138400
0.284488 21.840400
0.284683 19.128800
0.284878 8.301880
0.285073 52.971300
0.285854 9.805800
0.286049 30.910500
0.286244 18.438700
0.286439 40.554200
0.286634 6.117230
0.286829 41.980900
0.287024 25.393700
0.287220 6.975370
0.287415 21.851700
0.287610 30.210300
0.287805 33.910600
0.288000 22.651600
0.288195 53.075700
0.288390 31.487800
0.288585 36.325800
0.288780 32.593900
0.288976 6.119550
0.289171 45.367000
0.289366 12.449600
0.289561 15.802700
0.289756 8.103920
0.289951 9.572610
0.290146 6.422880
0.290341 10.613300
0.290537 65.975900
0.291317 69.269400
0.291512 44.548500
0.291707 29.552800
0.291902 15.590900
0.292098 2.995290
0.292293 8.230850
0.292488 63.938800
0.292683 45.658600
0.292878 19.527600
0.293073 39.734400
0.293268 11.589900
0.293463 36.498800
0.293659 12.144300
0.293854 51.771700
0.294049 56.953900
0.294244 29.705900
0.294439 28.585200
0.294634 9.769510
0.294829 38.619500
0.295024 42.434900
0.295610 9.621300
0.295805 9.098480
0.296000 44.174100
0.296195 35.406500
0.296390 13.133900
0.296585 9.471840
0.296780 15.114500
0.296976 31.878600
0.297171 34.739200
0.297366 41.749800
0.297561 11.256800
0.297756 7.267560
0.297951 10.154800
0.298146 41.853900
0.298341 49.548600
0.298537 22.182500
0.298732 12.960600
0.298927 46.996000
0.299122 56.914700
0.299317 47.583600
0.299512 52.833800
0.299707 42.622900
0.299902 71.567400
0.300098 15.210700
0.300293 4.904390
0.300488 14.622600
0.300683 1.657470
0.300878 62.677800
0.301073 43.140400
0.301268 84.748400
0.301463 75.088100
0.301659 8.629350
0.301854 9.808450
0.302049 36.555900
0.302244 23.881300
0.302439 3.250720
0.302634 39.726900
0.302829 4.902240
0.303024 53.870700
0.303220 53.514400
0.303415 53.127100
0.303610 42.710400
0.303805 20.085800
0.304000 15.637000
0.304195 7.008210
0.304390 56.848900
0.304585 25.797100
0.304780 9.923530
0.304976 7.609210
0.305171 16.536000
0.305366 13.755400
0.305561 10.284400
0.305756 17.896500
0.305951 19.934500
0.306146 10.812000
0.306341 13.045400
0.306537 11.875100
0.306732 21.573400
0.306927 46.584800
0.307122 18.772300
0.307317 18.670800
0.307512 57.726400
0.307707 5.885220
0.307902 16.747600
0.308098 5.223540
0.308293 49.568000
0.308488 20.215600
0.308683 24.793600
0.308878 18.725900
0.309073 23.204700
0.309268 26.357800
0.309463 8.943630
0.309659 93.511500
0.309854 39.391800
0.310244 10.123800
0.310439 44.514000
0.310634 29.656800
0.310829 7.406430
0.311024 16.259700
0.311220 45.524700
0.311415 26.395500
0.311610 30.074400
0.311805 2.803610
0.312000 7.885080
0.312195 28.068000
0.312390 4.998280
0.312585 30.407100
0.312780 6.641210
0.312976 11.527300
0.313171 20.153200
0.313366 20.165900
0.313561 1.658180
0.313756 22.262500
0.313951 5.856520
0.314146 31.083300
0.314341 84.895700
0.314537 66.427200
0.314732 19.547600
0.314927 42.822400
0.315122 14.747800
0.315317 8.777750
0.315512 39.210600
0.315707 22.436400
0.315902 10.878900
0.316098 8.881310
0.316293 11.657400
0.316488 21.553000
0.316683 65.130200
0.316878 24.252100
0.317073 38.259200
0.317268 32.321300
0.317463 32.431000
0.317659 22.214900
0.317854 19.973500
0.318049 35.338700
0.318244 21.301600
0.318439 20.479400
0.318634 55.614900
0.318829 42.763000
0.319024 28.823900
0.319220 53.625100
0.319415 51.206200
0.319610 1.651820
0.319805 23.323700
0.320000 7.911570
0.320195 14.101300
0.320390 21.732600
0.320585 65.412200
0.320780 17.006500
0.320976 25.037800
0.321171 75.063000
0.321366 13.672400
0.321561 5.488810
0.321756 26.741900
0.321951 13.030200
0.322146 21.057400
0.322341 33.206300
0.322537 16.599200
0.322732 18.203000
0.322927 71.549400
0.323122 45.789200
0.323317 54.040600
0.323512 16.564800
0.323707 20.435500
0.323902 33.715100
0.324098 6.526280
0.324293 5.040760
0.324488 12.957500
0.324683 34.439300
0.324878 62.232200
0.325073 16.191800
0.325268 24.442500
0.325463 42.537500
0.325659 7.727240
0.325854 45.047600
0.326049 49.957300
0.326244 16.237700
0.326439 21.821700
0.326634 18.148300
0.326829 15.485800
0.327024 19.742100
0.327220 8.253320
0.327415 12.801200
0.327610 9.633030
0.327805 11.305700
0.328000 17.495200
0.328195 29.280100
0.328390 23.577100
0.328585 9.854920
0.328780 28.021700
0.328976 4.578980
0.329171 5.828340
0.329366 23.310500
0.329756 9.698030
0.329951 17.364200
0.330146 2.217170
0.330341 37.159500
0.330537 17.525700
0.330732 5.182670
0.330927 40.867500
0.331122 41.167900
0.331317 14.519000
0.331512 68.315600
0.331707 18.118800
0.331902 34.921600
0.332098 28.318300
0.332683 9.509200
0.332878 25.012700
0.333073 19.566300
0.333268 9.184890
0.333463 18.209900
0.333659 26.582300
0.333854 46.988000
0.334049 21.266300
0.334244 9.652400
0.334439 23.776600
0.334634 44.426700
0.334829 35.682400
0.335024 21.265100
0.335220 15.805100
0.335415 24.484600
0.335610 7.930130
0.335805 49.815800
0.336000 23.911600
0.336195 53.028700
0.336390 22.525500
0.336585 12.653400
0.336780 10.423500
0.336976 6.416630
0.337171 10.591600
0.337366 21.262200
0.337561 66.314900
0.337756 54.730000
0.337951 6.246970
0.338146 20.921900
0.338341 41.128000
0.338537 15.975900
0.338732 23.425100
0.338927 15.900900
0.339122 24.204700
0.339317 23.728600
0.339512 27.464000
0.339707 7.747050
0.339902 29.006200
0.340098 67.700900
0.340293 45.655800
0.340488 23.343700
0.340683 39.142700
0.340878 58.595600
0.341073 39.828900
0.341268 6.164350
0.341463 40.433600
0.341659 33.349000
0.341854 8.307420
0.342049 57.491900
0.342244 47.902700
0.342439 22.495800
0.342634 46.704000
0.342829 29.317000
0.343024 57.935700
0.343220 2.847010
0.343415 37.218100
0.343610 7.304760
0.343805 5.295720
0.344000 9.832080
0.344195 23.621500
0.344390 19.311100
0.344585 10.254400
0.344780 10.610700
0.345171 24.257100
0.345366 8.857040
0.345561 6.081440
0.345756 8.094250
0.345951 30.987100
0.346146 57.036100
0.346341 4.667110
0.346537 28.047600
0.346732 11.958900
0.346927 4.638840
0.347122 9.652320
0.347317 51.946200
0.347512 10.642100
0.347707 18.262700
0.347902 29.346700
0.348098 6.606710
0.348293 32.019700
0.348488 28.010400
0.348683 16.846000
0.348878 28.176200
0.349073 6.342110
0.349268 24.546500
0.349463 49.891300
0.349659 23.401700
0.349854 43.213200
0.350049 25.528500
0.350244 19.192000
0.350439 14.957500
0.350634 28.870200
0.350829 5.916200
0.351024 68.280100
0.351220 9.903690
0.351415 7.087760
0.351610 15.509800
0.351805 25.419200
0.352000 70.636800
0.352195 31.708400
0.352390 20.851400
0.352585 65.652400
0.352780 30.750900
0.352976 52.391600
0.353171 47.255600
0.353366 21.545100
0.353561 62.417900
0.353756 35.780900
0.353951 27.783400
0.354146 14.439700
0.354341 53.967200
0.354537 12.377900
0.354732 20.151900
0.354927 51.495600
0.355122 8.088360
0.355317 25.175300
0.355512 11.034900
0.355707 5.945350
0.355902 57.491500
0.356098 48.435300
0.356293 23.363000
0.356488 8.649990
0.356683 31.154000
0.356878 23.576700
0.357073 31.591700
0.357268 14.681600
0.357463 28.833900
0.357659 8.379500
0.357854 16.455400
0.358049 13.539600
0.358244 33.721600
0.358439 16.219300
0.358634 1.704340
0.358829 46.210900
0.359024 7.327370
0.359415 49.480900
0.359610 61.651900
0.359805 26.937100
0.360000 68.067800
0.360195 77.539800
0.360390 51.119400
0.360585 5.614860
0.360780 6.164650
0.360976 43.310300
0.361171 49.033600
0.361366 18.082700
0.361561 33.176800
0.361756 52.583800
0.361951 6.438710
0.362146 16.690900
0.362341 17.417500
0.362537 23.421500
0.362732 8.779520
0.362927 14.877900
0.363122 36.995700
0.363317 4.397710
0.363512 62.597600
0.363707 9.021530
0.363902 9.747440
0.364098 17.415800
0.364293 38.534000
0.364488 9.448910
0.364683 28.512900
0.364878 6.465540
0.365073 65.678500
0.365268 29.416900
0.365463 14.833300
0.365659 1.687330
0.365854 58.507100
0.366049 3.378260
0.366244 8.100140
0.366439 17.230800
0.366634 18.466800
0.366829 49.207700
0.367024 52.937900
0.367220 23.291800
0.367415 32.232800
0.367610 26.908300
0.367805 57.180100
0.368000 16.402200
0.368195 32.434200
0.368390 6.586570
0.368585 10.143500
0.368780 39.284800
0.368976 20.433300
0.369171 46.949400
0.369366 75.279800
0.369561 23.842800
0.369756 7.585610
0.369951 33.725600
0.370146 22.030200
0.370341 32.855500
0.370537 9.922830
0.370732 22.552400
0.370927 31.699600
0.371122 32.179200
0.371317 68.097600
0.371512 19.839000
0.371707 17.545500
0.371902 45.509500
0.372098 8.435170
0.372293 50.065400
0.372488 14.364800
0.372683 39.455100
0.372878 72.512100
0.373073 35.894700
0.373268 19.250500
0.373463 21.149500
0.373659 17.101200
0.373854 14.983500
0.374049 9.708750
0.374244 21.819500
0.374439 5.931630
0.374634 24.820000
0.374829 16.096800
0.375024 16.676700
0.375220 10.491900
0.375415 10.807700
0.375610 23.922900
0.375805 34.936100
0.376000 38.690500
0.376195 43.144600
0.376390 14.826800
0.376585 42.867500
0.376780 73.606800
0.376976 30.206500
0.377171 58.791800
0.377366 6.919250
0.377561 22.049400
0.377756 35.919300
0.377951 35.063500
0.378146 20.296000
0.378341 34.884100
0.378537 50.331400
0.378732 50.217900
0.378927 61.601400
0.379122 24.357000
0.379317 31.811000
0.379512 24.374600
0.379707 65.866600
0.379902 46.759500
0.380098 20.182900
0.380293 5.459850
0.380488 73.533800
0.380683 1.972460
0.380878 11.739400
0.381073 68.679100
0.381268 45.578500
0.381463 24.998500
0.381659 27.258700
0.381854 5.700460
0.382049 26.337900
0.382244 31.076200
0.382439 4.863220
0.382634 89.973500
0.382829 26.352400
0.383024 91.076400
0.383220 8.971330
0.383415 32.216700
0.383610 8.980460
0.383805 29.711000
0.384000 28.628500
0.384195 29.002300
0.384390 26.785500
0.384585 26.503100
0.384780 31.255100
0.384976 7.033720
0.385171 61.179900
0.385366 28.475700
0.385561 39.477100
0.385756 1.955220
0.385951 8.872310
0.386146 1.835490
0.386341 6.320550
0.386537 58.929200
0.386732 52.266500
0.386927 38.046700
0.387122 68.397100
0.387317 13.543700
0.387512 16.653300
0.387707 8.175880
0.387902 28.098200
0.388098 21.360300
0.388293 19.571400
0.388488 20.039200
0.388683 25.107300
0.388878 53.898800
0.389073 21.797600
0.389268 80.626700
0.389463 6.921910
0.389659 29.235200
0.389854 54.128900
0.390049 30.460200
0.390244 10.000800
0.390439 21.437900
0.390634 89.980600
0.390829 16.299600
0.391024 29.379600
0.391220 10.077000
0.391415 6.985220
0.391610 18.109400
0.391805 8.012000
0.392000 11.126100
0.392195 37.922700
0.392390 7.252780
0.392585 64.647900
0.392780 9.743480
0.392976 31.996200
0.393171 79.634600
0.393366 41.009000
0.393561 4.967730
0.393756 4.134320
0.393951 47.853500
0.394146 63.073100
0.394341 18.417700
0.394537 3.251260
0.394732 66.615100
0.394927 46.539400
0.395122 16.962600
0.395317 8.037180
0.395512 7.493340
0.395707 24.990000
0.395902 33.166200
0.396098 50.554100
0.396293 18.416200
0.396488 53.953100
0.396683 5.423540
0.396878 20.095200
0.397073 7.540120
0.397268 25.483500
0.397463 22.362300
0.397659 30.841700
0.397854 31.989600
0.398049 2.168260
0.398244 26.174100
0.398439 74.710800
0.398634 6.863880
0.398829 15.717200
0.399024 13.573400
0.399220 21.552000
0.399415 25.590000
0.399610 8.820290
0.399805 22.243700
0.400000 10.083700
0.400195 18.569600
0.400390 16.192600
0.400585 43.834800
0.400780 12.115800
0.400976 26.691000
0.401171 38.924200
0.401366 33.053600
0.401561 6.843910
0.401756 6.802600
0.401951 14.061200
0.402146 14.145100
0.402341 43.691100
0.402537 31.037400
0.402732 46.687000
0.402927 17.368200
0.403122 77.982900
0.403317 13.431800
0.403512 37.755200
0.403707 45.053200
0.403902 56.734700
0.404098 64.990700
0.404293 12.779400
0.404488 4.227240
0.404683 26.345100
0.404878 40.163100
0.405073 36.828200
0.405268 57.123900
0.405463 33.032600
0.405659 5.187740
0.405854 8.893660
0.406049 40.244400
0.406244 5.175880
0.406439 15.921500
0.406634 69.174200
0.406829 3.318310
0.407024 76.566400
0.407220 2.497940
0.407415 38.919100
0.408000 1.772950
0.408195 9.905840
0.408390 13.374600
0.408585 64.911500
0.408780 10.011000
0.408976 28.626000
0.409366 30.919800
0.409561 15.253300
0.409756 11.437700
0.409951 37.465900
0.410146 40.544400
0.410341 20.162400
0.410537 29.308200
0.410732 12.280700
0.410927 39.155500
0.411122 48.765200
0.411317 12.024700
0.411512 6.459990
0.411707 16.925600
0.411902 15.288200
0.412098 70.679500
0.412293 43.868800
0.412488 29.720700
0.412683 12.717200
0.412878 9.818830
0.413073 9.242910
0.413268 10.375200
0.413463 64.406400
0.413659 58.766700
0.414049 23.018900
0.414244 49.135300
0.414439 41.547300
0.414634 30.718800
0.414829 27.238100
0.415024 31.920100
0.415220 24.018000
0.415415 11.521700
0.415610 67.417000
0.415805 6.325320
0.416000 10.366800
0.416195 11.723000
0.416390 15.413000
0.416585 39.858700
0.416780 3.774580
0.416976 16.407800
0.417171 56.695200
0.417366 62.133200
0.417561 34.271100
0.417756 34.688900
0.417951 30.254600
0.418146 43.599600
0.418341 6.203620
0.418537 38.948400
0.418732 24.775300
0.418927 33.833300
0.419122 11.953500
0.419317 58.437600
0.419512 5.046450
0.419707 34.688000
0.419902 39.827100
0.420098 12.047300
0.420293 33.462800
0.420488 22.159900
0.420683 31.660800
0.420878 23.184900
0.421073 28.949700
0.421268 14.231400
0.421463 37.932000
0.421659 88.837100
0.421854 20.621100
0.422049 11.197400
0.422244 30.430700
0.422439 9.086420
0.422634 3.899190
0.422829 55.705200
0.423024 27.834300
0.423220 24.745300
0.423415 32.426400
0.423610 54.567000
0.423805 41.733000
0.424000 31.517000
0.424195 41.318200
0.424390 9.123460
0.424585 7.891510
0.424780 29.533100
0.424976 18.693700
0.425171 17.800900
0.425366 24.193800
0.425561 7.001850
0.425756 6.242100
0.425951 4.645520
0.426146 16.497400
0.426341 17.327200
0.426537 39.388600
0.426732 13.221400
0.426927 39.053400
0.427122 2.620900
0.427317 27.465000
0.427512 27.316800
0.427707 19.256800
0.427902 29.299100
0.428098 12.887000
0.428293 28.204400
0.428488 35.822400
0.428683 22.731200
0.428878 41.453200
0.429073 31.558700
0.429268 23.804800
0.429463 23.819100
0.429659 62.137700
0.429854 6.655230
0.430049 24.172700
0.430244 7.132500
0.430439 14.407100
0.430634 16.272500
0.430829 38.670500
0.431024 9.796880
0.431220 7.321650
0.431415 61.666200
0.431610 31.095900
0.431805 30.187400
0.432000 76.772000
0.432195 47.534800
0.432390 11.012100
0.432585 14.340500
0.432780 22.344700
0.432976 1.811950
0.433171 55.916800
0.433366 33.289100
0.433561 8.804750
0.433756 34.065900
0.433951 51.560800
0.434146 34.224900
0.434341 6.483950
0.434537 14.033300
0.434732 17.588400
0.434927 41.901800
0.435122 5.139490
0.435317 22.896000
0.435512 20.931400
0.435707 7.161880
0.435902 31.855600
0.436098 21.345900
0.436293 48.020700
0.436488 42.244900
0.436683 45.986000
0.436878 81.157700
0.437073 9.963870
0.437268 11.246900
0.437463 6.914780
0.437659 16.692200
0.437854 40.760200
0.438049 26.558900
0.438244 57.597900
0.438439 13.124200
0.438634 12.535400
0.438829 4.943700
0.439024 76.852300
0.439220 21.958900
0.439415 16.716700
0.439610 43.119700
0.439805 67.909600
0.440000 29.881700
0.440195 15.009200
0.440390 23.336800
0.440585 11.643000
0.440780 13.267200
0.440976 14.276800
0.441171 26.600100
0.441366 4.030010
0.441561 8.954670
0.441756 18.313700
0.441951 75.108200
0.442146 3.768680
0.442341 2.596140
0.442537 31.272100
0.442732 14.389700
0.442927 55.915400
0.443122 6.247270
0.443317 23.733300
0.443512 18.042600
0.443707 22.451700
0.443902 31.548600
0.444098 25.372700
0.444293 59.067500
0.444488 4.463280
0.444683 18.700600
0.444878 16.763900
0.445073 9.133320
0.445268 3.046890
0.445463 6.109390
0.445659 7.817430
0.445854 1.835070
0.446049 6.395160
0.446244 13.892000
0.446439 47.452700
0.446634 25.940000
0.446829 12.401700
0.447024 18.752000
0.447220 7.626990
0.447415 16.165200
0.447610 8.345060
0.447805 64.653400
0.448000 18.371100
0.448195 17.943900
0.448390 10.939700
0.448585 9.312100
0.448780 51.829700
0.448976 27.773800
0.449171 84.302600
0.449366 44.747900
0.449561 64.352900
0.449756 31.526900
0.449951 9.224830
0.450146 38.998000
0.450341 38.763000
0.450537 32.748200
0.450732 10.253000
0.450927 54.143600
0.451122 8.058170
0.451317 4.809180
0.451512 34.327500
0.451707 5.190840
0.451902 16.604100
0.452098 49.330600
0.452293 28.619600
0.452488 25.375900
0.452683 7.520160
0.452878 37.590000
0.453073 30.714600
0.453268 27.105200
0.453463 7.522090
0.453659 59.300800
0.453854 16.475600
0.454049 32.317700
0.454244 19.269000
0.454439 85.364600
0.454634 37.298400
0.454829 18.845200
0.455024 8.394750
0.455220 21.600700
0.455415 3.075660
0.455610 6.549590
0.455805 9.019480
0.456000 22.096900
0.456195 23.715700
0.456390 11.995100
0.456585 26.444700
0.456780 85.293800
0.456976 51.198100
0.457171 51.280600
0.457366 6.304060
0.457561 19.362700
0.457756 31.893700
0.457951 36.871500
0.458146 17.377500
0.458341 21.370100
0.458537 6.130300
0.458732 24.525000
0.458927 7.084560
0.459122 17.822500
0.459317 34.583600
0.459512 3.201060
0.459707 30.539700
0.459902 5.505930
0.460098 17.787500
0.460293 36.438800
0.460488 21.002800
0.460683 23.649800
0.460878 28.050700
0.461073 47.109700
0.461268 8.509380
0.461463 29.451100
0.461659 17.492000
0.461854 5.578420
0.462049 17.286700
0.462244 26.510100
0.462439 29.532500
0.462634 3.836990
0.463024 24.287400
0.463220 9.491870
0.463415 38.034500
0.463610 49.119800
0.463805 29.785600
0.464000 77.120600
0.464195 73.972800
0.464390 32.094900
0.464585 22.241600
0.464780 14.895100
0.464976 36.358700
0.465171 29.501200
0.465366 9.196060
0.465561 8.254560
0.465756 24.631600
0.465951 26.244200
0.466146 26.050600
0.466341 34.184000
0.466537 16.138300
0.466732 17.179900
0.466927 42.246100
0.467122 18.075000
0.467317 6.318370
0.467512 8.271440
0.467707 15.323600
0.467902 31.601000
0.468098 46.673200
0.468293 12.900100
0.468488 4.792360
0.468683 59.174700
0.468878 15.273900
0.469073 2.801410
0.469268 7.926980
0.469463 9.773100
0.469659 17.523300
0.469854 35.545800
0.470049 14.070600
0.470244 27.246800
0.470439 7.227990
0.470634 1.663190
0.470829 88.508900
0.471024 44.678200
0.471220 22.158000
0.471415 21.205600
0.471610 62.113500
0.471805 22.927100
0.472000 8.056820
0.472195 60.249900
0.472390 19.181200
0.472585 27.729000
0.472780 4.782610
0.472976 19.864100
0.473171 9.340950
0.473366 35.440300
0.473561 23.634400
0.473756 1.692990
0.473951 29.365500
0.474146 49.250600
0.474341 5.393850
0.474537 7.593620
0.474732 9.692610
0.474927 80.703100
0.475122 38.399300
0.475317 6.367210
0.475512 55.641300
0.475707 31.797900
0.475902 6.986510
0.476098 35.421300
0.476293 22.076900
0.476488 61.728100
0.476683 10.120900
0.476878 9.443390
0.477073 42.208600
0.477268 15.107700
0.477463 25.460700
0.477659 6.714000
0.477854 7.006750
0.478049 21.221200
0.478244 90.056900
0.478439 36.449800
0.478634 29.002500
0.478829 13.666200
0.479024 6.067520
0.479220 53.774700
0.479415 33.268500
0.479610 31.743600
0.479805 92.968700
0.480000 4.002820
0.480195 29.663400
0.480390 86.772700
0.480585 9.589410
0.480780 48.275300
0.480976 32.660100
0.481171 4.753820
0.481366 10.889100
0.481561 5.570810
0.481756 65.932800
0.481951 26.809300
0.482146 5.757890
0.482341 12.990600
0.482537 27.573800
0.482732 41.041000
0.482927 28.030400
0.483122 28.956800
0.483317 56.084200
0.483512 21.240700
0.483707 59.272900
0.483902 18.399700
0.484098 16.580800
0.484293 9.951620
0.484488 69.411500
0.484683 9.227930
0.484878 39.390700
0.485073 11.590000
0.485268 57.296400
0.485463 11.376800
0.485659 22.816200
0.485854 56.942100
0.486049 14.580100
0.486244 17.863800
0.486439 8.307090
0.486634 6.083800
0.486829 11.966200
0.487024 95.341000
0.487220 18.072500
0.487415 86.323600
0.487610 10.822900
0.487805 33.824600
0.488000 87.152700
0.488195 32.030200
0.488390 56.806800
0.488585 20.439600
0.488780 14.905300
0.488976 81.967900
0.489171 60.018500
0.489366 11.504400
0.489561 8.186800
0.489756 19.977400
0.489951 10.961200
0.490146 49.382500
0.490341 14.285300
0.490537 22.365600
0.490732 5.797020
0.490927 3.018300
0.491122 4.779230
0.491317 10.565000
0.491512 14.005000
0.491707 21.178900
0.491902 2.527600
0.492098 62.178900
0.492293 35.384600
0.492488 69.011000
0.492683 7.438130
0.492878 9.718110
0.493073 88.051600
0.493268 58.481100
0.493463 26.015500
0.493659 22.936600
0.493854 38.667200
0.494049 24.695800
0.494244 7.669180
0.494439 33.775700
0.494634 34.872600
0.494829 29.256100
0.495024 36.499500
0.495220 24.447700
0.495415 35.005000
0.495610 85.974000
0.495805 22.977500
0.496000 37.211400
0.496195 17.931700
0.496390 12.906000
0.496585 49.614700
0.496780 9.079760
0.496976 72.652400
0.497171 28.312900
0.497366 42.348000
0.497561 4.970630
0.497756 11.418400
0.497951 47.653500
0.498146 66.184200
0.498341 32.103000
0.498537 8.680530
0.498732 25.934300
0.498927 11.133100
0.499122 52.147300
0.499317 15.847600
0.499512 36.777200
0.499707 9.195660
0.499902 84.500400
0.500098 23.341000
0.500293 23.780400
0.500488 33.463800
0.500683 13.177300
0.500878 8.618960
0.501073 75.013100
0.501268 8.708800
0.501463 41.942200
0.501659 33.981800
0.501854 26.202500
0.502049 6.786810
0.502244 25.373200
0.502439 14.117400
0.502634 50.515000
0.502829 56.230600
0.503024 45.243000
0.503220 24.925300
0.503415 6.789450
0.503610 9.245160
0.503805 16.693500
0.504000 44.702600
0.504195 4.068390
0.504390 17.028300
0.504585 9.933240
0.504780 16.299700
0.504976 24.099500
0.505171 14.252300
0.505366 49.740500
0.505561 12.750300
0.505756 40.370900
0.505951 20.731000
0.506146 7.782410
0.506341 9.234780
0.506537 13.133700
0.506732 33.942500
0.506927 33.770100
0.507122 22.405600
0.507317 11.850800
0.507512 4.934900
0.507707 11.793100
0.507902 46.881100
0.508098 17.039400
0.508293 13.205000
0.508488 7.353590
0.508683 79.306200
0.508878 64.166100
0.509073 9.766580
0.509268 3.595890
0.509463 7.893560
0.509659 23.875800
0.509854 71.938400
0.510049 1.781840
0.510244 34.969700
0.510439 8.241420
0.510634 57.897800
0.510829 17.890900
0.511024 7.193140
0.511220 12.699400
0.511415 78.397700
0.511610 19.699600
0.511805 5.094890
0.512000 31.097600
0.512195 30.220600
0.512390 65.751900
0.512585 38.014700
0.512780 4.621810
0.512976 50.338200
0.513171 18.152600
0.513366 69.553800
0.513561 11.525200
0.513756 70.206500
0.513951 43.175900
0.514146 41.708900
0.514341 35.428300
0.514537 64.477400
0.514732 11.117400
0.514927 81.120100
0.515122 28.461300
0.515317 1.777860
0.515512 54.705300
0.515707 23.085900
0.515902 3.259610
0.516098 82.720400
0.516293 17.618800
0.516488 33.515400
0.516683 36.475200
0.516878 3.615040
0.517073 43.665800
0.517268 21.660100
0.517463 28.928100
0.517659 16.595400
0.517854 21.714900
0.518049 25.386400
0.518244 45.487700
0.518439 13.308200
0.518634 50.367400
0.518829 72.003600
0.519024 26.939700
0.519220 90.185800
0.519415 77.765100
0.519610 13.434000
0.519805 8.468220
0.520000 37.697700
0.520195 9.768310
0.520390 14.203700
0.520585 19.419200
0.520780 13.902500
0.520976 12.830400
0.521171 97.065900
0.521366 14.647700
0.521561 69.150300
0.521756 27.106100
0.521951 37.450000
0.522146 58.892600
0.522341 50.797600
0.522537 5.977360
0.522732 44.944400
0.522927 18.245600
0.523122 49.578200
0.523317 10.710500
0.523512 12.177400
0.523707 6.765740
0.523902 46.016100
0.524098 49.994900
0.524293 20.181800
0.524488 56.669800
0.524683 11.458800
0.524878 16.063000
0.525073 13.692200
0.525268 95.165300
0.525463 10.288600
0.525659 7.487420
0.525854 5.661870
0.526049 27.900600
0.526244 77.706200
0.526439 4.876070
0.526634 27.693300
0.526829 38.237300
0.527024 44.167600
0.527220 16.519100
0.527415 42.609500
0.527610 9.603930
0.527805 58.351800
0.528000 25.624300
0.528195 6.874140
0.528390 46.585400
0.528585 14.607000
0.528780 32.400700
0.528976 42.719400
0.529171 14.343500
0.529366 42.618700
0.529561 20.922700
0.529756 24.712400
0.529951 43.807400
0.530146 18.998400
0.530341 61.610500
0.530537 8.608470
0.530732 4.554430
0.530927 38.007900
0.531122 40.853300
0.531317 26.830000
0.531512 5.389330
0.531707 16.550700
0.531902 18.805200
0.532098 33.823600
0.532293 5.749120
0.532488 23.027100
0.532683 50.769400
0.532878 14.181100
0.533073 37.709100
0.533268 1.999290
0.533463 15.447500
0.533659 4.076280
0.533854 9.912580
0.534049 7.691150
0.534244 7.601090
0.534439 57.748500
0.534634 18.494600
0.534829 35.158500
0.535024 7.485340
0.535220 40.978500
0.535415 26.047800
0.535610 11.122500
0.535805 22.539700
0.536000 35.403300
0.536195 12.450000
0.536390 9.501900
0.536585 11.132600
0.536780 49.671500
0.536976 38.731400
0.537171 43.042500
0.537366 4.229830
0.537561 45.805400
0.537756 9.474150
0.537951 21.783800
0.538146 8.911690
0.538341 7.479420
0.538537 57.749800
0.538732 2.750870
0.538927 29.649900
0.539122 8.679440
0.539317 14.952100
0.539512 22.308000
0.539707 24.913300
0.539902 40.639000
0.540098 72.033700
0.540293 21.648100
0.540488 17.476800
0.540683 5.627310
0.540878 17.691900
0.541073 22.642500
0.541268 8.054700
0.541463 45.117100
0.541659 49.181200
0.541854 8.141510
0.542049 8.857960
0.542244 12.589100
0.542439 69.207700
0.542634 6.229430
0.542829 30.750000
0.543024 9.041650
0.543220 10.726900
0.543415 4.903750
0.543610 9.269220
0.543805 55.579300
0.544000 19.214900
0.544195 46.604500
0.544390 21.473900
0.544585 20.315300
0.544780 46.829300
0.544976 55.051000
0.545171 29.174400
0.545366 18.193400
0.545561 21.823500
0.545756 7.391430
0.545951 25.744900
0.546146 53.761400
0.546341 9.005980
0.546537 8.694740
0.546732 47.793600
0.546927 30.978500
0.547122 62.949000
0.547317 27.947600
0.547512 12.135500
0.547707 28.787600
0.547902 9.041610
0.548098 38.318700
0.548293 37.650900
0.548488 4.701440
0.548683 2.644820
0.548878 26.229500
0.549073 25.330600
0.549268 24.942400
0.549463 29.347200
0.549659 22.119300
0.549854 8.160160
0.550049 12.888500
0.550244 11.410500
0.550439 32.239700
0.550634 35.273300
0.550829 2.982160
0.551024 62.379200
0.551220 44.868200
0.551415 7.525500
0.551610 81.882100
0.551805 71.614600
0.552000 12.637400
0.552195 18.313800
0.552390 7.365060
0.552585 33.305500
0.552780 20.761600
0.552976 8.264800
0.553171 17.242100
0.553366 9.463230
0.553561 32.092600
0.553756 44.565100
0.553951 4.592460
0.554146 5.508910
0.554341 25.816600
0.554537 25.600200
0.554732 25.093200
0.554927 67.354700
0.555122 9.522680
0.555317 32.412600
0.555512 28.660800
0.555707 20.717000
0.555902 5.723420
0.556098 45.180600
0.556293 38.401300
0.556488 28.146300
0.556683 3.579670
0.556878 4.082650
0.557073 37.658300
0.557268 7.446040
0.557463 48.163300
0.557659 9.796690
0.557854 40.283600
0.558049 23.572800
0.558244 40.704000
0.558439 15.643300
0.558634 17.093600
0.558829 42.348700
0.559024 36.914900
0.559220 9.353330
0.559415 24.261200
0.559610 35.392300
0.559805 22.520000
0.560000 16.838000
0.560195 6.433500
0.560390 9.114420
0.560585 7.230210
0.560780 26.400200
0.560976 26.706000
0.561171 7.296140
0.561366 32.507800
0.561561 13.913100
0.561756 26.398700
0.561951 7.154030
0.562146 16.036800
0.562341 7.135430
0.562537 26.352800
0.562732 38.886300
0.562927 6.970360
0.563122 27.795800
0.563317 58.942300
0.563512 33.125500
0.563707 4.337950
0.563902 7.833030
0.564098 34.130800
0.564293 18.356800
0.564488 3.213670
0.564683 21.633500
0.564878 47.664300
0.565073 39.672900
0.565268 9.722070
0.565463 20.382400
0.565659 10.475800
0.565854 9.727800
0.566049 15.797300
0.566244 6.940010
0.566439 60.649800
0.566634 25.019600
0.566829 5.325910
0.567024 6.189970
0.567220 66.457800
0.567415 56.828700
0.567610 32.332600
0.567805 31.268400
0.568000 3.577900
0.568195 16.902100
0.568390 53.341500
0.568585 34.784300
0.568780 7.456190
0.568976 9.360680
0.569171 38.114600
0.569366 6.682040
0.569561 16.816000
0.569756 9.503250
0.569951 37.628800
0.570146 71.352300
0.570341 50.735800
0.570537 26.391600
0.570732 42.220100
0.570927 19.834700
0.571122 37.172000
0.571317 23.024500
0.571512 77.204400
0.571707 55.441500
0.571902 58.205500
0.572098 16.598600
0.572293 2.444130
0.572488 64.552400
0.572683 52.414300
0.572878 76.228100
0.573073 5.114790
0.573268 6.836760
0.573463 48.028700
0.573659 50.835200
0.573854 52.932500
0.574049 24.954400
0.574244 5.141950
0.574439 10.032900
0.574634 60.025400
0.574829 20.674700
0.575024 4.810120
0.575220 47.604100
0.575415 27.463900
0.575610 24.003500
0.575805 18.256200
0.576000 41.647500
0.576195 73.689500
0.576390 27.993900
0.576585 50.030700
0.576780 7.637280
0.576976 76.490100
0.577171 15.657400
0.577366 38.014800
0.577561 18.734200
0.577756 14.415700
0.577951 33.874300
0.578146 26.979400
0.578341 40.005500
0.578537 38.425000
0.578732 41.761000
0.578927 10.926700
0.579122 19.197700
0.579317 8.002600
0.579512 48.028100
0.579707 10.353200
0.579902 7.331750
0.580098 36.277900
0.580293 15.635400
0.580488 43.062600
0.580683 20.654100
0.580878 1.939440
0.581073 20.737400
0.581268 8.329840
0.581463 34.460000
0.581659 50.976500
0.581854 12.829000
0.582049 16.835200
0.582244 5.403270
0.582439 74.431100
0.582634 2.447710
0.582829 14.388600
0.583024 18.639800
0.583220 7.803990
0.583415 53.689100
0.583610 12.680900
0.583805 30.396100
0.584000 50.472700
0.584195 32.411700
0.584390 35.713300
0.584585 8.208150
0.584780 35.420300
0.584976 20.473900
0.585171 68.081200
0.585366 14.284100
0.585561 13.811500
0.585756 18.424400
0.585951 30.559500
0.586146 5.555240
0.586341 53.708600
0.586537 34.828100
0.586732 57.284800
0.586927 13.998200
0.587122 24.121000
0.587317 34.965100
0.587512 38.154400
0.587707 4.698480
0.587902 54.550600
0.588098 12.868100
0.588293 9.837800
0.588488 27.655800
0.588683 4.401960
0.588878 3.776060
0.589073 36.867900
0.589268 27.699800
0.589463 41.404400
0.589659 63.476600
0.589854 21.597600
0.590049 15.971600
0.590244 29.325700
0.590439 15.922700
0.590634 23.287600
0.590829 17.035600
0.591024 7.126320
0.591220 45.582100
0.591415 9.201270
0.591610 43.512400
0.591805 43.715100
0.592000 85.599900
0.592195 13.334000
0.592390 6.821420
0.592585 2.652050
0.592780 9.028100
0.592976 6.718590
0.593171 52.759600
0.593366 60.988900
0.593561 9.403280
0.593756 8.387820
0.593951 46.668600
0.594146 23.196600
0.594341 48.106100
0.594537 11.826200
0.594732 22.690400
0.594927 45.951300
0.595122 72.580400
0.595317 21.562600
0.595512 46.179400
0.595707 28.546300
0.595902 5.927570
0.596098 27.129300
0.596293 19.090600
0.596488 55.395400
0.596683 4.420770
0.596878 17.654900
0.597073 79.558300
0.597268 26.867600
0.597463 4.670580
0.597659 10.904600
0.597854 15.394800
0.598049 12.075000
0.598244 38.528000
0.598439 37.987900
0.598634 38.882000
0.598829 53.362400
0.599024 23.899600
0.599220 49.370400
0.599415 5.852900
0.599610 32.421800
0.599805 59.221600
0.600000 24.030400
0.600195 40.536800
0.600390 26.199700
0.600585 20.817800
0.600780 52.739700
0.600976 3.279610
0.601171 6.109500
0.601366 8.368700
0.601561 24.376500
0.601756 6.999360
0.601951 40.495500
0.602146 20.306000
0.602341 30.603400
0.602537 11.484100
0.602732 6.536350
0.602927 24.690900
0.603122 5.471280
0.603317 22.744600
0.603512 6.126390
0.603707 10.168400
0.603902 49.065400
0.604098 69.357100
0.604293 42.370300
0.604488 15.549600
0.604683 23.206300
0.604878 40.039300
0.605073 46.623700
0.605268 1.764930
0.605463 20.173500
0.605659 2.813220
0.605854 38.575000
0.606049 25.278300
0.606244 18.668500
0.606439 8.148950
0.606634 57.132800
0.606829 27.136700
0.607024 48.324300
0.607220 13.707600
0.607415 79.183500
0.607610 26.202900
0.607805 14.099500
0.608000 30.362400
0.608195 69.432100
0.608390 28.446300
0.608585 20.391400
0.608780 12.766700
0.608976 50.692100
0.609171 19.143700
0.609366 40.190600
0.609561 5.377340
0.609756 42.152200
0.609951 9.021520
0.610146 12.433600
0.610341 10.440400
0.610537 55.289500
0.610732 81.223500
0.610927 56.118700
0.611122 8.957590
0.611317 14.590200
0.611512 43.771300
0.611707 30.945800
0.611902 40.016400
0.612098 16.297300
0.612293 15.422200
0.612488 4.001780
0.612683 8.265090
0.612878 19.590600
0.613073 9.778330
0.613268 14.528800
0.613463 17.179200
0.613659 19.678900
0.613854 22.646000
0.614049 34.499100
0.614244 27.900000
0.614439 11.574200
0.614634 80.803700
0.614829 3.396820
0.615024 41.929100
0.615220 38.084300
0.615415 35.876100
0.615610 7.477180
0.615805 14.258700
0.616000 9.672420
0.616195 26.935700
0.616390 10.801400
0.616585 57.364300
0.616780 23.163900
0.616976 28.938400
0.617171 57.448500
0.617366 23.905200
0.617561 25.759600
0.617756 35.905500
0.617951 50.779800
0.618146 26.476200
0.618341 9.490430
0.618537 50.566800
0.618732 6.351190
0.618927 27.894700
0.619122 16.683400
0.619317 24.948500
0.619512 37.705300
0.619707 16.181400
0.619902 19.463900
0.620098 20.015100
0.620293 15.116000
0.620488 6.180180
0.620683 79.371300
0.620878 34.710200
0.621073 18.322900
0.621268 17.001300
0.621463 28.339300
0.621659 19.957300
0.621854 27.112200
0.622049 21.012400
0.622244 31.177100
0.622439 9.231480
0.622634 87.803800
0.622829 24.751400
0.623024 23.638900
0.623220 7.615400
0.623415 5.765120
0.623610 19.125800
0.623805 21.394600
0.624000 16.771900
0.624195 5.938210
0.624390 4.029810
0.624585 37.284800
0.624780 7.436270
0.624976 46.229600
0.625171 24.356600
0.625366 48.441000
0.625561 3.490970
0.625756 9.412520
0.625951 76.214500
0.626146 11.270300
0.626341 33.895000
0.626537 19.370000
0.626732 70.484700
0.626927 32.803600
0.627122 16.727800
0.627317 44.802200
0.627512 15.739200
0.627707 13.236400
0.627902 4.823280
0.628098 20.716400
0.628293 5.017280
0.628488 42.829500
0.628683 4.150070
0.628878 31.071900
0.629073 63.346100
0.629268 26.538600
0.629463 12.578500
0.629659 20.607000
0.629854 17.839800
0.630049 10.794300
0.630244 6.609010
0.630439 42.204100
0.630634 6.884610
0.630829 19.182400
0.631024 20.743700
0.631220 16.265500
0.631415 64.429900
0.631610 26.347200
0.631805 46.706000
0.632000 13.736800
0.632195 10.469400
0.632390 6.196750
0.632585 58.295400
0.632780 23.388100
0.632976 34.702500
0.633171 68.529500
0.633366 8.139380
0.633561 6.236500
0.633756 3.370970
0.633951 38.700300
0.634146 68.803000
0.634341 35.886400
0.634537 10.198100
0.634732 15.224200
0.634927 21.671700
0.635122 41.494000
0.635317 4.159520
0.635512 16.646900
0.635707 7.044640
0.635902 18.930700
0.636098 83.766800
0.636293 11.441400
0.636488 34.797500
0.636683 71.354200
0.636878 28.791600
0.637073 11.089600
0.637268 13.435300
0.637463 19.388100
0.637659 23.500800
0.637854 7.268710
0.638049 14.557700
0.638244 12.187800
0.638439 64.084700
0.638634 42.582400
0.638829 45.771900
0.639024 9.692770
0.639220 17.446100
0.639415 8.342260
0.639610 35.053300
0.639805 27.567400
0.640000 6.818050
0.640195 65.881700
0.640390 25.785900
0.640585 7.755360
0.640780 27.538800
0.640976 23.127200
0.641171 39.509700
0.641366 37.748600
0.641561 8.247260
0.641756 18.017400
0.641951 5.799290
0.642146 26.956500
0.642341 9.286430
0.642537 15.148600
0.642732 1.754300
0.642927 56.163000
0.643122 7.278480
0.643317 27.004900
0.643512 59.530300
0.643707 9.175940
0.643902 16.661200
0.644098 33.048100
0.644293 48.789900
0.644488 8.812450
0.644683 38.868300
0.644878 13.957300
0.645073 21.606900
0.645268 7.305300
0.645463 6.621740
0.645659 24.425200
0.645854 41.678500
0.646049 20.049600
0.646244 12.892100
0.646439 18.962700
0.646634 76.615300
0.646829 8.476440
0.647024 91.689900
0.647220 66.118300
0.647415 28.499900
0.647610 20.850200
0.647805 35.610800
0.648000 10.708800
0.648195 31.130500
0.648390 15.342800
0.648585 25.526600
0.648780 14.740000
0.648976 22.279600
0.649171 35.492700
0.649366 12.298800
0.649561 7.438430
0.649756 11.749200
0.649951 24.868500
0.650146 8.268080
0.650341 92.182700
0.650537 21.467000
0.650732 14.807100
0.650927 27.414500
0.651122 21.162500
0.651317 28.137500
0.651512 56.899600
0.651707 7.545800
0.651902 9.075010
0.652098 31.832200
0.652293 7.037770
0.652488 18.325900
0.652683 32.434300
0.652878 25.713100
0.653073 25.102700
0.653268 36.491900
0.653463 6.758780
0.653659 8.810710
0.653854 12.043900
0.654049 45.170200
0.654244 19.137500
0.654439 39.287800
0.654634 22.950100
0.654829 12.750200
0.655024 15.112000
0.655220 51.808600
0.655415 32.214900
0.655610 6.250480
0.655805 31.068600
0.656000 18.008500
0.656195 7.763350
0.656390 22.555300
0.656585 5.875280
0.656780 32.358400
0.656976 23.054200
0.657171 33.583600
0.657366 21.874400
0.657561 21.565400
0.657756 21.823400
0.657951 7.631760
0.658146 21.043600
0.658341 10.173800
0.658537 40.729000
0.658732 55.870900
0.658927 11.467700
0.659122 49.825800
0.659317 10.161500
0.659512 71.802900
0.659707 14.498400
0.659902 6.606750
0.660098 17.619800
0.660293 34.036900
0.660488 9.124520
0.660683 10.037900
0.660878 26.319800
0.661073 31.628100
0.661268 23.022400
0.661463 49.662700
0.661659 8.030900
0.661854 8.494710
0.662049 6.081090
0.662244 7.851310
0.662439 11.317200
0.662634 7.491510
0.662829 29.424200
0.663024 60.302100
0.663220 14.584200
0.663415 31.517900
0.663610 25.899700
0.663805 1.799740
0.664000 13.477400
0.664195 49.222200
0.664390 34.097800
0.664585 43.410700
0.664780 9.642420
0.664976 86.237100
0.665171 27.719500
0.665366 27.415000
0.665561 3.345440
0.665756 4.308780
0.665951 53.139300
0.666146 49.028500
0.666341 5.429730
0.666537 29.244500
0.666732 6.461020
0.666927 21.465100
0.667122 12.528700
0.667317 29.741800
0.667512 12.662900
0.667707 6.018350
0.667902 35.872700
0.668098 19.822100
0.668293 51.308100
0.668488 21.962600
0.668683 9.460310
0.668878 11.322700
0.669073 12.043200
0.669268 3.692900
0.669463 23.229200
0.669659 26.201500
0.669854 83.245300
0.670049 26.695500
0.670244 27.628600
0.670439 21.720400
0.670634 26.560700
0.670829 15.687500
0.671024 2.606950
0.671220 9.712750
0.671415 33.355500
0.671610 35.557300
0.671805 46.338200
0.672000 22.559400
0.672195 24.060500
0.672390 93.599300
0.672585 32.353900
0.672780 32.665800
0.672976 65.592300
0.673171 15.539400
0.673366 52.743300
0.673561 16.267200
0.673756 19.064500
0.673951 12.872800
0.674146 50.436300
0.674341 48.230500
0.674537 18.482000
0.674732 18.526700
0.674927 73.826700
0.675122 12.472600
0.675317 25.433500
0.675512 21.957000
0.675707 45.795100
0.675902 8.778920
0.676098 32.645800
0.676293 14.612200
0.676488 33.452000
0.676683 6.952900
0.676878 38.700100
0.677073 4.107360
0.677268 22.697300
0.677463 41.958800
0.677659 23.322900
0.677854 46.451200
0.678049 33.087100
0.678244 2.870170
0.678439 17.579300
0.678634 37.502600
0.678829 15.728800
0.679024 46.853700
0.679220 11.886000
0.679415 9.329750
0.679610 11.768400
0.679805 55.144800
0.680000 49.420300
0.680195 16.467300
0.680390 19.686100
0.680585 32.659600
0.680780 20.375500
0.680976 26.854400
0.681171 36.249800
0.681366 4.522830
0.681561 8.153750
0.681756 8.311960
0.681951 7.132400
0.682146 15.277400
0.682341 22.897000
0.682537 30.031800
0.682732 38.700500
0.682927 71.069500
0.683122 47.729000
0.683317 36.091600
0.683512 22.066600
0.683707 18.408100
0.683902 25.170600
0.684098 53.383800
0.684293 45.854600
0.684488 39.518700
0.684683 25.683900
0.684878 34.354000
0.685073 55.558700
0.685268 14.756200
0.685463 25.113200
0.685659 65.998000
0.685854 7.628600
0.686049 19.743800
0.686244 11.766500
0.686439 23.235000
0.686634 16.453100
0.686829 14.656700
0.687024 30.007100
0.687220 32.079800
0.687415 31.259000
0.687610 26.076900
0.687805 24.897100
0.688000 28.414200
0.688195 26.679900
0.688390 14.734000
0.688585 38.230200
0.688780 26.510800
0.688976 57.903200
0.689171 12.741500
0.689366 23.011200
0.689561 41.316300
0.689756 39.962800
0.689951 21.902300
0.690146 9.903100
0.690341 32.566300
0.690537 18.419700
0.690732 25.154500
0.690927 14.270800
0.691122 38.531800
0.691317 18.234900
0.691512 1.721120
0.691707 28.388200
0.691902 27.763000
0.692098 70.108200
0.692293 10.416500
0.692488 26.524100
0.692683 19.257300
0.692878 8.322130
0.693073 63.879600
0.693268 34.000900
0.693463 42.503400
0.693659 18.959700
0.693854 45.467400
0.694049 10.440300
0.694244 25.300800
0.694439 9.997440
0.694634 9.928000
0.694829 21.652200
0.695024 61.320400
0.695220 36.748600
0.695415 15.292300
0.695610 18.268200
0.695805 73.996500
0.696000 8.929290
0.696195 55.133600
0.696390 4.998240
0.696585 88.073700
0.696780 6.168870
0.696976 20.704800
0.697171 18.022800
0.697366 20.799100
0.697561 31.110700
0.697756 7.332540
0.697951 45.540500
0.698146 21.944600
0.698341 26.736200
0.698537 24.816400
0.698732 54.800800
0.698927 1.678860
0.699122 37.191000
0.699317 26.588700
0.699512 5.901480
0.699707 55.408600
0.699902 5.747750
0.700098 36.409600
0.700293 54.840900
0.700488 2.308780
0.700683 33.651600
0.700878 54.159300
0.701073 53.981900
0.701268 19.670300
0.701463 29.800400
0.701659 15.668000
0.701854 33.650700
0.702049 26.187900
0.702244 10.595600
0.702439 36.772900
0.702634 31.815200
0.702829 34.243100
0.703024 10.015500
0.703220 13.458300
0.703415 41.302700
0.703610 11.575200
0.703805 20.486700
0.704000 39.299100
0.704195 7.873420
0.704390 41.293500
0.704585 1.846440
0.704780 10.521400
0.704976 16.280000
0.705171 40.449800
0.705366 50.625600
0.705561 24.804500
0.705756 42.766200
0.705951 4.865740
0.706146 6.990660
0.706341 21.439900
0.706537 12.612400
0.706732 10.796900
0.706927 7.834870
0.707122 65.051700
0.707317 71.260000
0.707512 51.473900
0.707707 19.216800
0.707902 15.044700
0.708098 12.496100
0.708293 7.207890
0.708488 1.721560
0.708683 60.566600
0.708878 6.808560
0.709073 37.841700
0.709268 27.555900
0.709463 4.379780
0.709659 24.491500
0.709854 28.831100
0.710049 60.156600
0.710244 38.379400
0.710439 13.426000
0.710634 25.221000
0.710829 37.744600
0.711024 38.175900
0.711220 49.361500
0.711415 27.801600
0.711610 17.364800
0.711805 10.947600
0.712000 10.239000
0.712195 43.261000
0.712390 8.435230
0.712585 28.165000
0.712780 47.429800
0.712976 23.835500
0.713171 5.266820
0.713366 33.617100
0.713561 8.831000
0.713756 37.372600
0.713951 59.750100
0.714146 53.485500
0.714341 3.330750
0.714537 9.930900
0.714732 15.993000
0.714927 23.293600
0.715122 68.860600
0.715317 2.371400
0.715512 23.515200
0.715707 22.355700
0.715902 7.280700
0.716098 42.036300
0.716293 72.665800
0.716488 3.799460
0.716683 30.170800
0.716878 19.130400
0.717073 19.051300
0.717268 21.946200
0.717463 14.152100
0.717659 11.205400
0.717854 15.454600
0.718049 6.774080
0.718244 15.183500
0.718439 11.853100
0.718634 7.649580
0.718829 9.162020
0.719024 6.357190
0.719220 15.944600
0.719415 33.269400
0.719610 31.535600
0.719805 10.740200
0.720000 6.766350
0.720195 9.644950
0.720390 44.268700
0.720585 59.612300
0.720780 21.795300
0.720976 53.533800
0.721171 26.024300
0.721366 7.477700
0.721561 43.925300
0.721756 30.333100
0.721951 8.278770
0.722146 2.676120
0.722341 50.835900
0.722537 5.303970
0.722732 22.362100
0.722927 4.814400
0.723122 3.670820
0.723317 23.342300
0.723512 19.387200
0.723707 8.658440
0.723902 45.423500
0.724098 63.086300
0.724293 8.920770
0.724488 36.083200
0.724683 21.230800
0.724878 7.132120
0.725073 27.209500
0.725268 33.578200
0.725463 17.052900
0.725659 45.937200
0.725854 32.021100
0.726049 43.589900
0.726244 30.372500
0.726439 38.629000
0.726634 66.692100
0.726829 39.341600
0.727024 9.031140
0.727220 66.321700
0.727415 25.213200
0.727610 38.013000
0.727805 13.204000
0.728000 10.044300
0.728195 9.016640
0.728390 19.337900
0.728585 8.970470
0.728780 51.725600
0.728976 3.900250
0.729171 6.468060
0.729366 22.065000
0.729561 31.901100
0.729756 17.537000
0.729951 22.206200
0.730146 18.257000
0.730341 6.998100
0.730537 5.862980
0.730732 20.471600
0.730927 20.047000
0.731122 68.422100
0.731317 6.161470
0.731512 37.230200
0.731707 9.215940
0.731902 16.139900
0.732098 61.892900
0.732293 23.605500
0.732488 45.641000
0.732683 23.935700
0.732878 11.948300
0.733073 32.427400
0.733268 7.010160
0.733463 11.227400
0.733659 21.172000
0.733854 43.674200
0.734049 18.308700
0.734244 22.700200
0.734439 30.783600
0.734634 37.235800
0.734829 84.669500
0.735024 19.044500
0.735220 8.007970
0.735415 6.943820
0.735610 4.747650
0.735805 1.927690
0.736000 8.894700
0.736195 59.515100
0.736390 28.525700
0.736585 12.277300
0.736780 24.679900
0.736976 41.919500
0.737171 36.738700
0.737366 14.500800
0.737561 17.904100
0.737756 33.155500
0.737951 4.369890
0.738146 32.112800
0.738341 6.261340
0.738537 33.073400
0.738732 38.456000
0.738927 10.316200
0.739122 70.439600
0.739317 15.926000
0.739512 9.659330
0.739707 13.552300
0.739902 17.769900
0.740098 50.813200
0.740293 11.379500
0.740488 9.409670
0.740683 22.792100
0.740878 36.105200
0.741073 8.171730
0.741268 53.055000
0.741463 58.451200
0.741659 17.518400
0.741854 47.887100
0.742049 28.897100
0.742244 23.641800
0.742439 7.855810
0.742634 13.890700
0.742829 18.787500
0.743024 20.499200
0.743220 15.583800
0.743415 62.778300
0.743610 5.873450
0.743805 50.079500
0.744000 56.642800
0.744195 19.175300
0.744390 20.305400
0.744585 62.332500
0.744780 20.140800
0.744976 24.978900
0.745171 13.361100
0.745366 58.946800
0.745561 26.843700
0.745756 6.074220
0.745951 38.174200
0.746146 5.467430
0.746341 30.840800
0.746537 33.359100
0.746732 17.451100
0.746927 34.607600
0.747122 41.691000
0.747317 30.995600
0.747512 5.042510
0.747707 13.955500
0.747902 12.896200
0.748098 7.251750
0.748293 32.459600
0.748488 56.153300
0.748683 7.574500
0.748878 18.889700
0.749073 4.178000
0.749268 8.722660
0.749463 5.197180
0.749659 10.106800
0.749854 45.192900
0.750049 11.368100
0.750244 39.058300
0.750439 31.920400
0.750634 33.056800
0.750829 43.913400
0.751024 15.464900
0.751220 7.309130
0.751415 14.188200
0.751610 64.100600
0.751805 9.649360
0.752000 6.192100
0.752195 18.364000
0.752390 4.545890
0.752585 6.149600
0.752780 6.166560
0.752976 10.843000
0.753171 17.844700
0.753366 6.714160
0.753561 23.377500
0.753756 20.425100
0.753951 9.081180
0.754146 17.597400
0.754341 48.893700
0.754537 54.782100
0.754732 42.016600
0.754927 54.165700
0.755122 3.301390
0.755317 10.186000
0.755512 6.844530
0.755707 8.413030
0.755902 34.813200
0.756098 4.449510
0.756293 20.420700
0.756488 13.384200
0.756683 9.338460
0.756878 4.032350
0.757073 8.925410
0.757268 29.586200
0.757463 5.963510
0.757659 6.068540
0.757854 5.937320
0.758049 31.154900
0.758244 66.079700
0.758439 30.061500
0.758634 4.327720
0.758829 55.439100
0.759024 6.066170
0.759220 5.904930
0.759415 18.667000
0.759610 19.770100
0.759805 36.592400
0.760000 10.528100
0.760195 33.645600
0.760390 3.358510
0.760585 15.972300
0.760780 33.369600
0.760976 31.465600
0.761171 8.741440
0.761366 64.005400
0.761561 29.616400
0.761756 44.665400
0.761951 8.915850
0.762146 21.555300
0.762341 14.886000
0.762537 8.613950
0.762732 9.590820
0.762927 33.895200
0.763122 6.338930
0.763317 10.441800
0.763512 22.495300
0.763707 51.378900
0.763902 29.858300
0.764098 6.557400
0.764293 7.700400
0.764488 61.967100
0.764683 50.048000
0.764878 16.814900
0.765073 42.788900
0.765268 13.968200
0.765463 18.292400
0.765659 7.055860
0.765854 16.141800
0.766049 62.290700
0.766244 81.241800
0.766439 15.045800
0.766634 15.404900
0.766829 4.996160
0.767024 35.878700
0.767220 31.065900
0.767415 68.319400
0.767610 26.142600
0.767805 64.690900
0.768000 31.351400
0.768195 49.873000
0.768390 68.385200
0.768585 23.679600
0.768780 18.575200
0.768976 6.565370
0.769171 34.286000
0.769366 15.440200
0.769561 40.756300
0.769756 7.546330
0.769951 12.844200
0.770146 7.541080
0.770341 8.591860
0.770537 30.674700
0.770732 33.978500
0.770927 10.115000
0.771122 4.813020
0.771317 66.204000
0.771512 33.672500
0.771707 27.339700
0.771902 6.233080
0.772098 3.224460
0.772293 12.930800
0.772488 19.733400
0.772683 18.691200
0.772878 6.806740
0.773073 21.585000
0.773268 5.016660
0.773463 18.538000
0.773659 32.233000
0.773854 10.577200
0.774049 12.314100
0.774244 30.988200
0.774439 9.172460
0.774634 24.680400
0.774829 26.460700
0.775024 20.166800
0.775220 31.840900
0.775415 30.962400
0.775610 10.196300
0.775805 25.202300
0.776000 8.856550
0.776195 33.909100
0.776390 9.627860
0.776585 13.607100
0.776780 27.805900
0.776976 52.914300
0.777171 11.965000
0.777366 9.668770
0.777561 19.060600
0.777756 35.040200
0.777951 22.582800
0.778146 6.850370
0.778341 7.566370
0.778537 7.465170
0.778732 7.266370
0.778927 24.252700
0.779122 23.002300
0.779317 27.082700
0.779512 59.447000
0.779707 23.028900
0.779902 55.018500
0.780098 60.099500
0.780293 46.274400
0.780488 23.182100
0.780683 20.695000
0.780878 84.291800
0.781073 8.695220
0.781268 15.123200
0.781463 11.272400
0.781659 50.214600
0.781854 35.742500
0.782049 17.463100
0.782244 35.004000
0.782439 61.334100
0.782634 5.431870
0.782829 33.680400
0.783024 16.695900
0.783220 9.664920
0.783415 45.415000
0.783610 8.026220
0.783805 43.716800
0.784000 26.218600
0.784195 44.372400
0.784390 62.677600
0.784585 19.713600
0.784780 52.088000
0.784976 13.291100
0.785171 19.244500
0.785366 54.345400
0.785561 1.794160
0.785756 8.267990
0.785951 74.077400
0.786146 28.136600
0.786341 16.587800
0.786537 21.467400
0.786732 9.372410
0.786927 31.615900
0.787122 7.276340
0.787317 25.300000
0.787512 9.779870
0.787707 29.446000
0.787902 6.815770
0.788098 19.297500
0.788293 72.084500
0.788488 12.952800
0.788683 9.944030
0.788878 22.870800
0.789073 1.644620
0.789268 6.042020
0.789463 58.629400
0.789659 76.946200
0.789854 10.845900
0.790049 14.001100
0.790244 9.565980
0.790439 20.898700
0.790634 9.862740
0.790829 7.380000
0.791024 7.740560
0.791220 6.315540
0.791415 28.929700
0.791610 14.082700
0.791805 27.533900
0.792000 1.960580
0.792195 33.946000
0.792390 19.365100
0.792585 9.919980
0.792780 40.795700
0.792976 25.105900
0.793171 10.832000
0.793366 20.755900
0.793561 27.560400
0.793756 26.610500
0.793951 38.986400
0.794146 23.618400
0.794341 7.385670
0.794537 11.431900
0.794732 10.045500
0.794927 36.919500
0.795122 46.304500
0.795317 4.463230
0.795512 29.170900
0.795707 19.359600
0.795902 55.978500
0.796098 29.196600
0.796293 3.683690
0.796488 33.806800
0.796683 6.796510
0.796878 15.615600
0.797073 56.543300
0.797268 2.776780
0.797463 5.566100
0.797659 18.188500
0.797854 19.216300
0.798049 9.182970
0.798244 2.752020
0.798439 7.102930
0.798634 76.921800
0.798829 8.994150
0.799024 26.126500
0.799220 7.578380
0.799415 52.941900
0.799610 52.639500
0.799805 36.579900
0.800000 39.952100
0.800195 54.050100
0.800390 56.501200
0.800585 18.366700
0.800780 35.621500
0.800976 28.759900
0.801171 79.569200
0.801366 17.326200
0.801561 6.787950
0.801756 9.175680
0.801951 13.998500
0.802146 50.666500
0.802341 26.804300
0.802537 20.723900
0.802732 26.289000
0.802927 25.421600
0.803122 34.089600
0.803317 70.338500
0.803512 27.832100
0.803707 20.607800
0.803902 18.336300
0.804098 13.724300
0.804293 10.834700
0.804488 20.483300
0.804683 90.993100
0.804878 19.319000
0.805073 5.487010
0.805268 20.246300
0.805463 21.531100
0.805659 16.205900
0.805854 10.040900
0.806049 34.667900
0.806244 35.384500
0.806439 21.421900
0.806634 5.062360
0.806829 9.186230
0.807024 4.907450
0.807220 14.081600
0.807415 11.796800
0.807610 41.817000
0.807805 84.606900
0.808000 68.667800
0.808195 17.890700
0.808390 19.971300
0.808585 35.964400
0.808780 8.686110
0.808976 73.593600
0.809171 7.342200
0.809366 3.552480
0.809561 3.764110
0.809756 40.978800
0.809951 5.274760
0.810146 10.332700
0.810341 11.749300
0.810537 78.478300
0.810732 70.569400
0.810927 2.786370
0.811122 39.454300
0.811317 14.524700
0.811512 12.843700
0.811707 31.692300
0.811902 29.516600
0.812098 13.122600
0.812293 18.586700
0.812488 39.454400
0.812683 46.603500
0.812878 22.007500
0.813073 30.506600
0.813268 30.197200
0.813463 54.773400
0.813659 1.774500
0.813854 55.770900
0.814049 58.635700
0.814244 17.736700
0.814439 5.252560
0.814634 28.574300
0.814829 62.377800
0.815024 35.369800
0.815220 4.673000
0.815415 8.204500
0.815610 16.261800
0.815805 4.239880
0.816000 28.268600
0.816195 39.865000
0.816390 51.849500
0.816585 6.863750
0.816780 5.170490
0.816976 46.863500
0.817171 19.520100
0.817366 31.303900
0.817561 25.761600
0.817756 25.478300
0.817951 9.962120
0.818146 33.535000
0.818341 4.616100
0.818537 8.980310
0.818732 13.096000
0.818927 65.542300
0.819122 8.317450
0.819317 25.807200
0.819512 13.889400
0.819707 53.662400
0.819902 18.686200
0.820098 57.317300
0.820293 85.358100
0.820488 26.342600
0.820683 30.514600
0.820878 47.992600
0.821073 19.188200
0.821268 29.959100
0.821463 22.769300
0.821659 17.080400
0.821854 18.679700
0.822049 38.060600
0.822244 9.913600
0.822439 73.550500
0.822634 69.124600
0.822829 9.729150
0.823024 49.658200
0.823220 59.227000
0.823415 15.775900
0.823610 18.669000
0.823805 90.619800
0.824000 8.534520
0.824195 19.061700
0.824390 73.050600
0.824585 10.688400
0.824780 18.818500
0.824976 7.117350
0.825171 17.197900
0.825366 7.515720
0.825561 15.160000
0.825756 31.855900
0.825951 15.686400
0.826146 71.985900
0.826341 62.557600
0.826537 56.279400
0.826732 17.059100
0.826927 9.810010
0.827122 14.233200
0.827317 8.917480
0.827512 13.123400
0.827707 5.650950
0.827902 48.781800
0.828098 15.687800
0.828293 21.954200
0.828488 7.358900
0.828683 38.000900
0.828878 41.359300
0.829073 53.764900
0.829268 49.550800
0.829463 20.360000
0.829659 4.980700
0.829854 4.680100
0.830049 22.652600
0.830244 22.238600
0.830439 8.398090
0.830634 14.263800
0.830829 34.105600
0.831024 9.052220
0.831220 8.331390
0.831415 6.657690
0.831610 19.389000
0.831805 49.122200
0.832000 11.738000
0.832195 23.852100
0.832390 76.610900
0.832585 31.393200
0.832780 7.994570
0.832976 8.266810
0.833171 59.489600
0.833366 39.041300
0.833561 14.947200
0.833756 33.949600
0.833951 7.932000
0.834146 64.359800
0.834341 15.255600
0.834537 67.391000
0.834732 9.614710
0.834927 9.337940
0.835122 13.398100
0.835317 20.407500
0.835512 68.819500
0.835707 26.570000
0.835902 19.494100
0.836098 50.982300
0.836293 23.739100
0.836488 26.172000
0.836683 5.634310
0.836878 26.301100
0.837073 31.762300
0.837268 6.336810
0.837463 9.695590
0.837659 27.985000
0.837854 13.598500
0.838049 37.157000
0.838244 36.388800
0.838439 25.618000
0.838634 22.655100
0.838829 6.383390
0.839024 31.152300
0.839220 15.595000
0.839415 8.894940
0.839610 68.222500
0.839805 31.070800
0.840000 16.710900
0.840195 85.167500
0.840390 82.733900
0.840585 27.299600
0.840780 48.518700
0.840976 42.951100
0.841171 26.604000
0.841366 50.571800
0.841561 63.503300
0.841756 11.307100
0.841951 19.007800
0.842146 16.786400
0.842341 9.544550
0.842537 9.685670
0.842732 65.796600
0.842927 17.287500
0.843122 36.945600
0.843317 5.355860
0.843512 5.962810
0.843707 47.082100
0.843902 9.781760
0.844098 20.911200
0.844293 7.811580
0.844488 19.601100
0.844683 10.579600
0.844878 32.506900
0.845073 21.117500
0.845268 18.945900
0.845463 13.033900
0.845659 30.284600
0.845854 5.461340
0.846049 6.644690
0.846244 6.403990
0.846439 30.780700
0.846634 9.143710
0.846829 79.068200
0.847024 50.604000
0.847220 47.819500
0.847415 53.291800
0.847610 57.987900
0.847805 3.816830
0.848000 9.185450
0.848195 7.126180
0.848390 18.302300
0.848585 8.638390
0.848780 9.640280
0.848976 21.048200
0.849171 9.238210
0.849366 32.729800
0.849561 54.930300
0.849756 23.521400
0.849951 8.085270
0.850146 8.065540
0.850341 44.366400
0.850537 5.814240
0.850732 14.379600
0.850927 9.438560
0.851122 26.483400
0.851317 78.371400
0.851512 18.321700
0.851707 13.966000
0.851902 61.725300
0.852098 49.382100
0.852293 16.285000
0.852488 13.891800
0.852683 18.350700
0.852878 32.087500
0.853073 19.466800
0.853268 29.991400
0.853463 10.820000
0.853659 88.950400
0.853854 13.847800
0.854049 2.432370
0.854244 23.540700
0.854439 16.484000
0.854634 26.869300
0.854829 23.077300
0.855024 43.135800
0.855220 8.850850
0.855415 42.108400
0.855610 16.684000
0.855805 90.080700
0.856000 8.581920
0.856195 20.538000
0.856390 55.206600
0.856585 37.630400
0.856780 28.676300
0.856976 21.582200
0.857171 19.665200
0.857366 7.415530
0.857561 5.489810
0.857756 13.772800
0.857951 37.216000
0.858146 5.691380
0.858341 38.152700
0.858537 46.830300
0.858732 6.370790
0.858927 50.547900
0.859122 13.044500
0.859317 74.716300
0.859512 22.385300
0.859707 4.446370
0.859902 19.599400
0.860098 32.135800
0.860293 24.390100
0.860488 20.341600
0.860683 70.978600
0.860878 13.294400
0.861073 42.553600
0.861268 20.214000
0.861463 7.115960
0.861659 49.001500
0.861854 8.830320
0.862049 20.403600
0.862244 43.635700
0.862439 13.658100
0.862634 7.395800
0.862829 10.838800
0.863024 43.727300
0.863220 9.716110
0.863415 29.245400
0.863610 13.494800
0.863805 29.553900
0.864000 35.960100
0.864195 20.926900
0.864390 21.596300
0.864585 56.391400
0.864780 62.293900
0.864976 20.079300
0.865171 55.908900
0.865366 8.591510
0.865561 17.475300
0.865756 65.187000
0.865951 25.339500
0.866146 40.080400
0.866341 11.447300
0.866537 39.240800
0.866732 32.636700
0.866927 14.858700
0.867122 35.016600
0.867317 7.030730
0.867512 20.757000
0.867707 19.936400
0.867902 5.590950
0.868098 42.208400
0.868293 38.418600
0.868488 31.826500
0.868683 28.130300
0.868878 5.689650
0.869073 17.816200
0.869268 10.038100
0.869463 6.375900
0.869659 19.978100
0.869854 44.196000
0.870049 51.592300
0.870244 40.869200
0.870439 45.407900
0.870634 29.061700
0.870829 28.950700
0.871024 26.361600
0.871220 13.044700
0.871415 24.962100
0.871610 58.360200
0.871805 21.741000
0.872000 9.436530
0.872195 12.194700
0.872390 19.423300
0.872585 22.558300
0.872780 8.785160
0.872976 12.224500
0.873171 6.992330
0.873366 24.612100
0.873561 20.452200
0.873756 31.735300
0.873951 43.336400
0.874146 33.540200
0.874341 23.481400
0.874537 10.513100
0.874732 30.295800
0.874927 10.465400
0.875122 38.652500
0.875317 29.045300
0.875512 84.677800
0.875707 19.220100
0.875902 42.137500
0.876098 33.311200
0.876293 31.925600
0.876488 39.183600
0.876683 29.447400
0.876878 11.894500
0.877073 3.145720
0.877268 61.698500
0.877463 3.758890
0.877659 19.683800
0.877854 6.239240
0.878049 23.025500
0.878244 60.136300
0.878439 79.069800
0.878634 8.042450
0.878829 35.824100
0.879024 1.907290
0.879220 64.625900
0.879415 26.753300
0.879610 3.791600
0.879805 48.386500
0.880000 7.229340
0.880195 6.936200
0.880390 55.269700
0.880585 12.624200
0.880780 16.423200
0.880976 18.133300
0.881171 21.825400
0.881366 7.573230
0.881561 8.118830
0.881756 3.202240
0.881951 40.021700
0.882146 6.220050
0.882341 10.202900
0.882537 9.864030
0.882732 14.624400
0.882927 60.594400
0.883122 13.023400
0.883317 28.511200
0.883512 12.812300
0.883707 9.452770
0.883902 61.609400
0.884098 77.478100
0.884293 22.386100
0.884488 18.259500
0.884683 61.014400
0.884878 2.392100
0.885073 21.574800
0.885268 6.913630
0.885463 12.512200
0.885659 17.903500
0.885854 37.346700
0.886049 42.475600
0.886244 51.954500
0.886439 57.318800
0.886634 8.501410
0.886829 7.804890
0.887024 67.289300
0.887220 27.459800
0.887415 11.836000
0.887610 20.886300
0.887805 33.900900
0.888000 59.587400
0.888195 32.710200
0.888390 48.186800
0.888585 5.996600
0.888780 20.438400
0.888976 16.017100
0.889171 3.580510
0.889366 7.034420
0.889561 16.021600
0.889756 28.194100
0.889951 4.332380
0.890146 15.334300
0.890341 18.693900
0.890537 51.416400
0.890732 2.184780
0.890927 12.697100
0.891122 46.799700
0.891317 27.056100
0.891512 31.173900
0.891707 13.411900
0.891902 6.122700
0.892098 36.923200
0.892293 16.560400
0.892488 12.217900
0.892683 23.484200
0.892878 33.792400
0.893073 14.629100
0.893268 21.083700
0.893463 34.915900
0.893659 14.931400
0.893854 15.189900
0.894049 67.012500
0.894244 6.961910
0.894439 10.498200
0.894634 45.049800
0.894829 33.709200
0.895024 29.237700
0.895220 45.884400
0.895415 86.231600
0.895610 7.779220
0.895805 8.175050
0.896000 8.404350
0.896195 9.136790
0.896390 10.131900
0.896585 63.431500
0.896780 41.610100
0.896976 72.963100
0.897171 47.370600
0.897366 29.149500
0.897561 21.001100
0.897756 20.541800
0.897951 12.802600
0.898146 19.502300
0.898341 14.870000
0.898537 5.002640
0.898732 19.824600
0.898927 61.715700
0.899122 8.610350
0.899317 9.906680
0.899512 37.597500
0.899707 48.535500
0.899902 35.356200
0.900098 43.320100
0.900293 6.526150
0.900488 19.074600
0.900683 6.600580
0.900878 11.922600
0.901073 14.857700
0.901268 7.274030
0.901463 8.548900
0.901659 10.311600
0.901854 38.661000
0.902049 12.674800
0.902244 15.411600
0.902439 65.038800
0.902634 39.622400
0.902829 8.296930
0.903024 15.118300
0.903220 62.505900
0.903415 9.060700
0.903610 23.013700
0.903805 27.401200
0.904000 52.953300
0.904195 43.812600
0.904390 5.232120
0.904585 75.366400
0.904780 12.046500
0.904976 6.943740
0.905171 15.455100
0.905366 13.652300
0.905561 50.897000
0.905756 4.732620
0.905951 44.388400
0.906146 7.890140
0.906341 4.391900
0.906537 25.760200
0.906732 17.634700
0.906927 17.645900
0.907122 18.730800
0.907317 11.297300
0.907512 15.920000
0.907707 49.602900
0.907902 42.119300
0.908098 26.427700
0.908293 18.029000
0.908488 10.014400
0.908683 9.282770
0.908878 6.744560
0.909073 14.355400
0.909268 57.313500
0.909463 34.443300
0.909659 20.382200
0.909854 35.251900
0.910049 30.757700
0.910244 17.422800
0.910439 7.407700
0.910634 32.328300
0.910829 21.490800
0.911024 3.171780
0.911220 68.660600
0.911415 49.053200
0.911610 24.892600
0.911805 25.029700
0.912000 25.889800
0.912195 33.560200
0.912390 20.325600
0.912585 20.088000
0.912780 8.122460
0.912976 9.294230
0.913171 14.697400
0.913366 4.807000
0.913561 7.708770
0.913756 14.919000
0.913951 4.498350
0.914146 66.174600
0.914341 10.765300
0.914537 32.794200
0.914732 48.993900
0.914927 4.782710
0.915122 10.817800
0.915317 29.553400
0.915512 14.752800
0.915707 19.456100
0.915902 85.487700
0.916098 7.950720
0.916293 4.671560
0.916488 68.477600
0.916683 30.832200
0.916878 16.869500
0.917073 9.777110
0.917268 9.226330
0.917463 31.995800
0.917659 5.044340
0.917854 9.625690
0.918049 13.358800
0.918244 26.318000
0.918439 8.329290
0.918634 5.361980
0.918829 2.654080
0.919024 52.038000
0.919220 10.323500
0.919415 51.105100
0.919610 10.109100
0.919805 19.544700
0.920000 76.288900
0.920195 9.056110
0.920390 7.144650
0.920585 32.588900
0.920780 24.100800
0.920976 49.235400
0.921171 39.037600
0.921366 55.909700
0.921561 45.680300
0.921756 15.258600
0.921951 41.219500
0.922146 23.914700
0.922341 32.424000
0.922537 26.912100
0.922732 43.928000
0.922927 11.238800
0.923122 6.839410
0.923317 10.021400
0.923512 8.810000
0.923707 9.457570
0.923902 1.896290
0.924098 43.352000
0.924293 40.871400
0.924488 11.397000
0.924683 33.283000
0.924878 13.613900
0.925073 25.222300
0.925268 28.953900
0.925463 4.500040
0.925854 32.595400
0.926049 25.055400
0.926244 33.564200
0.926439 10.544000
0.926634 36.872700
0.926829 12.505600
0.927024 19.679300
0.927220 4.968120
0.927415 28.513700
0.927610 39.562500
0.927805 34.581800
0.928000 10.038300
0.928195 5.588880
0.928390 18.081500
0.928585 35.773400
0.928780 44.131800
0.928976 20.796200
0.929171 78.368600
0.929366 31.012600
0.929561 8.481100
0.929756 9.435270
0.929951 8.059250
0.930146 1.737200
0.930341 7.436730
0.930537 31.753400
0.930732 6.980840
0.930927 33.843000
0.931122 8.943420
0.931317 8.219010
0.931512 12.374600
0.931707 16.484300
0.931902 39.180000
0.932098 21.228100
0.932293 28.647100
0.932488 7.344460
0.932683 36.402300
0.932878 17.575500
0.933073 5.243430
0.933268 6.241640
0.933463 18.677100
0.933659 9.831280
0.933854 22.337600
0.934049 8.558560
0.934244 52.567500
0.934439 51.551400
0.934634 47.121000
0.934829 43.014400
0.935024 28.395700
0.935220 22.196000
0.935415 7.723800
0.935610 8.687160
0.935805 44.975100
0.936000 49.690500
0.936195 39.648400
0.936390 7.700910
0.936585 10.345100
0.936780 8.194750
0.936976 9.177540
0.937171 10.090200
0.937366 36.159000
0.937561 55.602200
0.937756 5.324270
0.937951 12.790500
0.938146 7.613370
0.938341 37.956200
0.938537 21.258500
0.938732 54.145500
0.938927 15.709400
0.939122 6.602390
0.939317 75.613300
0.939512 14.342700
0.939707 25.541800
0.939902 6.223220
0.940098 78.235700
0.940293 9.240250
0.940488 43.485500
0.940683 6.160710
0.940878 9.883180
0.941073 1.804320
0.941268 20.887400
0.941463 8.461480
0.941659 11.518000
0.941854 18.478600
0.942049 54.974100
0.942244 19.970000
0.942439 77.648100
0.942634 16.288700
0.942829 9.685880
0.943024 58.222600
0.943220 62.771200
0.943415 68.549700
0.943610 15.383500
0.943805 6.727920
0.944000 65.497400
0.944195 41.866700
0.944390 33.064100
0.944585 35.641500
0.944780 41.213700
0.944976 20.329100
0.945171 23.308300
0.945366 15.672100
0.945561 19.711500
0.945756 29.188700
0.945951 38.359600
0.946146 7.452000
0.946341 39.695700
0.946537 72.556200
0.946732 27.226800
0.946927 29.139600
0.947122 12.482300
0.947317 24.814900
0.947512 8.697790
0.947707 60.750100
0.947902 8.477240
0.948098 41.944100
0.948293 32.068200
0.948488 24.325900
0.948683 11.261900
0.948878 17.085600
0.949073 6.157750
0.949268 54.586100
0.949463 30.443900
0.949659 32.719200
0.949854 41.806900
0.950049 22.521500
0.950244 27.474600
0.950439 38.253500
0.950634 32.816800
0.950829 8.685120
0.951024 58.468100
0.951220 21.549000
0.951415 17.193200
0.951610 73.869000
0.951805 71.515700
0.952000 16.855500
0.952195 22.707700
0.952390 16.918000
0.952585 25.273000
0.952780 36.498600
0.952976 22.843000
0.953171 37.880300
0.953366 7.298910
0.953561 6.187310
0.953756 6.767080
0.953951 41.766800
0.954146 39.322900
0.954341 25.400100
0.954537 42.541300
0.954732 26.567300
0.954927 52.188300
0.955122 16.792000
0.955317 31.466200
0.955512 68.763800
0.955707 42.003100
0.955902 70.108700
0.956098 12.476900
0.956293 26.784600
0.956488 56.343200
0.956683 22.349800
0.956878 80.247100
0.957073 79.592400
0.957268 10.373200
0.957463 15.854700
0.957659 10.586000
0.957854 8.819370
0.958049 41.955500
0.958244 5.560900
0.958439 6.296690
0.958634 7.455600
0.958829 60.164900
0.959024 55.142100
0.959220 21.162000
0.959415 14.147900
0.959610 15.055900
0.959805 26.364600
0.960000 22.883800
0.960195 12.284300
0.960390 43.746900
0.960585 24.270000
0.960780 50.272600
0.960976 50.723400
0.961171 31.764100
0.961366 65.286300
0.961561 39.540600
0.961756 8.820270
0.961951 70.850900
0.962146 7.359280
0.962341 4.491450
0.962537 83.444100
0.962732 11.659600
0.962927 12.561700
0.963122 17.442100
0.963317 50.765600
0.963512 63.277900
0.963707 25.504500
0.963902 60.975500
0.964098 24.207700
0.964293 18.638000
0.964488 57.148900
0.964683 8.242800
0.964878 38.402300
0.965073 27.118700
0.965268 72.043500
0.965463 3.079780
0.965659 22.342000
0.965854 29.613200
0.966049 8.010500
0.966244 17.678700
0.966439 96.338400
0.966634 9.818490
0.966829 38.505900
0.967024 26.011300
0.967220 41.517800
0.967415 62.700700
0.967610 8.804580
0.967805 34.970600
0.968000 15.305300
0.968195 65.968800
0.968390 16.844800
0.968585 42.243600
0.968780 22.237500
0.968976 36.630900
0.969171 18.261000
0.969366 38.163800
0.969561 36.883100
0.969756 44.536600
0.969951 16.690000
0.970146 30.809500
0.970341 16.371400
0.970537 49.962700
0.970732 65.339400
0.970927 19.794400
0.971122 25.468900
0.971317 57.654600
0.971512 40.105000
0.971707 13.320800
0.971902 19.530200
0.972098 8.343000
0.972293 2.711780
0.972488 16.511400
0.972683 44.295400
0.972878 58.021200
0.973073 6.410790
0.973268 14.757700
0.973463 22.280700
0.973659 21.064500
0.973854 33.731400
0.974049 15.079800
0.974244 6.246620
0.974439 8.675170
0.974634 33.827600
0.974829 45.111100
0.975024 22.375100
0.975220 31.862000
0.975415 20.371300
0.975610 61.901900
0.975805 4.077130
0.976000 21.338000
0.976195 30.979000
0.976390 5.160140
0.976585 11.339800
0.976780 2.420710
0.976976 71.736200
0.977171 44.712600
0.977366 10.005600
0.977561 32.609500
0.977756 7.049730
0.977951 64.223100
0.978146 11.282900
0.978341 31.824200
0.978537 32.389400
0.978732 16.075500
0.978927 36.259900
0.979122 17.356800
0.979317 54.653300
0.979512 53.289200
0.979707 75.904500
0.979902 25.589400
0.980098 14.699400
0.980293 7.725630
0.980488 58.235000
0.980683 16.717100
0.980878 47.308100
0.981073 71.918000
0.981268 5.226880
0.981463 10.797700
0.981659 36.773100
0.981854 23.148800
0.982049 23.752200
0.982244 31.805600
0.982439 57.589600
0.982634 9.899450
0.982829 25.855300
0.983024 44.251900
0.983220 29.009600
0.983415 71.234700
0.983610 2.861390
0.983805 11.811300
0.984000 4.122480
0.984195 9.844070
0.984390 50.327100
0.984585 24.763500
0.984780 3.898740
0.984976 48.412100
0.985171 18.705600
0.985366 57.175200
0.985561 39.627000
0.985756 24.992000
0.985951 52.782200
0.986146 9.863390
0.986341 3.256470
0.986537 27.991200
0.986732 43.678000
0.986927 22.433200
0.987122 30.108900
0.987317 46.501900
0.987512 20.696300
0.987707 8.250730
0.987902 10.802200
0.988098 21.222000
0.988293 77.527800
0.988488 73.255600
0.988683 23.848700
0.988878 81.475300
0.989073 20.651700
0.989268 7.958590
0.989463 9.014640
0.989659 89.193200
0.989854 12.850400
0.990049 19.977300
0.990244 43.437800
0.990439 16.772100
0.990634 12.441700
0.990829 33.027700
0.991024 42.559400
0.991220 24.410400
0.991415 43.698800
0.991610 17.406900
0.991805 9.338950
0.992000 13.027500
0.992195 29.089400
0.992390 16.570300
0.992585 18.392100
0.992780 47.778200
0.992976 18.079100
0.993171 25.739500
0.993366 19.160500
0.993561 5.213880
0.993756 32.828600
0.993951 10.505000
0.994146 15.494800
0.994341 4.948560
0.994537 15.188200
0.994732 72.792500
0.994927 1.773280
0.995122 10.046400
0.995317 2.896940
0.995512 46.754600
0.995707 50.691300
0.995902 19.690900
0.996098 51.373700
0.996293 40.002800
0.996488 6.985190
0.996683 58.003300
0.996878 28.407300
0.997073 31.708200
0.997268 4.060790
0.997463 14.131700
0.997659 11.347700
0.997854 7.817250
0.998049 55.741900
0.998244 19.503400
0.998439 5.745470
0.998634 48.141200
0.998829 5.443450
0.999024 21.495500
0.999220 7.292750
0.999415 13.440700
0.999610 88.860800
0.999805 4.761610
1.000000 6.328770
