0.000320 34.228600
0.000639 35.715000
0.000959 5.369970
0.001279 31.924100
0.001598 2.090280
0.001918 24.636200
0.002238 24.254500
0.002558 21.845200
0.015026 59.483000
0.015345 70.564800
0.015665 13.156400
0.015985 26.619400
0.016304 19.014500
0.016624 42.484300
0.016944 36.713800
0.017263 17.093700
0.017583 17.329900
0.017903 57.957000
0.018223 9.293520
0.018542 8.703660
0.018862 33.932800
0.019182 6.403790
0.019501 13.598200
0.019821 7.868540
0.020141 24.496400
0.020460 6.414750
0.020780 9.986750
0.021100 20.533300
0.021419 21.458600
0.021739 10.117900
0.022059 11.618900
0.022379 17.018600
0.022698 10.206100
0.023018 8.798280
0.023338 25.730800
0.023657 9.432770
0.023977 10.947900
0.024297 52.596700
0.024616 10.539800
0.024936 82.352000
0.025256 53.136700
0.025575 6.427020
0.025895 46.838200
0.026215 9.437240
0.026535 8.152500
0.026854 17.129000
0.028133 8.324900
0.028453 42.632400
0.028772 2.276040
0.029092 11.447800
0.029412 35.586800
0.029731 7.926950
0.046995 8.389800
0.047315 15.907800
0.047634 12.275700
0.047954 34.219100
0.048274 9.182340
0.048593 4.692880
0.048913 65.162800
0.049233 22.814400
0.049552 9.243980
0.049872 21.458700
0.050192 24.884600
0.050512 4.681190
0.050831 56.063000
0.051151 32.495600
0.051471 6.879830
0.051790 25.252300
0.052110 8.378510
0.052430 1.689520
0.052749 21.603000
0.053069 46.320600
0.053389 23.776000
0.053708 11.677200
0.054028 16.172000
0.054348 53.093600
0.054668 20.551000
0.054987 9.601710
0.055307 23.652200
0.055627 19.882900
0.055946 4.621940
0.056266 52.860300
0.056586 33.091700
0.056905 20.322800
0.057225 37.819100
0.057545 5.087460
0.057864 41.410000
0.058184 17.534400
0.058504 21.619700
0.058824 73.361900
0.059143 16.921400
0.059463 21.192600
0.059783 14.190000
0.060102 44.056700
0.060422 72.852800
0.060742 16.882000
0.061061 31.122800
0.061381 93.203800
0.061701 21.559400
0.062020 7.442700
0.062340 8.391300
0.062660 31.234300
0.062980 46.222600
0.063299 15.164100
0.063619 11.351400
0.063939 23.160900
0.064258 6.377230
0.064578 7.682080
0.064898 14.883700
0.065217 8.326420
0.065537 25.198400
0.065857 9.889930
0.066176 40.733100
0.066496 35.320100
0.066816 50.376800
0.067136 8.411920
0.067455 7.149000
0.067775 27.913100
0.068095 11.490000
0.068414 16.208100
0.068734 6.297900
0.069054 21.900400
0.069373 10.260800
0.069693 40.685100
0.070013 19.090300
0.070332 45.698800
0.070652 10.469000
0.070972 8.264030
0.071292 6.212320
0.071611 4.229250
0.071931 44.831200
0.072251 36.022200
0.072570 11.535300
0.072890 58.351500
0.073210 38.958700
0.073529 17.441600
0.073849 6.830740
0.074169 12.721000
0.074488 23.123700
0.074808 5.046130
0.075128 55.974200
0.075448 3.152750
0.075767 87.247400
0.076087 15.590200
0.076407 5.076870
0.076726 50.719800
0.077046 21.488900
0.077366 9.581000
0.077685 1.953150
0.078005 29.513100
0.078325 18.596300
0.078645 19.352600
0.078964 63.105700
0.079284 25.052000
0.079604 36.719400
0.079923 32.710600
0.080243 12.113400
0.080563 47.020300
0.080882 12.101300
0.081202 3.832360
0.081522 10.519100
0.081841 14.640700
0.082161 9.558820
0.082481 71.187400
0.082801 32.352400
0.083120 9.577870
0.083440 37.042100
0.083760 25.893500
0.084079 28.643900
0.085997 11.312900
0.086317 36.628100
0.086637 56.545900
0.086957 6.067160
0.087276 19.755600
0.087596 13.072000
0.087916 13.425400
0.088235 26.368800
0.088555 21.106100
0.088875 33.704100
0.089194 30.989700
0.089514 92.040400
0.089834 36.669600
0.090153 14.000600
0.090473 56.818500
0.090793 2.505290
0.091113 61.605000
0.091432 35.652600
0.091752 16.863200
0.092072 2.867490
0.092391 49.962700
0.092711 8.690560
0.093031 33.331200
0.093350 7.282280
0.093670 5.659520
0.093990 9.882510
0.094309 66.952200
0.094629 11.749000
0.094949 16.356500
0.095269 67.960700
0.095588 4.984150
0.095908 9.039260
0.096228 7.442340
0.096547 28.853300
0.098146 7.409500
0.098465 20.138300
0.098785 1.679270
0.099105 34.767100
0.099425 8.408980
0.099744 36.767300
0.100064 8.946620
0.100384 9.594690
0.100703 8.364340
0.101023 7.616380
0.101343 81.154000
0.101662 17.199000
0.101982 12.158200
0.102302 71.581000
0.102621 52.558900
0.102941 29.923000
0.103261 13.238200
0.103581 10.554800
0.103900 31.932800
0.104220 52.150400
0.104540 12.171900
0.104859 30.602600
0.105179 17.497700
0.105499 18.704900
0.105818 49.648300
0.106138 40.281000
0.106458 13.419000
0.106777 20.343300
0.107097 45.804300
0.107417 5.826510
0.107737 19.067500
0.108056 15.781000
0.108376 11.340900
0.108696 63.237900
0.109015 67.168500
0.109335 16.052100
0.109655 6.159670
0.109974 15.876000
0.110294 14.807600
0.110614 44.135400
0.110934 23.861300
0.111253 47.782700
0.111573 3.598610
0.111893 17.133900
0.112212 3.927770
0.112532 35.386500
0.112852 22.620200
0.113171 16.448700
0.113491 28.055800
0.113811 71.163100
0.114130 37.850900
0.114450 2.381980
0.114770 18.098700
0.115090 16.112300
0.115409 23.774500
0.115729 25.016000
0.116049 35.611200
0.116368 16.440600
0.116688 48.413800
0.117008 29.785400
0.117327 27.368400
0.117647 58.222100
0.117967 34.852900
0.118286 17.552200
0.118606 8.053980
0.118926 14.549800
0.119246 56.184600
0.119565 15.600300
0.119885 12.128900
0.120205 16.853600
0.120524 10.719100
0.120844 5.211770
0.121164 52.360200
0.121483 15.902700
0.121803 6.080860
0.122123 16.691000
0.122442 6.658420
0.122762 31.261800
0.123082 9.301400
0.123402 2.952590
0.123721 16.004100
0.124041 3.991310
0.124361 18.726500
0.124680 15.337100
0.135230 9.691900
0.135550 57.601200
0.135870 19.206000
0.136189 35.573600
0.136509 24.766400
0.136829 25.121000
0.137148 17.736600
0.137468 6.294770
0.137788 46.214000
0.138107 57.303000
0.138427 6.976370
0.138747 31.587200
0.139066 29.963000
0.139386 10.778200
0.139706 9.103630
0.140026 10.753300
0.140345 29.464900
0.140665 45.506500
0.140985 36.176400
0.141304 4.800250
0.141624 38.755100
0.141944 9.555330
0.142263 15.593500
0.142583 28.505600
0.142903 8.170130
0.143542 30.535300
0.143862 26.297500
0.144182 36.997600
0.144501 10.525200
0.144821 11.026700
0.145141 38.764000
0.145460 6.288210
0.145780 82.052500
0.146100 20.786100
0.146419 7.325750
0.146739 21.849400
0.147059 3.396780
0.147379 17.190900
0.147698 8.658350
0.148018 25.334600
0.148338 5.845260
0.148657 44.487700
0.148977 22.147900
0.149297 20.487700
0.149616 38.046600
0.149936 7.871030
0.150256 9.838570
0.150575 40.017500
0.150895 63.079200
0.151215 23.132100
0.151535 21.435800
0.151854 6.120260
0.152174 20.739300
0.152494 83.345700
0.152813 17.699900
0.153133 35.110300
0.153453 4.017110
0.153772 4.907590
0.154092 19.895200
0.154412 13.949100
0.154731 14.538500
0.155051 47.418900
0.155371 52.623700
0.155691 13.497000
0.156010 16.013600
0.156330 64.081500
0.156650 10.322500
0.156969 35.469700
0.157289 14.196700
0.157609 3.180050
0.157928 22.108100
0.158248 27.534900
0.158568 19.062600
0.158887 36.528300
0.159207 8.509860
0.159527 66.578000
0.159847 58.179500
0.160166 15.520800
0.160486 52.563200
0.160806 5.814840
0.161125 14.241200
0.161445 9.353250
0.161765 19.479400
0.162084 12.982000
0.162404 27.577900
0.162724 8.128730
0.163043 9.874290
0.163363 36.879600
0.163683 43.298400
0.164003 9.158790
0.164322 2.629100
0.164642 17.015200
0.164962 2.070690
0.165281 44.447000
0.165601 16.984900
0.165921 8.630970
0.166240 35.681900
0.166560 13.295400
0.166880 9.817400
0.167199 64.664500
0.167519 50.366400
0.167839 6.165750
0.168159 27.903800
0.168478 28.884600
0.168798 31.639000
0.169118 9.266490
0.169437 32.426200
0.169757 15.626700
0.170077 29.064500
0.170396 4.592780
0.170716 2.207110
0.171036 49.870900
0.171355 22.366100
0.171675 9.509200
0.171995 27.281700
0.172315 16.623600
0.172634 8.330100
0.172954 19.386600
0.173274 7.646030
0.173593 21.039400
0.173913 9.512240
0.174233 25.407000
0.174552 19.962300
0.174872 6.298720
0.175192 21.227400
0.175512 16.274500
0.175831 17.279300
0.176151 8.420120
0.176471 71.700500
0.176790 21.258600
0.177110 69.276800
0.177430 6.965760
0.177749 17.002800
0.178069 9.668300
0.178389 67.714900
0.178708 5.384470
0.179028 92.287600
0.179348 21.845700
0.179668 26.105200
0.179987 46.202800
0.180307 72.263900
0.180627 29.160600
0.180946 23.031600
0.181266 10.115500
0.181586 46.951700
0.181905 10.170100
0.182225 20.891500
0.182545 26.160700
0.182864 25.517700
0.183184 21.150300
0.183504 64.594200
0.183824 22.171000
0.184143 80.116100
0.184463 12.022300
0.184783 11.701600
0.185102 21.597600
0.185422 7.792510
0.185742 31.636900
0.186061 12.404400
0.186381 18.145600
0.186701 58.841700
0.187020 21.326700
0.187340 5.745900
0.187660 57.255800
0.187980 6.413930
0.188299 38.893300
0.188619 43.883900
0.188939 12.843200
0.189258 10.279100
0.189578 3.766640
0.189898 27.557200
0.190217 6.851140
0.190537 30.508200
0.190857 16.349500
0.191176 15.949900
0.191496 25.249900
0.191816 4.047040
0.192136 3.777240
0.192455 6.419160
0.192775 30.736300
0.193095 11.222500
0.193414 58.227800
0.193734 60.533200
0.194054 27.582600
0.194373 13.190500
0.194693 29.269100
0.195013 7.695890
0.195332 20.737100
0.195652 9.709690
0.195972 25.372000
0.196292 16.359000
0.196611 8.683900
0.196931 63.800600
0.197251 47.048000
0.197570 13.456200
0.197890 9.065700
0.198210 21.266100
0.198529 23.428200
0.198849 34.787800
0.199169 28.754000
0.199488 18.941300
0.199808 39.012000
0.200128 7.187020
0.200448 4.307260
0.200767 18.444000
0.201087 34.923300
0.201407 78.953700
0.201726 16.115600
0.202046 4.362540
0.202366 22.735300
0.202685 22.318800
0.203005 3.834210
0.203325 21.957700
0.203645 36.436600
0.203964 62.414100
0.204284 33.449100
0.204604 3.985900
0.204923 2.887920
0.205243 4.216890
0.205563 21.306600
0.205882 28.953300
0.206202 34.373500
0.206522 6.211220
0.206841 3.583310
0.207161 17.458600
0.207481 29.106400
0.207801 46.578700
0.208120 10.818200
0.208440 34.367200
0.208760 19.010600
0.209079 12.702200
0.209399 89.726400
0.209719 23.184400
0.210038 65.368200
0.210358 9.740090
0.210678 15.812600
0.210997 40.108100
0.211317 15.810800
0.211637 32.235100
0.211957 42.116700
0.212276 16.029200
0.212596 53.070000
0.212916 8.053200
0.213235 12.794200
0.213555 15.550400
0.213875 13.999300
0.214194 37.544700
0.214514 46.955200
0.214834 20.196900
0.215153 19.432900
0.215473 16.865200
0.215793 24.889400
0.216113 26.250000
0.216432 42.994900
0.216752 40.586100
0.217072 2.715330
0.217391 7.135030
0.217711 6.196220
0.218031 9.499460
0.218350 12.729200
0.218670 11.271800
0.218990 8.699130
0.219309 41.538300
0.219629 21.866000
0.219949 5.458060
0.220269 20.669800
0.220588 47.217100
0.220908 7.556180
0.221228 15.674200
0.221547 8.438760
0.221867 11.569700
0.222187 43.154400
0.222506 9.095820
0.222826 22.109200
0.223146 27.262600
0.223465 9.799450
0.223785 12.663900
0.224105 47.731600
0.224425 58.288500
0.224744 28.277200
0.225064 35.197200
0.225384 66.613300
0.225703 27.431300
0.226023 5.784420
0.226343 4.272420
0.226662 53.579600
0.226982 21.937900
0.227302 20.889300
0.227621 92.909500
0.227941 7.473000
0.228261 29.226200
0.228581 8.598350
0.228900 15.509200
0.229220 32.253700
0.229540 21.644200
0.229859 46.387500
0.230179 24.918500
0.230499 17.014700
0.230818 17.251500
0.231138 10.097000
0.231458 10.103500
0.231777 44.140100
0.232097 24.658700
0.232417 19.355300
0.232737 17.150400
0.233056 23.731600
0.233376 11.393600
0.233696 27.900300
0.234015 54.138500
0.234335 26.229800
0.234655 90.380200
0.234974 51.143900
0.235294 29.222600
0.235614 64.057800
0.235934 8.845100
0.236253 27.238900
0.236573 12.163100
0.236893 8.815920
0.237212 35.301700
0.237532 33.807300
0.237852 27.213200
0.238171 62.002500
0.238491 18.303800
0.238811 10.544900
0.239130 65.887100
0.239450 9.761670
0.239770 73.344200
0.240090 73.419800
0.240409 13.605500
0.240729 5.188050
0.241049 4.296520
0.241368 2.876340
0.241688 37.387600
0.242008 41.623200
0.242327 4.839380
0.242647 19.858100
0.242967 21.474800
0.243286 50.559100
0.243606 24.418000
0.243926 7.300300
0.244246 22.435100
0.244565 4.598800
0.244885 40.931200
0.245205 32.453800
0.245524 18.266600
0.245844 80.837300
0.246164 49.719600
0.246483 72.185100
0.246803 26.949800
0.247123 24.107600
0.247442 10.813500
0.247762 5.857650
0.248082 23.097700
0.248402 48.243000
0.248721 27.093700
0.249041 37.803600
0.249361 55.594500
0.249680 6.964830
0.250000 31.061400
0.250320 22.278300
0.250639 38.984400
0.250959 15.826000
0.251279 13.712200
0.251598 62.137900
0.251918 41.153900
0.252238 41.038700
0.252558 83.189900
0.252877 14.997700
0.253197 6.842120
0.253517 6.847990
0.253836 38.793000
0.254156 49.813200
0.254476 8.150110
0.254795 78.684000
0.255115 8.500410
0.255435 7.183200
0.255754 31.823000
0.256074 19.807200
0.256394 19.374400
0.256714 14.359600
0.257033 13.567600
0.257353 5.967260
0.257673 25.210700
0.257992 14.061900
0.258312 7.539400
0.258632 20.971700
0.258951 30.513400
0.259271 16.705800
0.259591 25.217700
0.260230 67.121200
0.260550 69.579700
0.260870 8.647460
0.261189 27.784700
0.261509 23.915000
0.261829 6.742920
0.262148 81.331600
0.262468 6.645340
0.262788 30.395800
0.263107 23.118000
0.263427 9.398550
0.263747 13.375900
0.264066 12.459800
0.264386 6.769700
0.264706 10.347400
0.265026 3.604370
0.265345 14.223800
0.265665 74.680000
0.265985 27.521600
0.266304 37.523900
0.266624 18.116700
0.266944 40.877500
0.267263 8.104780
0.267583 12.605400
0.267903 13.222900
0.268223 28.070500
0.268542 6.094960
0.268862 20.887300
0.269182 9.470940
0.269501 30.702400
0.269821 24.694600
0.270141 56.549300
0.270460 14.150200
0.270780 20.947100
0.271100 41.619300
0.271419 39.608700
0.271739 25.862600
0.272059 6.643730
0.272379 42.568600
0.272698 23.878800
0.273018 40.111500
0.273338 43.212900
0.273657 20.360000
0.273977 8.379430
0.274297 5.695570
0.274616 16.353300
0.274936 18.006000
0.275256 21.303500
0.275575 6.671690
0.275895 1.701530
0.276215 90.716800
0.276535 32.001400
0.276854 58.996100
0.277174 22.410400
0.277494 4.946340
0.277813 27.264200
0.278133 83.160400
0.278453 7.805490
0.279412 69.200400
0.279731 5.447740
0.280051 29.763900
0.280371 1.875030
0.280691 11.319800
0.281010 39.579200
0.281330 23.700800
0.281650 31.275400
0.281969 35.757400
0.282289 13.312600
0.282609 7.602750
0.282928 21.239000
0.283248 38.004000
0.283568 92.866500
0.283887 51.749800
0.284207 14.180200
0.284527 70.607900
0.284847 25.422900
0.285166 6.520400
0.285486 3.046260
0.285806 6.945570
0.286125 11.567200
0.286445 50.349100
0.286765 40.960500
0.287084 8.934420
0.287404 9.973750
0.287724 50.676400
0.288043 39.354800
0.288363 15.721100
0.288683 11.009700
0.289003 2.007660
0.289322 12.968800
0.289642 7.356480
0.289962 29.566400
0.290281 63.471200
0.290601 6.645960
0.290921 5.896030
0.291240 10.026200
0.291560 18.708500
0.291880 42.658800
0.292199 21.269900
0.292519 5.745850
0.292839 16.128100
0.293159 25.403900
0.293478 41.889600
0.293798 68.605300
0.294118 20.513900
0.294437 36.532900
0.294757 3.285150
0.295077 33.029900
0.295396 16.529400
0.295716 17.451000
0.296036 24.441600
0.296355 41.001700
0.296675 21.680900
0.296995 50.670700
0.297315 21.901500
0.297634 42.767800
0.297954 10.420600
0.298274 46.638300
0.298593 10.650900
0.298913 50.054200
0.299233 14.180800
0.299552 9.866450
0.299872 10.639700
0.300192 35.876800
0.300512 11.181800
0.300831 45.562400
0.301151 47.262300
0.301471 24.501100
0.301790 84.929300
0.302110 18.102800
0.302430 18.249100
0.302749 8.929980
0.303069 57.845800
0.303389 41.097800
0.303708 34.057900
0.304028 15.279300
0.304348 53.375000
0.304668 58.930400
0.304987 18.948300
0.305307 9.800790
0.305627 69.262900
0.305946 26.356800
0.306266 6.350200
0.306586 29.156400
0.306905 35.655400
0.307225 11.240500
0.307545 68.490500
0.307864 19.156500
0.308184 71.341900
0.308504 8.645220
0.308824 47.478200
0.309143 50.813000
0.309463 60.699800
0.309783 10.046800
0.310102 47.523200
0.310422 75.888400
0.310742 10.146500
0.311061 26.613400
0.311381 35.915200
0.311701 11.961500
0.312020 4.806360
0.312340 17.203200
0.312660 4.574070
0.312980 26.022400
0.313299 58.846900
0.313619 36.911000
0.313939 18.055000
0.317775 58.116000
0.318095 39.016000
0.318414 15.441900
0.318734 65.561500
0.319054 7.152790
0.319373 11.852400
0.319693 25.934100
0.320013 9.708130
0.320332 25.669600
0.320652 75.962100
0.320972 33.689100
0.321292 59.887500
0.321611 48.421400
0.321931 8.510230
0.322251 4.072120
0.322570 15.838900
0.322890 62.561300
0.323210 9.413720
0.323529 77.632900
0.324488 69.269400
0.324808 3.034100
0.325128 27.658400
0.325448 19.656400
0.325767 79.449800
0.326087 9.988570
0.326407 19.654900
0.326726 13.250900
0.327046 83.024800
0.327366 18.046300
0.327685 5.244930
0.328005 53.209600
0.328325 62.798200
0.328645 43.598300
0.328964 25.407500
0.329284 23.232400
0.329604 6.137950
0.329923 26.600900
0.330243 23.980500
0.330563 9.717740
0.330882 65.383900
0.331202 17.032800
0.331522 40.561900
0.331841 19.817900
0.332161 41.067800
0.332481 9.408230
0.332801 39.050400
0.333120 16.942900
0.333440 76.372200
0.333760 6.670410
0.334079 27.623900
0.334399 8.444040
0.334719 32.299000
0.335038 55.977600
0.335358 22.019000
0.335678 1.653600
0.335997 10.765700
0.336317 9.521020
0.336637 9.697400
0.336957 15.603500
0.337276 19.971300
0.337596 6.291730
0.337916 24.778000
0.338235 71.336400
0.338555 7.383220
0.338875 30.332200
0.339194 6.036310
0.339514 15.569500
0.339834 50.675300
0.340153 37.814900
0.340473 25.885900
0.340793 21.658500
0.341113 71.398100
0.341432 2.336100
0.341752 5.650180
0.342072 3.308090
0.342391 34.798200
0.342711 75.932900
0.343031 15.080500
0.343350 10.634700
0.343670 7.585120
0.343990 66.166900
0.344309 32.284800
0.344629 83.534100
0.344949 67.417700
0.345269 16.962500
0.345588 5.423710
0.345908 54.687000
0.346228 30.558600
0.346547 8.719800
0.346867 2.930470
0.347187 35.399300
0.347506 8.094180
0.347826 82.689300
0.351982 9.958660
0.352302 21.582200
0.352621 24.610600
0.352941 69.895200
0.353261 20.726300
0.353581 5.844270
0.353900 7.304500
0.354220 40.613400
0.354540 72.912700
0.354859 47.472600
0.355179 2.598350
0.355499 7.028690
0.355818 24.017200
0.356138 9.100700
0.356458 17.313900
0.356777 7.650280
0.357097 21.050900
0.357417 12.364500
0.357737 7.022870
0.358056 42.078500
0.358376 7.077920
0.358696 34.086600
0.359015 48.400900
0.359335 9.098430
0.359655 30.553500
0.359974 63.784600
0.360294 31.678500
0.360614 9.883830
0.360934 30.207900
0.361253 20.782000
0.361573 43.375200
0.361893 22.083200
0.362212 6.869020
0.362532 7.734500
0.362852 19.387400
0.363171 28.432300
0.363491 28.119500
0.363811 7.691610
0.364130 8.658360
0.364450 10.239600
0.364770 31.499300
0.365090 3.032520
0.365409 40.823800
0.365729 51.060200
0.366049 11.687400
0.366368 7.730770
0.366688 17.089000
0.367008 41.697900
0.367327 77.827300
0.367647 7.197880
0.367967 25.652100
0.368286 32.615300
0.368606 25.372900
0.368926 50.223200
0.369246 10.838900
0.369565 11.189000
0.369885 5.772230
0.370205 7.912660
0.370524 18.827500
0.370844 38.047400
0.371164 4.447100
0.371483 10.660300
0.371803 52.993200
0.372123 9.710540
0.372442 48.622800
0.372762 4.977340
0.373082 9.153890
0.373402 17.572600
0.373721 12.473000
0.374041 15.039900
0.374361 22.236000
0.374680 66.685600
0.375000 5.739810
0.375320 14.930600
0.375639 34.206000
0.375959 24.210500
0.376279 50.195900
0.376598 8.576610
0.376918 13.426900
0.377238 7.920770
0.377558 8.000000
0.377877 9.850800
0.378197 41.200500
0.378517 13.145800
0.378836 17.563100
0.379156 3.991990
0.379476 21.330700
0.379795 5.158570
0.380115 25.549800
0.380754 12.493600
0.381074 3.576940
0.381394 51.670400
0.381714 12.307700
0.382033 23.256300
0.382353 39.620300
0.382673 47.719900
0.382992 11.902000
0.383312 21.886700
0.383632 41.663600
0.383951 47.077800
0.384271 10.544500
0.384591 16.345900
0.384910 63.122600
0.385230 40.446500
0.385550 8.971150
0.385870 44.931400
0.386189 40.008500
0.386509 8.860160
0.386829 26.700600
0.387148 9.730030
0.387468 20.608000
0.387788 10.940600
0.388107 11.281500
0.388427 25.622200
0.388747 28.848600
0.389066 7.687820
0.389386 21.544300
0.389706 51.522000
0.390026 17.553200
0.390345 13.609500
0.390665 60.111700
0.390985 34.911800
0.391304 20.960500
0.391624 22.028900
0.391944 18.745000
0.392263 6.414630
0.392583 61.602000
0.392903 18.627800
0.393223 24.977000
0.393542 35.737200
0.393862 53.753600
0.394182 4.927170
0.394501 36.300300
0.394821 25.204100
0.395141 10.931700
0.395460 20.857400
0.395780 20.498800
0.396100 10.169100
0.396419 27.616900
0.396739 13.513000
0.397059 10.853400
0.397379 36.798900
0.397698 40.955100
0.398018 25.889700
0.398338 18.533900
0.398657 6.341450
0.398977 31.883000
0.399297 17.282500
0.399616 4.523520
0.399936 48.833200
0.400256 29.596600
0.400575 4.362800
0.400895 18.332700
0.401215 14.608800
0.401535 9.732300
0.401854 35.859200
0.402174 57.005500
0.402494 16.224400
0.402813 13.265700
0.403133 29.660200
0.403453 26.813100
0.403772 10.140200
0.404092 8.033440
0.404412 11.300500
0.404731 7.502350
0.405051 42.719900
0.405371 30.881700
0.405691 39.935000
0.406010 23.820800
0.406330 71.084600
0.406650 10.714600
0.406969 5.888510
0.407289 25.933800
0.407609 20.459100
0.407928 44.197000
0.408248 11.989100
0.408568 13.205900
0.408887 25.911200
0.409207 8.843980
0.409527 21.273200
0.409847 10.615200
0.410166 10.285800
0.410486 39.242500
0.410806 49.976700
0.411125 16.242600
0.411445 20.934300
0.411765 27.899500
0.412084 43.767300
0.412404 17.178200
0.412724 50.458000
0.413043 7.068820
0.413363 19.139600
0.413683 31.532300
0.414003 5.400660
0.414322 13.570100
0.414642 13.253800
0.414962 14.005900
0.415281 8.164920
0.415601 11.901500
0.415921 36.614900
0.416240 32.433600
0.416560 9.055730
0.416880 17.567900
0.417199 19.579500
0.417519 10.259100
0.417839 9.090920
0.418159 25.245900
0.418478 34.234800
0.418798 31.068500
0.419118 29.694300
0.419437 13.233500
0.419757 9.945950
0.420077 4.414400
0.420396 10.666100
0.420716 68.684300
0.421036 4.786420
0.421355 1.045370
0.421675 53.301300
0.421995 31.435500
0.422315 34.780000
0.422634 17.313300
0.422954 17.769400
0.423274 20.080200
0.423593 24.763600
0.425192 67.417800
0.425512 1.698370
0.425831 10.166800
0.426151 10.497300
0.426471 25.455100
0.426790 48.303300
0.427110 15.791800
0.427430 7.126160
0.427749 9.048760
0.428069 8.814260
0.428389 3.748870
0.428708 42.237100
0.429028 16.981900
0.429348 18.979200
0.429668 63.243500
0.429987 10.047200
0.430307 25.562800
0.430627 33.850500
0.430946 26.052500
0.431266 37.647100
0.431586 23.275800
0.431905 9.056330
0.432225 21.715200
0.432545 71.383000
0.432864 8.472510
0.433184 8.159940
0.433504 9.341360
0.433824 32.612000
0.434143 49.475300
0.434463 22.436200
0.434783 42.745200
0.435102 9.950860
0.435422 66.188400
0.435742 28.010100
0.436061 41.787600
0.436381 25.818200
0.436701 20.954200
0.437020 7.528400
0.437340 5.206110
0.437660 28.582900
0.437980 65.327100
0.438299 53.976800
0.438619 61.444700
0.438939 14.970400
0.439258 31.791200
0.439578 8.854740
0.439898 55.911400
0.440217 9.175300
0.440537 20.068000
0.440857 24.546000
0.441176 12.880100
0.441496 7.163950
0.441816 23.301000
0.442136 6.024370
0.442455 12.724300
0.442775 3.066570
0.443095 14.840800
0.443414 51.511500
0.443734 5.891910
0.444054 37.003100
0.444373 6.300190
0.444693 22.247800
0.445013 24.464000
0.445332 9.465110
0.445652 8.105600
0.445972 15.074400
0.446292 14.176600
0.446611 30.197900
0.446931 44.256400
0.447251 27.972100
0.447570 11.813200
0.447890 7.308430
0.448210 21.385800
0.448529 37.265600
0.448849 70.918700
0.449169 19.106800
0.449488 66.972500
0.449808 49.608000
0.450128 8.403880
0.450448 28.333900
0.450767 23.536500
0.451087 42.915200
0.451407 10.628900
0.451726 13.555100
0.452046 13.836000
0.452366 6.213950
0.452685 4.553250
0.453005 44.972900
0.453325 1.992520
0.453645 51.262500
0.453964 27.289400
0.454284 29.144400
0.454604 30.075900
0.454923 42.798100
0.455243 78.228700
0.455563 3.575300
0.455882 63.695700
0.456202 8.098910
0.456522 45.888300
0.456841 11.382200
0.457161 40.333200
0.457481 7.024560
0.457801 52.577900
0.458120 59.840400
0.458440 9.538060
0.458760 36.910300
0.459079 29.663400
0.459399 58.573400
0.459719 69.529000
0.460038 4.915020
0.460358 9.194830
0.460678 22.664800
0.460997 58.500200
0.461317 76.032200
0.461637 17.251700
0.461957 15.776200
0.462276 14.878700
0.462596 56.897500
0.462916 69.162300
0.463235 6.092390
0.463555 6.439090
0.463875 16.033800
0.464194 6.124300
0.464514 21.539400
0.464834 7.916480
0.465153 17.278900
0.465473 9.841050
0.465793 3.025120
0.466113 62.551600
0.466432 33.677700
0.466752 8.343490
0.467072 39.404500
0.467391 7.939430
0.467711 15.610900
0.468031 17.821400
0.468350 31.121900
0.468670 12.635300
0.468990 22.571100
0.469309 25.965900
0.469629 17.718700
0.469949 8.380380
0.470269 32.506000
0.470588 36.071700
0.470908 11.058500
0.471228 35.013500
0.471547 19.148100
0.471867 15.804000
0.472187 4.738540
0.472506 32.716900
0.472826 13.043600
0.473146 9.588930
0.473465 43.801700
0.473785 23.234300
0.474105 46.715800
0.474425 42.723100
0.474744 2.882420
0.475064 64.312900
0.475384 73.318500
0.475703 9.802570
0.476023 19.909600
0.476343 5.918870
0.476662 24.938100
0.476982 33.424800
0.477302 35.706900
0.477621 25.212100
0.477941 19.863800
0.478261 23.341700
0.478581 67.345500
0.478900 42.069000
0.479220 19.508400
0.479540 12.435600
0.479859 58.306600
0.480179 7.682490
0.480499 9.617910
0.480818 16.767400
0.481138 32.899000
0.481458 17.645600
0.481777 21.076700
0.482097 19.003400
0.482417 21.075600
0.482737 38.352800
0.483056 66.549800
0.483376 9.086960
0.483696 31.326000
0.484015 8.803180
0.484335 15.486200
0.484655 43.694400
0.484974 10.866400
0.485294 8.965710
0.485614 7.344240
0.485934 6.132280
0.486253 2.364470
0.486573 16.531800
0.486893 15.756000
0.487212 11.137200
0.487532 34.221000
0.487852 42.974300
0.488171 24.447200
0.488491 55.604600
0.488811 8.940770
0.489130 10.216500
0.489450 8.050040
0.489770 28.913400
0.490090 24.276200
0.490409 49.744300
0.490729 66.961100
0.491049 7.983390
0.491368 57.693800
0.491688 8.753450
0.492008 5.514630
0.492327 38.356400
0.492647 6.428400
0.492967 4.974730
0.493286 28.591600
0.493606 10.615500
0.493926 27.329100
0.494246 18.351100
0.494565 8.792510
0.494885 14.983200
0.495205 15.662900
0.495524 6.032790
0.495844 7.623090
0.496164 23.564900
0.496483 10.043200
0.496803 10.748200
0.497123 21.466800
0.497442 7.631610
0.497762 16.108000
0.498082 30.934000
0.498402 72.383600
0.498721 35.079600
0.499041 16.211400
0.499361 8.398100
0.499680 66.859900
0.500000 5.365960
0.500320 13.705900
0.500639 1.883700
0.500959 7.618070
0.501279 18.936400
0.501598 4.479720
0.501918 11.831800
0.502238 42.369300
0.502558 8.217870
0.502877 11.670300
0.503197 32.836500
0.503517 15.705400
0.503836 3.955690
0.504156 17.299700
0.504476 35.385500
0.504795 19.122600
0.505115 40.482900
0.505435 68.496900
0.505754 22.865000
0.506074 26.711900
0.506394 6.771390
0.506714 50.501300
0.507033 53.429200
0.507353 1.210030
0.507673 12.469100
0.507992 17.337700
0.508312 7.232640
0.508632 58.875200
0.508951 20.702900
0.509271 3.663230
0.509591 56.603000
0.509910 4.455930
0.510230 9.115040
0.510550 21.516500
0.510870 70.148900
0.511189 11.556200
0.511509 9.288510
0.511829 17.821900
0.512148 28.400600
0.512468 72.288500
0.512788 14.537100
0.513107 67.910000
0.513427 96.367700
0.513747 8.348650
0.514066 48.099000
0.514386 42.940900
0.514706 5.080820
0.515026 16.295600
0.515345 50.106500
0.515665 30.351700
0.515985 78.637600
0.516304 15.670800
0.516624 26.585500
0.516944 58.336900
0.517263 20.026700
0.517583 7.820890
0.517903 36.999100
0.518223 21.138600
0.518542 2.864300
0.518862 9.102520
0.519182 9.304470
0.519501 38.188600
0.519821 12.716900
0.520141 33.285100
0.520460 6.241010
0.520780 23.307000
0.521100 28.426100
0.521419 27.403300
0.521739 16.072500
0.522059 14.768800
0.522379 9.217610
0.522698 5.563790
0.523018 90.124700
0.523338 22.582700
0.523657 36.322600
0.523977 14.057100
0.524297 89.994900
0.524616 61.684300
0.524936 9.152800
0.525256 9.162270
0.525575 20.921100
0.525895 21.793100
0.526215 66.903400
0.526535 27.636800
0.526854 27.268000
0.527174 11.442600
0.527494 49.298200
0.527813 16.565100
0.528133 44.495900
0.528453 28.495100
0.528772 29.038200
0.529092 69.971300
0.529412 77.579800
0.529731 5.079000
0.530051 9.311980
0.530371 16.416100
0.530691 1.729540
0.531010 10.358000
0.531330 65.362400
0.531650 6.033020
0.531969 14.328500
0.532289 42.046900
0.532609 16.518100
0.532928 33.402100
0.533248 13.275500
0.533568 25.780900
0.533887 4.183000
0.534207 41.017800
0.534527 15.855500
0.534847 23.595600
0.535166 13.799200
0.535486 13.902900
0.535806 13.362000
0.536125 5.688280
0.536445 11.634600
0.536765 48.188200
0.537084 4.299350
0.537404 16.783300
0.537724 11.928900
0.538043 9.246670
0.538363 33.359800
0.538683 18.015100
0.539003 11.490300
0.539322 3.281400
0.539642 11.525900
0.539962 30.093100
0.540281 26.732300
0.540601 33.989300
0.540921 13.591100
0.541240 73.857000
0.541560 26.904900
0.541880 21.356800
0.542199 60.063300
0.542519 5.531840
0.542839 23.805600
0.543159 35.465800
0.543478 8.355320
0.543798 25.857700
0.544118 18.981900
0.544437 6.648080
0.544757 38.408500
0.545077 7.641190
0.545396 30.332800
0.545716 26.289900
0.546036 22.594100
0.546355 9.154890
0.546675 26.028000
0.546995 22.580800
0.547315 60.417600
0.547634 9.613160
0.547954 51.747700
0.548274 26.820800
0.548593 6.218970
0.548913 13.182100
0.549233 57.331500
0.549552 8.107090
0.549872 7.528580
0.550192 45.173700
0.550512 46.218100
0.550831 6.855680
0.551151 13.117600
0.551471 47.845700
0.551790 41.525300
0.552110 16.177100
0.552430 15.226200
0.552749 24.927000
0.553069 14.294800
0.553389 24.232600
0.553708 7.906490
0.554028 15.138900
0.554348 43.769100
0.554668 13.005900
0.554987 46.594400
0.555307 24.596000
0.555627 51.607400
0.555946 9.706310
0.556266 27.947100
0.556586 41.241400
0.556905 7.875480
0.557225 6.937290
0.557545 46.936800
0.557864 7.242090
0.558184 4.378100
0.558504 12.014800
0.558824 7.105750
0.559143 42.125700
0.559463 64.480800
0.559783 1.786920
0.560102 41.668900
0.560422 68.372200
0.560742 27.889800
0.561061 6.226020
0.561381 35.882900
0.561701 76.113900
0.562020 19.671700
0.562340 13.930900
0.562660 14.776400
0.562980 13.381900
0.563299 50.276000
0.563619 8.925700
0.563939 46.995700
0.564258 40.012200
0.564578 3.355380
0.564898 37.789300
0.565217 40.344100
0.565537 21.541900
0.565857 30.632200
0.566176 28.592000
0.566496 7.307260
0.566816 37.273500
0.567136 15.157600
0.567455 18.261600
0.567775 85.853500
0.568095 5.799100
0.568414 17.066000
0.568734 8.032440
0.569054 12.552700
0.569373 4.969370
0.569693 23.131300
0.570013 67.575100
0.570332 5.620360
0.570652 55.029300
0.570972 55.683700
0.571292 14.836200
0.571611 71.350100
0.571931 89.609900
0.572251 17.786200
0.572570 39.733900
0.572890 18.616800
0.573210 21.206300
0.573529 37.301200
0.573849 32.980700
0.574169 15.042000
0.574488 32.890900
0.574808 73.706200
0.575128 10.324700
0.575448 4.870250
0.575767 13.454700
0.576087 27.835300
0.576407 7.379180
0.576726 37.032900
0.577046 50.481100
0.577366 18.422400
0.577685 26.026700
0.578005 31.932500
0.578325 8.036110
0.578645 23.688500
0.578964 7.197300
0.579284 20.054600
0.579604 5.449460
0.579923 7.855190
0.580243 53.938800
0.580563 69.441700
0.580882 9.781490
0.581202 5.697220
0.581522 8.313200
0.581841 19.184700
0.582161 10.009400
0.582481 32.165400
0.582801 29.480900
0.583120 6.886630
0.583440 20.193000
0.583760 32.955500
0.584079 51.634200
0.584399 73.510000
0.584719 64.227900
0.585358 12.504600
0.585678 53.590300
0.585997 6.212910
0.586317 4.996090
0.586637 59.364600
0.586957 26.377500
0.587276 19.766300
0.587596 17.063900
0.587916 10.252200
0.588235 6.266860
0.588555 7.438210
0.588875 25.698600
0.589194 71.769000
0.589514 11.480300
0.589834 24.566600
0.590153 6.820610
0.590473 40.889100
0.590793 43.215900
0.591113 8.387570
0.591432 13.859200
0.591752 9.910930
0.592711 1.772950
0.593031 5.314200
0.593350 64.475000
0.593670 33.201000
0.593990 49.390100
0.594309 14.580300
0.594629 19.418300
0.594949 17.134000
0.595269 30.500500
0.595588 29.023900
0.595908 34.424200
0.596228 15.240400
0.596547 33.601200
0.596867 33.574500
0.597187 13.480700
0.597506 15.173400
0.597826 14.566600
0.598146 27.363000
0.598465 24.235900
0.598785 45.580500
0.599105 61.617000
0.599425 55.854000
0.599744 27.060900
0.600064 10.852700
0.600384 74.191800
0.600703 20.095800
0.601023 47.272600
0.601343 72.530100
0.601662 23.542000
0.601982 5.543220
0.602302 15.787300
0.602621 8.698960
0.602941 50.535700
0.603261 37.329800
0.603581 55.678400
0.603900 49.368200
0.604220 61.110500
0.604540 8.528310
0.604859 14.271700
0.605179 25.880200
0.605499 16.262200
0.605818 6.907370
0.606138 20.660300
0.606458 48.315300
0.606777 46.185700
0.607097 10.043000
0.607417 6.681830
0.607737 42.402500
0.608056 59.006200
0.608376 49.442500
0.608696 22.854400
0.609015 10.063600
0.609335 25.783900
0.609655 9.079270
0.609974 34.252500
0.610294 26.670400
0.610614 8.913050
0.610934 25.452000
0.611253 26.400500
0.611573 33.961600
0.611893 16.316400
0.612212 31.046500
0.612532 30.326600
0.612852 11.468800
0.613171 33.112900
0.613491 6.901050
0.613811 7.436830
0.614130 42.807800
0.614450 16.975400
0.614770 30.063500
0.615090 26.801800
0.615409 62.896100
0.615729 6.931570
0.616049 24.151100
0.616368 12.538300
0.616688 18.450200
0.617008 24.250400
0.617327 7.615490
0.617647 16.067400
0.617967 14.463600
0.618286 11.522400
0.618606 8.100580
0.618926 5.877570
0.619246 44.982100
0.619565 45.375400
0.619885 19.985300
0.620205 47.989300
0.620524 68.853200
0.620844 59.228300
0.621164 33.250100
0.621483 25.977300
0.621803 1.744930
0.622123 6.219170
0.622442 44.971500
0.622762 3.425180
0.623082 27.591200
0.623402 13.113800
0.623721 6.326410
0.624041 41.575700
0.624361 14.380000
0.624680 53.482300
0.625000 56.465900
0.625320 12.545400
0.625639 60.978400
0.625959 13.050200
0.626279 30.729500
0.626598 6.757320
0.626918 24.102600
0.627238 4.865120
0.627558 21.860800
0.627877 13.528900
0.628197 11.433300
0.628517 9.672100
0.628836 11.266300
0.629156 8.063420
0.629476 21.083000
0.629795 5.173770
0.630115 15.979300
0.630435 12.040700
0.630754 9.775040
0.631074 15.511100
0.631394 46.413600
0.631714 10.576900
0.632033 6.306950
0.632353 42.706000
0.632673 9.755690
0.632992 52.335200
0.633312 21.579600
0.633632 58.994800
0.633951 72.619000
0.634271 15.444400
0.634591 40.046100
0.634910 28.782700
0.635230 26.012900
0.635550 74.653300
0.635870 56.041500
0.636189 33.840600
0.636509 37.953800
0.636829 44.341600
0.637148 22.252000
0.637468 4.472320
0.637788 14.856400
0.638107 18.973000
0.638427 22.228300
0.638747 58.587900
0.639066 31.359900
0.639386 68.677100
0.639706 11.294500
0.640026 9.599360
0.640345 11.377900
0.640665 76.059600
0.640985 47.982400
0.641304 9.486460
0.641624 37.981800
0.641944 34.646600
0.642263 8.867220
0.642583 1.579510
0.642903 25.219300
0.643223 50.609800
0.643542 15.077700
0.643862 46.270200
0.644182 23.378000
0.644501 16.360500
0.644821 50.122300
0.645141 49.091100
0.645460 6.918720
0.645780 3.328920
0.646100 4.346430
0.646419 42.076100
0.646739 9.366700
0.647059 55.457300
0.647379 14.918000
0.647698 15.750400
0.648018 9.293270
0.648338 13.914400
0.648657 46.322400
0.648977 47.598700
0.649297 37.961100
0.649616 21.197700
0.649936 43.265200
0.650256 25.514600
0.650575 48.020300
0.650895 2.245110
0.651215 8.093190
0.651535 16.643400
0.651854 45.279700
0.652174 1.789690
0.652494 18.085500
0.652813 10.290700
0.653133 6.550870
0.653453 13.104400
0.653772 18.206900
0.654092 28.274300
0.654412 25.678800
0.654731 74.373900
0.655051 11.310200
0.655371 5.746670
0.655691 8.738810
0.656010 10.234400
0.656330 3.582260
0.656650 56.066700
0.656969 17.761100
0.657289 30.203700
0.657609 26.882500
0.657928 40.577700
0.658248 17.139500
0.658568 59.540300
0.658887 25.535600
0.659207 86.259200
0.659527 47.049800
0.659847 23.428500
0.660166 15.075300
0.660486 6.571360
0.660806 20.138100
0.661125 6.757810
0.661445 19.718600
0.661765 4.215860
0.662084 18.218400
0.662404 1.804800
0.662724 5.364770
0.663043 73.803000
0.663363 6.079490
0.663683 83.603600
0.664003 16.422100
0.664322 23.421200
0.664642 61.082800
0.664962 49.627700
0.665281 21.891400
0.665601 23.128100
0.665921 13.727500
0.666240 11.091600
0.666560 42.463700
0.666880 20.002800
0.667199 46.986200
0.667519 37.478000
0.667839 28.736500
0.668159 7.520040
0.668478 22.447800
0.668798 22.857700
0.669118 26.621100
0.669437 4.693910
0.669757 5.131730
0.670077 21.044700
0.670396 2.003250
0.670716 38.595600
0.671036 15.448700
0.671355 10.743500
0.671675 18.433600
0.671995 2.528490
0.672315 17.387200
0.672634 26.888700
0.672954 45.966900
0.673274 13.089300
0.673593 20.572300
0.673913 32.798100
0.674233 46.142300
0.674552 10.914400
0.674872 49.578700
0.675192 17.766000
0.675512 21.374100
0.675831 31.355900
0.676151 8.325220
0.676471 5.737770
0.676790 37.790600
0.677110 45.385300
0.677430 8.122690
0.677749 31.312800
0.678069 75.497400
0.678389 17.179000
0.678708 68.667100
0.679028 7.897550
0.679348 33.417200
0.679668 22.272000
0.679987 4.867110
0.680307 41.503600
0.680627 25.487800
0.680946 7.560570
0.681266 51.863600
0.681586 66.269400
0.681905 21.636500
0.682225 12.515200
0.682545 12.587100
0.682864 32.641000
0.683184 20.852200
0.683504 61.001200
0.683824 13.498600
0.684143 16.859700
0.684463 15.675600
0.684783 19.365900
0.685102 5.826450
0.685422 8.571410
0.685742 9.748220
0.686061 82.242600
0.686381 3.209250
0.686701 13.958800
0.687020 8.612260
0.687340 9.805800
0.687660 5.008450
0.687980 38.495100
0.688299 9.069520
0.688619 19.437900
0.688939 25.422400
0.689258 46.811100
0.689578 16.604900
0.690217 20.887000
0.690537 12.993600
0.690857 43.108000
0.691176 9.771770
0.691496 16.243200
0.691816 11.717100
0.692136 20.205000
0.692455 4.552870
0.692775 23.965000
0.693095 10.194400
0.693414 32.064100
0.693734 10.297800
0.694054 1.929950
0.694373 37.688300
0.694693 29.443800
0.695013 76.386900
0.695332 21.440200
0.695652 9.904660
0.695972 47.692200
0.696292 7.903190
0.696611 4.124530
0.696931 47.133900
0.697251 47.142600
0.697570 20.516600
0.697890 5.308210
0.698210 45.763000
0.698529 66.404300
0.698849 15.207600
0.699169 7.833450
0.699488 16.913700
0.699808 59.889200
0.700128 16.084600
0.700448 5.171830
0.700767 49.339100
0.701087 5.947940
0.701407 3.239690
0.701726 21.165200
0.702046 16.478200
0.702366 24.139300
0.702685 39.846600
0.703005 61.105200
0.703325 5.319860
0.703645 57.574800
0.703964 51.820000
0.704284 48.492600
0.704604 42.704500
0.704923 23.900500
0.705243 5.955190
0.705563 6.023260
0.705882 29.250400
0.706202 33.200300
0.706522 67.175400
0.706841 25.625700
0.707161 8.097420
0.707481 6.645450
0.707801 26.046400
0.708120 3.380880
0.708440 7.562340
0.708760 5.373240
0.709079 18.838700
0.709399 24.451800
0.709719 10.205000
0.710038 14.165700
0.710358 15.222800
0.710678 42.114600
0.710997 46.394200
0.711317 42.335800
0.711637 25.720900
0.711957 27.498600
0.712276 15.326200
0.712596 30.177600
0.712916 3.730520
0.713235 7.389060
0.713555 25.249300
0.713875 20.940400
0.714194 10.904600
0.714514 24.951700
0.714834 6.780390
0.715153 88.194400
0.715473 26.519100
0.715793 19.124300
0.716113 13.166800
0.716432 9.798500
0.716752 3.239570
0.717072 23.528000
0.717391 23.166300
0.717711 14.796800
0.718031 9.339980
0.718350 4.282690
0.718670 6.075670
0.718990 24.429300
0.719309 14.365200
0.719629 25.142400
0.719949 9.313770
0.720269 47.811100
0.720588 16.612100
0.720908 61.035800
0.721228 48.038200
0.721547 38.165800
0.721867 43.034100
0.722187 7.251300
0.722506 58.160800
0.722826 65.856800
0.723146 17.606200
0.723465 6.298790
0.723785 39.360500
0.724105 32.208700
0.724425 19.735900
0.724744 17.831900
0.725064 6.739350
0.725384 7.599000
0.725703 15.052700
0.726023 34.152300
0.726343 13.041000
0.726662 9.063030
0.726982 9.626610
0.727302 21.704500
0.727621 24.983700
0.727941 6.799900
0.728261 28.739600
0.728581 23.105300
0.728900 19.990700
0.729220 25.438800
0.729540 27.451700
0.729859 15.740300
0.730179 20.452500
0.730499 34.184800
0.730818 8.018370
0.731138 5.215960
0.731458 36.019700
0.731777 55.058200
0.732097 22.816600
0.732417 31.706500
0.732737 45.616900
0.733056 27.833200
0.733376 14.334700
0.733696 20.099800
0.734015 14.130500
0.734335 37.313300
0.734655 8.969200
0.734974 6.716280
0.735294 10.930100
0.735614 3.381750
0.735934 24.732300
0.736253 70.992900
0.736573 19.834900
0.736893 31.835200
0.737212 6.793330
0.737532 40.048400
0.737852 33.740900
0.738171 15.337000
0.738491 44.498100
0.738811 58.764000
0.739130 82.683300
0.739450 5.059350
0.739770 16.757000
0.740090 23.711800
0.740409 21.770900
0.740729 30.397500
0.741049 17.919600
0.741368 49.621600
0.741688 9.428940
0.742008 23.128200
0.742327 13.709200
0.742647 33.802500
0.742967 29.740800
0.743286 3.608940
0.743606 30.496900
0.743926 13.817700
0.744246 2.829420
0.744565 69.404900
0.744885 20.742000
0.745205 2.306160
0.745524 3.353090
0.745844 28.032800
0.746164 14.091200
0.746483 25.647900
0.746803 14.245900
0.747123 12.350600
0.747442 4.500690
0.747762 28.026300
0.748082 28.230200
0.748402 7.656240
0.748721 11.498200
0.749041 18.385500
0.749361 3.830530
0.749680 77.101200
0.750000 17.665300
0.750320 4.786550
0.750639 37.473700
0.750959 7.285320
0.751279 32.410800
0.751598 37.225800
0.751918 28.259800
0.752238 79.548100
0.752558 48.378800
0.752877 25.679100
0.753197 22.793400
0.753517 11.014700
0.753836 3.821280
0.754156 14.523900
0.754476 6.902020
0.754795 6.432020
0.755115 24.576600
0.755435 29.848600
0.755754 6.561000
0.756074 8.634830
0.756394 18.618200
0.756714 33.045600
0.757033 54.498300
0.757353 8.923860
0.757673 38.038600
0.757992 21.754000
0.758312 37.160000
0.758632 37.601000
0.758951 50.191200
0.759271 8.607120
0.759591 63.272800
0.759910 18.647600
0.760230 28.264300
0.760550 62.073500
0.760870 39.340400
0.761189 67.202700
0.761509 5.157490
0.761829 16.150300
0.762148 46.732700
0.762468 28.710800
0.762788 57.318200
0.763107 20.875900
0.763427 5.490570
0.763747 35.574000
0.764066 6.363660
0.764386 5.680210
0.764706 36.145300
0.765026 15.871000
0.765345 49.737400
0.765665 12.237300
0.765985 50.191300
0.766304 9.457720
0.766624 31.229900
0.766944 56.825800
0.767263 8.576160
0.767583 72.807900
0.767903 21.778800
0.768223 4.295560
0.768542 74.795500
0.768862 27.234800
0.769182 34.384400
0.769501 22.545300
0.769821 1.143170
0.770141 23.467900
0.770460 29.258100
0.770780 31.022300
0.771100 42.941000
0.771419 26.772100
0.771739 8.022060
0.772059 17.937100
0.772379 12.803100
0.772698 2.540800
0.773018 24.050600
0.773338 21.204700
0.773657 9.993360
0.773977 14.762700
0.774297 6.107030
0.774616 37.015000
0.774936 28.962200
0.775256 34.907300
0.775575 14.864200
0.775895 7.747750
0.776215 22.274200
0.776535 9.757990
0.776854 17.663200
0.777174 7.193700
0.777494 31.112600
0.777813 40.053100
0.778133 52.750000
0.778453 27.729700
0.778772 17.354400
0.779092 9.096560
0.779412 28.207300
0.779731 22.863000
0.780051 10.279900
0.780371 7.659430
0.780691 12.500500
0.781010 25.133600
0.781330 31.099100
0.781650 46.386900
0.781969 50.919900
0.782289 9.151310
0.782609 14.529800
0.782928 28.807400
0.783248 12.661900
0.783568 14.762600
0.783887 6.925300
0.784207 22.467300
0.784527 7.198960
0.784847 22.684600
0.785166 89.322700
0.785486 7.256200
0.785806 25.797100
0.786125 27.418700
0.786445 7.903040
0.786765 31.821000
0.787084 19.881500
0.787404 26.843900
0.787724 10.488000
0.788043 7.254140
0.788363 1.865590
0.788683 8.053150
0.789003 51.694700
0.789322 27.756100
0.789642 8.645100
0.789962 84.106400
0.790281 19.419600
0.790601 43.891600
0.790921 65.074500
0.791240 48.164800
0.791560 10.240300
0.791880 5.579920
0.792199 33.360900
0.792519 9.534070
0.792839 26.888900
0.793159 26.855600
0.793478 18.109000
0.793798 20.604900
0.794118 13.333600
0.794437 37.124700
0.794757 9.384800
0.795077 9.847490
0.795396 31.404000
0.795716 1.749980
0.796036 42.685400
0.796355 50.888000
0.796675 23.346900
0.796995 53.039300
0.797315 21.410000
0.797634 31.017000
0.797954 15.747600
0.798274 56.581800
0.798593 64.814000
0.798913 32.390700
0.799233 38.986600
0.799552 9.713970
0.799872 17.279200
0.800192 25.598900
0.800512 30.937400
0.800831 34.029500
0.801151 6.845610
0.801471 33.337600
0.801790 40.878700
0.802110 22.878300
0.802430 51.327900
0.802749 6.651410
0.803069 9.447700
0.803389 30.083200
0.803708 85.382400
0.804028 34.803300
0.804348 7.113400
0.804668 51.917500
0.804987 26.538100
0.805307 19.943200
0.805627 43.916800
0.805946 23.332900
0.806266 39.061700
0.806586 10.154100
0.806905 6.309410
0.807225 37.776800
0.807545 28.575500
0.807864 17.856200
0.808184 44.308900
0.808504 35.329800
0.808824 28.292000
0.809143 37.166800
0.809463 3.833160
0.809783 1.667040
0.810102 13.147000
0.810422 8.776500
0.810742 16.270900
0.811061 28.198600
0.811381 19.140800
0.811701 19.171300
0.812020 17.755700
0.812340 6.787390
0.812660 7.595610
0.812980 7.617420
0.813299 5.709880
0.813619 7.728060
0.813939 5.747010
0.814258 35.701200
0.814578 20.373300
0.814898 20.497800
0.815217 21.036000
0.815537 7.394770
0.815857 42.467800
0.816176 89.012600
0.816496 8.252430
0.816816 9.248520
0.817136 25.066300
0.817455 47.130500
0.817775 63.375100
0.818095 20.070700
0.818414 27.914500
0.818734 51.778500
0.819054 23.108700
0.819373 40.041700
0.819693 11.768800
0.820013 28.801300
0.820332 6.516500
0.820652 32.775500
0.820972 27.595600
0.821292 15.267800
0.821611 74.641400
0.821931 61.755400
0.822251 53.702300
0.822570 37.995500
0.822890 9.386920
0.823210 92.899600
0.823529 59.839500
0.823849 6.578200
0.824169 43.696700
0.824488 28.128400
0.824808 19.754700
0.825128 7.027320
0.825448 51.741100
0.825767 8.657460
0.826087 7.489950
0.826407 14.697000
0.826726 80.088600
0.827046 42.632700
0.827366 8.088040
0.827685 18.023300
0.828005 7.028450
0.828325 36.172500
0.828645 37.380100
0.828964 14.546700
0.829284 5.021120
0.829604 15.361100
0.829923 6.910130
0.830243 19.269300
0.830563 9.889600
0.830882 32.002800
0.831202 13.656900
0.831522 18.331600
0.831841 14.556300
0.832161 29.652100
0.832481 15.104800
0.832801 13.433000
0.833120 47.837100
0.833440 6.558510
0.833760 2.250970
0.834079 23.506500
0.834399 42.837800
0.834719 13.289500
0.835038 42.682900
0.835358 14.829500
0.835678 62.751200
0.835997 8.470530
0.836317 24.815600
0.836637 76.550900
0.836957 53.034000
0.837276 56.004600
0.837596 18.986300
0.837916 38.529700
0.838235 3.333310
0.838555 54.389100
0.838875 44.891400
0.839194 37.645400
0.839514 19.867900
0.839834 79.181600
0.840153 35.669400
0.840473 62.205400
0.840793 6.044170
0.841113 38.530300
0.841432 17.786400
0.841752 9.297940
0.842072 69.291700
0.842391 42.862000
0.842711 45.946000
0.843031 8.286360
0.843350 55.917400
0.843670 28.160800
0.843990 24.162600
0.844309 56.317600
0.844629 8.185030
0.844949 56.796500
0.845269 28.858200
0.845588 21.930600
0.845908 30.762100
0.846228 10.626900
0.846547 15.762500
0.846867 11.275100
0.847187 9.043380
0.847506 40.213200
0.847826 30.917200
0.848146 62.546500
0.848465 27.757700
0.848785 47.167200
0.849105 30.498400
0.849425 19.603700
0.849744 7.485220
0.850064 25.116700
0.850384 10.072600
0.850703 47.376800
0.851023 12.612300
0.851343 13.935300
0.851662 40.672900
0.851982 12.920700
0.852302 24.991900
0.852621 76.376100
0.852941 38.920500
0.853261 14.140100
0.853581 19.778300
0.853900 5.614690
0.854220 8.335710
0.854540 19.994400
0.854859 66.242400
0.855179 12.112700
0.855499 16.951900
0.855818 14.489100
0.856138 31.070800
0.856458 7.663350
0.856777 13.212800
0.857097 17.568500
0.857417 20.095400
0.857737 53.960600
0.858056 27.985100
0.858376 28.179900
0.858696 69.165500
0.859015 9.082510
0.859335 13.649800
0.859655 9.429300
0.859974 47.686600
0.860294 7.330770
0.860614 11.294900
0.860934 55.878800
0.861253 31.224800
0.861573 32.187500
0.861893 33.128200
0.862212 65.596700
0.862532 33.079000
0.862852 66.261900
0.863171 33.864700
0.863491 16.504200
0.863811 6.439970
0.864130 36.704900
0.864450 61.416100
0.864770 64.798600
0.865090 34.754100
0.865409 8.346830
0.865729 7.550430
0.866049 90.280600
0.866368 2.204860
0.866688 7.524520
0.867008 20.039200
0.867327 9.276170
0.867647 53.580800
0.867967 9.331320
0.868286 24.180700
0.868606 9.085650
0.868926 19.086300
0.869246 12.172200
0.869565 23.192800
0.869885 33.584400
0.870205 22.316400
0.870524 18.640300
0.870844 3.236550
0.871164 43.163600
0.871483 14.450400
0.871803 11.515200
0.872123 57.629200
0.872442 6.836730
0.872762 65.713000
0.873082 38.054600
0.873402 31.225300
0.873721 27.286300
0.874041 6.029940
0.874361 70.540600
0.874680 20.580000
0.875000 27.969500
0.875320 45.226800
0.875639 70.280300
0.875959 37.883600
0.876279 19.903800
0.876598 8.764610
0.876918 22.048300
0.877238 1.197590
0.877558 18.078400
0.877877 16.811600
0.878197 37.066700
0.878517 23.100400
0.878836 9.731390
0.879156 28.983400
0.879476 5.068890
0.879795 7.410320
0.880115 51.406700
0.880435 56.231600
0.880754 36.556300
0.881074 8.059210
0.881394 50.280100
0.881714 4.920250
0.882033 15.270300
0.882353 2.860110
0.882673 13.404700
0.882992 19.645100
0.883312 11.968800
0.883632 31.353000
0.883951 1.664470
0.884271 17.654700
0.884591 74.812300
0.884910 91.829100
0.885230 15.304200
0.885550 10.026600
0.885870 68.120900
0.886189 22.367100
0.886509 54.634700
0.886829 27.973200
0.887148 35.235300
0.887468 11.954100
0.887788 37.234700
0.888107 46.690100
0.888427 49.136300
0.888747 63.683000
0.889066 15.752100
0.889386 14.861000
0.889706 19.028700
0.890026 5.642010
0.890345 11.161100
0.890665 13.917500
0.890985 13.399300
0.891304 3.986860
0.891624 51.438800
0.891944 28.003200
0.892263 25.612100
0.892583 68.732300
0.892903 1.708460
0.893223 8.416470
0.893542 7.792810
0.893862 36.151500
0.894182 36.449100
0.894501 13.380300
0.894821 12.293400
0.895141 7.664520
0.895460 9.350150
0.895780 62.817700
0.896100 3.288170
0.896419 29.987400
0.896739 24.450800
0.897059 22.343500
0.897379 18.027400
0.897698 13.544200
0.898018 34.373000
0.898338 46.054800
0.898657 61.479300
0.898977 57.655900
0.899297 19.078300
0.899616 7.463340
0.899936 8.576410
0.900256 6.350690
0.900575 56.795300
0.900895 28.138600
0.901215 21.129600
0.901535 8.544310
0.901854 87.371900
0.902174 1.720020
0.902494 21.354700
0.902813 10.746500
0.903133 19.483400
0.903453 7.366110
0.903772 35.889500
0.904092 74.814400
0.904412 54.926300
0.904731 19.700800
0.905051 11.966300
0.905371 44.462300
0.905691 8.100770
0.906010 5.053940
0.906330 13.341100
0.906650 23.669200
0.906969 31.544900
0.907289 26.638300
0.907609 15.105500
0.907928 4.723390
0.908248 11.009400
0.908568 36.299800
0.908887 91.374500
0.909207 24.819900
0.909527 63.685500
0.909847 13.878100
0.910166 6.332120
0.910486 20.051600
0.910806 30.298900
0.911125 27.274500
0.911445 32.963600
0.911765 39.475500
0.912084 5.987800
0.912404 15.536300
0.912724 4.599100
0.913043 9.886470
0.913363 7.067400
0.913683 53.791400
0.914003 15.125000
0.914322 19.011500
0.914642 30.531400
0.914962 50.153100
0.915281 32.852700
0.915601 41.501300
0.915921 9.272110
0.916240 28.321300
0.916560 22.198200
0.916880 9.686340
0.917199 7.088000
0.917519 9.952920
0.918159 10.170800
0.918478 36.215000
0.918798 15.041700
0.919118 18.436700
0.919437 24.457700
0.919757 2.109010
0.920077 40.706900
0.920396 12.839600
0.920716 22.650200
0.921036 23.329500
0.921355 49.244900
0.921675 31.274700
0.921995 11.217900
0.922315 28.694300
0.922634 36.900500
0.922954 4.395190
0.923274 41.361800
0.923593 79.746100
0.923913 35.460900
0.924233 16.874400
0.924552 34.766300
0.924872 21.501400
0.925192 2.612350
0.925512 50.889200
0.925831 34.498500
0.926151 19.526400
0.926471 79.564900
0.926790 37.214400
0.927110 10.189800
0.927430 19.761600
0.927749 36.764800
0.928069 6.931940
0.928389 8.817730
0.928708 30.215300
0.929028 7.214340
0.929348 32.894400
0.929668 78.361700
0.929987 11.723700
0.930307 48.118700
0.930627 11.320000
0.930946 17.164900
0.931266 17.627500
0.931586 69.008500
0.931905 62.639000
0.932225 6.848030
0.932545 13.050100
0.932864 22.517900
0.933184 9.834380
0.933504 39.480900
0.933824 63.131800
0.934143 7.334110
0.934463 20.110500
0.934783 29.420500
0.935102 23.664100
0.935422 19.961200
0.935742 18.111900
0.936061 24.819200
0.936381 4.811890
0.936701 33.759300
0.937020 8.010390
0.937340 28.006200
0.937660 7.437920
0.937980 15.361700
0.938299 64.922800
0.938619 85.221400
0.938939 41.517000
0.939258 7.422480
0.939578 29.117200
0.939898 19.754300
0.940217 6.696290
0.940537 86.089800
0.940857 47.258400
0.941176 72.080600
0.941496 31.333700
0.941816 14.441600
0.942136 15.940500
0.942455 13.691900
0.942775 6.832290
0.943095 40.868100
0.943414 8.316770
0.943734 25.254900
0.944054 12.263600
0.944373 25.209800
0.944693 22.453300
0.945013 10.649700
0.945332 23.215500
0.945652 63.460400
0.945972 35.195300
0.946292 39.485300
0.946611 27.222900
0.946931 12.090700
0.947251 23.638200
0.947570 91.691700
0.947890 48.884100
0.948210 9.796720
0.948529 38.077700
0.948849 11.654000
0.949169 57.394400
0.949488 33.850600
0.949808 10.372600
0.950128 33.720400
0.950448 14.440600
0.950767 8.761190
0.951087 5.479630
0.951407 13.511600
0.951726 3.830190
0.952046 10.926600
0.952366 9.851270
0.952685 9.305140
0.953005 35.811800
0.953325 20.084600
0.953645 10.463800
0.953964 50.734800
0.954284 24.888700
0.954604 21.625700
0.954923 4.437370
0.955243 3.457870
0.955563 6.242950
0.955882 7.936500
0.956202 7.074400
0.956522 8.128530
0.956841 14.792900
0.957161 38.229700
0.957481 15.561700
0.957801 86.392200
0.958120 22.306900
0.958440 7.251260
0.958760 11.952200
0.959079 5.273240
0.959399 18.258000
0.959719 36.223600
0.960038 38.563000
0.960358 8.684060
0.960678 52.842500
0.960997 11.053200
0.961317 74.328800
0.961637 19.414400
0.961957 14.746600
0.962276 20.343800
0.962596 34.535500
0.962916 41.237700
0.963235 10.017700
0.963555 46.131700
0.963875 12.245200
0.964194 65.296700
0.964514 16.777300
0.964834 26.243600
0.965153 33.605800
0.965473 12.328500
0.965793 14.406500
0.966113 19.801300
0.966432 52.335600
0.966752 7.382360
0.967072 17.156100
0.967391 41.386700
0.967711 43.664600
0.968031 32.925900
0.968350 36.611900
0.968670 60.730300
0.968990 14.392900
0.969309 18.281000
0.969629 68.196200
0.969949 14.128000
0.970269 84.251600
0.970588 39.653000
0.971228 58.348800
0.971547 27.042900
0.971867 73.001000
0.972187 79.398900
0.972506 4.035510
0.972826 37.235600
0.973146 12.941300
0.973465 56.654200
0.973785 43.596700
0.974105 4.864090
0.974425 12.209900
0.974744 45.319000
0.975064 23.254600
0.975384 13.343200
0.975703 30.462600
0.976023 8.908720
0.976343 53.358000
0.976662 12.294600
0.976982 31.958300
0.977302 7.025700
0.977621 23.627500
0.977941 4.469660
0.978261 19.866400
0.978581 6.986590
0.978900 3.318740
0.979220 24.826100
0.979540 11.588400
0.979859 7.261090
0.980179 7.950550
0.980499 59.565500
0.980818 21.767100
0.981138 26.671300
0.981458 73.229400
0.981777 24.935600
0.982097 35.499600
0.982417 53.799700
0.982737 17.214500
0.983056 8.991180
0.983376 35.838900
0.983696 13.813900
0.984015 82.918600
0.984335 41.963900
0.984655 7.951170
0.984974 20.028700
0.985294 18.310100
0.985614 9.318760
0.985934 75.893500
0.986253 25.877600
0.986573 8.977160
0.986893 9.679990
0.987212 46.542500
0.987532 52.295600
0.987852 9.193730
0.988171 19.237800
0.988491 5.414880
0.988811 18.434400
0.989130 29.485000
0.989450 51.131100
0.989770 7.471560
0.990090 36.351500
0.990409 15.652300
0.990729 56.244800
0.991049 55.891700
0.991368 23.984400
0.991688 36.496100
0.992008 7.885910
0.992327 1.863840
0.992647 7.316440
0.992967 5.891960
0.993286 7.384610
0.993606 23.466200
0.993926 8.542110
0.994246 16.982600
0.994565 7.728860
0.994885 45.647900
0.995205 21.807600
0.995524 8.032410
0.995844 9.805920
0.996164 36.698500
0.996483 15.356600
0.996803 40.530600
0.997123 70.282900
0.997442 33.674400
0.997762 47.833400
0.998082 8.697030
0.998402 77.242700
0.998721 29.712600
0.999041 43.940000
0.999361 30.357100
0.999680 10.843500
1.000000 92.747400
