0.000805 12.608600
0.001610 63.201400
0.002415 33.436000
0.003221 27.153600
0.004026 68.278300
0.004831 9.437540
0.005636 59.900800
0.006441 78.702600
0.007246 42.034800
0.008052 29.085100
0.008857 10.437000
0.009662 41.931300
0.010467 3.673960
0.011272 7.493280
0.014493 9.958660
0.015298 4.985960
0.016103 45.796700
0.016908 6.160440
0.017713 49.048700
0.018519 6.701900
0.019324 22.197100
0.020129 5.834000
0.020934 21.666100
0.021739 7.508770
0.022544 35.914500
0.023349 3.721470
0.024155 8.589150
0.024960 53.791800
0.025765 45.747000
0.026570 20.698500
0.049114 8.389800
0.049919 20.228000
0.050725 12.728500
0.051530 25.802500
0.052335 59.346700
0.053140 20.687000
0.053945 40.501700
0.054750 31.774400
0.055556 13.231000
0.056361 8.891060
0.057166 36.827500
0.057971 11.287400
0.058776 13.604400
0.059581 19.293000
0.060386 25.958600
0.061192 8.563850
0.061997 6.714370
0.062802 8.565750
0.063607 45.533200
0.064412 17.563100
0.067633 11.312900
0.068438 4.747060
0.069243 35.144300
0.070048 17.860000
0.070853 9.685860
0.071659 24.147400
0.072464 4.321250
0.073269 21.980700
0.074074 26.955800
0.074879 54.042700
0.075684 31.267700
0.076490 6.158630
0.077295 22.510600
0.078100 37.959600
0.078905 39.342200
0.079710 6.031710
0.080515 8.628860
0.081320 5.443940
0.082126 6.840880
0.082931 17.709100
0.083736 5.282390
0.084541 23.421500
0.085346 26.172500
0.086151 19.947500
0.086957 21.568900
0.087762 15.522300
0.088567 20.125000
0.089372 2.154400
0.090177 42.292700
0.090982 37.680800
0.091787 8.921860
0.092593 68.793000
0.093398 9.210470
0.094203 13.157000
0.095008 31.508300
0.095813 35.579100
0.096618 20.276600
0.097424 18.318600
0.098229 4.134350
0.099034 11.467600
0.099839 24.532300
0.100644 4.803510
0.101449 15.490400
0.102254 3.771030
0.103060 16.571000
0.103865 24.819600
0.104670 17.619500
0.105475 9.944010
0.106280 6.305430
0.107085 14.053400
0.107890 10.046200
0.108696 5.008200
0.109501 11.542600
0.110306 20.167800
0.111111 40.280900
0.111916 43.790400
0.112721 32.997700
0.113527 82.648800
0.114332 11.980600
0.115137 6.945000
0.115942 25.275700
0.121578 58.116000
0.122383 39.772000
0.123188 21.318400
0.123994 12.094500
0.124799 8.968100
0.125604 4.026440
0.126409 25.937700
0.127214 11.565800
0.128019 5.423900
0.128824 6.999600
0.129630 19.048600
0.130435 9.648350
0.131240 23.711700
0.132045 28.203700
0.132850 15.401800
0.133655 3.158400
0.134461 21.749900
0.135266 27.650800
0.136071 44.611600
0.136876 24.249000
0.137681 9.377140
0.138486 22.319600
0.139291 57.906500
0.140097 14.183400
0.140902 40.503000
0.141707 12.885600
0.142512 48.120700
0.143317 16.535600
0.144122 78.227100
0.144928 12.918200
0.146538 9.621300
0.147343 8.799130
0.148148 6.474780
0.148953 12.976100
0.149758 26.397500
0.150564 9.237130
0.151369 24.012600
0.152174 30.892500
0.152979 24.064300
0.153784 7.620540
0.154589 36.140300
0.155395 9.355420
0.156200 20.154500
0.157005 19.765500
0.157810 26.434600
0.158615 26.810600
0.159420 9.530270
0.160225 9.336490
0.161031 18.687800
0.161836 21.768500
0.162641 81.808600
0.163446 1.724690
0.164251 20.708400
0.165056 17.815800
0.165862 64.997400
0.166667 25.930700
0.167472 54.064700
0.168277 4.446450
0.169082 28.012700
0.169887 43.568700
0.170692 11.363600
0.171498 37.183000
0.172303 14.037800
0.173108 4.258730
0.173913 33.716600
0.174718 24.796300
0.175523 7.068050
0.176329 27.402100
0.177134 4.509800
0.177939 13.574800
0.178744 6.289460
0.179549 28.447500
0.180354 14.824300
0.181159 35.873700
0.181965 19.457400
0.182770 45.067400
0.183575 25.995900
0.184380 25.397600
0.185185 28.464800
0.185990 31.188700
0.186795 50.750000
0.187601 2.715750
0.188406 9.221110
0.189211 29.773600
0.190016 11.218500
0.190821 70.283800
0.191626 5.012270
0.199678 59.483000
0.200483 43.681800
0.201288 37.078100
0.202093 22.086800
0.202899 5.276010
0.203704 26.165800
0.204509 36.038100
0.205314 36.180700
0.206119 18.520200
0.206924 58.973600
0.207729 7.635980
0.208535 12.634600
0.209340 58.196700
0.210145 15.052000
0.210950 14.123600
0.211755 9.001800
0.212560 6.645630
0.225443 9.691900
0.226248 20.689800
0.227053 16.987500
0.227858 31.185100
0.228663 25.241700
0.229469 35.977100
0.230274 7.093670
0.231079 8.991600
0.231884 10.857800
0.232689 25.828100
0.233494 5.364620
0.234300 36.787800
0.235105 10.898600
0.235910 23.726500
0.236715 12.641000
0.237520 13.985000
0.238325 14.387400
0.239130 42.382500
0.239936 5.578840
0.240741 1.015830
0.241546 24.017600
0.242351 3.877720
0.243156 21.058300
0.243961 31.191200
0.244767 35.946000
0.245572 13.612100
0.246377 16.499100
0.247182 51.400000
0.247987 8.639040
0.248792 43.113300
0.249597 14.570700
0.250403 63.792900
0.251208 95.412800
0.252013 20.233500
0.252818 31.377600
0.253623 4.300920
0.254428 9.695280
0.255233 15.462100
0.256039 19.497000
0.256844 12.680200
0.257649 9.578090
0.258454 31.323100
0.259259 5.064150
0.260064 36.458800
0.260870 14.265500
0.261675 31.393600
0.262480 37.433000
0.263285 64.429900
0.264090 18.088200
0.264895 17.951200
0.265700 24.828700
0.266506 8.324900
0.267311 38.029900
0.268116 8.935770
0.268921 80.252100
0.269726 43.841300
0.270531 32.266600
0.271337 12.509100
0.272142 31.455500
0.272947 25.299000
0.273752 4.076950
0.274557 10.561600
0.275362 14.994400
0.276167 17.670700
0.276973 24.339400
0.277778 57.953600
0.278583 36.383900
0.279388 9.034230
0.280193 18.847600
0.280998 78.486000
0.281804 35.533400
0.282609 12.907300
0.283414 13.974100
0.284219 23.382100
0.285024 1.434390
0.285829 72.225400
0.286634 20.160500
0.287440 33.469000
0.288245 46.478100
0.289050 78.185500
0.289855 76.657400
0.290660 86.441400
0.291465 6.057350
0.292271 39.202200
0.293076 16.288200
0.293881 56.383100
0.294686 8.898620
0.295491 8.556890
0.296296 10.478300
0.297101 7.533060
0.297907 2.875230
0.298712 8.904200
0.299517 27.664900
0.300322 4.843310
0.301127 28.032900
0.301932 27.329600
0.302738 8.090170
0.303543 72.222700
0.304348 15.410700
0.305153 13.030800
0.305958 34.446200
0.306763 29.802800
0.307568 15.952600
0.308374 19.193300
0.309179 6.712880
0.309984 27.611300
0.310789 13.743000
0.311594 13.247800
0.312399 4.535250
0.313205 60.487200
0.314010 16.815700
0.314815 43.617900
0.315620 31.817200
0.316425 5.416980
0.317230 7.419460
0.318035 32.710300
0.318841 8.795340
0.319646 5.426940
0.320451 12.063600
0.321256 10.293500
0.322061 6.364920
0.322866 42.569200
0.323671 19.849700
0.324477 7.728170
0.325282 5.885630
0.326087 4.701460
0.326892 5.800410
0.327697 23.527000
0.328502 20.957200
0.329308 50.387300
0.330113 20.479200
0.330918 25.553200
0.331723 9.899270
0.332528 6.177270
0.333333 27.372900
0.334138 7.734310
0.334944 25.102200
0.335749 69.141800
0.336554 25.204700
0.337359 27.749200
0.338164 48.972300
0.338969 42.616400
0.339775 61.115000
0.340580 22.867900
0.341385 23.914200
0.342190 11.407700
0.342995 5.853680
0.343800 14.280100
0.344605 17.795200
0.345411 6.327110
0.346216 42.130500
0.347021 29.338400
0.347826 26.307800
0.348631 24.642200
0.349436 43.189300
0.350242 21.717200
0.351047 33.642400
0.351852 6.064680
0.352657 17.609900
0.354267 7.409500
0.355072 54.382500
0.355878 24.634000
0.356683 8.097540
0.357488 8.391710
0.358293 9.509200
0.359098 4.229840
0.359903 10.227500
0.360709 26.794900
0.361514 86.148900
0.362319 8.777830
0.363124 17.519900
0.363929 26.650700
0.364734 35.940600
0.365539 17.704300
0.366345 4.520170
0.367150 23.503800
0.367955 10.163300
0.368760 22.386400
0.369565 30.192700
0.370370 57.918600
0.371176 32.783800
0.371981 23.750600
0.372786 9.418450
0.373591 33.208900
0.374396 28.405900
0.375201 21.299500
0.376006 44.605100
0.376812 8.358700
0.377617 13.537600
0.378422 9.295450
0.379227 32.535800
0.380032 41.410800
0.380837 6.754650
0.381643 8.583800
0.382448 17.994900
0.383253 58.544100
0.384058 17.264500
0.384863 15.747500
0.385668 80.164000
0.386473 16.949500
0.387279 22.693700
0.388084 31.638300
0.388889 9.420440
0.389694 2.988550
0.390499 5.924030
0.391304 16.273000
0.392110 72.195500
0.392915 10.968700
0.393720 15.130000
0.394525 58.163200
0.395330 6.288710
0.396135 48.262000
0.396940 5.812590
0.397746 21.844200
0.398551 13.595700
0.399356 15.623200
0.400161 65.703900
0.400966 8.766920
0.401771 56.361900
0.402576 82.031600
0.403382 8.605180
0.404187 22.611100
0.404992 12.727800
0.405797 74.716000
0.406602 21.997300
0.407407 25.309200
0.408213 10.178200
0.409018 14.456900
0.409823 12.269400
0.410628 23.087800
0.411433 23.306000
0.412238 51.786900
0.413043 6.119210
0.413849 60.944900
0.414654 66.659400
0.415459 82.625500
0.416264 32.732500
0.417069 19.429900
0.417874 30.189300
0.418680 10.148000
0.419485 10.359500
0.420290 84.306800
0.421095 33.163000
0.421900 46.367800
0.422705 29.893300
0.423510 36.058900
0.424316 52.541700
0.425121 26.264100
0.425926 33.175700
0.426731 14.749100
0.427536 38.926000
0.428341 36.445200
0.429147 28.884700
0.429952 23.344500
0.430757 22.937500
0.431562 16.030900
0.432367 14.134500
0.433172 50.989600
0.433977 33.341700
0.434783 3.189090
0.435588 27.186100
0.436393 19.237100
0.437198 34.183600
0.438003 16.657100
0.438808 80.926300
0.439614 32.431700
0.440419 6.814760
0.441224 10.455500
0.442029 10.016600
0.442834 35.568900
0.443639 10.108100
0.444444 5.221270
0.445250 12.937200
0.446055 6.135260
0.446860 10.168400
0.447665 14.519900
0.448470 34.877700
0.449275 8.988510
0.450081 52.199500
0.450886 25.085500
0.451691 43.397300
0.452496 12.170100
0.453301 18.334900
0.454106 34.572000
0.454911 13.460700
0.455717 25.086100
0.456522 25.442300
0.457327 9.809100
0.458132 41.632100
0.458937 54.986700
0.459742 24.746000
0.460548 22.373700
0.461353 28.797200
0.462158 30.663700
0.462963 8.263370
0.463768 19.994400
0.464573 23.905700
0.465378 39.437200
0.466184 75.453100
0.466989 16.067200
0.467794 26.076400
0.468599 17.179800
0.469404 57.050600
0.470209 29.453100
0.471014 34.524900
0.471820 25.258100
0.472625 7.902310
0.473430 12.154600
0.474235 26.504100
0.475040 54.109000
0.475845 21.635400
0.476651 39.860900
0.477456 40.616300
0.478261 29.266400
0.479066 19.766200
0.479871 6.398700
0.480676 2.334050
0.481481 30.481100
0.482287 6.904030
0.483092 24.322500
0.483897 6.625620
0.484702 35.038300
0.485507 13.500100
0.486312 43.782800
0.487118 21.082000
0.487923 5.595760
0.488728 39.849300
0.489533 5.480600
0.490338 31.167000
0.491143 5.813150
0.491948 8.613170
0.492754 30.911300
0.493559 66.839900
0.494364 4.413810
0.495169 10.692000
0.495974 12.002100
0.496779 65.264800
0.497585 22.626600
0.498390 17.649800
0.499195 25.127300
0.500000 26.071700
0.500805 30.328200
0.501610 14.135600
0.502415 6.117380
0.503221 21.453500
0.504026 19.078800
0.504831 45.444700
0.505636 29.449900
0.506441 8.514820
0.507246 35.374800
0.508052 28.232600
0.508857 8.276320
0.509662 9.180930
0.510467 44.902800
0.511272 36.714000
0.512077 6.380580
0.512882 26.630600
0.513688 1.703960
0.514493 32.850300
0.515298 22.590600
0.516103 52.526300
0.516908 9.722690
0.517713 9.448110
0.518519 69.770900
0.519324 22.600300
0.520129 5.098340
0.520934 59.477300
0.521739 38.789500
0.522544 21.383200
0.523349 9.393130
0.524155 8.432880
0.524960 50.403000
0.525765 15.392000
0.526570 9.639670
0.527375 20.723100
0.528180 51.031200
0.528986 8.160190
0.529791 6.647970
0.530596 22.764400
0.531401 32.180400
0.532206 27.213700
0.533011 43.665700
0.533816 34.792900
0.534622 15.035200
0.535427 14.787200
0.536232 18.111600
0.537037 73.386700
0.537842 24.044600
0.538647 7.732150
0.539452 28.083600
0.540258 26.156400
0.541063 9.192500
0.541868 18.460400
0.542673 51.710100
0.543478 32.014200
0.545089 67.417800
0.545894 22.513200
0.546699 44.392700
0.547504 6.323050
0.548309 33.935900
0.549114 49.114500
0.549919 8.039120
0.550725 48.066600
0.551530 5.459950
0.552335 27.407900
0.553140 8.753920
0.553945 8.621460
0.554750 3.433860
0.555556 38.271200
0.556361 12.266700
0.557166 9.465570
0.557971 5.716650
0.558776 55.058600
0.559581 52.438700
0.560386 18.907200
0.561192 10.300900
0.561997 9.678280
0.562802 61.908500
0.563607 15.947800
0.564412 23.991700
0.565217 10.882500
0.566023 8.341090
0.566828 5.928470
0.567633 14.047300
0.568438 25.583600
0.569243 30.539000
0.570048 25.238900
0.570853 58.797900
0.571659 9.542380
0.572464 47.051800
0.573269 23.242100
0.574074 3.903000
0.574879 16.141500
0.575684 65.755800
0.576490 1.921830
0.577295 2.370170
0.578100 7.387530
0.578905 8.849890
0.579710 8.009380
0.580515 7.307780
0.581320 10.460300
0.582126 58.218000
0.582931 13.569600
0.583736 17.970000
0.584541 14.514000
0.585346 4.754490
0.586151 6.153990
0.586957 14.541200
0.587762 29.633900
0.588567 30.629900
0.589372 5.733890
0.590177 24.320500
0.590982 9.783740
0.591787 44.124100
0.592593 55.824900
0.593398 28.656200
0.594203 2.022850
0.595008 51.908900
0.595813 5.284390
0.596618 18.712200
0.597424 74.778800
0.598229 36.415600
0.599034 19.694600
0.599839 25.743900
0.600644 8.911220
0.601449 23.918700
0.602254 3.838840
0.603060 3.661400
0.603865 6.499710
0.604670 8.044380
0.605475 23.912400
0.606280 11.098700
0.607085 26.924800
0.607890 9.022070
0.608696 14.963700
0.609501 13.875100
0.610306 9.680410
0.611111 24.422600
0.611916 41.024000
0.612721 37.204100
0.613527 89.954500
0.614332 34.340500
0.615137 20.181000
0.615942 3.963290
0.616747 31.148200
0.617552 10.909100
0.618357 7.096920
0.619163 14.621900
0.619968 50.342300
0.620773 40.559600
0.621578 33.303100
0.622383 23.756600
0.623188 38.536900
0.623994 38.628200
0.624799 7.379080
0.625604 17.137300
0.626409 15.017300
0.627214 8.365970
0.628019 7.792280
0.628824 7.950840
0.629630 1.658220
0.630435 14.669200
0.631240 70.719400
0.632045 8.402410
0.632850 26.284000
0.633655 9.440210
0.634461 14.333500
0.635266 11.110500
0.636071 27.296200
0.636876 6.330930
0.637681 24.490200
0.638486 51.188200
0.639291 14.727600
0.640097 68.614500
0.640902 5.220440
0.641707 12.766700
0.642512 49.566800
0.643317 2.780580
0.644122 10.640700
0.644928 35.981500
0.645733 9.582800
0.646538 46.291500
0.647343 21.778500
0.648148 21.147300
0.648953 4.686950
0.649758 15.730600
0.650564 23.274800
0.651369 49.484600
0.652174 15.227900
0.652979 18.962000
0.653784 9.521190
0.654589 14.200700
0.655395 85.739200
0.656200 31.949300
0.657005 8.625350
0.657810 50.428600
0.658615 6.771920
0.659420 45.540200
0.660225 42.267100
0.661031 25.908400
0.661836 27.649200
0.662641 2.867000
0.663446 28.902500
0.664251 18.735500
0.665056 8.111270
0.665862 14.653900
0.666667 31.888400
0.667472 15.814600
0.668277 14.976000
0.669082 38.508300
0.669887 10.242100
0.670692 42.771400
0.671498 16.989500
0.672303 9.550730
0.673108 40.315300
0.673913 21.581500
0.674718 9.365770
0.675523 24.869700
0.676329 27.293300
0.677134 9.805800
0.677939 2.178480
0.678744 43.797500
0.679549 33.239100
0.681965 67.121200
0.682770 5.174440
0.683575 31.464400
0.684380 9.831130
0.685185 26.715900
0.685990 13.333900
0.686795 41.608400
0.687601 32.556100
0.688406 27.600400
0.689211 24.653900
0.690016 26.699200
0.690821 11.988000
0.691626 51.317300
0.692432 21.658000
0.693237 4.021030
0.694042 23.737800
0.694847 10.352600
0.695652 12.991600
0.696457 7.088000
0.697262 58.639400
0.698068 4.063090
0.698873 58.447200
0.699678 35.857600
0.700483 31.715300
0.701288 1.738540
0.702093 28.704700
0.702899 19.892800
0.703704 3.998800
0.704509 24.000100
0.705314 25.160900
0.706119 14.534300
0.706924 27.733800
0.707729 63.444600
0.708535 46.097300
0.709340 8.072960
0.710145 29.933700
0.710950 19.269000
0.711755 53.966500
0.712560 9.442890
0.713366 26.710400
0.714171 51.527100
0.714976 32.065500
0.715781 12.842100
0.716586 14.295100
0.717391 8.435970
0.718196 20.192900
0.719002 9.190180
0.719807 46.038100
0.720612 39.964800
0.721417 77.087900
0.722222 11.366100
0.723027 23.783000
0.723833 17.457100
0.724638 13.510200
0.725443 20.396100
0.726248 20.995300
0.727053 39.157400
0.727858 8.914220
0.728663 8.808740
0.729469 6.546110
0.730274 5.509480
0.731079 50.217200
0.731884 54.417900
0.732689 19.156300
0.733494 28.993400
0.734300 1.771880
0.735105 7.345990
0.735910 7.789770
0.736715 30.978700
0.737520 41.561000
0.738325 10.195000
0.739130 7.027700
0.739936 24.817800
0.740741 30.191900
0.741546 10.197700
0.742351 9.080550
0.743156 21.307800
0.743961 19.684100
0.744767 13.918500
0.745572 9.700410
0.746377 69.088900
0.747182 38.281300
0.747987 40.015700
0.748792 9.480920
0.749597 4.416500
0.750403 26.264300
0.751208 55.849300
0.752013 61.013100
0.752818 11.957300
0.753623 13.400700
0.754428 8.511800
0.755233 6.191640
0.756039 22.607100
0.756844 16.048200
0.757649 4.139250
0.758454 25.928500
0.759259 1.017320
0.760064 19.300100
0.760870 8.503170
0.761675 24.118400
0.762480 35.679200
0.763285 10.452800
0.764090 10.525400
0.764895 4.790080
0.765700 76.720700
0.766506 23.484900
0.767311 19.142600
0.768116 57.456100
0.768921 32.789100
0.769726 28.766600
0.770531 50.290200
0.771337 25.216300
0.772142 45.962500
0.772947 1.371540
0.773752 35.958100
0.774557 21.087700
0.775362 16.511100
0.776167 15.214800
0.776973 69.044300
0.777778 12.945600
0.778583 48.515700
0.779388 7.387880
0.780193 25.468200
0.780998 6.458850
0.781804 14.379800
0.782609 18.555000
0.783414 7.776050
0.784219 18.637000
0.785024 54.406200
0.785829 14.457500
0.786634 28.600500
0.787440 31.062400
0.788245 49.464200
0.789050 8.530570
0.789855 62.169200
0.790660 7.235130
0.791465 8.475640
0.792271 4.006780
0.793076 7.248430
0.793881 5.433860
0.794686 84.960600
0.795491 64.111400
0.796296 21.078900
0.797101 51.734200
0.797907 45.049000
0.798712 19.004900
0.799517 9.586870
0.800322 7.210030
0.801127 9.819890
0.801932 28.130400
0.802738 10.778700
0.803543 6.303470
0.804348 16.016800
0.805153 27.496700
0.805958 30.452100
0.806763 7.122860
0.807568 45.299800
0.808374 20.378700
0.809179 71.126000
0.809984 2.339510
0.810789 10.018200
0.811594 8.173160
0.812399 47.902800
0.813205 22.317800
0.814010 36.794300
0.814815 10.876800
0.815620 26.447100
0.816425 29.704500
0.817230 8.936610
0.818035 21.548500
0.818841 13.209900
0.819646 11.477700
0.820451 25.699100
0.821256 35.001700
0.822061 7.919780
0.822866 20.997400
0.823671 6.280700
0.824477 1.772950
0.825282 77.046200
0.826087 20.114100
0.826892 11.331700
0.827697 14.079300
0.828502 6.989340
0.829308 12.269800
0.830113 63.466800
0.830918 21.114100
0.831723 55.705300
0.832528 8.296410
0.833333 77.257000
0.834138 31.310400
0.834944 23.750500
0.835749 7.946650
0.836554 38.002300
0.837359 12.092400
0.838164 39.785200
0.838969 9.593420
0.839775 5.885670
0.840580 14.410900
0.841385 41.857300
0.842190 32.884900
0.842995 2.688260
0.843800 19.179100
0.844605 24.594500
0.845411 11.933700
0.846216 22.688900
0.847021 21.130700
0.847826 27.705200
0.848631 9.710200
0.849436 37.110200
0.850242 30.488400
0.851047 59.370200
0.851852 47.012300
0.852657 28.333500
0.853462 28.332800
0.854267 49.008500
0.855072 79.674700
0.855878 30.298500
0.856683 46.417800
0.857488 14.600100
0.858293 7.914360
0.859098 9.747480
0.859903 8.373820
0.860709 59.898200
0.861514 15.406100
0.862319 50.421000
0.863124 13.236800
0.863929 28.204200
0.864734 14.880800
0.865539 28.019600
0.866345 3.953510
0.867150 62.519800
0.867955 22.742700
0.868760 27.389600
0.869565 3.190310
0.870370 30.972500
0.871176 5.533760
0.871981 7.774170
0.872786 8.584790
0.873591 27.564000
0.874396 27.416300
0.875201 38.488500
0.876006 5.259560
0.876812 5.264550
0.877617 11.955500
0.878422 33.031800
0.879227 47.974100
0.880032 30.839000
0.880837 13.335700
0.881643 15.818300
0.882448 13.151000
0.883253 19.823900
0.884058 17.506800
0.884863 57.517100
0.885668 25.115400
0.886473 28.102900
0.887279 12.915100
0.888084 5.235010
0.888889 70.563900
0.889694 27.252300
0.890499 16.474700
0.891304 8.024180
0.892110 58.709000
0.892915 3.363140
0.893720 35.117000
0.894525 58.235000
0.895330 10.809600
0.896135 67.612500
0.896940 39.488500
0.897746 10.821600
0.898551 17.669100
0.899356 13.324300
0.900161 4.596460
0.900966 25.469100
0.901771 46.951000
0.902576 4.252110
0.903382 18.152400
0.904187 36.560900
0.904992 18.557300
0.905797 10.545400
0.906602 26.656600
0.907407 16.818900
0.908213 27.715800
0.909018 45.410500
0.909823 9.090450
0.910628 7.807670
0.911433 11.001800
0.912238 54.217000
0.913043 9.049380
0.913849 8.519480
0.914654 37.691900
0.915459 23.207600
0.916264 17.947500
0.917069 22.257200
0.917874 10.958000
0.918680 52.762900
0.919485 19.484800
0.920290 13.458600
0.921095 9.883510
0.921900 12.149800
0.922705 17.878700
0.923510 55.768500
0.924316 43.100100
0.925121 12.621400
0.925926 16.568400
0.926731 37.681300
0.927536 8.724420
0.928341 25.716100
0.929147 4.884330
0.929952 8.818500
0.930757 17.951900
0.931562 8.902370
0.932367 11.832600
0.933172 71.900800
0.933977 15.372300
0.934783 10.515800
0.935588 9.318680
0.936393 23.310200
0.937198 7.933600
0.938003 55.331300
0.938808 48.635700
0.939614 24.110900
0.940419 21.132700
0.941224 43.353100
0.942029 20.581700
0.942834 29.009400
0.943639 20.926200
0.944444 7.577750
0.945250 31.107100
0.946055 76.361800
0.946860 27.549100
0.947665 41.440800
0.948470 3.679860
0.949275 2.835680
0.950081 69.392500
0.950886 6.422970
0.951691 23.439900
0.952496 24.234600
0.953301 5.258320
0.954106 14.101600
0.954911 38.682300
0.955717 63.958900
0.956522 60.786400
0.957327 49.199100
0.958132 14.713200
0.958937 57.437700
0.959742 40.195100
0.960548 49.726500
0.961353 12.904000
0.962158 16.500400
0.962963 32.868300
0.963768 39.597100
0.964573 9.398230
0.965378 8.856990
0.966184 39.120900
0.966989 28.642000
0.967794 11.248000
0.968599 38.580500
0.969404 5.645240
0.970209 64.340000
0.971014 14.677300
0.971820 8.228920
0.972625 60.499000
0.973430 34.385700
0.974235 5.239980
0.975040 8.956130
0.975845 4.650750
0.976651 58.597600
0.977456 13.221400
0.978261 8.703050
0.979066 23.522700
0.979871 12.071600
0.980676 17.184600
0.981481 40.248800
0.982287 4.678610
0.983092 10.463000
0.983897 50.321300
0.984702 6.805140
0.985507 10.993000
0.986312 11.871900
0.987118 6.954630
0.987923 13.802300
0.988728 24.124800
0.989533 29.005600
0.990338 6.475110
0.991143 13.766900
0.991948 10.551900
0.992754 27.742200
0.993559 19.071200
0.994364 18.211800
0.995169 8.744500
0.995974 16.481400
0.996779 14.089200
0.997585 46.046200
0.998390 55.388400
0.999195 11.044200
1.000000 12.549500
