0.000370 28.262200
0.000739 70.987700
0.001109 5.532880
0.001479 19.226500
0.001848 16.566700
0.002218 20.058200
0.002588 6.045470
0.002957 47.334300
0.003327 30.165000
0.003697 24.355300
0.012569 59.483000
0.012939 7.164800
0.013309 18.921000
0.013678 42.388000
0.014048 79.042000
0.014418 16.650400
0.014787 11.840500
0.015157 14.688500
0.015527 14.256800
0.015896 9.270780
0.027357 9.691900
0.027726 22.031600
0.028096 18.697200
0.028466 50.632400
0.028835 13.439900
0.029205 23.839400
0.029575 25.421300
0.029945 30.392000
0.030314 15.632800
0.030684 15.073400
0.031054 24.012800
0.031423 6.561290
0.031793 41.857800
0.032163 49.160100
0.032532 6.866420
0.032902 11.044400
0.033272 22.804700
0.033641 13.418000
0.034011 22.937100
0.034381 50.953000
0.034750 17.386100
0.035120 47.664500
0.035490 3.089300
0.035860 2.884620
0.036229 23.374300
0.051017 8.389800
0.051386 55.546500
0.051756 32.248600
0.052126 20.595200
0.052495 17.947000
0.052865 3.919840
0.053235 10.299200
0.053604 12.160900
0.053974 45.580100
0.054344 7.793970
0.054713 42.012300
0.055083 52.135400
0.055453 73.222600
0.055823 26.065900
0.056192 9.585070
0.056562 28.712000
0.056932 34.631500
0.057301 37.450900
0.057671 9.898370
0.058041 64.991500
0.058410 36.538900
0.058780 29.626800
0.059150 7.307110
0.059519 56.944700
0.059889 5.193960
0.060259 10.347900
0.060628 47.297700
0.060998 69.378800
0.061368 20.445200
0.061738 20.169400
0.062107 14.081600
0.062477 28.851800
0.062847 11.759000
0.063216 13.812100
0.063586 3.247210
0.063956 41.242900
0.064325 5.789060
0.064695 31.820200
0.065065 28.138200
0.065434 4.237680
0.065804 62.031500
0.066174 21.023400
0.066543 15.373300
0.066913 4.784210
0.067283 3.536840
0.067652 9.281990
0.068022 11.404600
0.068392 33.177000
0.068762 43.637900
0.069131 29.735100
0.069501 16.085200
0.069871 9.768510
0.070240 15.978500
0.070610 9.644640
0.070980 13.906800
0.071349 11.405100
0.071719 3.197390
0.072089 4.089110
0.072458 8.729450
0.072828 34.737900
0.073198 33.480100
0.077634 58.116000
0.078004 9.586520
0.078373 34.076300
0.078743 25.192600
0.079113 12.750500
0.079482 31.611600
0.079852 40.637900
0.080222 97.129800
0.080591 9.106800
0.080961 9.530230
0.081331 38.651800
0.081701 24.545700
0.082070 2.443880
0.082440 25.505300
0.082810 20.089300
0.083179 37.192900
0.083549 14.188300
0.083919 73.280100
0.086137 67.417800
0.087246 9.805800
0.087616 19.341000
0.087985 6.787510
0.088355 11.269000
0.088725 6.044100
0.089094 4.695370
0.089464 36.271400
0.089834 17.214100
0.090203 4.532190
0.090573 31.905700
0.090943 13.887800
0.091312 2.469210
0.091682 5.022120
0.092052 10.185100
0.092421 26.506800
0.092791 4.250350
0.093161 74.160000
0.093530 30.187400
0.093900 7.034870
0.094270 42.147000
0.094640 6.272570
0.095009 5.933130
0.095379 7.121410
0.095749 4.603180
0.096118 26.032700
0.096488 7.892750
0.096858 60.867600
0.097227 18.569400
0.097597 10.038000
0.097967 60.239100
0.098336 9.751000
0.098706 37.187200
0.099076 11.041100
0.099445 73.811500
0.099815 10.103600
0.100185 31.425600
0.100555 15.941200
0.100924 13.155500
0.101294 37.977600
0.101664 14.667900
0.102033 3.872770
0.102403 30.517800
0.102773 20.313200
0.103142 24.796000
0.103512 29.100600
0.103882 45.485800
0.104251 63.848100
0.104621 73.946300
0.104991 28.836100
0.105360 11.919600
0.105730 16.264900
0.106100 19.638100
0.106470 48.287800
0.106839 17.157700
0.107209 8.740490
0.107579 7.169390
0.107948 13.144300
0.108318 33.815200
0.108688 5.543810
0.109057 51.445200
0.109427 43.942300
0.109797 53.002100
0.110166 29.961900
0.110536 32.214900
0.110906 9.273170
0.111275 57.466000
0.111645 29.545600
0.112015 9.789950
0.112384 7.987130
0.112754 17.280800
0.113124 6.473060
0.113494 18.142900
0.113863 15.292200
0.114233 11.220600
0.114603 33.566500
0.114972 5.569420
0.115342 14.165600
0.115712 4.723310
0.116081 28.683900
0.116451 49.587700
0.116821 13.292800
0.117190 11.109700
0.117560 27.572500
0.117930 7.592730
0.118299 30.662300
0.118669 16.549200
0.119039 29.221800
0.119409 36.156500
0.119778 30.580400
0.120148 52.087400
0.120518 3.390440
0.120887 5.435360
0.121257 19.682500
0.121627 48.187300
0.121996 16.076300
0.122366 65.714200
0.122736 17.350900
0.123105 15.951100
0.123475 32.041000
0.123845 44.559800
0.124214 30.447800
0.124584 11.434100
0.124954 16.103200
0.125323 47.067400
0.125693 47.971100
0.126063 32.283600
0.126433 25.423200
0.126802 18.623400
0.127172 10.179100
0.127542 52.951100
0.127911 16.013000
0.128281 16.567700
0.128651 19.397800
0.129020 2.379790
0.129390 10.116700
0.129760 21.398300
0.130129 8.146590
0.130499 23.310200
0.130869 8.624620
0.131238 8.826380
0.131608 8.323510
0.131978 5.796610
0.132348 14.010600
0.132717 27.603900
0.133087 14.255400
0.133457 20.303200
0.133826 29.529500
0.134196 17.089900
0.134566 77.768600
0.134935 29.633400
0.135305 23.330300
0.135675 74.424800
0.136044 42.278000
0.136414 33.516200
0.136784 16.687400
0.137153 14.831200
0.137523 11.010300
0.137893 9.855730
0.138262 15.903600
0.138632 27.709000
0.139002 33.826700
0.139372 30.052300
0.139741 6.637390
0.140111 20.586600
0.140481 33.921400
0.140850 42.881500
0.141220 8.483870
0.141590 6.373670
0.141959 12.117300
0.142329 13.796800
0.142699 27.668300
0.143068 3.013600
0.143438 55.477500
0.143808 75.877300
0.144177 33.004100
0.144547 39.263500
0.144917 8.758230
0.145287 8.006700
0.145656 10.370500
0.146026 16.691600
0.146396 51.805400
0.146765 12.164900
0.147135 8.387190
0.147505 17.339400
0.147874 21.099100
0.148244 19.965700
0.148614 57.052300
0.148983 13.776600
0.149353 83.676800
0.149723 5.113860
0.150092 7.152580
0.150462 44.528700
0.150832 20.084900
0.151201 40.085600
0.151571 36.518600
0.151941 20.204300
0.152311 40.617800
0.152680 9.888910
0.153050 88.009500
0.153420 16.231300
0.153789 39.804600
0.154159 51.968000
0.154529 12.860800
0.154898 18.064800
0.155268 20.918200
0.155638 4.876300
0.156007 33.293200
0.156377 31.059700
0.156747 31.160600
0.157116 37.159200
0.157486 7.551400
0.157856 7.493640
0.158226 26.459900
0.158595 4.742300
0.158965 31.389100
0.159335 5.738850
0.159704 26.025700
0.160074 16.281900
0.160444 21.439400
0.160813 50.892400
0.161183 51.673500
0.161553 2.784060
0.162292 30.630300
0.162662 11.655800
0.163031 24.663200
0.163401 54.057700
0.163771 20.538600
0.164140 8.897830
0.164510 20.632500
0.164880 19.867400
0.165250 35.916800
0.165619 13.833700
0.165989 15.363800
0.166359 21.943800
0.166728 30.854100
0.167098 48.840200
0.167468 65.931000
0.167837 16.580200
0.168207 34.154600
0.168577 6.678280
0.168946 25.186300
0.169316 14.484900
0.169686 7.232100
0.170055 48.428900
0.170425 15.602300
0.170795 33.517700
0.171165 71.606800
0.171534 2.911630
0.171904 49.427200
0.172274 3.704380
0.172643 54.017200
0.173013 53.868900
0.173383 18.861800
0.173752 20.518200
0.174122 5.007980
0.174492 5.975080
0.174861 9.534170
0.175231 6.854160
0.175601 9.989660
0.175970 37.763200
0.176340 13.775400
0.176710 5.644720
0.177079 21.021700
0.180776 9.958660
0.181146 30.979900
0.181516 2.707640
0.181885 3.828390
0.182255 56.029200
0.182625 98.379000
0.182994 26.795100
0.185213 11.312900
0.185582 63.352900
0.185952 44.164400
0.186322 31.333000
0.186691 17.499600
0.187061 15.164200
0.187431 32.780400
0.187800 29.446000
0.188170 10.542400
0.188540 11.273800
0.188909 10.851800
0.189279 34.635900
0.189649 43.597900
0.190018 9.165220
0.190388 4.747490
0.190758 69.024900
0.191128 30.356000
0.191497 38.370900
0.191867 4.297520
0.192237 66.608100
0.192606 30.097000
0.193346 15.531400
0.193715 23.634100
0.194085 39.114100
0.194455 25.082600
0.194824 29.705700
0.195194 14.438700
0.195564 43.303700
0.195933 18.677600
0.196303 6.794100
0.196673 69.205200
0.197043 22.489400
0.197412 22.739000
0.197782 32.347600
0.198152 93.558800
0.198521 56.524100
0.198891 5.657740
0.199261 67.534700
0.199630 2.901960
0.200000 20.445900
0.200370 14.572900
0.200739 23.055600
0.201109 40.210700
0.201479 23.737500
0.201848 4.801690
0.202218 61.525000
0.202588 8.046670
0.202957 1.724970
0.203327 6.816610
0.203697 46.016200
0.204067 6.632760
0.204436 29.582900
0.204806 34.074500
0.205176 5.821690
0.205545 6.395250
0.205915 23.853300
0.206285 31.191900
0.206654 4.010760
0.207024 3.465390
0.207394 7.313110
0.207763 15.365600
0.208133 15.140100
0.208503 6.315360
0.208872 14.736800
0.209242 29.429900
0.209612 2.213960
0.209982 11.946200
0.210351 32.263400
0.210721 18.342600
0.211091 13.953700
0.211460 13.805200
0.211830 46.326000
0.212200 26.085700
0.212569 5.401570
0.212939 36.496200
0.213309 17.518900
0.213678 8.776560
0.214048 18.272800
0.214418 15.925200
0.214787 15.725100
0.215157 10.822600
0.215527 5.828270
0.215896 41.903600
0.216266 3.433580
0.216636 9.763360
0.217006 7.103630
0.217375 3.042380
0.217745 44.453400
0.218115 24.822600
0.220702 8.324900
0.221072 47.066100
0.221442 18.475500
0.221811 6.781150
0.222181 12.847600
0.222551 8.356820
0.222921 63.499000
0.223290 14.968400
0.223660 15.893200
0.224030 7.144140
0.224399 32.121500
0.224769 35.580600
0.225139 3.421300
0.225508 7.990850
0.225878 15.814000
0.226248 22.447500
0.226617 12.295200
0.226987 12.343300
0.227357 35.476700
0.227726 8.599090
0.228096 4.547570
0.228466 67.405500
0.228835 20.426600
0.229205 4.049630
0.229575 45.018200
0.229945 21.442200
0.230314 12.207200
0.230684 5.072260
0.231054 55.181400
0.231423 16.218000
0.231793 28.498000
0.232163 25.747000
0.232532 42.908700
0.232902 21.799700
0.233272 20.120400
0.233641 2.688080
0.234011 8.360970
0.234381 7.321300
0.234750 8.200290
0.235120 21.141700
0.235490 32.867400
0.235860 37.856000
0.236229 9.832260
0.236599 21.943700
0.236969 22.432400
0.237338 11.037500
0.237708 7.820870
0.238078 4.311510
0.238447 41.773200
0.238817 11.434300
0.239187 4.742140
0.239556 16.766400
0.239926 9.797320
0.240296 19.416500
0.240665 8.770860
0.241035 20.932900
0.241405 29.063000
0.241774 30.942000
0.242144 63.716000
0.242514 8.685130
0.242884 53.836700
0.243253 26.869400
0.243623 4.860400
0.243993 9.302720
0.244362 55.812700
0.244732 7.538560
0.245102 12.290600
0.245471 10.624000
0.245841 10.037700
0.246211 22.700300
0.246580 5.342960
0.246950 21.748600
0.247689 49.989300
0.248059 22.750000
0.248799 37.654700
0.249168 27.206300
0.249538 48.803300
0.249908 46.170000
0.250277 45.152100
0.250647 12.274100
0.251017 18.713100
0.251386 33.593600
0.251756 28.136500
0.252126 30.188100
0.252495 10.534500
0.252865 52.472000
0.253235 9.548730
0.253604 26.943500
0.253974 34.518500
0.254344 69.785500
0.255823 9.509200
0.256192 14.483100
0.256562 5.380980
0.256932 31.797600
0.257301 19.884700
0.257671 17.559000
0.258041 40.978100
0.258410 31.403300
0.258780 13.753600
0.259150 7.509900
0.259519 54.447600
0.259889 10.330000
0.260259 39.801900
0.260628 32.428800
0.260998 56.246500
0.261368 9.595480
0.261738 8.458970
0.262107 6.136130
0.262477 28.915100
0.262847 1.869230
0.263216 8.739990
0.263586 40.163100
0.263956 27.548600
0.264325 46.055100
0.264695 16.423700
0.265065 9.517030
0.265434 3.154670
0.265804 8.173100
0.266174 37.322500
0.266543 15.350100
0.266913 10.539800
0.267283 24.928700
0.267652 21.529000
0.268022 11.648700
0.268392 6.654750
0.268762 21.506400
0.269131 8.614620
0.269501 33.412600
0.269871 2.163820
0.270240 13.032100
0.270610 32.510700
0.270980 8.806100
0.271349 47.858200
0.271719 13.376200
0.272089 23.440800
0.272458 12.053200
0.272828 27.065000
0.273198 9.703210
0.273567 11.034800
0.273937 26.669400
0.274307 83.017000
0.274677 63.385100
0.275046 8.531980
0.275416 18.379200
0.275786 4.724230
0.276155 28.777900
0.276525 20.485600
0.276895 26.829600
0.277264 6.961660
0.277634 15.668600
0.278004 37.281000
0.278373 7.672650
0.278743 52.132200
0.279113 48.526900
0.279482 20.135200
0.279852 23.738500
0.280222 24.873100
0.280591 37.976500
0.280961 25.151000
0.281331 22.586100
0.281701 15.573500
0.282070 4.883080
0.282440 24.561100
0.282810 20.387000
0.283179 25.317200
0.283549 55.860100
0.283919 64.967400
0.284288 36.574900
0.285028 24.091700
0.285397 17.995800
0.285767 9.284320
0.286137 6.824140
0.286506 35.549300
0.286876 47.450700
0.287246 7.761160
0.287616 8.528610
0.287985 5.664180
0.288355 4.194420
0.288725 32.688800
0.289094 19.353300
0.289464 7.218800
0.289834 55.504500
0.290203 68.593800
0.290573 16.633500
0.290943 13.644400
0.291312 32.388500
0.291682 15.108000
0.292052 45.604300
0.292421 40.200600
0.292791 50.334400
0.293161 94.412600
0.293530 18.563000
0.293900 11.456100
0.294270 23.982400
0.294640 21.915500
0.295009 11.895300
0.295379 22.684700
0.295749 15.370900
0.296118 16.611300
0.296488 2.248660
0.296858 72.798800
0.297227 36.782700
0.297597 47.988100
0.297967 6.000030
0.298336 20.043600
0.298706 20.382100
0.299076 12.104900
0.299445 12.774500
0.299815 9.707280
0.300185 11.815200
0.300555 50.382400
0.300924 11.459900
0.301294 42.955400
0.301664 23.111400
0.302033 7.703100
0.302403 29.489300
0.302773 19.976300
0.303142 63.849600
0.303512 13.996900
0.303882 1.770590
0.304251 14.878500
0.304621 5.530240
0.304991 13.250600
0.305360 14.951200
0.305730 20.967100
0.306100 7.387390
0.306470 27.874100
0.306839 21.437600
0.307209 26.901500
0.307579 8.606300
0.307948 13.246100
0.308318 12.104000
0.308688 26.464200
0.309057 19.090700
0.309427 54.849200
0.309797 37.520700
0.310166 16.397300
0.310536 10.186000
0.310906 30.193800
0.311275 32.720400
0.311645 45.840500
0.312015 20.881600
0.312384 27.891500
0.312754 8.062520
0.313124 29.883700
0.313494 5.872480
0.313863 8.829570
0.314233 13.133000
0.314603 4.858780
0.314972 8.219460
0.315342 7.694840
0.315712 18.483800
0.316081 34.846800
0.316451 23.506800
0.316821 4.718870
0.317190 63.983500
0.317560 26.920300
0.317930 64.123000
0.318299 23.114400
0.318669 22.730800
0.319039 30.720200
0.319409 27.428600
0.319778 17.459900
0.320148 87.995800
0.320518 69.221700
0.320887 44.680900
0.321257 43.166000
0.321627 30.521100
0.321996 14.069500
0.322366 18.425300
0.322736 35.688800
0.323105 88.341800
0.323475 16.579300
0.323845 43.303900
0.324214 70.267600
0.324584 24.900700
0.324954 1.783230
0.325323 27.487300
0.325693 29.205500
0.326063 21.199300
0.326433 15.501400
0.326802 51.644500
0.327172 5.597080
0.327542 4.700420
0.327911 48.769000
0.328281 46.270100
0.328651 29.568600
0.329020 11.610200
0.329390 3.603210
0.329760 36.295400
0.330129 5.818670
0.330499 19.604800
0.330869 7.830440
0.331238 17.816500
0.331608 10.923800
0.331978 12.202600
0.332348 7.755250
0.332717 21.102900
0.333087 40.005600
0.333457 55.933000
0.333826 31.187100
0.334196 7.295330
0.334566 18.189100
0.334935 21.257300
0.335305 1.723110
0.335675 42.188100
0.336044 19.822600
0.336414 4.214310
0.336784 17.698300
0.337153 19.277900
0.337523 6.668540
0.337893 14.159100
0.338262 12.015400
0.338632 5.488160
0.339002 18.095300
0.339372 12.367000
0.339741 8.686700
0.340111 4.794400
0.340481 6.328390
0.340850 11.723600
0.341220 67.976400
0.341590 40.349900
0.341959 26.264800
0.342329 24.179400
0.342699 9.671590
0.343068 9.757190
0.343438 32.605100
0.343808 69.604000
0.344177 6.781590
0.344547 14.607800
0.344917 18.054400
0.345287 67.991200
0.345656 43.959900
0.346026 11.172900
0.346396 31.615600
0.346765 51.241800
0.347135 8.124050
0.347505 63.845400
0.347874 20.429500
0.348244 44.960900
0.348614 25.442500
0.350092 67.121200
0.350462 40.718400
0.350832 7.613390
0.351201 18.533100
0.351571 9.958810
0.351941 10.202400
0.352311 23.562800
0.352680 9.483890
0.353050 7.497790
0.353420 19.399200
0.353789 61.852400
0.354159 17.435200
0.354529 19.522200
0.354898 17.148800
0.355268 57.875100
0.355638 25.360700
0.356007 1.726850
0.356377 8.484570
0.356747 7.235230
0.357116 8.532830
0.357486 23.266900
0.357856 7.723400
0.358226 66.735900
0.358595 12.511800
0.358965 25.230100
0.359335 20.863700
0.359704 41.943500
0.360074 73.244000
0.360444 7.221020
0.360813 78.296800
0.361183 81.135400
0.361553 80.412900
0.361922 25.486400
0.362292 5.982800
0.362662 64.984300
0.363031 41.289600
0.363401 10.458800
0.363771 40.295700
0.364140 49.284900
0.364510 22.375800
0.364880 9.025900
0.365250 7.207170
0.365619 53.080400
0.365989 10.469700
0.366359 6.086640
0.366728 14.885300
0.367098 15.531800
0.367468 39.762700
0.367837 5.315540
0.368207 8.957220
0.368577 9.891690
0.368946 8.699000
0.369316 22.743500
0.369686 3.482610
0.370055 26.843300
0.370425 22.778500
0.370795 11.904200
0.371165 14.444500
0.371534 85.438900
0.372274 1.772950
0.372643 9.478020
0.373013 12.529900
0.373383 61.725700
0.373752 2.637460
0.374122 7.321120
0.374492 92.618300
0.374861 22.052500
0.375231 7.100920
0.375601 27.742900
0.375970 21.793900
0.376340 25.258800
0.376710 9.349820
0.377079 5.864590
0.377449 36.309100
0.377819 9.685680
0.378189 40.900300
0.378558 39.045500
0.378928 43.392100
0.379298 39.305400
0.379667 71.842500
0.380037 3.103510
0.380407 76.599400
0.380776 81.698700
0.381146 67.765000
0.381516 40.539900
0.381885 9.958640
0.382255 27.416000
0.382625 20.682500
0.382994 29.107100
0.383364 8.919250
0.383734 53.389800
0.384104 32.028900
0.384473 72.283300
0.384843 2.074130
0.385213 6.163980
0.385582 13.254600
0.385952 9.261100
0.386322 23.423500
0.386691 53.326700
0.387061 7.516840
0.387431 4.135890
0.387800 83.839300
0.388170 26.049400
0.388540 11.754600
0.388909 11.706800
0.389279 10.401900
0.389649 23.367200
0.390018 8.617620
0.390388 19.354000
0.390758 8.927990
0.391128 15.402500
0.391497 11.064700
0.391867 8.615250
0.392237 36.582400
0.392606 22.900900
0.392976 39.853100
0.393346 69.962700
0.393715 4.787760
0.394085 23.551200
0.394455 5.747150
0.394824 18.166300
0.395194 8.530280
0.395564 18.951600
0.395933 63.705200
0.396303 10.944700
0.396673 21.687600
0.397043 6.405710
0.397412 6.957870
0.397782 80.020200
0.398152 12.666800
0.398521 9.117230
0.398891 35.322400
0.399261 20.668900
0.399630 27.387700
0.400000 17.066400
0.400370 48.925700
0.400739 32.458200
0.401109 28.754500
0.401479 33.966700
0.401848 15.438100
0.402218 13.410400
0.402588 1.239230
0.402957 12.267400
0.403327 23.569200
0.403697 10.151400
0.404067 16.299400
0.404436 25.929100
0.404806 53.861500
0.405176 27.589800
0.405545 34.151300
0.405915 12.393800
0.406285 15.071000
0.406654 11.685500
0.407024 44.325500
0.407394 13.175200
0.407763 32.697600
0.408133 5.328750
0.408503 6.530120
0.408872 8.221830
0.409242 18.261400
0.409612 52.716900
0.409982 10.677600
0.410351 11.266800
0.410721 31.662900
0.411091 35.229800
0.411460 35.646600
0.411830 41.110900
0.412200 19.351100
0.412569 31.260000
0.412939 18.671000
0.413309 27.298000
0.413678 88.210600
0.414048 9.297420
0.414418 23.347400
0.414787 11.309900
0.415157 9.502780
0.415527 31.930800
0.415896 20.241500
0.416266 15.265300
0.416636 26.798000
0.417006 6.724520
0.417375 57.390300
0.417745 13.064700
0.418115 60.117500
0.418484 7.107780
0.418854 17.437000
0.419224 42.666300
0.419593 21.944400
0.419963 19.125200
0.420333 15.262000
0.420702 9.458950
0.421072 14.012700
0.421442 10.855600
0.421811 5.687730
0.422181 20.600200
0.422551 24.180700
0.422921 2.215960
0.423290 12.228800
0.423660 29.386100
0.424030 21.197600
0.424399 22.889900
0.424769 15.352400
0.425139 36.481700
0.425508 49.332400
0.425878 5.712370
0.426248 31.914000
0.426617 1.637250
0.426987 65.808300
0.427357 9.681020
0.427726 17.056200
0.428096 9.843090
0.428466 40.471700
0.428835 13.660500
0.429205 55.189900
0.429575 36.348000
0.429945 12.071500
0.430314 4.256680
0.430684 29.148100
0.431054 14.341600
0.431423 7.550630
0.431793 28.495300
0.432163 37.414900
0.432532 21.339400
0.432902 25.057100
0.433272 7.626700
0.433641 36.618200
0.434011 29.964100
0.434381 60.724000
0.434750 32.923100
0.435120 10.739400
0.435490 64.418400
0.435860 8.778960
0.436229 7.882260
0.436599 28.330600
0.436969 24.568000
0.437338 45.892800
0.437708 18.280700
0.438078 88.110100
0.438447 4.847010
0.438817 56.256900
0.439187 72.254300
0.439556 7.465700
0.439926 10.145600
0.440296 42.603000
0.440665 46.770600
0.441035 36.347600
0.441405 34.807800
0.441774 17.543500
0.442144 24.252300
0.442514 53.753000
0.442884 25.122700
0.443253 69.477500
0.443623 37.168500
0.443993 18.133800
0.444362 79.223400
0.444732 25.927600
0.445102 27.438500
0.445471 71.941200
0.445841 34.898800
0.446211 6.358840
0.446580 45.389800
0.446950 18.796600
0.447320 39.084600
0.447689 16.736800
0.448059 37.998300
0.448429 8.888140
0.448799 34.591700
0.449168 34.687000
0.449538 8.124950
0.449908 93.353000
0.450277 9.690820
0.450647 9.241570
0.451017 7.377170
0.451386 6.590220
0.451756 51.025800
0.452126 9.899960
0.452495 11.551800
0.452865 19.426800
0.453235 18.380100
0.453604 2.001620
0.453974 10.178000
0.454344 30.146200
0.454713 37.658700
0.455083 26.380000
0.455453 28.216200
0.455823 72.861700
0.456192 45.700000
0.456562 5.545870
0.456932 10.415300
0.457301 62.241500
0.457671 15.023700
0.458041 3.400810
0.458410 2.926250
0.458780 37.674100
0.459150 44.608100
0.459519 21.049000
0.459889 33.651500
0.460259 8.715750
0.460628 8.972410
0.460998 7.936420
0.461368 15.401500
0.461738 36.506700
0.462107 36.667800
0.462477 9.247720
0.462847 18.632500
0.463216 72.341200
0.463586 26.468900
0.463956 33.385200
0.464325 54.669800
0.464695 7.600180
0.465065 41.953500
0.465434 19.676500
0.465804 10.352300
0.466174 21.908000
0.466543 7.555510
0.466913 4.931620
0.467283 20.448100
0.467652 20.443700
0.468022 39.569600
0.468392 8.910710
0.468762 33.959100
0.469131 49.025400
0.469501 48.757900
0.469871 12.708000
0.470240 23.606100
0.470610 58.288300
0.470980 10.250500
0.471349 4.608840
0.471719 2.469380
0.472089 5.131380
0.472458 11.769900
0.472828 49.764200
0.473198 19.171300
0.473567 8.448180
0.473937 6.853960
0.474307 65.040700
0.474677 21.191800
0.475046 21.225800
0.475416 32.941400
0.475786 17.321000
0.476155 13.543600
0.476525 17.805500
0.476895 11.198200
0.477264 23.814300
0.477634 3.377760
0.478004 13.057400
0.478373 8.452360
0.478743 22.427900
0.479113 6.058880
0.479482 13.010700
0.479852 26.241900
0.480222 8.432670
0.480591 39.667800
0.480961 24.593200
0.481331 7.824340
0.481701 13.594200
0.482070 10.051700
0.482440 56.064700
0.482810 33.886600
0.483179 10.208300
0.483549 14.558500
0.483919 1.770550
0.484288 44.339300
0.484658 18.860500
0.485028 32.030500
0.485397 9.979230
0.485767 8.005130
0.486137 56.587900
0.486506 4.151930
0.486876 5.845140
0.487246 66.603200
0.487616 11.142100
0.487985 22.055500
0.488355 9.282070
0.488725 38.970400
0.489094 30.502400
0.489464 10.434800
0.489834 53.655000
0.490203 36.637300
0.490573 3.072260
0.490943 5.511620
0.491312 9.410610
0.491682 22.648700
0.492052 33.237400
0.492421 3.882730
0.492791 4.469560
0.493161 9.924060
0.493530 7.409500
0.493900 34.011100
0.494270 16.491400
0.494640 42.912800
0.495009 22.218300
0.495379 40.529200
0.495749 17.139700
0.496118 10.439300
0.496488 9.825100
0.496858 36.595900
0.497227 8.840580
0.497597 7.541440
0.497967 41.026700
0.498336 18.996200
0.498706 44.428400
0.499076 17.646300
0.499445 16.752600
0.499815 69.269400
0.500185 30.683200
0.500555 43.392500
0.500924 16.189800
0.501294 16.096600
0.501664 22.467100
0.502033 6.691390
0.502403 96.562900
0.502773 12.460000
0.503142 17.849800
0.503512 30.146800
0.503882 15.766000
0.504251 44.047300
0.504621 77.499100
0.504991 43.344000
0.505360 15.214800
0.505730 9.829760
0.506100 27.947800
0.506470 8.967540
0.506839 5.468190
0.507209 20.834500
0.507579 19.808900
0.507948 38.502800
0.508318 48.309500
0.508688 4.894450
0.509057 6.841360
0.509427 30.528400
0.509797 56.834800
0.510166 29.624300
0.510536 9.651910
0.510906 17.448200
0.511275 27.330600
0.511645 1.706340
0.512015 13.778800
0.512384 38.979800
0.512754 16.521700
0.513124 28.644600
0.513494 31.713300
0.513863 23.625200
0.514233 72.131800
0.514603 69.217700
0.514972 59.135100
0.515342 11.551300
0.515712 6.268820
0.516081 8.147200
0.516451 10.468300
0.516821 40.357300
0.517190 16.037000
0.517560 51.802800
0.517930 47.972700
0.518299 15.099000
0.518669 20.291900
0.519409 20.527100
0.519778 18.646200
0.520148 14.060900
0.520518 52.338700
0.520887 70.252800
0.521257 28.614300
0.521627 7.692760
0.521996 14.646100
0.522366 10.029500
0.522736 2.537830
0.523105 5.537610
0.523475 11.631500
0.523845 28.234500
0.524214 10.864500
0.524584 39.697500
0.524954 13.010000
0.525323 2.968980
0.525693 62.973500
0.526063 17.811200
0.526433 17.345900
0.526802 18.776800
0.527172 23.967800
0.527911 20.192000
0.528281 46.810900
0.528651 9.309460
0.529020 42.317300
0.529390 31.992200
0.529760 72.481600
0.530129 59.927900
0.530499 18.566100
0.530869 25.096100
0.531238 8.518450
0.531608 55.566200
0.531978 29.340500
0.532348 17.353700
0.532717 8.966960
0.533087 15.175500
0.533457 12.585200
0.533826 24.178500
0.534196 16.750700
0.534566 5.461550
0.534935 13.980100
0.535305 21.166100
0.535675 35.603400
0.536414 14.920900
0.536784 51.412400
0.537153 44.167800
0.537523 7.764520
0.537893 25.313500
0.538262 47.838400
0.538632 34.798300
0.539002 21.419100
0.539372 68.195000
0.539741 62.342500
0.540111 70.036900
0.540481 62.930700
0.540850 16.836900
0.541220 49.719100
0.541590 22.715000
0.541959 12.785800
0.542329 28.208600
0.542699 7.789830
0.543068 38.944400
0.543438 32.356900
0.543808 5.810280
0.544177 10.275800
0.544547 8.127500
0.544917 31.058700
0.545287 60.088000
0.545656 48.993400
0.546026 40.079300
0.546396 21.130000
0.546765 9.431320
0.547135 10.003600
0.547505 38.056800
0.547874 11.972700
0.548244 18.366500
0.548614 7.539460
0.548983 15.987500
0.549353 39.084300
0.549723 15.099100
0.550092 27.497700
0.550462 10.373800
0.550832 14.229800
0.551201 9.759370
0.551571 26.401700
0.551941 4.541680
0.552311 39.190600
0.552680 26.330700
0.553050 3.400910
0.553420 16.962400
0.553789 33.814800
0.554159 38.582800
0.554529 29.308800
0.554898 44.641300
0.555268 5.703100
0.555638 17.838900
0.556007 2.116380
0.556377 68.800900
0.556747 31.691000
0.557116 8.433100
0.557486 59.741200
0.557856 29.563000
0.558226 19.919900
0.558595 19.039500
0.558965 31.525500
0.559335 31.956700
0.559704 8.572900
0.560074 6.914800
0.560444 30.223300
0.560813 26.920800
0.561183 7.296940
0.561553 65.743200
0.561922 16.897600
0.562292 46.653400
0.562662 25.658300
0.563031 10.626500
0.563401 20.525400
0.563771 26.007200
0.564140 25.420900
0.564510 39.490600
0.564880 16.084000
0.565250 1.837140
0.565619 9.300330
0.565989 3.065280
0.566359 7.047030
0.566728 63.902900
0.567098 84.284600
0.567468 6.384490
0.567837 13.970200
0.568207 33.915000
0.568577 15.860400
0.568946 33.125500
0.569316 84.685300
0.569686 26.731000
0.570055 39.131200
0.570425 22.908600
0.570795 12.526200
0.571165 85.728900
0.571534 31.962200
0.571904 43.875300
0.572274 23.396700
0.572643 30.848100
0.573013 75.284600
0.573383 18.605900
0.573752 56.495500
0.574122 53.986300
0.574492 51.640000
0.574861 7.021650
0.575231 10.618200
0.575601 34.586000
0.575970 19.688600
0.576340 21.981900
0.576710 46.451600
0.577079 36.946800
0.577449 5.811230
0.577819 9.777360
0.578189 27.337100
0.578558 60.004100
0.578928 12.606100
0.579298 8.170280
0.579667 17.042900
0.580037 18.974700
0.580407 33.232100
0.580776 55.612100
0.581146 7.632070
0.581516 72.432300
0.581885 34.723400
0.582255 17.652600
0.582625 11.069800
0.582994 11.718500
0.583364 15.864900
0.583734 39.710700
0.584104 26.327500
0.584473 1.783690
0.584843 26.106100
0.585213 8.160420
0.585582 15.335100
0.585952 30.355900
0.586322 5.163210
0.586691 9.260700
0.587061 45.562800
0.587431 25.147000
0.587800 27.794300
0.588170 5.357090
0.588540 16.371100
0.588909 2.148840
0.589279 11.289500
0.589649 7.532880
0.590018 28.979800
0.590388 8.804450
0.590758 8.570510
0.591128 22.538900
0.591497 11.268300
0.591867 74.965100
0.592237 7.792520
0.592606 2.517460
0.592976 18.611900
0.593346 41.474500
0.593715 48.757400
0.594085 64.907700
0.594455 29.225400
0.594824 18.093200
0.595194 42.330500
0.595564 21.631600
0.595933 7.520590
0.596303 29.970100
0.596673 7.011570
0.597043 7.030580
0.597412 11.105300
0.597782 7.851670
0.598152 10.805400
0.598521 3.367280
0.598891 8.818430
0.599261 25.047900
0.599630 81.621300
0.600000 18.214500
0.600370 8.819510
0.600739 13.834800
0.601109 6.648550
0.601479 1.714270
0.601848 2.239070
0.602218 25.615400
0.602588 26.285300
0.602957 30.191500
0.603327 7.417060
0.603697 45.420800
0.604067 12.390300
0.604436 52.217300
0.604806 60.119300
0.605176 28.366400
0.605545 13.146500
0.605915 26.280300
0.606285 5.186950
0.606654 19.107300
0.607024 24.182400
0.607394 33.479000
0.607763 86.170300
0.608133 9.238100
0.608503 8.821900
0.608872 1.405110
0.609242 78.939300
0.609612 64.615400
0.609982 13.705600
0.610351 7.391610
0.610721 34.882900
0.611091 12.539900
0.611460 65.515200
0.611830 14.891100
0.612569 8.776500
0.612939 19.160600
0.613309 22.593500
0.613678 9.212370
0.614048 1.649540
0.614418 5.562540
0.614787 8.421770
0.615157 25.662300
0.615527 36.631700
0.615896 10.353000
0.616266 72.074700
0.616636 4.641910
0.617006 49.148600
0.617375 9.875640
0.617745 7.871740
0.618115 7.180040
0.618484 39.106600
0.618854 18.342400
0.619224 1.917870
0.619593 1.792640
0.619963 34.729200
0.620333 15.378400
0.620702 12.196000
0.621072 7.483700
0.621442 12.692700
0.621811 17.887600
0.622181 20.828800
0.622551 8.832390
0.622921 12.278900
0.623290 39.930000
0.623660 23.258000
0.624030 22.196300
0.624399 25.975700
0.624769 22.636400
0.625139 38.119000
0.625508 1.725150
0.625878 53.653100
0.626248 25.305900
0.626617 32.213300
0.626987 16.246600
0.627357 22.162900
0.627726 16.260200
0.628096 10.661500
0.628466 24.741700
0.628835 15.217800
0.629205 33.501100
0.629575 3.858680
0.629945 9.498340
0.630314 32.452400
0.630684 52.183700
0.631054 6.417270
0.631423 41.335700
0.631793 20.941400
0.632163 9.477200
0.632532 17.328100
0.632902 26.679000
0.633272 8.102660
0.633641 26.075500
0.634011 11.412300
0.634381 26.161200
0.634750 50.868300
0.635120 12.002300
0.635490 60.830200
0.635860 19.001600
0.636229 18.406500
0.636599 8.353530
0.636969 5.738930
0.637338 7.545100
0.637708 2.638880
0.638078 8.697150
0.638447 8.885800
0.638817 16.828800
0.639187 18.235800
0.639556 15.241900
0.639926 17.639700
0.640296 5.675740
0.640665 38.481600
0.641035 68.093200
0.641405 8.089160
0.641774 9.552530
0.642144 19.285700
0.642514 15.508400
0.642884 20.080200
0.643253 39.173500
0.643623 41.791700
0.643993 33.970600
0.644362 40.760100
0.644732 7.408120
0.645102 37.572600
0.645471 53.217400
0.645841 7.290560
0.646211 47.002000
0.646580 57.806100
0.646950 9.239860
0.647320 57.954500
0.647689 40.000800
0.648059 29.861400
0.648429 23.911600
0.648799 5.269000
0.649168 6.837000
0.649538 23.937400
0.649908 7.578100
0.650277 45.506900
0.650647 8.775270
0.651017 35.824900
0.651386 27.599000
0.651756 14.328500
0.652126 31.793200
0.652495 5.573910
0.652865 25.640900
0.653235 53.738100
0.653604 13.477300
0.653974 59.556400
0.654344 5.287780
0.654713 60.133000
0.655083 20.036000
0.655453 31.578300
0.655823 6.761150
0.656192 46.183500
0.656562 3.162830
0.656932 44.572700
0.657301 80.187800
0.657671 17.664900
0.658041 22.792000
0.658410 10.918600
0.658780 17.597800
0.659150 9.782540
0.659519 16.068300
0.659889 14.939500
0.660259 44.337400
0.660628 5.881560
0.660998 42.486700
0.661368 28.823900
0.661738 17.553500
0.662107 11.009600
0.662477 50.456200
0.662847 29.676600
0.663216 8.336890
0.663586 1.674270
0.663956 17.480100
0.664325 6.572770
0.664695 5.769340
0.665065 9.944780
0.665434 21.389200
0.665804 54.352000
0.666174 26.571200
0.666543 38.371700
0.666913 20.798800
0.667283 43.245300
0.667652 20.971500
0.668022 9.196440
0.668392 14.587600
0.668762 15.109600
0.669131 9.428830
0.669501 9.619400
0.669871 13.496000
0.670240 37.947100
0.670610 14.616300
0.670980 33.479600
0.671349 6.692460
0.671719 22.164600
0.672089 7.138940
0.672458 15.569700
0.672828 6.038540
0.673198 11.579700
0.673567 8.470960
0.673937 44.643400
0.674307 20.695000
0.674677 73.307200
0.675046 9.648240
0.675416 17.273700
0.675786 15.063800
0.676155 21.583700
0.676525 8.901220
0.676895 8.744970
0.677264 77.171900
0.677634 11.525900
0.678004 54.542200
0.678373 46.543600
0.678743 48.047700
0.679113 47.408800
0.679482 4.128340
0.679852 75.993100
0.680222 50.162200
0.680591 37.233400
0.680961 17.846800
0.681331 19.267100
0.681701 18.989800
0.682070 3.463150
0.682440 33.162000
0.682810 9.018640
0.683179 21.323500
0.683549 13.111300
0.683919 23.144100
0.684288 25.568500
0.684658 10.769900
0.685028 78.546600
0.685397 33.161200
0.685767 38.799300
0.686137 48.883500
0.686506 52.123800
0.686876 49.736000
0.687246 22.056000
0.687616 16.640900
0.687985 25.736700
0.688355 54.049500
0.688725 52.268100
0.689094 30.882800
0.689464 59.369700
0.689834 21.575200
0.690203 26.768800
0.690573 18.960600
0.690943 27.882000
0.691312 50.017900
0.691682 65.722800
0.692052 18.345000
0.692421 16.618900
0.692791 17.040200
0.693161 7.493070
0.693530 36.672300
0.693900 23.169000
0.694270 10.012900
0.694640 8.619130
0.695009 26.633800
0.695379 17.737200
0.695749 47.067000
0.696118 8.397990
0.696488 33.083800
0.696858 10.376000
0.697227 85.769400
0.697597 4.664640
0.697967 56.471500
0.698336 20.343900
0.698706 17.098700
0.699076 26.589000
0.699445 20.062700
0.699815 8.810960
0.700185 11.190200
0.700555 35.324000
0.700924 9.426350
0.701294 6.974600
0.701664 7.891980
0.702033 25.342700
0.702403 27.313300
0.702773 13.838500
0.703142 37.091600
0.703512 8.201970
0.703882 6.037320
0.704251 5.722620
0.704621 8.312990
0.704991 30.386100
0.705360 6.012550
0.705730 4.131560
0.706100 8.157620
0.706470 53.154000
0.706839 40.597500
0.707209 28.448500
0.707579 14.406100
0.707948 7.201050
0.708318 13.641300
0.708688 10.713100
0.709057 20.406400
0.709427 36.780100
0.709797 16.142000
0.710166 30.180000
0.710536 12.213400
0.710906 7.301110
0.711275 9.552890
0.711645 1.686160
0.712015 7.026880
0.712384 24.187200
0.712754 84.170200
0.713124 9.375440
0.713494 9.457350
0.713863 58.564700
0.714233 64.368700
0.714603 12.273400
0.714972 25.137500
0.715342 6.802640
0.715712 55.670400
0.716081 58.352100
0.716451 6.917010
0.716821 11.169200
0.717190 33.732500
0.717560 25.918900
0.717930 23.663300
0.718299 8.298150
0.718669 9.854490
0.719039 35.303400
0.719409 33.751200
0.719778 14.119800
0.720148 54.691100
0.720518 3.650070
0.720887 45.569000
0.721257 82.270600
0.721627 9.264580
0.721996 30.424200
0.722366 4.702580
0.722736 18.439500
0.723105 6.914190
0.723475 5.828880
0.723845 61.913800
0.724214 22.177500
0.724584 18.711900
0.724954 18.446300
0.725323 35.277500
0.725693 8.753140
0.726063 12.672200
0.726433 9.363690
0.726802 8.153730
0.727172 82.439000
0.727542 5.825340
0.727911 8.667030
0.728281 8.035150
0.728651 7.131250
0.729020 6.911720
0.729390 20.724200
0.729760 17.330900
0.730129 43.510900
0.730499 3.841770
0.730869 40.187700
0.731238 51.966400
0.731608 17.101800
0.731978 12.161800
0.732348 19.612100
0.732717 33.407000
0.733087 56.823000
0.733457 7.746290
0.733826 5.733160
0.734196 29.965000
0.734566 47.988400
0.734935 4.627500
0.735305 11.238000
0.735675 61.048300
0.736044 47.608600
0.736414 9.885600
0.736784 11.166600
0.737153 72.472100
0.737523 23.268600
0.737893 13.675400
0.738262 28.599300
0.738632 5.974180
0.739002 55.410500
0.739372 34.152800
0.739741 2.434230
0.740111 22.337900
0.740481 72.721600
0.740850 10.626300
0.741220 12.205600
0.741590 14.851200
0.741959 16.082600
0.742329 16.324900
0.742699 41.440700
0.743068 5.389880
0.743438 19.541900
0.743808 24.114100
0.744177 20.727700
0.744547 16.680800
0.744917 4.444970
0.745287 12.234500
0.745656 1.668680
0.746026 36.797700
0.746396 11.765700
0.746765 33.885600
0.747135 92.729600
0.747505 51.111300
0.747874 16.277300
0.748244 35.205400
0.748614 13.879000
0.748983 14.194600
0.749353 16.373100
0.749723 15.892400
0.750092 8.518880
0.750462 31.800200
0.750832 24.940100
0.751201 10.967000
0.751571 15.544700
0.751941 36.310500
0.752311 15.612000
0.752680 70.902100
0.753050 64.604700
0.753420 24.497900
0.753789 29.139900
0.754159 13.473700
0.754529 18.981800
0.754898 10.337500
0.755268 35.266700
0.755638 9.993950
0.756007 26.544000
0.756377 6.130060
0.756747 34.979700
0.757116 31.612200
0.757486 22.452100
0.757856 53.631600
0.758226 38.000600
0.758595 17.355200
0.758965 42.109400
0.759335 36.627500
0.759704 7.004110
0.760074 32.465700
0.760444 16.415200
0.760813 12.598000
0.761183 9.301800
0.761553 64.619600
0.761922 10.244500
0.762292 7.630550
0.762662 8.794480
0.763031 21.701200
0.763401 4.288210
0.763771 62.695700
0.764140 22.279900
0.764510 34.499900
0.764880 29.048700
0.765250 51.547300
0.765619 13.428600
0.765989 11.136000
0.766359 50.404300
0.766728 13.665800
0.767098 22.043600
0.767468 68.082400
0.767837 78.076000
0.768207 29.009800
0.768577 75.310100
0.768946 8.673470
0.769316 42.387300
0.769686 49.602300
0.770055 9.603190
0.770425 10.510900
0.770795 38.328500
0.771165 10.057000
0.771534 13.105700
0.771904 36.152600
0.772274 16.765600
0.772643 5.675320
0.773013 9.385070
0.773383 10.760400
0.773752 64.683600
0.774122 21.537500
0.774492 19.559600
0.774861 8.602820
0.775231 34.024300
0.775601 78.185300
0.775970 44.647300
0.776340 10.032000
0.776710 35.567900
0.777079 36.581400
0.777449 31.125600
0.777819 11.566700
0.778189 33.386600
0.778558 6.470270
0.778928 28.321000
0.779298 15.886600
0.779667 58.089000
0.780037 6.693210
0.780407 35.393500
0.780776 38.404600
0.781146 44.761600
0.781516 19.336500
0.781885 18.332600
0.782255 9.331760
0.782625 9.458700
0.782994 50.479900
0.783364 1.721960
0.783734 43.028000
0.784104 46.273000
0.784473 23.551900
0.784843 15.682300
0.785213 10.430300
0.785582 5.507340
0.785952 5.429310
0.786322 67.223400
0.786691 28.769100
0.787061 30.908800
0.787431 9.871800
0.787800 23.574000
0.788170 8.339530
0.788540 30.104800
0.788909 22.400800
0.789279 30.687100
0.789649 5.668700
0.790018 23.435000
0.790388 21.637600
0.790758 8.695010
0.791128 5.539900
0.791497 53.897400
0.791867 55.575800
0.792237 22.669100
0.792606 7.335600
0.792976 24.554700
0.793346 12.152000
0.793715 27.758100
0.794085 23.315400
0.794455 18.340100
0.794824 21.952900
0.795194 37.191500
0.795564 15.310200
0.795933 5.592780
0.796303 59.095100
0.796673 7.970630
0.797043 11.094900
0.797412 31.400900
0.797782 37.022300
0.798152 37.358500
0.798521 6.326510
0.798891 12.287900
0.799261 59.374000
0.799630 13.010100
0.800000 5.210360
0.800370 18.105700
0.800739 38.212500
0.801109 40.593800
0.801479 3.685910
0.801848 46.499900
0.802218 32.726600
0.802588 30.565400
0.802957 29.121000
0.803327 12.531500
0.803697 77.808000
0.804067 33.280300
0.804436 7.450050
0.804806 74.789300
0.805176 2.472310
0.805545 11.436100
0.805915 38.954800
0.806285 9.946300
0.806654 37.588500
0.807024 23.136100
0.807394 71.254700
0.807763 8.346820
0.808133 9.678530
0.808503 12.011500
0.808872 21.051000
0.809242 77.352300
0.809612 30.553700
0.809982 69.211600
0.810351 24.563600
0.810721 39.918300
0.811091 35.151900
0.811460 17.313800
0.811830 61.570300
0.812200 12.888200
0.812569 13.574900
0.812939 9.237440
0.813309 61.838300
0.813678 33.851100
0.814048 9.084390
0.814418 40.964200
0.814787 24.136400
0.815157 16.716500
0.815527 27.620900
0.815896 12.642400
0.816266 25.690600
0.816636 5.936450
0.817006 17.658800
0.817375 21.920600
0.817745 70.923500
0.818115 37.431000
0.818484 32.606400
0.818854 21.163100
0.819224 38.278100
0.819593 16.900400
0.819963 10.672300
0.820333 32.964300
0.820702 14.622900
0.821072 14.264800
0.821442 23.204400
0.821811 39.091600
0.822181 8.812490
0.822551 6.241810
0.822921 9.757890
0.823290 37.271900
0.823660 9.810220
0.824030 7.023720
0.824399 35.696000
0.824769 44.297100
0.825139 34.942100
0.825508 83.753500
0.825878 41.950200
0.826248 37.821300
0.826617 31.284900
0.826987 10.269000
0.827357 7.999950
0.827726 5.636490
0.828096 23.132100
0.828466 1.666570
0.828835 10.155200
0.829205 18.085000
0.829575 34.899900
0.829945 6.432950
0.830314 32.671100
0.830684 19.634600
0.831054 34.864100
0.831423 80.045600
0.831793 27.538100
0.832163 28.910700
0.832532 7.380460
0.832902 8.389710
0.833272 64.625900
0.833641 44.746200
0.834011 27.102900
0.834381 37.153100
0.834750 14.154900
0.835120 16.153800
0.835490 11.379800
0.835860 3.629060
0.836229 22.875000
0.836599 38.506800
0.836969 8.188190
0.837338 10.264700
0.837708 10.360900
0.838078 31.931900
0.838447 55.427700
0.838817 28.643200
0.839187 22.399000
0.839556 52.714200
0.839926 33.114700
0.840296 2.892250
0.840665 55.428600
0.841035 8.141190
0.841405 56.670500
0.841774 24.847700
0.842144 7.645710
0.842514 48.822600
0.842884 13.570800
0.843253 33.648900
0.843623 16.220600
0.843993 30.970300
0.844362 4.783520
0.844732 55.905700
0.845102 42.183600
0.845471 3.041570
0.845841 45.916800
0.846211 36.604900
0.846580 5.106490
0.846950 59.569100
0.847320 25.751500
0.847689 9.283030
0.848059 4.738340
0.848429 10.841600
0.848799 2.767730
0.849168 8.049350
0.849538 28.110200
0.849908 21.903500
0.850277 1.673300
0.850647 4.568590
0.851017 18.523100
0.851386 18.327700
0.851756 39.608600
0.852126 26.919800
0.852495 69.039500
0.852865 4.387380
0.853235 6.127710
0.853604 10.421400
0.853974 24.777800
0.854344 16.945100
0.854713 13.938100
0.855083 6.757870
0.855453 25.503300
0.855823 10.853900
0.856192 4.871620
0.856562 11.523300
0.856932 10.100800
0.857301 8.761980
0.857671 26.509000
0.858041 11.276900
0.858410 69.090200
0.858780 12.547300
0.859150 62.033600
0.859519 23.364900
0.859889 23.852900
0.860259 8.593790
0.860628 40.436600
0.860998 7.492280
0.861368 4.242200
0.861738 5.833950
0.862107 56.590000
0.862477 49.128300
0.862847 32.585000
0.863216 34.496200
0.863586 10.028800
0.863956 24.310800
0.864325 10.081100
0.864695 7.202580
0.865065 13.069000
0.865434 8.980670
0.865804 72.369600
0.866174 41.134500
0.866543 13.675200
0.866913 22.713600
0.867283 27.241400
0.867652 7.064400
0.868022 39.657700
0.868392 28.117500
0.868762 40.280900
0.869131 14.863700
0.869501 20.773200
0.869871 20.108000
0.870240 29.935800
0.870610 2.747860
0.870980 3.434160
0.871349 23.857100
0.871719 37.057500
0.872089 55.726700
0.872458 20.604600
0.872828 3.849870
0.873198 24.270500
0.873567 44.433800
0.873937 41.679100
0.874307 11.959800
0.874677 9.689130
0.875046 4.467650
0.875416 11.657400
0.875786 9.186090
0.876155 7.259190
0.876525 17.508800
0.876895 6.446000
0.877264 25.874400
0.877634 3.873250
0.878004 19.230100
0.878373 30.107000
0.878743 41.034700
0.879113 18.938800
0.879482 52.085700
0.879852 54.239800
0.880222 33.363800
0.880591 31.350700
0.880961 3.824640
0.881331 4.989350
0.881701 17.395500
0.882070 19.019700
0.882440 32.449800
0.882810 12.288300
0.883179 25.804800
0.883549 6.871080
0.883919 7.361960
0.884288 7.478140
0.884658 20.016600
0.885028 19.914300
0.885397 27.780600
0.885767 67.793800
0.886137 8.539270
0.886506 63.799500
0.886876 31.240600
0.887246 37.107300
0.887616 20.719700
0.887985 8.407110
0.888355 9.760340
0.888725 59.058200
0.889094 25.729200
0.889464 31.871500
0.889834 33.220900
0.890203 22.471600
0.890573 62.012500
0.890943 2.036580
0.891312 21.178700
0.891682 18.370300
0.892052 8.044570
0.892421 8.076380
0.892791 30.623100
0.893161 4.810430
0.893530 3.060230
0.893900 5.021860
0.894270 12.093500
0.894640 39.361200
0.895009 31.353600
0.895379 30.942100
0.895749 46.112300
0.896118 32.163500
0.896488 25.125100
0.896858 8.196020
0.897227 7.221950
0.897597 32.962900
0.897967 2.807910
0.898336 6.166610
0.898706 12.882600
0.899076 68.916700
0.899445 19.513600
0.899815 6.127830
0.900185 23.162000
0.900555 10.798200
0.900924 27.012000
0.901294 69.935300
0.901664 22.004100
0.902033 22.171300
0.902403 52.990100
0.902773 9.621300
0.903142 33.578800
0.903512 75.889800
0.903882 5.559650
0.904251 54.604200
0.904621 49.299000
0.904991 13.569900
0.905360 2.416650
0.905730 65.569100
0.906100 9.380690
0.906470 47.494500
0.906839 21.312100
0.907209 38.203800
0.907579 7.273340
0.907948 36.605100
0.908318 79.189400
0.908688 3.816470
0.909057 17.527200
0.909427 10.492200
0.909797 50.769300
0.910166 26.535800
0.910536 5.649090
0.910906 5.491450
0.911275 43.044800
0.911645 14.730200
0.912015 41.266600
0.912384 23.672700
0.912754 12.237600
0.913124 15.008800
0.913494 29.177300
0.913863 14.900100
0.914233 6.459350
0.914603 23.664500
0.914972 41.608300
0.915342 7.414500
0.915712 4.691060
0.916081 13.742100
0.916451 3.262260
0.916821 5.699550
0.917190 11.837800
0.917560 25.632000
0.917930 5.875840
0.918299 33.967300
0.918669 5.132970
0.919039 13.187800
0.919409 48.096000
0.919778 5.243340
0.920148 9.154010
0.920518 17.839900
0.920887 21.400500
0.921257 1.955210
0.921627 32.318600
0.921996 16.146900
0.922366 53.120600
0.922736 13.067500
0.923105 12.658800
0.923475 19.451100
0.923845 13.333900
0.924214 15.902100
0.924584 15.399300
0.924954 7.153770
0.925323 54.231800
0.925693 7.968260
0.926063 20.573700
0.926433 15.090200
0.926802 22.444100
0.927172 59.818400
0.927542 10.444000
0.927911 13.146900
0.928281 7.241800
0.928651 10.642700
0.929020 33.455100
0.929390 18.757100
0.929760 40.137000
0.930129 37.779600
0.930499 59.745500
0.930869 14.316100
0.931238 88.789600
0.931608 7.397650
0.931978 20.897500
0.932348 7.273380
0.932717 31.946900
0.933087 7.346580
0.933457 8.625690
0.933826 37.793900
0.934196 24.749100
0.934566 7.133570
0.934935 41.210000
0.935305 24.811600
0.935675 24.790500
0.936044 71.274400
0.936414 42.310600
0.936784 28.519000
0.937153 47.126400
0.937523 82.445200
0.937893 22.321900
0.938262 8.841050
0.938632 22.025700
0.939002 45.294600
0.939372 6.643790
0.939741 83.938800
0.940111 17.207100
0.940481 32.551300
0.940850 19.200300
0.941220 87.389200
0.941590 8.461340
0.941959 52.588200
0.942329 8.000270
0.942699 25.455500
0.943068 5.816990
0.943438 13.681900
0.943808 31.871200
0.944177 9.949590
0.944547 8.716820
0.944917 8.168980
0.945287 41.559900
0.945656 12.515300
0.946026 9.858380
0.946396 26.552600
0.946765 50.535500
0.947135 3.069470
0.947505 21.630800
0.947874 8.944070
0.948244 18.085200
0.948614 6.042410
0.948983 8.484030
0.949353 25.413100
0.949723 14.248100
0.950092 9.601280
0.950462 5.372220
0.950832 8.253270
0.951201 41.344200
0.951571 16.329000
0.951941 11.159000
0.952311 7.884530
0.952680 1.457470
0.953050 22.813300
0.953420 4.153460
0.953789 27.902200
0.954159 14.263800
0.954529 16.996900
0.954898 60.198300
0.955268 46.142800
0.955638 39.222200
0.956007 13.022700
0.956377 25.667300
0.956747 3.546630
0.957116 56.256600
0.957486 32.342300
0.957856 18.264700
0.958226 14.504600
0.958595 34.053600
0.958965 13.356200
0.959335 6.818820
0.959704 14.321800
0.960074 34.389200
0.960444 44.387700
0.960813 68.660100
0.961183 15.138800
0.961553 23.752600
0.961922 1.895060
0.962292 10.707000
0.962662 39.369900
0.963031 18.898900
0.963401 13.828200
0.963771 13.099200
0.964140 44.715300
0.964510 10.582800
0.964880 28.122300
0.965250 13.636400
0.965619 66.761200
0.965989 18.163800
0.966359 3.293880
0.966728 14.198700
0.967098 31.907700
0.967468 5.536980
0.967837 12.160500
0.968207 10.870400
0.968577 22.253300
0.968946 43.022800
0.969316 14.158500
0.969686 42.463700
0.970055 7.511340
0.970425 17.047000
0.970795 33.395100
0.971165 25.421600
0.971534 14.484300
0.971904 57.282500
0.972274 10.944100
0.972643 64.546500
0.973013 12.918100
0.973383 93.178600
0.973752 16.846600
0.974122 5.774780
0.974492 7.959560
0.974861 21.537800
0.975231 8.766160
0.975601 20.019200
0.975970 10.640800
0.976340 3.541010
0.976710 13.119600
0.977079 6.436560
0.977449 61.541500
0.977819 7.775470
0.978189 11.703500
0.978558 9.348320
0.978928 28.177700
0.979298 88.038000
0.979667 54.963100
0.980037 11.197600
0.980407 66.198500
0.980776 52.439300
0.981146 10.162700
0.981516 24.699200
0.981885 7.577800
0.982255 6.676690
0.982625 36.200600
0.982994 61.796900
0.983364 8.896440
0.983734 15.658000
0.984104 67.964600
0.984473 1.805460
0.984843 23.137800
0.985213 25.202300
0.985582 8.373470
0.985952 67.496300
0.986322 4.415390
0.986691 39.573200
0.987061 37.094500
0.987431 9.876840
0.987800 7.436450
0.988170 14.698100
0.988540 14.885500
0.988909 46.163200
0.989279 12.649300
0.989649 33.095100
0.990018 29.375000
0.990388 13.332300
0.990758 10.246200
0.991128 29.288900
0.991497 17.851000
0.991867 67.742500
0.992237 10.352800
0.992606 40.574500
0.992976 40.904700
0.993346 29.476600
0.993715 16.152000
0.994085 50.413900
0.994455 35.254900
0.994824 8.369410
0.995194 15.490600
0.995564 5.858460
0.995933 12.092000
0.996303 7.430940
0.996673 45.132400
0.997043 4.996910
0.997412 9.127260
0.997782 85.386800
0.998152 23.357400
0.998521 4.186150
0.998891 8.617500
0.999261 49.922700
0.999630 14.242300
1.000000 3.375360
