0.000391 33.168200
0.000782 22.596200
0.001173 8.614410
0.001564 28.208800
0.001955 4.045510
0.002346 7.067790
0.002737 11.936900
0.003127 43.344300
0.003518 5.744830
0.003909 5.869810
0.004300 1.693000
0.004691 31.821600
0.005082 14.655300
0.005473 4.576420
0.005864 6.858860
0.006255 22.656600
0.006646 32.954600
0.007037 13.570800
0.007428 24.196500
0.007819 9.012440
0.008210 6.260340
0.008600 31.894200
0.014073 59.483000
0.014464 8.991300
0.014855 12.587600
0.015246 7.113090
0.015637 38.983400
0.016028 21.827000
0.016419 33.612900
0.016810 17.536800
0.017201 39.509100
0.017592 57.022100
0.017983 31.767200
0.018374 11.948100
0.018765 8.210800
0.019156 10.905400
0.019547 51.019700
0.019937 7.356710
0.020328 5.621200
0.020719 19.152300
0.021110 61.725100
0.021501 32.661000
0.021892 6.745180
0.022283 35.226000
0.022674 47.169900
0.023065 40.843000
0.023456 29.403900
0.023847 6.664460
0.024238 27.828500
0.024629 23.847500
0.025020 18.735700
0.025410 30.324700
0.025801 30.088900
0.026192 19.210500
0.026583 33.333100
0.026974 4.464280
0.027365 27.024100
0.027756 11.374900
0.028147 21.393600
0.028538 57.590400
0.028929 45.263000
0.029320 5.508770
0.029711 58.756600
0.030102 37.948600
0.039484 9.691900
0.039875 7.070600
0.040266 19.430400
0.040657 20.346100
0.041048 26.798600
0.041439 9.494670
0.041830 21.370700
0.042220 11.480600
0.042611 6.836410
0.043002 3.684190
0.043393 20.128500
0.043784 5.885290
0.044175 10.620900
0.044566 10.135700
0.044957 7.325350
0.064113 8.389800
0.064504 24.983000
0.064894 26.905600
0.065285 73.120600
0.065676 5.982270
0.066067 7.144140
0.066458 8.798440
0.066849 83.696900
0.067240 20.078200
0.067631 31.621200
0.068022 23.110700
0.068413 6.884140
0.068804 16.964200
0.069195 37.504500
0.069586 10.739900
0.069977 55.581300
0.070367 2.202270
0.070758 9.803310
0.071149 36.413200
0.071540 19.025400
0.071931 45.381200
0.072322 11.248100
0.072713 22.825600
0.073104 15.718300
0.073495 14.469300
0.073886 9.552350
0.074277 5.852540
0.074668 66.099700
0.075059 22.241700
0.075450 19.825700
0.075841 14.358300
0.076231 6.540390
0.076622 25.556900
0.077013 23.181300
0.077404 35.094200
0.077795 51.339900
0.083659 9.958660
0.084050 28.297100
0.084441 59.209900
0.084832 9.706550
0.085223 16.307600
0.085614 70.356100
0.086005 5.285920
0.091478 58.116000
0.091869 61.137400
0.092260 23.064900
0.092651 10.153300
0.093041 8.280130
0.093432 44.309900
0.093823 11.184300
0.094214 32.155800
0.094605 80.320300
0.094996 54.340300
0.095387 37.362100
0.095778 13.668000
0.096169 3.604850
0.096560 28.778600
0.096951 7.621050
0.097342 16.211900
0.097733 1.709960
0.098124 40.724900
0.098514 15.414700
0.099296 27.082500
0.099687 15.507500
0.100078 67.685500
0.100469 19.166000
0.100860 17.194500
0.101251 5.714460
0.101642 5.267800
0.102033 16.261200
0.102424 20.728800
0.102815 14.870700
0.103206 2.274380
0.105160 11.312900
0.105551 16.448400
0.105942 24.703400
0.106333 22.490000
0.106724 54.688000
0.107115 8.976570
0.107506 19.457300
0.107897 14.669300
0.108288 17.949100
0.108679 80.145600
0.109070 12.915200
0.109461 8.887750
0.109851 31.061700
0.110242 5.061410
0.110633 31.137600
0.111024 27.732300
0.111415 5.816200
0.111806 5.613000
0.112197 5.901540
0.112588 61.345300
0.112979 15.676200
0.113370 63.825900
0.113761 3.786630
0.114152 13.365500
0.114543 97.358800
0.114934 35.297600
0.115324 70.248800
0.115715 10.107800
0.116106 75.038200
0.116497 40.972900
0.116888 2.455000
0.117279 24.665000
0.117670 96.383300
0.118061 9.465060
0.118452 18.230800
0.118843 18.011500
0.119234 29.584900
0.119625 69.529000
0.120016 15.902900
0.120407 40.312100
0.120797 15.959500
0.121188 7.006080
0.121579 18.016100
0.121970 22.312500
0.122361 39.733900
0.122752 58.233100
0.123143 2.011000
0.123534 39.927200
0.123925 30.062700
0.124316 18.836300
0.124707 4.256270
0.125098 20.779100
0.125489 8.121720
0.125880 20.364500
0.126271 7.461670
0.126661 8.857250
0.127052 47.551900
0.127443 14.999400
0.127834 7.438560
0.128225 30.825000
0.128616 8.691510
0.129007 43.021400
0.129398 19.336700
0.129789 20.866800
0.130180 55.162500
0.130571 52.724600
0.130962 43.387900
0.131353 11.985100
0.131744 29.486200
0.132134 36.269000
0.132525 65.142100
0.132916 16.041600
0.133307 10.906200
0.133698 19.883900
0.134089 10.042500
0.134480 22.286000
0.134871 10.202700
0.135262 81.155500
0.135653 5.840900
0.136044 12.991700
0.136435 16.717900
0.136826 23.781100
0.137217 75.446400
0.137608 79.415800
0.137998 4.143520
0.138389 17.396000
0.138780 35.753700
0.139171 9.216140
0.139562 13.000800
0.139953 5.496220
0.140344 21.044500
0.140735 3.102810
0.141126 15.410200
0.141517 9.781990
0.141908 20.244200
0.142299 44.404200
0.142690 25.757600
0.143081 30.987100
0.143471 16.893900
0.143862 81.324400
0.144253 29.204500
0.144644 23.996400
0.145035 48.814900
0.145426 7.148830
0.145817 17.276500
0.146208 1.281700
0.146599 38.998600
0.146990 16.197800
0.147381 5.806370
0.147772 42.315800
0.148163 15.001100
0.148554 3.889500
0.148944 14.289000
0.149335 53.347500
0.149726 10.371700
0.150117 16.254400
0.150508 8.858890
0.150899 23.896600
0.151290 2.217110
0.151681 79.401600
0.152072 24.518900
0.152463 54.452300
0.152854 7.135160
0.153245 72.526900
0.153636 12.685400
0.154027 12.227500
0.154418 34.408900
0.154808 27.530300
0.155199 7.776780
0.155590 15.493600
0.155981 14.006700
0.156372 15.455400
0.156763 41.223900
0.157154 15.627900
0.157545 22.622000
0.157936 47.661200
0.158327 32.015500
0.158718 5.739040
0.159109 7.640370
0.159500 29.915200
0.159891 9.913320
0.160281 4.724280
0.160672 23.217900
0.161063 19.170500
0.161454 54.268700
0.161845 7.400140
0.162236 29.558700
0.162627 32.359600
0.163018 1.828090
0.163409 20.496500
0.163800 5.606720
0.164191 11.092400
0.164582 17.618900
0.164973 33.089900
0.165364 56.752700
0.165754 54.603200
0.166145 55.206100
0.166536 27.839500
0.166927 39.841500
0.167318 5.778680
0.167709 41.387000
0.168100 34.570500
0.168491 8.666320
0.168882 15.691700
0.169273 24.818400
0.169664 6.559580
0.170055 35.275900
0.170446 5.046890
0.170837 18.401600
0.171228 37.579500
0.171618 9.945550
0.172009 19.605100
0.172400 12.535200
0.172791 42.768800
0.173182 14.439400
0.173573 42.196100
0.173964 19.082100
0.174355 48.618000
0.174746 12.492600
0.175137 43.179800
0.175528 1.801720
0.175919 9.264620
0.176310 36.621100
0.176701 5.497010
0.177091 2.503970
0.177482 8.085420
0.177873 63.279200
0.178264 31.236400
0.178655 12.787500
0.179046 38.128500
0.179437 4.125850
0.179828 15.941400
0.180219 6.970800
0.180610 39.618900
0.181001 19.493800
0.181392 27.509800
0.181783 28.276900
0.184128 8.324900
0.184519 17.590700
0.184910 7.296970
0.185301 17.598200
0.185692 10.911000
0.186083 13.900400
0.186474 23.453600
0.186865 20.518000
0.187256 5.191350
0.187647 31.183800
0.188038 30.579200
0.188428 45.973800
0.188819 8.826780
0.189210 5.010140
0.189601 14.639700
0.189992 9.378030
0.190383 51.381200
0.190774 60.064000
0.191165 8.267380
0.191556 11.465000
0.191947 1.773070
0.192338 10.043700
0.192729 11.972200
0.193120 18.983400
0.193511 10.973200
0.193901 9.457510
0.194292 34.072900
0.194683 9.068050
0.195074 24.189700
0.195465 78.585200
0.195856 28.045300
0.196247 9.665070
0.196638 18.841700
0.197029 23.542200
0.197420 33.219800
0.197811 22.340200
0.198202 36.676200
0.198593 63.708500
0.198984 33.751000
0.199375 32.302700
0.199765 6.460400
0.200156 55.718300
0.200547 45.043900
0.200938 33.937800
0.201329 1.807460
0.201720 6.792720
0.202111 38.613300
0.202502 45.584700
0.202893 34.269200
0.203284 9.731980
0.203675 11.341800
0.204066 21.990600
0.204457 19.224400
0.204848 68.491800
0.205238 4.030730
0.205629 18.226000
0.206020 12.601100
0.206411 64.397500
0.206802 8.745120
0.207193 18.794300
0.207584 27.322000
0.207975 9.851440
0.208366 7.203860
0.208757 53.379200
0.209148 17.681000
0.209539 9.031700
0.209930 6.231690
0.210321 68.601900
0.210711 17.223800
0.211102 26.402000
0.211493 41.066400
0.211884 4.115290
0.212275 13.333300
0.212666 12.089700
0.213057 35.791200
0.213448 23.873300
0.213839 9.719540
0.214230 9.270410
0.214621 37.775900
0.215012 51.569300
0.216575 9.509200
0.216966 2.000660
0.217357 23.535900
0.217748 6.249630
0.218139 66.283800
0.218530 21.618300
0.218921 6.650730
0.219312 5.733900
0.219703 7.046020
0.220094 24.381900
0.220485 23.126200
0.220876 7.629120
0.221267 5.515860
0.221658 15.993500
0.222048 24.868200
0.222439 15.568000
0.222830 48.956600
0.223221 14.347900
0.223612 29.061700
0.224003 4.799260
0.224394 44.799400
0.224785 6.652190
0.225176 7.250300
0.225567 5.701480
0.225958 17.837900
0.226349 48.726500
0.226740 36.906500
0.227131 47.487400
0.227522 55.815500
0.227912 71.702400
0.228303 33.210100
0.228694 22.106200
0.229085 26.431500
0.229476 30.770500
0.229867 16.625900
0.230258 12.926900
0.230649 47.759000
0.231040 8.117110
0.231431 31.943900
0.231822 6.647730
0.232213 47.753900
0.232604 39.828400
0.232995 35.293800
0.233385 8.767470
0.233776 41.146600
0.234167 24.353100
0.234558 48.851900
0.234949 8.557750
0.235340 24.564200
0.235731 46.109300
0.236122 15.119200
0.236513 13.472000
0.236904 28.938900
0.237295 8.428750
0.237686 43.788600
0.238077 9.089100
0.238468 54.493300
0.238858 9.962640
0.239249 49.001300
0.239640 68.501200
0.240031 7.618920
0.240422 15.919900
0.240813 28.379600
0.241204 11.684900
0.241595 10.810200
0.241986 4.638710
0.242377 9.323770
0.242768 54.286100
0.243159 55.019800
0.243550 31.588200
0.243941 6.401450
0.244332 15.978300
0.244722 54.990100
0.245113 34.089500
0.245504 81.455700
0.245895 5.932460
0.246286 37.200800
0.246677 19.371400
0.247068 15.904400
0.247459 31.222200
0.247850 15.257700
0.248241 8.229300
0.248632 8.799450
0.249023 32.789700
0.249414 20.577400
0.249805 53.451000
0.250195 67.350500
0.250586 23.275500
0.250977 10.099600
0.251368 23.960100
0.251759 15.837700
0.252150 12.527500
0.252541 65.032000
0.252932 17.503500
0.253323 8.156240
0.253714 56.827600
0.254105 6.676560
0.254496 20.029000
0.254887 21.222900
0.255278 24.053500
0.255668 62.705900
0.256059 22.652200
0.256450 15.557900
0.256841 26.863400
0.257232 38.597000
0.257623 22.028300
0.258014 22.830100
0.258405 47.195100
0.258796 30.640600
0.259187 31.820200
0.259578 17.482700
0.259969 25.213900
0.260360 16.688300
0.260751 4.097080
0.261142 11.775400
0.261532 8.802150
0.261923 12.355200
0.262314 14.028600
0.262705 9.562880
0.263096 40.730000
0.263487 12.516200
0.263878 63.232300
0.264269 8.811970
0.264660 4.391100
0.265051 43.310100
0.265442 18.229900
0.265833 14.937400
0.266224 7.849810
0.266615 29.778600
0.267005 36.454300
0.267396 11.240700
0.267787 34.868300
0.268178 50.243400
0.268569 5.170760
0.268960 20.128700
0.269351 2.158080
0.269742 15.030000
0.270133 11.856200
0.270524 25.397300
0.270915 48.832400
0.271306 10.622600
0.271697 34.261800
0.272088 50.441500
0.272478 8.808450
0.272869 9.009030
0.273260 6.346010
0.273651 11.285000
0.274042 74.671100
0.274433 5.612960
0.274824 4.845730
0.275215 33.725200
0.275606 8.343560
0.275997 2.284560
0.276388 10.084800
0.276779 24.075200
0.277170 61.868500
0.277561 57.075600
0.277952 17.309100
0.278342 11.435300
0.278733 29.159700
0.279124 36.501000
0.279515 35.759600
0.279906 19.507100
0.280297 23.111100
0.280688 25.356100
0.281079 80.552200
0.281470 5.540760
0.281861 25.483400
0.282252 10.726800
0.282643 25.007000
0.283034 18.190600
0.283425 7.843530
0.283815 9.404730
0.284206 25.845900
0.284597 20.050300
0.284988 29.174700
0.285379 6.361120
0.285770 45.191600
0.286161 7.695470
0.286552 26.400200
0.286943 7.854950
0.287334 42.497300
0.287725 19.898200
0.288116 37.812500
0.288507 62.485400
0.288898 19.988700
0.289289 31.236100
0.289679 20.070600
0.290070 25.667500
0.290461 50.022600
0.290852 27.102400
0.291243 8.046670
0.291634 64.988500
0.292025 6.732880
0.292416 22.130500
0.292807 54.380100
0.293198 25.182300
0.293589 47.397100
0.293980 27.344600
0.294371 27.416500
0.294762 6.558300
0.295152 42.424100
0.295543 6.521060
0.295934 9.157580
0.296325 66.686700
0.296716 20.973800
0.297107 17.771100
0.297498 3.160800
0.297889 24.514600
0.298280 27.646300
0.298671 16.647100
0.299062 3.997770
0.299453 34.398200
0.299844 6.800670
0.300235 15.502200
0.300625 27.466200
0.301016 41.368100
0.301407 2.721730
0.301798 18.405100
0.302189 10.461000
0.302580 23.996800
0.302971 16.908800
0.303362 3.576140
0.303753 28.455800
0.304144 21.492600
0.304535 6.548220
0.304926 9.386980
0.305317 16.011700
0.305708 42.234000
0.306099 14.474600
0.306489 9.284260
0.306880 80.633400
0.307271 24.698600
0.307662 8.750550
0.308053 69.172800
0.308444 6.104490
0.308835 7.239250
0.309226 12.169900
0.309617 11.921500
0.310008 25.085000
0.310399 27.953900
0.310790 30.281200
0.311181 7.734170
0.311572 12.504200
0.311962 7.526740
0.312353 31.338400
0.312744 53.127600
0.313135 5.393340
0.313526 36.020600
0.313917 14.454800
0.314308 9.582660
0.314699 15.915400
0.315090 16.042500
0.315481 7.075940
0.315872 16.282500
0.316263 12.240300
0.316654 33.496300
0.317045 22.087000
0.317435 20.377800
0.317826 7.922560
0.318217 17.387100
0.318608 56.592800
0.318999 16.659000
0.319390 6.884540
0.319781 12.597500
0.320172 18.490800
0.320563 25.313700
0.320954 9.636770
0.321345 8.800360
0.321736 75.253300
0.322127 15.779800
0.322518 69.798500
0.322909 5.838730
0.323299 5.388140
0.323690 2.866990
0.324081 22.362600
0.324472 9.336370
0.324863 12.096400
0.325254 6.426450
0.325645 13.657200
0.326036 20.226800
0.326427 5.884870
0.326818 8.510050
0.327209 8.044130
0.327600 16.441600
0.327991 38.733700
0.328382 48.110600
0.328772 32.454700
0.329163 1.690140
0.329554 29.754000
0.329945 19.194400
0.330336 16.361500
0.330727 26.968800
0.331118 21.631900
0.331509 53.058300
0.331900 4.432030
0.332291 52.721000
0.332682 10.351700
0.333073 53.953200
0.333464 41.985100
0.333855 64.746800
0.334246 21.356900
0.334636 29.444900
0.335027 25.431100
0.335418 13.812900
0.335809 9.892900
0.336200 13.699500
0.336591 14.763100
0.336982 8.476010
0.337373 24.889800
0.337764 42.097400
0.338155 11.831700
0.338546 9.443820
0.338937 7.713740
0.339328 21.675400
0.339719 20.302700
0.340109 6.699420
0.340500 32.239100
0.340891 2.161270
0.341282 50.544900
0.341673 13.753800
0.342064 31.118400
0.342455 8.390600
0.342846 84.140100
0.343237 7.105590
0.343628 23.056300
0.344019 3.758400
0.344410 46.440800
0.344801 22.204300
0.345192 25.988400
0.345582 33.598400
0.345973 5.773060
0.346364 4.530210
0.346755 8.007280
0.347146 64.326800
0.347537 91.801900
0.347928 8.698040
0.348319 21.234400
0.348710 27.425100
0.349101 25.294700
0.349492 46.867900
0.349883 20.945000
0.350274 31.636500
0.350665 71.992800
0.351056 44.143300
0.351446 10.267300
0.351837 44.900200
0.352228 38.504400
0.352619 21.045500
0.353010 89.294800
0.353401 3.486630
0.353792 9.784050
0.354183 65.694300
0.354574 56.798700
0.354965 52.746800
0.355356 31.468200
0.355747 39.033300
0.356138 34.228100
0.356529 57.618000
0.356919 23.538700
0.357310 79.638600
0.357701 9.037900
0.358092 9.356250
0.358483 21.997300
0.358874 8.670580
0.359265 29.575000
0.359656 7.696840
0.360047 12.366400
0.360438 13.776100
0.360829 9.801220
0.361220 13.778800
0.361611 10.273700
0.362002 8.058990
0.362392 59.402800
0.362783 91.102500
0.363174 26.221400
0.363565 62.042300
0.363956 28.612000
0.364347 17.784800
0.364738 13.758100
0.365129 51.859000
0.365520 9.741600
0.365911 9.066400
0.366302 52.040100
0.366693 26.180500
0.367084 91.079700
0.367475 68.856700
0.367866 3.184150
0.368256 17.830500
0.368647 38.673700
0.369038 10.107900
0.369429 46.837900
0.369820 21.402300
0.370211 5.257010
0.370602 4.948470
0.370993 2.982140
0.371384 14.896200
0.371775 9.627930
0.372166 26.273700
0.372557 23.676700
0.372948 67.152400
0.373729 26.944400
0.374120 43.024600
0.374511 7.290110
0.374902 27.944200
0.375293 14.362300
0.375684 32.220000
0.376075 6.214940
0.376466 10.398100
0.376857 63.199900
0.377248 5.263890
0.377639 7.452110
0.378030 67.753500
0.378421 19.687700
0.378812 23.690200
0.379203 13.364900
0.379593 29.251500
0.379984 10.835100
0.380375 71.420300
0.380766 20.911800
0.381157 7.850160
0.381548 35.918500
0.381939 4.215400
0.382330 20.052400
0.382721 39.175900
0.383112 28.898500
0.383503 3.871220
0.383894 6.824740
0.384285 24.173900
0.384676 2.829890
0.385066 28.733400
0.385457 9.730110
0.385848 19.762400
0.386239 22.165600
0.386630 41.944400
0.387021 17.569700
0.387412 46.048400
0.387803 7.344990
0.388194 18.731200
0.388585 20.155100
0.388976 4.428520
0.389367 23.064800
0.389758 15.434600
0.390149 21.215700
0.390539 18.133100
0.390930 24.545800
0.391321 69.673200
0.391712 1.949840
0.392103 48.611300
0.392494 6.970270
0.393276 14.767600
0.393667 29.976500
0.394058 6.536040
0.394449 4.382780
0.394840 13.848000
0.395231 75.220300
0.395622 5.058630
0.396013 30.359800
0.396403 15.346600
0.396794 13.919800
0.397185 25.240400
0.397576 75.210500
0.397967 39.636700
0.398358 32.145600
0.398749 42.936000
0.399531 22.800800
0.399922 66.750200
0.400313 12.384600
0.400704 27.121400
0.401095 9.585490
0.401486 6.368400
0.401876 31.317800
0.402267 9.455540
0.402658 32.935100
0.403049 22.487100
0.403440 5.685370
0.403831 17.899600
0.404222 49.909500
0.404613 25.879700
0.405004 3.382740
0.405395 8.226100
0.405786 8.679540
0.406177 3.292410
0.406568 6.604410
0.406959 7.237510
0.407349 7.105820
0.407740 6.383360
0.408131 10.458700
0.408522 24.382700
0.408913 8.574460
0.409304 7.323100
0.409695 16.114500
0.410086 86.383400
0.410477 7.957590
0.410868 46.434500
0.411259 4.513770
0.411650 6.376810
0.412041 19.670900
0.412432 47.601300
0.412823 8.429950
0.413213 23.119000
0.413604 24.725200
0.413995 30.405600
0.414386 8.561190
0.414777 42.433000
0.415168 11.144900
0.415559 7.188750
0.415950 7.207130
0.416341 64.875900
0.416732 49.905200
0.417123 60.812200
0.417514 6.410470
0.417905 4.532660
0.418296 10.613400
0.418686 16.553600
0.419077 16.358400
0.419468 7.840140
0.419859 15.654100
0.420250 6.419280
0.420641 18.206400
0.421032 37.932300
0.421423 8.880710
0.421814 8.193070
0.422205 1.721780
0.422596 4.484900
0.422987 27.366300
0.423378 84.097500
0.423769 63.755200
0.424159 18.413300
0.424550 10.237600
0.424941 41.926000
0.425332 10.122600
0.425723 12.237500
0.426114 8.277000
0.426505 9.116410
0.426896 10.428800
0.427287 8.496360
0.427678 19.381400
0.428069 68.127300
0.428460 9.550620
0.428851 14.883100
0.429242 8.937320
0.429633 32.532700
0.430023 4.355820
0.430414 9.162170
0.430805 9.721950
0.431196 30.402300
0.431587 42.313300
0.431978 6.756330
0.432369 19.344500
0.432760 14.427100
0.433151 9.539970
0.433542 17.104900
0.433933 17.976900
0.434324 14.802200
0.434715 23.389400
0.435106 81.687100
0.435496 8.859120
0.435887 13.735000
0.436669 8.776500
0.437060 57.242500
0.437451 27.377900
0.437842 66.032100
0.438233 34.950600
0.438624 38.283900
0.439015 3.431810
0.439406 17.576000
0.439797 43.903300
0.440188 8.566670
0.440579 22.316600
0.440970 6.115910
0.441360 11.131300
0.441751 15.598900
0.442142 22.605500
0.442533 6.206100
0.442924 29.791200
0.443315 29.518100
0.443706 23.796800
0.444097 43.071700
0.444488 24.274700
0.444879 38.922300
0.445270 23.034800
0.445661 10.858900
0.446052 22.018700
0.446443 12.039700
0.446833 13.297200
0.447224 55.510300
0.447615 66.364600
0.448006 4.205330
0.448397 16.095900
0.448788 70.115000
0.449179 35.045700
0.449570 41.913600
0.449961 14.661600
0.450352 25.075900
0.450743 52.827900
0.451134 68.367600
0.451525 78.630700
0.451916 6.922290
0.452306 7.038400
0.452697 17.127300
0.453088 7.614720
0.453479 39.275400
0.453870 41.412000
0.454261 16.835900
0.454652 18.301800
0.455043 9.769950
0.455434 13.355100
0.455825 14.811900
0.456216 69.677800
0.456607 51.825300
0.456998 51.121400
0.457389 7.841720
0.457780 10.484200
0.458170 6.828570
0.458561 17.451800
0.458952 43.426400
0.459343 47.218500
0.459734 68.769400
0.460125 6.766970
0.460516 27.444300
0.460907 69.703800
0.461298 37.237500
0.461689 12.911600
0.462080 44.151300
0.462471 24.166300
0.462862 8.720350
0.463253 62.148700
0.463643 32.190900
0.464034 15.099900
0.464425 33.681200
0.464816 11.144500
0.465207 29.958600
0.465598 26.620700
0.465989 3.452080
0.466380 27.663600
0.466771 23.931200
0.467162 27.608600
0.467553 29.853200
0.467944 28.068100
0.468335 54.762800
0.468726 20.037700
0.469116 9.503130
0.469507 16.987400
0.469898 20.071200
0.470289 8.283160
0.470680 35.228800
0.471071 19.639900
0.471462 15.494000
0.471853 29.264800
0.472244 13.225400
0.472635 6.818690
0.473026 37.304200
0.473417 37.023600
0.473808 28.262500
0.474199 7.261220
0.474590 37.569500
0.474980 15.654000
0.475371 24.865800
0.475762 9.536520
0.476153 24.348100
0.476544 32.303000
0.476935 37.049400
0.477326 9.323630
0.477717 14.412800
0.478108 9.846700
0.478499 4.301500
0.478890 5.338680
0.479281 9.285230
0.479672 38.421800
0.480063 7.615430
0.480453 7.118530
0.480844 36.222000
0.481235 20.560000
0.481626 16.549400
0.482017 45.069400
0.482408 3.238770
0.482799 59.231900
0.483190 19.020600
0.483581 20.151700
0.483972 7.583790
0.484363 3.668380
0.484754 10.628900
0.485145 8.802320
0.485536 53.817900
0.485927 77.768400
0.486317 31.032300
0.486708 23.327700
0.487099 4.629900
0.487490 14.845400
0.487881 12.865600
0.488272 33.211300
0.488663 11.814100
0.489054 8.032410
0.489445 49.281800
0.489836 25.447000
0.490227 47.923400
0.490618 3.179440
0.491009 18.149300
0.491400 36.735900
0.491790 7.338650
0.492181 30.918900
0.492572 18.650700
0.492963 14.079100
0.493354 26.864000
0.493745 9.390600
0.494136 2.580810
0.494527 27.032700
0.494918 66.758900
0.495309 13.763300
0.495700 4.998510
0.496091 8.134350
0.496482 6.440220
0.496873 17.139100
0.497263 69.200400
0.497654 30.406100
0.498045 54.994300
0.498436 25.064100
0.498827 9.621300
0.499218 5.505980
0.499609 11.237000
0.500000 53.410700
0.500391 40.299300
0.500782 40.490500
0.501173 15.222700
0.501564 1.806030
0.501955 3.936580
0.502346 91.411900
0.502737 10.622000
0.503127 52.019700
0.503518 33.243600
0.503909 8.698850
0.504300 7.677760
0.504691 53.718100
0.505082 59.280100
0.505473 4.705510
0.505864 7.932000
0.506255 23.934300
0.506646 8.104730
0.507037 27.180700
0.507428 10.142200
0.507819 29.481900
0.508210 6.358600
0.508600 34.926900
0.508991 17.166700
0.509382 19.913900
0.509773 25.125500
0.510164 5.691020
0.510555 27.358200
0.510946 15.312800
0.511337 27.345800
0.511728 5.373120
0.512119 14.539600
0.512510 38.558400
0.512901 35.005100
0.513292 37.075400
0.513683 14.498200
0.514073 32.319200
0.514464 22.406900
0.514855 8.231650
0.515246 17.074200
0.515637 28.086100
0.516028 28.250200
0.516419 53.312000
0.516810 48.816000
0.517201 36.907700
0.517592 37.555300
0.517983 16.692600
0.518374 11.243800
0.518765 14.609600
0.519156 17.740600
0.519547 21.850600
0.519937 24.494000
0.520328 23.247800
0.520719 65.998500
0.521110 26.272700
0.521501 11.092700
0.521892 76.292200
0.522283 9.303780
0.522674 6.895410
0.523065 45.280600
0.523456 32.770400
0.523847 10.798500
0.524238 32.678400
0.524629 43.809400
0.525020 12.139000
0.525410 4.734840
0.525801 88.321500
0.526192 11.020400
0.526583 6.158180
0.526974 78.727900
0.527365 2.852420
0.527756 22.309100
0.528147 71.869800
0.528538 21.060200
0.528929 33.278600
0.529320 42.225000
0.529711 23.420000
0.530102 11.848800
0.530493 7.810490
0.530884 8.816590
0.531274 6.168070
0.531665 9.682330
0.532056 30.498300
0.532447 9.132860
0.532838 6.861860
0.533229 71.853300
0.533620 8.048530
0.534011 2.263120
0.534402 10.296100
0.534793 22.315400
0.535184 30.323800
0.535575 16.760800
0.535966 6.148230
0.536357 44.345900
0.536747 26.305500
0.537138 50.305400
0.537529 83.555300
0.537920 21.521800
0.538311 54.783200
0.538702 16.038900
0.539093 21.576200
0.539484 24.046900
0.539875 51.100800
0.540266 6.549090
0.540657 43.112100
0.541048 13.149400
0.541439 18.330000
0.541830 3.608550
0.542220 7.672080
0.542611 5.292320
0.543002 46.469400
0.543393 49.465600
0.543784 56.168600
0.544175 13.493200
0.544566 6.525150
0.544957 8.677610
0.545348 9.616050
0.545739 25.183900
0.546130 6.697770
0.546521 12.618400
0.546912 9.605860
0.547303 21.433800
0.547694 8.851130
0.548084 81.764000
0.548475 39.810600
0.548866 16.147200
0.549257 58.181800
0.549648 8.225500
0.550039 63.615400
0.550430 14.837800
0.550821 37.649100
0.551212 12.095700
0.551603 22.982000
0.551994 4.123000
0.552385 56.397700
0.552776 20.996800
0.553167 14.668800
0.553557 3.930910
0.553948 42.203600
0.554339 9.621870
0.554730 25.365400
0.555121 25.554400
0.555512 7.050770
0.555903 11.821700
0.556294 17.442800
0.556685 9.526730
0.557076 36.873100
0.557467 97.659000
0.557858 65.053400
0.558249 9.623370
0.558640 29.915100
0.559030 5.233750
0.559421 10.337200
0.559812 54.086400
0.560203 36.007400
0.560594 9.345100
0.560985 42.602300
0.561376 92.152800
0.561767 20.510900
0.562158 12.276100
0.562549 31.481900
0.562940 5.391470
0.563331 6.014330
0.563722 39.341100
0.564113 18.277200
0.564504 16.922100
0.564894 69.488900
0.565285 8.895180
0.565676 10.244900
0.566067 46.080600
0.566458 7.101390
0.566849 38.398000
0.567240 5.596030
0.567631 19.141000
0.568022 23.266900
0.568413 18.940500
0.568804 40.026600
0.569195 7.948370
0.569586 7.661350
0.571149 67.417800
0.571540 52.408200
0.571931 24.328500
0.572322 9.974030
0.572713 56.615600
0.573104 40.305900
0.573495 4.085900
0.573886 8.740220
0.574277 9.320900
0.574668 6.707870
0.575059 52.098600
0.575450 14.772900
0.575841 4.698090
0.576231 20.434800
0.576622 2.630090
0.577013 47.935100
0.577404 12.027700
0.577795 3.502620
0.578186 60.896900
0.578577 8.628760
0.578968 21.096100
0.579359 7.161240
0.579750 1.839090
0.580141 69.161500
0.580532 7.361460
0.580923 11.279300
0.581314 21.223200
0.581704 17.788000
0.582095 35.848400
0.582486 36.313500
0.582877 57.257000
0.583268 61.496300
0.583659 29.872300
0.584050 19.411000
0.584441 8.407730
0.584832 6.779900
0.585223 7.674320
0.585614 29.038900
0.586005 27.878900
0.586396 90.898600
0.586787 5.460330
0.587177 11.666800
0.587568 68.707100
0.587959 7.656800
0.588350 8.341310
0.588741 71.696700
0.589132 6.529380
0.589523 37.012100
0.589914 7.114760
0.590305 63.641500
0.590696 14.744700
0.591087 10.496900
0.591478 23.983600
0.591869 7.080110
0.592260 28.781800
0.592651 58.965400
0.593041 43.191500
0.593432 9.644100
0.593823 8.920130
0.594214 72.985700
0.594605 20.356900
0.594996 58.936200
0.595387 29.619400
0.595778 61.168100
0.596169 2.696520
0.596560 5.962590
0.596951 20.244300
0.597342 17.714700
0.597733 3.840870
0.598124 49.326900
0.598514 18.407600
0.598905 27.175000
0.599296 23.317600
0.599687 74.168300
0.600078 15.488000
0.600469 7.409500
0.600860 5.492060
0.601251 31.198300
0.601642 7.292280
0.602033 11.345200
0.602424 40.394600
0.602815 45.749200
0.603206 5.963500
0.603597 6.934440
0.603987 8.512740
0.604378 43.777700
0.604769 8.874130
0.605160 6.385750
0.605551 49.819500
0.605942 9.307120
0.606333 9.408420
0.606724 7.119020
0.607115 17.583400
0.607506 2.262980
0.607897 3.432800
0.608288 34.066700
0.608679 21.822100
0.609070 69.269400
0.609461 39.242900
0.609851 11.247300
0.610242 28.074900
0.610633 57.365200
0.611024 19.717100
0.611415 7.616770
0.611806 15.981700
0.612197 15.276600
0.612588 5.880010
0.612979 16.820900
0.613370 25.506800
0.613761 48.607400
0.614152 30.251600
0.614543 11.273900
0.614934 4.637820
0.615324 6.282080
0.615715 14.055500
0.616106 14.822300
0.616497 20.586700
0.616888 8.115470
0.617279 13.971100
0.617670 19.389300
0.618061 9.788110
0.618452 8.964020
0.618843 21.998800
0.619234 9.242470
0.619625 65.781600
0.620016 13.200900
0.620407 17.625500
0.620797 27.779200
0.621188 44.804200
0.621579 10.193800
0.621970 14.628800
0.622361 2.517840
0.622752 26.028400
0.623143 24.091600
0.623534 5.902780
0.623925 32.109200
0.624316 30.859200
0.624707 46.767600
0.625098 8.251320
0.625489 3.733780
0.625880 64.179300
0.626271 1.691320
0.626661 6.118290
0.627052 2.045940
0.627443 23.071000
0.627834 12.464200
0.628225 33.749700
0.628616 9.997890
0.629007 32.066600
0.629398 7.689890
0.629789 8.562890
0.630180 12.657100
0.630571 26.102100
0.630962 30.233700
0.631353 72.701200
0.631744 9.382080
0.632134 8.916950
0.632525 9.057890
0.632916 27.204300
0.633307 86.594300
0.633698 6.282390
0.634089 21.903700
0.634480 43.546200
0.634871 89.289200
0.635262 52.129300
0.635653 11.182600
0.636044 6.519300
0.636435 3.872770
0.636826 62.774100
0.637217 32.210600
0.637608 52.662800
0.637998 7.160360
0.638389 38.199000
0.638780 15.374600
0.639171 9.937040
0.639562 51.415800
0.639953 23.283100
0.640344 40.304000
0.640735 9.278980
0.641126 7.651250
0.641517 30.644400
0.641908 60.340300
0.642299 19.717800
0.642690 40.488500
0.643081 22.390500
0.643471 8.027060
0.643862 21.780400
0.644253 31.981300
0.644644 5.822990
0.645035 56.389400
0.645426 46.526900
0.645817 17.454900
0.646208 2.474740
0.646599 40.175900
0.646990 28.540300
0.647381 7.915380
0.647772 9.744920
0.648163 40.106400
0.648554 11.767100
0.648944 19.206300
0.649335 36.961900
0.649726 13.018500
0.650117 10.822500
0.650508 9.321630
0.650899 17.172000
0.651290 8.281530
0.651681 43.161000
0.652072 33.078200
0.652463 47.235800
0.652854 7.006150
0.653245 33.068400
0.653636 21.412700
0.654027 4.959190
0.654418 8.394750
0.654808 9.377710
0.655199 20.599900
0.655590 31.135600
0.655981 5.935080
0.656372 6.299820
0.656763 5.968010
0.657154 42.175100
0.657545 16.430400
0.657936 22.258600
0.658327 9.193180
0.658718 18.423600
0.659109 10.172200
0.659500 14.626900
0.659891 30.529400
0.660281 9.967580
0.660672 53.162700
0.661063 38.152800
0.661454 25.162900
0.661845 54.597200
0.662236 22.452600
0.662627 5.147920
0.663018 7.086480
0.663409 44.096700
0.663800 21.382900
0.664191 6.893920
0.664582 9.768560
0.664973 4.913830
0.665364 54.418000
0.665754 1.760760
0.666145 10.181800
0.666536 14.423300
0.666927 77.148000
0.667318 51.610200
0.667709 7.053780
0.668100 27.729300
0.668491 9.423560
0.668882 10.579000
0.669273 39.182500
0.669664 44.149300
0.670055 23.645000
0.670446 7.251400
0.670837 46.166400
0.671228 29.784100
0.671618 16.344100
0.672009 20.743400
0.672400 11.423700
0.672791 14.581100
0.673182 30.497100
0.673573 17.143100
0.673964 48.859800
0.674355 12.899600
0.674746 34.539600
0.675137 12.546800
0.675528 49.866300
0.675919 12.250800
0.676310 9.633140
0.676701 3.500940
0.677091 11.721200
0.677482 10.759000
0.677873 23.040400
0.678264 8.666310
0.678655 52.721300
0.679046 27.212300
0.679437 40.224800
0.679828 12.752500
0.680219 50.400600
0.680610 6.386020
0.681001 41.653800
0.681392 6.659040
0.681783 24.216900
0.682174 23.231000
0.682565 11.099800
0.682955 14.648600
0.683346 16.089300
0.683737 44.014900
0.684128 44.606400
0.684519 12.344100
0.684910 26.569800
0.685301 40.883800
0.685692 9.179740
0.686083 9.800890
0.686474 44.101800
0.686865 17.053200
0.687256 57.099700
0.687647 11.840500
0.688038 9.849010
0.688428 11.301200
0.688819 75.032300
0.689210 25.298700
0.689601 18.506300
0.689992 9.304100
0.690383 23.145200
0.690774 20.538300
0.691165 7.049310
0.691556 44.690300
0.691947 42.185100
0.692338 19.234300
0.692729 6.359230
0.693120 10.392000
0.693511 10.636400
0.693901 6.054800
0.694292 9.616450
0.694683 5.810210
0.695074 8.931690
0.695465 2.536110
0.695856 9.979680
0.696247 21.651000
0.696638 16.136900
0.697029 43.185900
0.697420 8.477860
0.697811 4.268860
0.698202 67.858600
0.698593 45.843100
0.698984 3.386030
0.699375 4.058170
0.699765 9.232500
0.700156 35.050400
0.700547 63.400700
0.700938 17.328700
0.701329 29.349700
0.701720 13.225800
0.702111 14.098100
0.702502 18.741400
0.702893 73.935200
0.703284 28.494800
0.703675 6.447030
0.704066 72.760900
0.704457 9.652690
0.704848 84.678800
0.705238 38.438300
0.705629 15.844000
0.706020 23.404200
0.706411 12.700300
0.706802 20.929100
0.707193 49.103000
0.707584 25.640400
0.707975 25.526500
0.708366 6.904610
0.708757 67.121200
0.709148 61.209600
0.709539 8.792010
0.709930 14.909400
0.710321 28.134400
0.710711 4.943800
0.711102 38.763100
0.711493 6.381920
0.711884 6.410710
0.712275 9.285140
0.712666 24.276700
0.713057 15.675600
0.713448 6.365900
0.713839 7.611220
0.714230 25.483700
0.714621 33.829900
0.715012 32.610300
0.715403 6.658820
0.715794 35.513900
0.716185 67.675200
0.716575 5.533960
0.716966 18.575700
0.717357 7.137880
0.717748 10.131200
0.718139 46.451100
0.718530 36.426400
0.718921 57.497800
0.719312 7.442780
0.719703 35.771000
0.720094 49.708200
0.720485 14.391100
0.720876 9.784150
0.721267 57.812500
0.721658 4.131410
0.722048 18.170200
0.722439 22.133500
0.722830 16.390200
0.723221 10.733600
0.723612 16.102000
0.724003 66.658700
0.724394 22.352300
0.724785 24.705500
0.725176 4.742340
0.725567 25.559300
0.725958 5.604600
0.726349 4.412990
0.726740 15.359800
0.727131 64.934200
0.727522 17.632200
0.727912 35.345700
0.728303 16.480800
0.728694 28.615500
0.729085 11.867400
0.729476 5.220010
0.729867 4.230650
0.730258 35.607300
0.730649 7.888910
0.731040 36.961800
0.731431 17.726300
0.731822 16.055200
0.732213 49.798300
0.732604 48.840200
0.732995 12.975000
0.733385 58.184200
0.733776 5.515380
0.734167 9.791620
0.734558 6.481300
0.734949 23.229800
0.735340 21.107000
0.735731 17.376400
0.736122 27.743300
0.736513 52.222900
0.736904 5.795380
0.737295 3.489270
0.737686 30.288600
0.738077 40.955400
0.738468 6.515560
0.738858 23.716600
0.739249 38.268600
0.739640 7.741840
0.740031 5.079190
0.740422 79.513400
0.740813 19.704800
0.741204 9.143620
0.741595 16.627400
0.741986 5.801100
0.742377 27.392700
0.742768 16.451000
0.743159 5.967790
0.743550 14.155800
0.743941 8.541320
0.744332 8.012000
0.744722 4.291240
0.745113 8.312510
0.745504 11.543300
0.745895 46.382100
0.746286 89.081800
0.746677 13.312300
0.747068 13.744900
0.747459 21.759000
0.747850 9.521150
0.748241 2.109420
0.748632 9.397380
0.749023 12.267800
0.749414 2.870310
0.749805 9.239540
0.750195 21.931300
0.750586 11.357500
0.750977 94.340000
0.751368 10.297300
0.751759 88.100300
0.752150 3.846210
0.752541 2.825200
0.752932 29.479200
0.753323 7.120800
0.753714 13.589000
0.754105 47.967700
0.754496 33.658700
0.754887 47.217200
0.755278 23.743900
0.755668 9.945950
0.756059 10.170500
0.756450 8.121450
0.756841 1.761330
0.757232 15.467900
0.757623 29.623300
0.758014 4.835600
0.758405 20.521100
0.758796 40.696200
0.759187 21.770000
0.759578 3.725100
0.759969 5.218390
0.760360 11.656000
0.760751 36.518700
0.761142 26.741400
0.761532 80.962800
0.761923 4.123880
0.762314 36.001800
0.762705 5.052260
0.763096 11.501000
0.763487 26.060700
0.763878 33.361900
0.764269 30.597600
0.764660 60.586500
0.765051 9.998660
0.765442 25.902000
0.765833 9.167520
0.766224 8.053470
0.766615 9.453750
0.767005 4.747330
0.767396 15.826900
0.767787 10.229400
0.768178 53.159700
0.768569 46.211600
0.768960 21.709500
0.769351 13.383800
0.769742 13.681800
0.770133 56.084500
0.770524 25.330200
0.770915 3.340180
0.771306 29.861200
0.771697 6.335290
0.772088 45.651100
0.772478 35.985200
0.772869 45.297100
0.773260 11.245400
0.773651 4.102740
0.774042 59.757300
0.774433 20.034800
0.774824 19.851500
0.775215 24.878200
0.775606 8.920450
0.775997 15.417800
0.776388 54.129700
0.776779 5.811520
0.777170 53.950600
0.777561 88.797400
0.777952 11.197200
0.778342 48.729900
0.778733 25.325900
0.779124 29.877800
0.779515 29.581200
0.779906 16.831100
0.780297 19.623400
0.780688 16.306900
0.781079 30.950600
0.781470 8.855960
0.781861 3.976070
0.782252 13.132000
0.782643 13.391500
0.783034 41.992500
0.783425 19.665100
0.783815 6.278930
0.784206 12.531500
0.784597 21.063300
0.784988 49.405400
0.785379 12.640900
0.785770 76.572800
0.786161 7.457030
0.786552 9.036980
0.786943 16.944200
0.787334 62.210600
0.787725 9.406430
0.788116 22.544400
0.788507 63.192100
0.788898 11.136700
0.789289 6.846190
0.789679 38.278300
0.790070 41.146800
0.790461 10.068300
0.790852 15.449400
0.791243 28.338600
0.791634 32.326100
0.792025 39.584500
0.792416 33.330400
0.792807 32.159300
0.793198 29.353900
0.793589 63.367100
0.793980 41.000200
0.794371 23.089700
0.794762 45.949000
0.795152 7.794760
0.795543 9.418370
0.795934 9.309990
0.796325 28.733000
0.796716 12.277200
0.797107 92.167000
0.797498 6.836340
0.797889 28.867900
0.798280 8.756840
0.798671 8.942540
0.799062 11.853400
0.799453 29.387600
0.799844 23.477600
0.800235 21.932500
0.800625 6.934800
0.801016 6.479500
0.801407 27.609400
0.801798 28.768200
0.802189 8.155460
0.802580 14.101400
0.802971 8.805940
0.803362 6.995770
0.803753 20.257000
0.804144 10.376900
0.804535 7.466820
0.804926 8.363350
0.805317 9.066410
0.805708 33.263900
0.806099 27.969100
0.806489 10.886200
0.806880 30.879100
0.807271 16.731300
0.807662 40.098900
0.808053 7.226910
0.808835 9.805800
0.809226 55.441900
0.809617 3.804220
0.810008 32.731800
0.810399 6.866620
0.810790 10.239000
0.811181 22.138700
0.811572 22.485100
0.811962 4.900210
0.812353 18.007900
0.812744 9.306020
0.813135 3.323610
0.813526 5.766190
0.813917 50.834500
0.814308 12.200700
0.814699 7.492380
0.815090 6.849870
0.815481 8.366680
0.815872 19.602500
0.816263 9.381800
0.816654 5.022780
0.817045 19.727400
0.817435 17.782500
0.817826 61.410900
0.818217 11.782500
0.818608 15.877800
0.818999 54.872500
0.819390 38.147400
0.819781 4.760110
0.820172 10.073300
0.820563 14.809000
0.820954 35.960400
0.821345 42.415400
0.821736 17.573100
0.822127 15.502600
0.822518 40.370200
0.822909 10.348500
0.823299 5.962150
0.823690 4.696490
0.824081 11.596800
0.824472 19.369300
0.824863 8.661520
0.825254 60.882000
0.825645 14.307400
0.826036 13.529900
0.826427 17.170500
0.826818 26.114800
0.827209 8.113690
0.827600 17.367300
0.827991 19.969300
0.828382 1.772950
0.828772 13.751200
0.829163 25.481000
0.829554 22.114800
0.829945 9.531230
0.830336 68.710100
0.830727 11.779000
0.831118 22.531100
0.831509 30.702800
0.831900 4.989440
0.832291 14.872100
0.832682 46.854800
0.833073 5.377090
0.833464 19.035100
0.833855 8.353310
0.834246 18.914600
0.834636 5.318240
0.835027 4.318440
0.835418 66.297900
0.835809 22.183900
0.836200 5.412950
0.836591 16.352900
0.836982 19.131800
0.837373 26.788100
0.837764 52.981800
0.838155 9.421020
0.838546 36.659100
0.838937 77.334900
0.839328 14.856400
0.839719 12.547900
0.840109 10.143200
0.840500 67.732900
0.840891 7.498730
0.841282 7.444380
0.841673 62.542500
0.842064 10.455100
0.842455 8.578840
0.842846 14.729400
0.843237 10.970600
0.843628 14.119700
0.844019 28.818100
0.844410 33.225900
0.844801 13.318500
0.845192 32.225200
0.845582 2.981510
0.845973 33.712700
0.846364 6.016950
0.846755 25.609700
0.847146 16.200300
0.847537 20.159300
0.847928 3.403650
0.848319 8.053180
0.848710 22.915200
0.849101 57.583000
0.849492 34.998400
0.849883 9.102170
0.850274 36.407400
0.850665 3.535700
0.851056 23.686500
0.851446 20.233700
0.851837 10.271500
0.852228 21.376000
0.852619 46.610500
0.853010 29.218200
0.853401 9.562150
0.853792 10.338900
0.854183 62.811800
0.854574 27.232600
0.854965 62.471100
0.855356 38.224700
0.855747 5.939580
0.856138 13.993000
0.856529 6.560230
0.856919 11.156500
0.857310 7.958960
0.857701 14.317900
0.858092 11.005000
0.858483 16.468400
0.858874 28.476600
0.859265 13.928200
0.859656 69.569100
0.860047 8.756330
0.860438 8.307190
0.860829 23.856500
0.861220 3.897930
0.861611 19.588800
0.862002 39.813100
0.862392 7.663720
0.862783 10.206600
0.863174 19.142000
0.863565 18.814900
0.863956 29.949300
0.864347 24.696600
0.864738 11.688300
0.865129 6.412520
0.865520 7.877090
0.865911 29.535100
0.866302 11.167200
0.866693 60.436800
0.867084 5.835850
0.867475 63.655800
0.867866 13.674900
0.868256 8.723830
0.868647 7.553200
0.869038 7.202270
0.869429 22.071300
0.869820 4.629950
0.870211 12.816600
0.870602 5.658130
0.870993 42.407200
0.871384 13.446900
0.871775 23.862400
0.872166 17.532400
0.872557 31.263200
0.872948 8.923420
0.873339 39.745900
0.873729 26.764000
0.874120 37.779500
0.874511 77.500500
0.874902 18.342500
0.875293 4.457930
0.875684 33.598900
0.876075 2.780970
0.876466 31.326400
0.876857 16.316500
0.877248 16.401300
0.877639 81.031800
0.878030 47.645000
0.878421 23.936600
0.878812 6.435280
0.879203 7.873130
0.879593 7.506460
0.879984 19.354100
0.880375 6.151720
0.880766 33.458000
0.881157 7.442290
0.881548 10.572600
0.881939 18.363900
0.882330 20.458800
0.882721 33.319000
0.883112 25.920400
0.883503 42.173500
0.883894 47.296000
0.884285 8.677880
0.884676 23.936900
0.885066 25.868100
0.885457 30.325500
0.885848 12.131800
0.886239 12.560100
0.886630 17.581900
0.887021 9.263610
0.887412 62.366900
0.887803 21.036800
0.888194 16.127000
0.888585 12.030400
0.888976 11.917900
0.889367 54.968000
0.889758 46.384000
0.890149 32.077000
0.890539 26.088200
0.890930 21.047500
0.891321 31.208500
0.891712 5.220420
0.892103 16.041400
0.892494 15.099200
0.892885 6.411900
0.893276 67.414300
0.893667 16.607700
0.894058 51.013000
0.894449 44.483200
0.894840 7.495920
0.895231 21.709800
0.895622 10.451300
0.896013 17.186200
0.896403 60.209300
0.896794 30.833000
0.897185 26.405700
0.897576 13.356500
0.897967 6.428800
0.898358 4.604130
0.898749 17.755100
0.899140 52.178400
0.899531 16.905400
0.899922 11.408700
0.900313 5.595290
0.900704 48.271700
0.901095 27.728700
0.901486 15.693800
0.901876 4.141030
0.902267 4.720980
0.902658 7.767310
0.903049 54.186000
0.903440 6.790610
0.903831 76.188700
0.904222 30.843200
0.904613 14.267700
0.905004 7.337390
0.905395 3.434610
0.905786 12.471600
0.906177 28.882900
0.906568 36.089000
0.906959 5.007630
0.907349 16.937600
0.907740 24.569300
0.908131 10.123900
0.908522 41.315700
0.908913 73.737400
0.909304 19.251500
0.909695 46.643800
0.910086 2.351200
0.910477 55.948000
0.910868 42.951800
0.911259 8.893700
0.911650 62.301600
0.912041 67.401500
0.912432 14.435600
0.912823 11.495200
0.913213 12.643300
0.913604 29.837200
0.913995 17.939500
0.914386 13.823900
0.914777 3.271410
0.915168 4.020290
0.915559 26.075400
0.915950 26.700900
0.916341 2.210600
0.916732 7.626250
0.917123 57.136000
0.917514 32.467400
0.917905 13.019300
0.918296 12.803300
0.918686 52.492400
0.919077 9.092120
0.919468 8.518700
0.919859 41.198800
0.920250 12.483800
0.920641 5.864780
0.921032 14.085200
0.921423 22.272400
0.921814 12.576200
0.922205 2.405580
0.922596 6.616620
0.922987 85.751100
0.923378 17.964800
0.923769 36.869600
0.924159 5.247280
0.924550 30.041800
0.924941 6.552870
0.925332 28.579500
0.925723 8.443410
0.926114 12.023200
0.926505 60.447000
0.926896 27.439600
0.927287 52.112300
0.927678 38.237900
0.928069 47.325200
0.928460 8.914920
0.928851 4.668710
0.929242 18.660400
0.929633 11.402600
0.930023 9.487790
0.930414 4.745420
0.930805 88.168700
0.931196 5.342460
0.931587 14.236100
0.931978 13.192100
0.932369 7.313540
0.932760 19.542500
0.933151 78.139500
0.933542 20.521600
0.933933 22.423800
0.934324 30.828900
0.934715 3.468370
0.935106 24.789900
0.935496 3.915910
0.935887 43.833700
0.936278 8.403450
0.936669 19.908500
0.937060 6.073740
0.937451 3.063190
0.937842 30.515700
0.938233 29.183300
0.938624 9.879600
0.939015 49.475100
0.939406 16.636000
0.939797 57.221700
0.940188 7.351280
0.940579 1.672800
0.940970 32.685400
0.941360 15.980800
0.941751 5.761820
0.942142 61.905200
0.942533 25.405000
0.942924 11.452600
0.943315 18.811700
0.943706 6.918570
0.944097 22.852800
0.944488 8.985240
0.944879 20.088300
0.945270 38.423300
0.945661 16.380600
0.946052 41.839800
0.946443 23.039700
0.946833 23.002900
0.947224 57.576400
0.947615 32.868000
0.948006 37.763500
0.948397 8.991540
0.948788 5.834830
0.949179 70.040000
0.949570 6.666570
0.949961 32.350400
0.950352 18.902000
0.950743 10.148200
0.951134 17.475400
0.951525 33.521600
0.951916 52.034500
0.952306 21.192000
0.952697 10.228900
0.953088 18.188200
0.953479 16.006800
0.953870 29.812600
0.954261 75.362700
0.954652 12.927900
0.955043 10.744400
0.955434 6.700000
0.955825 35.251800
0.956216 9.521720
0.956607 25.434000
0.956998 32.444100
0.957389 25.001500
0.957780 48.663500
0.958170 8.624250
0.958561 23.023900
0.958952 2.993990
0.959343 18.235700
0.959734 57.201500
0.960125 24.058300
0.960516 11.046800
0.960907 23.668900
0.961298 11.329900
0.961689 13.706300
0.962080 3.679100
0.962471 33.410400
0.962862 43.682700
0.963253 9.579030
0.963643 9.692270
0.964034 19.882700
0.964425 39.905200
0.964816 8.658560
0.965207 3.130040
0.965598 3.770900
0.965989 3.834840
0.966380 36.716100
0.966771 6.290630
0.967162 2.105390
0.967553 7.451870
0.967944 10.610900
0.968335 4.572580
0.968726 13.204900
0.969116 8.434280
0.969507 2.284420
0.969898 78.288700
0.970289 4.625830
0.970680 26.899600
0.971071 21.755100
0.971462 8.767050
0.971853 21.586800
0.972244 14.728400
0.972635 10.764400
0.973026 24.164700
0.973417 27.948000
0.973808 46.433100
0.974199 7.734730
0.974590 16.540400
0.974980 45.525100
0.975371 8.168780
0.975762 19.012000
0.976153 11.968700
0.976544 22.430900
0.976935 47.356200
0.977326 16.503300
0.977717 6.681600
0.978108 36.058500
0.978499 7.581570
0.978890 9.670610
0.979281 41.960700
0.979672 25.675900
0.980063 2.930790
0.980453 12.833900
0.980844 10.389500
0.981235 66.047400
0.981626 65.660100
0.982017 20.697800
0.982408 18.973400
0.982799 15.441600
0.983190 61.896600
0.983581 43.307400
0.983972 12.369100
0.984363 16.208900
0.984754 6.845290
0.985145 3.399900
0.985536 30.291000
0.985927 21.545600
0.986317 7.272750
0.986708 31.974400
0.987099 13.735900
0.987490 24.048400
0.987881 30.589100
0.988272 4.607360
0.988663 32.273900
0.989054 41.677000
0.989445 12.920100
0.989836 8.680730
0.990227 46.383500
0.990618 10.609200
0.991009 38.328000
0.991400 30.380200
0.991790 50.713700
0.992181 52.282600
0.992572 60.356400
0.992963 6.554080
0.993354 15.548800
0.993745 20.458700
0.994136 50.851300
0.994527 15.799100
0.994918 30.945100
0.995309 50.536300
0.995700 8.264940
0.996091 67.962900
0.996482 7.732840
0.996873 16.148400
0.997263 45.585900
0.997654 9.178640
0.998045 4.740030
0.998436 12.211000
0.998827 6.665690
0.999218 15.620600
0.999609 10.540700
1.000000 18.709500
