1 0.001930 -0.1000 -0.2000
2 0.003287 -0.1000 -0.4000
3 0.005674 -0.1000 0.0000
4 0.008368 -0.1000 0.2000
5 0.011268 -0.1000 0.4000
6 0.014403 -0.1000 0.6000
7 0.017668 -0.1000 0.8000
8 0.020947 -0.1000 1.0000
9 0.024240 -0.1000 1.2000
10 0.027528 -0.1000 1.4000
11 0.030793 -0.1000 1.6000
12 0.033926 -0.1000 1.8000
13 0.036963 -0.1000 2.0000
14 0.039936 -0.1000 2.2000
15 0.042810 -0.1000 2.4000
16 0.045562 -0.1000 2.6000
17 0.048109 -0.1000 2.8000
18 0.050570 -0.1000 3.0000
19 0.052898 -0.1000 3.2000
20 0.055055 -0.1000 3.4000
21 0.057013 -0.3000 -0.2000
22 0.058369 -0.3000 -0.4000
23 0.060765 -0.3000 0.0000
24 0.063408 -0.3000 0.2000
25 0.066274 -0.3000 0.4000
26 0.069332 -0.3000 0.6000
27 0.072551 -0.3000 0.8000
28 0.075764 -0.3000 1.0000
29 0.079007 -0.3000 1.2000
30 0.082222 -0.3000 1.4000
31 0.085478 -0.3000 1.6000
32 0.088624 -0.3000 1.8000
33 0.091668 -0.3000 2.0000
34 0.094598 -0.3000 2.2000
35 0.097398 -0.3000 2.4000
36 0.100114 -0.3000 2.6000
37 0.102680 -0.3000 2.8000
38 0.105115 -0.3000 3.0000
39 0.107399 -0.3000 3.2000
40 0.109539 -0.3000 3.4000
41 0.111456 -0.5000 -0.2000
42 0.112760 -0.5000 -0.4000
43 0.115076 -0.5000 0.0000
44 0.117710 -0.5000 0.2000
45 0.120600 -0.5000 0.4000
46 0.123642 -0.5000 0.6000
47 0.126774 -0.5000 0.8000
48 0.129984 -0.5000 1.0000
49 0.133209 -0.5000 1.2000
50 0.136426 -0.5000 1.4000
51 0.139589 -0.5000 1.6000
52 0.142699 -0.5000 1.8000
53 0.145719 -0.5000 2.0000
54 0.148660 -0.5000 2.2000
55 0.151426 -0.5000 2.4000
56 0.154070 -0.5000 2.6000
57 0.156610 -0.5000 2.8000
58 0.159011 -0.5000 3.0000
59 0.161257 -0.5000 3.2000
60 0.163420 -0.5000 3.4000
61 0.165260 -0.7000 -0.2000
62 0.166568 -0.7000 -0.4000
63 0.168842 -0.7000 0.0000
64 0.171363 -0.7000 0.2000
65 0.174147 -0.7000 0.4000
66 0.177043 -0.7000 0.6000
67 0.180123 -0.7000 0.8000
68 0.183218 -0.7000 1.0000
69 0.186372 -0.7000 1.2000
70 0.189558 -0.7000 1.4000
71 0.192644 -0.7000 1.6000
72 0.195648 -0.7000 1.8000
73 0.198619 -0.7000 2.0000
74 0.201500 -0.7000 2.2000
75 0.204262 -0.7000 2.4000
76 0.206906 -0.7000 2.6000
77 0.209452 -0.7000 2.8000
78 0.211867 -0.7000 3.0000
79 0.214073 -0.7000 3.2000
80 0.216164 -0.7000 3.4000
81 0.217976 -0.9000 -0.2000
82 0.219242 -0.9000 -0.4000
83 0.221418 -0.9000 0.0000
84 0.223952 -0.9000 0.2000
85 0.226670 -0.9000 0.4000
86 0.229557 -0.9000 0.6000
87 0.232567 -0.9000 0.8000
88 0.235664 -0.9000 1.0000
89 0.238760 -0.9000 1.2000
90 0.241818 -0.9000 1.4000
91 0.244902 -0.9000 1.6000
92 0.247895 -0.9000 1.8000
93 0.250795 -0.9000 2.0000
94 0.253546 -0.9000 2.2000
95 0.256216 -0.9000 2.4000
96 0.258771 -0.9000 2.6000
97 0.261221 -0.9000 2.8000
98 0.263542 -0.9000 3.0000
99 0.265755 -0.9000 3.2000
100 0.267818 -0.9000 3.4000
101 0.269574 -1.1000 -0.2000
102 0.270791 -1.1000 -0.4000
103 0.272898 -1.1000 0.0000
104 0.275347 -1.1000 0.2000
105 0.277943 -1.1000 0.4000
106 0.280718 -1.1000 0.6000
107 0.283622 -1.1000 0.8000
108 0.286556 -1.1000 1.0000
109 0.289544 -1.1000 1.2000
110 0.292523 -1.1000 1.4000
111 0.295438 -1.1000 1.6000
112 0.298371 -1.1000 1.8000
113 0.301179 -1.1000 2.0000
114 0.303874 -1.1000 2.2000
115 0.306503 -1.1000 2.4000
116 0.308971 -1.1000 2.6000
117 0.311385 -1.1000 2.8000
118 0.313709 -1.1000 3.0000
119 0.315914 -1.1000 3.2000
120 0.317949 -1.1000 3.4000
121 0.319629 -1.3000 -0.2000
122 0.320789 -1.3000 -0.4000
123 0.322865 -1.3000 0.0000
124 0.325171 -1.3000 0.2000
125 0.327718 -1.3000 0.4000
126 0.330406 -1.3000 0.6000
127 0.333138 -1.3000 0.8000
128 0.335992 -1.3000 1.0000
129 0.338829 -1.3000 1.2000
130 0.341676 -1.3000 1.4000
131 0.344533 -1.3000 1.6000
132 0.347291 -1.3000 1.8000
133 0.349998 -1.3000 2.0000
134 0.352657 -1.3000 2.2000
135 0.355173 -1.3000 2.4000
136 0.357582 -1.3000 2.6000
137 0.359900 -1.3000 2.8000
138 0.362092 -1.3000 3.0000
139 0.364180 -1.3000 3.2000
140 0.366159 -1.3000 3.4000
141 0.367759 -1.5000 -0.2000
142 0.368890 -1.5000 -0.4000
143 0.370818 -1.5000 0.0000
144 0.373051 -1.5000 0.2000
145 0.375464 -1.5000 0.4000
146 0.378036 -1.5000 0.6000
147 0.380711 -1.5000 0.8000
148 0.383501 -1.5000 1.0000
149 0.386236 -1.5000 1.2000
150 0.388979 -1.5000 1.4000
151 0.391734 -1.5000 1.6000
152 0.394424 -1.5000 1.8000
153 0.397052 -1.5000 2.0000
154 0.399574 -1.5000 2.2000
155 0.401980 -1.5000 2.4000
156 0.404339 -1.5000 2.6000
157 0.406595 -1.5000 2.8000
158 0.408731 -1.5000 3.0000
159 0.410783 -1.5000 3.2000
160 0.412768 -1.5000 3.4000
161 0.414242 -1.7000 -0.2000
162 0.415289 -1.7000 -0.4000
163 0.417109 -1.7000 0.0000
164 0.419240 -1.7000 0.2000
165 0.421517 -1.7000 0.4000
166 0.423967 -1.7000 0.6000
167 0.426525 -1.7000 0.8000
168 0.429133 -1.7000 1.0000
169 0.431799 -1.7000 1.2000
170 0.434371 -1.7000 1.4000
171 0.436982 -1.7000 1.6000
172 0.439558 -1.7000 1.8000
173 0.442066 -1.7000 2.0000
174 0.444529 -1.7000 2.2000
175 0.446879 -1.7000 2.4000
176 0.449100 -1.7000 2.6000
177 0.451262 -1.7000 2.8000
178 0.453326 -1.7000 3.0000
179 0.455289 -1.7000 3.2000
180 0.457159 -1.7000 3.4000
181 0.458605 -1.9000 -0.2000
182 0.459627 -1.9000 -0.4000
183 0.461396 -1.9000 0.0000
184 0.463382 -1.9000 0.2000
185 0.465548 -1.9000 0.4000
186 0.467835 -1.9000 0.6000
187 0.470222 -1.9000 0.8000
188 0.472693 -1.9000 1.0000
189 0.475205 -1.9000 1.2000
190 0.477671 -1.9000 1.4000
191 0.480192 -1.9000 1.6000
192 0.482619 -1.9000 1.8000
193 0.485028 -1.9000 2.0000
194 0.487385 -1.9000 2.2000
195 0.489647 -1.9000 2.4000
196 0.491821 -1.9000 2.6000
197 0.493899 -1.9000 2.8000
198 0.495893 -1.9000 3.0000
199 0.497776 -1.9000 3.2000
200 0.499589 -1.9000 3.4000
201 0.501532 0.1000 -0.2000
202 0.502883 0.1000 -0.4000
203 0.505286 0.1000 0.0000
204 0.507951 0.1000 0.2000
205 0.510908 0.1000 0.4000
206 0.513996 0.1000 0.6000
207 0.517244 0.1000 0.8000
208 0.520527 0.1000 1.0000
209 0.523852 0.1000 1.2000
210 0.527042 0.1000 1.4000
211 0.530325 0.1000 1.6000
212 0.533489 0.1000 1.8000
213 0.536557 0.1000 2.0000
214 0.539491 0.1000 2.2000
215 0.542298 0.1000 2.4000
216 0.545059 0.1000 2.6000
217 0.547652 0.1000 2.8000
218 0.550118 0.1000 3.0000
219 0.552411 0.1000 3.2000
220 0.554584 0.1000 3.4000
221 0.556543 0.3000 -0.2000
222 0.557866 0.3000 -0.4000
223 0.560207 0.3000 0.0000
224 0.562850 0.3000 0.2000
225 0.565785 0.3000 0.4000
226 0.568881 0.3000 0.6000
227 0.572096 0.3000 0.8000
228 0.575335 0.3000 1.0000
229 0.578573 0.3000 1.2000
230 0.581853 0.3000 1.4000
231 0.585078 0.3000 1.6000
232 0.588240 0.3000 1.8000
233 0.591252 0.3000 2.0000
234 0.594158 0.3000 2.2000
235 0.596987 0.3000 2.4000
236 0.599648 0.3000 2.6000
237 0.602212 0.3000 2.8000
238 0.604642 0.3000 3.0000
239 0.606932 0.3000 3.2000
240 0.609079 0.3000 3.4000
241 0.610956 0.5000 -0.2000
242 0.612271 0.5000 -0.4000
243 0.614580 0.5000 0.0000
244 0.617195 0.5000 0.2000
245 0.620062 0.5000 0.4000
246 0.623114 0.5000 0.6000
247 0.626280 0.5000 0.8000
248 0.629448 0.5000 1.0000
249 0.632659 0.5000 1.2000
250 0.635880 0.5000 1.4000
251 0.639030 0.5000 1.6000
252 0.642125 0.5000 1.8000
253 0.645161 0.5000 2.0000
254 0.648055 0.5000 2.2000
255 0.650804 0.5000 2.4000
256 0.653459 0.5000 2.6000
257 0.655968 0.5000 2.8000
258 0.658367 0.5000 3.0000
259 0.660690 0.5000 3.2000
260 0.662850 0.5000 3.4000
261 0.664717 0.7000 -0.2000
262 0.666045 0.7000 -0.4000
263 0.668310 0.7000 0.0000
264 0.670849 0.7000 0.2000
265 0.673671 0.7000 0.4000
266 0.676663 0.7000 0.6000
267 0.679751 0.7000 0.8000
268 0.682910 0.7000 1.0000
269 0.686105 0.7000 1.2000
270 0.689273 0.7000 1.4000
271 0.692409 0.7000 1.6000
272 0.695458 0.7000 1.8000
273 0.698426 0.7000 2.0000
274 0.701216 0.7000 2.2000
275 0.703951 0.7000 2.4000
276 0.706552 0.7000 2.6000
277 0.709046 0.7000 2.8000
278 0.711411 0.7000 3.0000
279 0.713675 0.7000 3.2000
280 0.715786 0.7000 3.4000
281 0.717639 0.9000 -0.2000
282 0.718877 0.9000 -0.4000
283 0.721087 0.9000 0.0000
284 0.723589 0.9000 0.2000
285 0.726300 0.9000 0.4000
286 0.729183 0.9000 0.6000
287 0.732189 0.9000 0.8000
288 0.735217 0.9000 1.0000
289 0.738280 0.9000 1.2000
290 0.741393 0.9000 1.4000
291 0.744448 0.9000 1.6000
292 0.747414 0.9000 1.8000
293 0.750330 0.9000 2.0000
294 0.753119 0.9000 2.2000
295 0.755783 0.9000 2.4000
296 0.758342 0.9000 2.6000
297 0.760800 0.9000 2.8000
298 0.763124 0.9000 3.0000
299 0.765325 0.9000 3.2000
300 0.767434 0.9000 3.4000
301 0.769236 1.1000 -0.2000
302 0.770427 1.1000 -0.4000
303 0.772555 1.1000 0.0000
304 0.774966 1.1000 0.2000
305 0.777648 1.1000 0.4000
306 0.780483 1.1000 0.6000
307 0.783361 1.1000 0.8000
308 0.786308 1.1000 1.0000
309 0.789280 1.1000 1.2000
310 0.792293 1.1000 1.4000
311 0.795292 1.1000 1.6000
312 0.798194 1.1000 1.8000
313 0.801059 1.1000 2.0000
314 0.803768 1.1000 2.2000
315 0.806335 1.1000 2.4000
316 0.808858 1.1000 2.6000
317 0.811247 1.1000 2.8000
318 0.813497 1.1000 3.0000
319 0.815625 1.1000 3.2000
320 0.817667 1.1000 3.4000
321 0.819387 1.3000 -0.2000
322 0.820561 1.3000 -0.4000
323 0.822639 1.3000 0.0000
324 0.824971 1.3000 0.2000
325 0.827480 1.3000 0.4000
326 0.830169 1.3000 0.6000
327 0.832936 1.3000 0.8000
328 0.835791 1.3000 1.0000
329 0.838680 1.3000 1.2000
330 0.841596 1.3000 1.4000
331 0.844439 1.3000 1.6000
332 0.847282 1.3000 1.8000
333 0.850042 1.3000 2.0000
334 0.852700 1.3000 2.2000
335 0.855237 1.3000 2.4000
336 0.857649 1.3000 2.6000
337 0.859993 1.3000 2.8000
338 0.862225 1.3000 3.0000
339 0.864333 1.3000 3.2000
340 0.866311 1.3000 3.4000
341 0.867936 1.5000 -0.2000
342 0.869058 1.5000 -0.4000
343 0.871042 1.5000 0.0000
344 0.873229 1.5000 0.2000
345 0.875609 1.5000 0.4000
346 0.878224 1.5000 0.6000
347 0.880893 1.5000 0.8000
348 0.883679 1.5000 1.0000
349 0.886439 1.5000 1.2000
350 0.889192 1.5000 1.4000
351 0.891909 1.5000 1.6000
352 0.894598 1.5000 1.8000
353 0.897180 1.5000 2.0000
354 0.899675 1.5000 2.2000
355 0.902160 1.5000 2.4000
356 0.904542 1.5000 2.6000
357 0.906804 1.5000 2.8000
358 0.908952 1.5000 3.0000
359 0.910963 1.5000 3.2000
360 0.912894 1.5000 3.4000
361 0.914391 1.7000 -0.2000
362 0.915460 1.7000 -0.4000
363 0.917336 1.7000 0.0000
364 0.919430 1.7000 0.2000
365 0.921748 1.7000 0.4000
366 0.924192 1.7000 0.6000
367 0.926761 1.7000 0.8000
368 0.929324 1.7000 1.0000
369 0.931953 1.7000 1.2000
370 0.934643 1.7000 1.4000
371 0.937230 1.7000 1.6000
372 0.939793 1.7000 1.8000
373 0.942319 1.7000 2.0000
374 0.944780 1.7000 2.2000
375 0.947149 1.7000 2.4000
376 0.949407 1.7000 2.6000
377 0.951629 1.7000 2.8000
378 0.953697 1.7000 3.0000
379 0.955653 1.7000 3.2000
380 0.957542 1.7000 3.4000
381 0.958980 1.9000 -0.2000
382 0.959962 1.9000 -0.4000
383 0.961711 1.9000 0.0000
384 0.963738 1.9000 0.2000
385 0.965911 1.9000 0.4000
386 0.968195 1.9000 0.6000
387 0.970566 1.9000 0.8000
388 0.973060 1.9000 1.0000
389 0.975548 1.9000 1.2000
390 0.978033 1.9000 1.4000
391 0.980520 1.9000 1.6000
392 0.982949 1.9000 1.8000
393 0.985375 1.9000 2.0000
394 0.987707 1.9000 2.2000
395 0.989978 1.9000 2.4000
396 0.992157 1.9000 2.6000
397 0.994246 1.9000 2.8000
398 0.996258 1.9000 3.0000
399 0.998133 1.9000 3.2000
400 1.000000 1.9000 3.4000
