0.000652 8.873580
0.001304 32.668600
0.001956 13.378300
0.002608 19.298500
0.003259 3.799870
0.003911 36.811000
0.004563 3.311410
0.005215 51.385800
0.005867 1.732350
0.006519 9.575130
0.007171 92.475400
0.007823 38.447800
0.008475 16.478200
0.009126 63.417800
0.009778 6.558600
0.010430 13.336400
0.011082 11.671100
0.011734 6.870920
0.012386 23.142200
0.017601 59.483000
0.018253 39.272100
0.018905 16.496200
0.019557 22.405500
0.020209 20.072500
0.020860 40.226600
0.021512 27.577100
0.022164 30.768400
0.022816 44.180700
0.023468 7.866240
0.024120 5.393300
0.024772 18.543600
0.044329 8.389800
0.044980 44.090500
0.045632 21.085800
0.046284 23.229700
0.062581 9.691900
0.063233 54.806300
0.063885 1.656060
0.064537 26.869400
0.065189 59.329800
0.065841 20.248200
0.066493 24.200000
0.067145 8.769160
0.067797 3.048730
0.068449 35.136800
0.069100 67.417800
0.069752 10.967800
0.070404 6.847130
0.071056 66.077100
0.071708 44.766000
0.072360 25.239600
0.073012 9.152490
0.073664 18.253000
0.074316 27.399100
0.074967 83.230500
0.075619 35.893500
0.076271 68.019400
0.076923 26.964000
0.077575 7.230190
0.082790 58.116000
0.083442 9.605110
0.084094 33.546900
0.088005 9.805800
0.088657 87.055400
0.089309 18.785800
0.089961 20.844500
0.090613 13.874400
0.091265 5.912570
0.091917 61.582500
0.092568 40.541600
0.093220 14.974500
0.093872 53.028400
0.094524 22.382200
0.095176 6.831880
0.095828 10.222900
0.096480 44.977600
0.097132 29.949600
0.097784 49.420900
0.098435 29.376200
0.099087 32.270400
0.099739 2.772040
0.102347 9.958660
0.102999 36.144200
0.103651 38.980800
0.104302 7.740300
0.104954 12.188500
0.105606 5.686660
0.106258 21.287700
0.106910 11.325400
0.107562 9.626010
0.108214 43.378100
0.108866 20.198200
0.109518 69.572500
0.110169 36.543000
0.110821 8.815030
0.111473 11.981500
0.112125 33.829700
0.112777 18.624800
0.113429 10.182800
0.114081 22.109200
0.114733 20.621100
0.115385 29.406900
0.116037 20.812400
0.116688 30.962600
0.117340 82.326500
0.117992 14.150700
0.118644 12.449100
0.119296 27.185500
0.119948 9.503230
0.120600 11.507100
0.121252 23.032300
0.121904 40.037500
0.122555 19.623500
0.123207 14.833400
0.127119 8.324900
0.127771 61.715800
0.128422 43.188800
0.129074 13.628500
0.129726 55.937300
0.130378 6.763690
0.131030 38.686800
0.131682 3.154840
0.132334 62.803600
0.132986 27.464600
0.133638 4.285620
0.134289 28.082000
0.134941 19.766400
0.135593 14.788000
0.136245 8.070700
0.136897 21.267000
0.137549 44.007700
0.138201 55.619600
0.138853 16.357300
0.139505 37.747000
0.140156 8.724500
0.140808 35.481300
0.141460 10.748400
0.142112 52.104800
0.142764 18.921200
0.143416 9.267410
0.144068 75.694400
0.144720 20.426100
0.145372 11.050400
0.146023 25.249000
0.146675 32.251600
0.147327 4.355650
0.147979 18.721100
0.148631 56.331900
0.149283 91.634000
0.149935 18.772500
0.150587 24.389700
0.151239 8.508090
0.151890 18.205300
0.152542 10.809800
0.153194 32.302100
0.153846 48.521400
0.154498 13.059400
0.155150 56.650800
0.155802 60.636000
0.156454 21.111400
0.157106 15.759100
0.157757 11.843400
0.158409 24.921100
0.159061 5.988960
0.159713 7.565020
0.160365 7.522930
0.161017 7.102210
0.161669 10.195100
0.162321 10.033100
0.162973 7.498640
0.163625 20.804700
0.164276 30.932800
0.164928 45.396600
0.165580 3.181070
0.166232 2.200630
0.166884 6.748740
0.167536 43.844300
0.168188 13.230200
0.168840 8.612660
0.169492 16.787600
0.170143 13.648600
0.170795 11.995000
0.171447 9.981400
0.172099 2.005890
0.172751 56.562600
0.173403 9.844620
0.174055 24.263600
0.174707 9.945950
0.175359 37.198200
0.176010 13.508700
0.176662 16.090900
0.177314 48.179800
0.177966 13.850200
0.178618 10.025400
0.179270 6.810840
0.179922 17.218600
0.180574 55.163800
0.181226 55.161100
0.181877 67.144300
0.182529 60.383900
0.183181 7.897780
0.183833 5.145110
0.184485 8.698780
0.185137 5.476790
0.185789 44.896700
0.186441 50.789200
0.187093 83.619900
0.187744 4.124420
0.188396 7.369090
0.189048 3.691050
0.191656 11.312900
0.192308 10.441200
0.192960 9.377710
0.193611 4.902400
0.194263 22.929400
0.194915 22.010200
0.195567 14.609200
0.196219 10.790700
0.196871 9.337610
0.197523 25.458900
0.198175 8.513960
0.198827 34.203300
0.199478 13.613000
0.200130 28.473700
0.200782 20.062900
0.201434 54.005100
0.202086 5.817470
0.202738 39.229300
0.203390 14.067600
0.204042 9.362000
0.204694 21.208000
0.205346 4.525180
0.205997 24.174400
0.206649 28.536500
0.207301 40.236900
0.207953 46.527600
0.208605 6.604330
0.209257 9.670500
0.209909 25.887700
0.210561 28.656500
0.211213 20.588700
0.211864 21.449500
0.212516 31.450900
0.213168 29.515000
0.213820 45.902900
0.214472 12.625900
0.215124 65.279500
0.215776 2.650910
0.216428 55.015800
0.217080 30.160100
0.217731 88.527400
0.218383 11.462900
0.219035 32.995900
0.219687 44.808400
0.220339 81.782300
0.220991 42.239700
0.221643 30.444200
0.222295 7.652370
0.222947 5.759530
0.223598 22.916000
0.224250 34.584700
0.224902 21.690000
0.225554 33.740800
0.226206 4.088930
0.226858 9.487820
0.227510 13.628700
0.228162 22.954400
0.228814 26.375300
0.229465 19.688700
0.230117 33.651600
0.230769 8.970480
0.231421 4.926460
0.232073 31.685100
0.232725 15.179700
0.233377 27.965200
0.234029 33.154300
0.234681 24.433800
0.235332 27.320500
0.235984 9.632300
0.236636 6.134600
0.237288 9.779810
0.237940 47.335300
0.238592 53.178700
0.239244 44.754500
0.239896 5.257050
0.240548 52.694300
0.241199 25.041800
0.241851 79.863700
0.242503 38.775200
0.243155 33.605000
0.243807 9.481430
0.244459 8.050430
0.245111 27.663400
0.245763 41.337000
0.246415 3.622930
0.247066 21.216400
0.247718 18.646900
0.248370 22.500000
0.249022 31.752400
0.249674 29.310300
0.250326 20.608600
0.250978 66.903800
0.251630 17.580000
0.252282 14.140100
0.252934 4.896040
0.253585 47.821200
0.254237 6.485050
0.254889 13.403900
0.255541 11.145900
0.256193 60.591300
0.256845 38.176800
0.257497 9.622560
0.258149 13.352400
0.258801 34.629900
0.259452 3.129630
0.260104 11.739100
0.260756 12.172700
0.261408 12.634200
0.262060 34.050000
0.262712 40.155600
0.263364 1.760550
0.264016 19.266600
0.264668 18.300800
0.265319 28.145000
0.265971 14.620200
0.266623 48.449100
0.267275 8.171250
0.267927 9.666510
0.268579 2.279830
0.269883 7.409500
0.270535 33.797700
0.271186 16.858000
0.271838 4.057160
0.272490 47.319600
0.273142 67.186300
0.273794 71.773600
0.274446 37.997200
0.275098 6.593270
0.275750 11.538800
0.276402 2.812510
0.277053 49.582000
0.277705 14.150900
0.278357 7.566150
0.279009 59.659600
0.279661 65.771200
0.280313 9.767010
0.280965 14.288600
0.281617 12.453500
0.282269 48.999100
0.282920 18.310100
0.283572 40.699900
0.284224 8.882970
0.284876 25.899400
0.285528 30.884300
0.286180 10.996600
0.286832 32.637900
0.287484 25.246900
0.288136 27.208800
0.288787 32.369900
0.289439 59.897300
0.290091 19.431500
0.290743 8.115490
0.291395 10.899400
0.292047 30.832300
0.292699 16.604400
0.293351 31.174600
0.294003 77.350800
0.294654 48.509200
0.295306 8.541520
0.295958 26.847000
0.296610 20.800800
0.297262 76.247500
0.297914 22.596600
0.298566 3.541380
0.299218 6.745050
0.299870 41.398900
0.300522 24.786800
0.301173 7.875220
0.301825 9.290970
0.302477 62.636900
0.303129 17.140100
0.303781 2.691270
0.304433 51.332200
0.305085 17.621500
0.305737 32.280800
0.306389 16.078000
0.307040 16.975800
0.307692 36.181400
0.308344 17.236200
0.308996 17.407300
0.309648 5.112660
0.310300 6.846960
0.310952 28.306900
0.311604 12.748400
0.312256 18.696600
0.312907 21.224400
0.313559 19.267400
0.314211 39.609400
0.314863 37.549700
0.315515 79.849400
0.316167 9.767360
0.316819 28.588800
0.317471 4.784310
0.318123 6.266560
0.318774 3.943690
0.319426 32.309600
0.320078 72.738000
0.320730 7.983770
0.321382 9.284080
0.322034 8.208230
0.322686 31.296300
0.323338 16.744400
0.323990 7.401290
0.324641 10.802200
0.325293 6.217320
0.325945 57.494500
0.326597 4.417770
0.327249 15.060300
0.327901 37.432300
0.328553 3.874140
0.329205 7.861110
0.329857 26.761900
0.330508 50.207400
0.331160 28.189300
0.331812 37.740600
0.332464 1.649490
0.333116 5.614800
0.333768 24.481700
0.334420 39.401100
0.335072 24.891500
0.335724 22.350900
0.336375 11.210000
0.337027 1.750310
0.337679 8.457310
0.338331 78.491000
0.338983 50.758900
0.339635 4.996590
0.340287 38.971400
0.340939 29.010400
0.341591 44.546000
0.342243 16.316700
0.342894 33.150600
0.343546 15.192100
0.344198 4.324740
0.344850 5.493500
0.345502 24.646000
0.346154 12.404500
0.346806 11.242600
0.347458 4.201460
0.348110 25.963300
0.348761 6.017260
0.349413 34.511800
0.350065 1.731450
0.350717 7.478740
0.351369 6.691220
0.352021 24.135700
0.352673 2.960970
0.353325 9.703150
0.353977 47.149300
0.354628 54.376300
0.355280 6.297200
0.355932 19.936300
0.356584 44.983000
0.357236 42.228500
0.357888 7.917240
0.358540 26.193900
0.359192 7.172850
0.359844 2.445830
0.360495 6.882740
0.361147 14.306600
0.361799 20.613400
0.362451 31.034700
0.363103 18.713900
0.363755 8.709210
0.364407 5.004780
0.365059 10.405900
0.365711 32.182200
0.366362 81.082600
0.367014 26.690900
0.367666 48.414000
0.368318 12.241400
0.368970 32.013000
0.369622 29.960500
0.370274 9.550220
0.370926 6.762860
0.371578 10.722900
0.372229 21.974100
0.372881 36.274500
0.373533 6.439420
0.374185 41.957900
0.374837 16.544300
0.375489 48.729100
0.376141 2.337070
0.376793 8.787320
0.377445 16.147500
0.378096 45.885000
0.378748 50.001000
0.379400 7.033180
0.380052 21.402300
0.380704 8.067320
0.381356 8.808920
0.382008 76.007400
0.382660 7.427290
0.383312 23.626900
0.383963 9.843240
0.384615 10.078500
0.385267 12.035900
0.385919 2.729530
0.386571 38.932900
0.387223 14.195900
0.387875 22.558600
0.388527 33.809000
0.389179 7.948200
0.389831 31.453600
0.390482 81.400600
0.391134 32.964500
0.391786 27.461800
0.392438 36.951300
0.393090 9.578810
0.393742 54.667300
0.394394 67.186900
0.395046 7.209200
0.395698 32.347000
0.396349 25.224700
0.397001 20.813400
0.397653 12.227500
0.398305 7.062610
0.398957 32.827100
0.399609 17.988300
0.400261 30.423900
0.400913 5.745950
0.401565 8.939870
0.402216 29.232600
0.402868 12.772900
0.403520 54.973900
0.404172 10.206600
0.404824 18.529700
0.405476 19.640600
0.406128 7.031220
0.406780 19.791600
0.407432 11.406300
0.408083 5.657030
0.408735 10.235400
0.409387 24.120200
0.410039 6.947690
0.410691 52.044300
0.411343 33.287300
0.411995 13.600900
0.412647 38.577300
0.413299 6.188070
0.413950 5.654400
0.414602 24.931000
0.415254 21.365700
0.415906 4.150200
0.416558 67.239300
0.417210 28.589800
0.417862 6.901800
0.418514 16.779700
0.419166 9.085620
0.419817 56.750800
0.420469 35.242200
0.421121 55.184800
0.421773 26.357700
0.422425 28.835900
0.423077 36.387100
0.423729 37.808000
0.424381 40.174600
0.425033 7.585620
0.425684 20.730500
0.426336 5.004650
0.426988 27.180900
0.427640 2.916610
0.428292 64.416600
0.428944 6.317340
0.429596 50.050200
0.430248 10.137200
0.430900 64.617100
0.431551 22.248000
0.432203 16.887100
0.432855 14.232100
0.433507 12.723200
0.434159 29.432700
0.434811 11.109200
0.435463 6.448400
0.436115 24.698500
0.436767 9.151170
0.437419 47.401200
0.438070 16.109200
0.438722 35.519600
0.439374 17.300100
0.440026 25.267100
0.440678 38.623900
0.441330 26.631900
0.441982 6.630740
0.442634 74.487300
0.443286 31.338000
0.443937 25.540800
0.444589 46.503000
0.445241 15.590000
0.445893 55.303000
0.446545 3.576190
0.447197 12.315500
0.447849 50.932300
0.448501 19.378400
0.449153 5.310090
0.449804 7.104610
0.450456 4.739740
0.451108 35.606800
0.451760 17.226900
0.452412 27.487200
0.453064 51.812000
0.453716 3.222740
0.454368 44.836900
0.455020 4.303900
0.455671 7.795990
0.456323 10.544100
0.456975 21.199400
0.457627 22.001000
0.458279 16.165900
0.458931 6.710640
0.459583 12.243200
0.460235 74.647600
0.460887 7.521550
0.461538 7.434740
0.462190 78.863500
0.462842 17.358000
0.463494 3.153600
0.464146 6.143860
0.464798 29.464000
0.465450 51.038800
0.466102 27.091100
0.466754 20.473400
0.467405 9.545790
0.468057 39.033900
0.468709 5.841760
0.469361 28.536700
0.470013 13.161100
0.470665 63.466500
0.471317 9.766640
0.471969 16.319600
0.472621 12.998000
0.473272 17.141000
0.473924 28.858700
0.474576 53.685100
0.475228 16.226700
0.475880 15.494300
0.476532 7.023670
0.477184 7.865360
0.477836 13.719500
0.478488 3.853970
0.479140 2.351890
0.479791 20.341700
0.480443 36.067100
0.481095 50.826000
0.481747 7.921090
0.482399 8.260830
0.483051 39.416000
0.483703 21.455700
0.484355 8.472160
0.485007 46.084000
0.485658 7.605090
0.486310 28.162000
0.486962 53.381400
0.487614 17.100700
0.488266 22.134700
0.488918 7.198870
0.489570 4.509330
0.490222 31.269400
0.490874 5.974230
0.491525 7.824030
0.492177 3.303380
0.492829 44.749600
0.493481 72.922100
0.494133 10.965700
0.494785 11.363100
0.495437 94.636100
0.496089 60.174100
0.496741 7.433430
0.497392 21.925300
0.498044 12.406200
0.498696 15.055900
0.499348 36.269000
0.500000 27.457700
0.500652 12.110800
0.501304 30.874700
0.501956 18.786300
0.502608 23.565600
0.503259 22.372300
0.503911 22.837400
0.504563 10.231000
0.505215 4.243510
0.505867 3.992180
0.506519 26.412800
0.507171 9.148200
0.507823 12.448200
0.508475 6.404940
0.509126 8.227400
0.509778 30.172200
0.510430 41.614700
0.511082 1.771410
0.511734 13.660500
0.512386 27.865300
0.513038 11.901100
0.513690 2.567580
0.514342 7.109700
0.514993 23.609000
0.515645 46.488900
0.516297 36.326700
0.516949 18.649700
0.517601 62.836800
0.518253 67.841600
0.518905 34.406200
0.519557 37.291400
0.520209 32.899100
0.520860 23.799300
0.521512 23.600700
0.522164 35.120400
0.522816 9.586980
0.523468 61.983800
0.524120 18.652400
0.524772 71.626600
0.525424 9.142220
0.526076 23.260700
0.526728 39.484400
0.527379 18.445700
0.528031 6.706730
0.528683 27.041800
0.529335 16.041300
0.529987 22.950300
0.530639 9.690470
0.531291 29.061600
0.531943 11.503200
0.532595 69.441700
0.533246 71.372400
0.533898 38.058400
0.534550 64.101600
0.535202 21.663700
0.535854 70.643200
0.536506 6.707540
0.537158 27.674200
0.537810 10.763400
0.538462 45.141500
0.539113 40.753500
0.539765 5.198730
0.540417 9.543950
0.541069 32.314700
0.541721 21.588300
0.542373 13.396900
0.543025 6.669220
0.543677 4.982330
0.544329 39.956500
0.544980 54.551800
0.545632 23.774600
0.546284 40.900400
0.546936 40.439700
0.547588 28.820900
0.548240 46.116400
0.550196 67.121200
0.550847 18.093800
0.551499 13.754800
0.552151 38.751300
0.552803 22.601100
0.553455 19.514800
0.554107 18.215800
0.554759 84.956100
0.555411 47.000700
0.556063 14.992100
0.556714 26.795400
0.557366 11.058600
0.558018 9.688390
0.558670 25.534700
0.559322 9.333130
0.559974 17.713600
0.560626 29.632200
0.561278 9.607310
0.561930 19.518500
0.562581 4.691930
0.563233 41.216600
0.563885 18.656700
0.564537 3.874760
0.565189 10.308200
0.565841 77.823800
0.566493 31.175900
0.567797 69.269400
0.568449 47.504900
0.569100 27.877200
0.569752 23.611200
0.570404 81.259300
0.571056 27.072000
0.571708 26.718100
0.572360 6.624450
0.573012 28.433500
0.573664 31.081900
0.574316 20.105600
0.574967 10.651700
0.575619 11.145300
0.576271 12.314300
0.576923 49.664900
0.577575 1.808960
0.578227 10.484500
0.578879 38.284300
0.579531 87.538900
0.580183 9.683250
0.580834 5.341790
0.581486 7.999610
0.582138 28.065000
0.582790 12.397700
0.583442 16.063400
0.584094 19.693900
0.584746 25.411400
0.585398 13.593700
0.586050 3.468110
0.586701 14.558200
0.587353 7.873410
0.588005 39.589700
0.588657 26.594500
0.589309 7.979250
0.589961 8.295450
0.590613 61.940000
0.591265 40.507900
0.591917 5.259340
0.592568 74.174700
0.593220 76.198500
0.593872 38.991000
0.594524 15.099100
0.595176 16.154200
0.595828 12.483900
0.596480 59.211900
0.597132 51.054100
0.597784 38.476500
0.598435 10.965800
0.599087 46.471900
0.599739 14.835400
0.600391 61.012500
0.601043 31.083500
0.601695 4.997430
0.602347 4.850390
0.602999 4.117660
0.603651 20.891100
0.604302 56.975800
0.604954 9.583840
0.605606 18.726600
0.606258 10.892000
0.606910 17.784400
0.607562 7.779040
0.608214 7.230750
0.608866 38.952200
0.609518 22.623600
0.610169 42.090400
0.610821 25.923900
0.611473 29.140100
0.612125 34.871800
0.612777 69.688600
0.613429 7.753680
0.614081 53.546200
0.614733 14.268600
0.615385 10.264800
0.616037 48.980000
0.616688 15.990800
0.617340 69.200400
0.617992 24.947100
0.618644 5.977870
0.619296 11.738700
0.619948 8.116450
0.620600 7.603420
0.621252 19.814500
0.621904 19.995300
0.622555 41.696300
0.623207 6.161780
0.623859 9.407080
0.624511 8.096870
0.625163 37.904500
0.625815 85.089200
0.626467 18.347400
0.627119 16.747600
0.627771 14.610400
0.628422 43.796700
0.629074 10.412100
0.629726 32.692600
0.630378 11.146600
0.631030 9.404940
0.631682 9.209700
0.632334 34.570300
0.632986 5.734430
0.633638 41.749100
0.634289 19.936100
0.634941 17.451300
0.635593 63.490200
0.636245 27.246900
0.636897 37.894100
0.637549 32.829900
0.638201 10.166900
0.638853 21.466600
0.639505 16.336100
0.640156 14.667900
0.640808 23.215100
0.641460 19.036600
0.642112 27.077800
0.642764 10.928000
0.643416 14.998700
0.644068 26.720100
0.644720 57.433600
0.645372 35.019200
0.646023 31.299000
0.646675 74.413200
0.647327 11.531400
0.647979 29.364300
0.648631 72.567200
0.649283 15.020400
0.649935 5.755140
0.650587 32.851500
0.651239 39.218500
0.651890 8.150520
0.652542 90.651800
0.653194 20.292000
0.653846 6.936980
0.654498 36.642100
0.655150 38.416500
0.655802 55.176700
0.656454 13.469700
0.657106 1.625460
0.657757 21.600600
0.658409 13.630000
0.659061 7.143470
0.659713 53.352000
0.660365 27.989500
0.661017 10.138400
0.661669 61.449600
0.662321 33.290000
0.662973 24.241000
0.663625 61.987200
0.664276 62.833100
0.664928 17.462400
0.665580 16.072600
0.666232 4.948160
0.666884 5.625530
0.667536 7.058750
0.668188 46.724900
0.668840 27.327400
0.669492 4.440720
0.670143 53.544900
0.670795 6.869160
0.671447 10.120900
0.672099 10.578000
0.672751 28.095400
0.673403 28.164400
0.674055 13.292100
0.674707 5.292750
0.675359 4.419870
0.676010 40.117800
0.676662 38.078000
0.677314 18.995000
0.677966 14.399000
0.678618 6.860200
0.679270 36.672700
0.679922 16.413100
0.680574 56.364200
0.681226 35.334200
0.681877 83.067500
0.682529 4.015000
0.683181 12.630200
0.683833 8.950060
0.684485 32.675400
0.685137 69.886200
0.685789 29.890800
0.686441 52.273200
0.687093 9.990330
0.687744 6.300310
0.688396 31.612900
0.689048 3.556690
0.689700 39.212200
0.690352 7.348910
0.691004 3.296030
0.691656 5.748840
0.692308 32.028700
0.692960 10.040100
0.693611 25.701300
0.694263 45.547600
0.694915 8.727290
0.695567 20.470700
0.696219 25.981600
0.696871 3.251490
0.697523 10.713400
0.698175 7.183050
0.698827 3.149690
0.699478 27.000900
0.700130 4.657560
0.700782 4.086980
0.701434 56.130000
0.702086 11.508400
0.702738 33.063200
0.703390 12.354800
0.704042 78.681300
0.704694 43.138400
0.705346 25.350000
0.705997 8.012040
0.706649 11.627400
0.707301 10.458600
0.707953 14.880500
0.708605 12.079600
0.709257 25.021700
0.709909 34.266600
0.710561 9.147800
0.711213 14.287100
0.711864 13.413300
0.712516 17.449900
0.713168 48.831900
0.713820 23.085800
0.714472 13.976300
0.715124 6.951800
0.715776 22.156200
0.716428 27.333200
0.717080 45.356300
0.717731 13.457900
0.718383 31.941100
0.719035 4.782190
0.719687 33.813000
0.720339 10.901800
0.720991 78.999300
0.721643 21.271700
0.722295 59.189500
0.722947 47.866000
0.723598 39.472500
0.724250 6.121880
0.724902 36.290100
0.725554 9.297550
0.726206 1.772950
0.726858 9.364530
0.727510 12.425500
0.728162 23.987900
0.728814 56.482800
0.729465 7.262040
0.730117 67.683200
0.730769 20.262700
0.731421 13.567100
0.732073 6.026940
0.732725 40.883300
0.733377 16.317200
0.734029 73.449800
0.734681 30.367300
0.735332 14.093100
0.735984 58.014300
0.736636 40.997300
0.737288 20.795100
0.737940 16.727900
0.738592 5.809000
0.739244 15.497500
0.739896 20.025200
0.740548 27.514200
0.741199 13.127400
0.741851 27.641000
0.742503 7.894040
0.743155 16.414200
0.743807 34.237600
0.744459 15.144400
0.745111 58.440500
0.745763 19.219400
0.746415 39.169200
0.747066 5.033210
0.747718 10.425000
0.748370 7.633100
0.749022 32.144400
0.749674 39.076500
0.750326 14.906200
0.750978 41.628800
0.751630 21.201400
0.752282 29.812200
0.752934 9.323120
0.753585 5.679170
0.754237 12.751700
0.754889 30.986600
0.755541 15.867300
0.756193 29.342700
0.756845 69.469300
0.757497 66.631800
0.758149 44.100900
0.758801 8.377310
0.759452 3.346470
0.760104 11.765500
0.760756 36.575900
0.761408 41.722400
0.762060 4.809750
0.762712 9.984940
0.763364 11.879000
0.764016 14.321100
0.764668 10.199700
0.765319 69.869100
0.765971 17.742600
0.766623 2.652800
0.767275 6.966540
0.767927 18.065900
0.768579 8.980180
0.769231 28.023800
0.769883 1.690200
0.770535 61.018400
0.771186 59.262600
0.771838 4.452130
0.772490 25.809600
0.773142 56.700200
0.773794 15.998600
0.774446 43.208900
0.775098 72.897300
0.775750 11.617000
0.776402 51.747000
0.777053 34.253700
0.777705 31.935900
0.778357 7.369080
0.779009 44.058400
0.779661 69.357900
0.780313 8.489140
0.780965 7.786990
0.781617 38.516400
0.782269 5.165210
0.782920 8.895430
0.783572 4.464440
0.784224 4.559270
0.784876 28.042200
0.785528 21.851900
0.786180 20.170100
0.786832 42.017400
0.787484 47.357700
0.788136 66.972000
0.788787 7.411830
0.789439 22.637000
0.790091 57.096200
0.790743 3.124790
0.791395 11.942800
0.792047 22.207100
0.792699 16.413000
0.793351 38.994400
0.794003 5.845840
0.794654 1.983260
0.795306 14.571600
0.795958 7.775350
0.796610 41.362700
0.797262 12.952600
0.797914 13.424000
0.798566 25.665300
0.799218 47.319700
0.799870 19.826600
0.800522 11.899700
0.801173 22.831000
0.801825 16.783300
0.802477 9.641580
0.803129 6.951160
0.803781 3.475660
0.804433 30.332500
0.805085 10.531400
0.805737 22.942500
0.806389 6.113890
0.807040 43.764500
0.807692 12.168600
0.808344 39.036400
0.808996 9.244850
0.809648 39.426500
0.810300 50.221000
0.810952 26.010300
0.811604 14.129700
0.812256 7.633980
0.812907 8.873160
0.813559 4.968040
0.814211 24.956900
0.814863 43.889500
0.815515 21.291100
0.816167 60.547100
0.816819 12.878700
0.817471 23.059300
0.818123 31.014100
0.818774 39.618300
0.819426 18.096400
0.820078 1.775590
0.820730 20.853900
0.821382 24.165200
0.822034 16.871300
0.822686 5.564020
0.823338 23.078700
0.823990 24.371300
0.824641 15.833800
0.825293 47.886600
0.825945 14.481700
0.826597 11.323600
0.827249 50.825200
0.827901 3.605690
0.828553 40.780800
0.829205 39.060800
0.829857 19.235600
0.830508 50.992200
0.831160 8.280870
0.831812 17.451700
0.832464 12.761600
0.833116 17.590600
0.833768 30.486700
0.834420 22.602300
0.835072 22.815600
0.835724 17.580300
0.836375 4.265600
0.837027 3.984560
0.837679 44.429600
0.838331 21.064700
0.838983 47.886700
0.839635 6.074260
0.840287 5.574120
0.840939 35.254600
0.841591 19.736400
0.842243 3.117720
0.842894 13.597600
0.843546 16.978100
0.844198 27.180400
0.844850 19.124000
0.845502 9.381730
0.846154 30.700800
0.846806 6.951750
0.847458 8.098050
0.848110 9.488020
0.848761 28.863000
0.849413 22.838600
0.850065 16.056400
0.850717 6.224730
0.851369 43.253300
0.852021 17.531200
0.852673 15.955400
0.853325 5.894720
0.853977 62.336000
0.854628 26.938900
0.855280 28.233300
0.855932 53.226800
0.856584 44.513100
0.857236 12.079800
0.857888 91.146800
0.858540 6.339970
0.859192 16.644300
0.859844 9.142850
0.860495 33.938100
0.861147 24.952900
0.861799 9.509200
0.862451 17.378000
0.863103 5.853530
0.863755 8.531190
0.864407 25.483100
0.865059 55.775500
0.865711 68.456100
0.866362 40.793700
0.867014 35.629700
0.867666 18.168100
0.868318 11.050000
0.868970 4.737990
0.869622 14.273800
0.870274 48.558700
0.870926 38.226700
0.871578 10.550800
0.872229 44.916200
0.872881 7.880900
0.873533 4.828060
0.874185 70.023100
0.874837 6.214890
0.875489 46.660700
0.876141 37.526800
0.876793 10.603400
0.877445 4.546470
0.878096 67.315400
0.878748 3.895560
0.879400 25.367300
0.880052 39.799600
0.880704 5.353550
0.881356 33.137100
0.882008 15.075500
0.882660 35.257800
0.883312 8.280680
0.883963 32.442100
0.884615 7.124840
0.885267 10.528700
0.885919 36.175700
0.886571 4.439430
0.887223 16.264300
0.887875 4.577610
0.888527 33.651800
0.889179 17.282500
0.889831 18.627700
0.890482 27.031300
0.891134 56.099900
0.891786 50.882400
0.892438 4.208230
0.893090 32.196900
0.893742 15.764700
0.894394 8.046450
0.895046 22.226300
0.895698 7.039900
0.896349 25.826700
0.897001 14.747000
0.897653 45.486700
0.898305 8.258170
0.898957 26.762300
0.899609 46.393900
0.900261 8.932030
0.900913 44.400100
0.901565 22.011100
0.902216 18.603300
0.902868 28.686800
0.903520 28.190300
0.904172 61.592500
0.904824 12.146500
0.905476 10.365300
0.906128 17.036700
0.906780 51.038300
0.907432 7.948250
0.908083 38.940500
0.908735 5.191160
0.909387 8.246430
0.910039 88.144200
0.910691 5.182420
0.911343 31.043400
0.911995 2.666770
0.912647 30.742900
0.913299 5.222300
0.913950 22.197600
0.914602 9.333070
0.915254 50.036500
0.915906 28.320800
0.916558 9.250370
0.917210 10.706200
0.917862 5.903820
0.918514 9.294160
0.919166 35.178100
0.919817 56.837600
0.920469 9.951310
0.921121 7.928810
0.921773 56.334800
0.922425 49.372300
0.923077 33.916500
0.923729 9.484460
0.924381 51.905600
0.925033 13.906600
0.925684 30.750700
0.926336 13.493600
0.926988 20.716000
0.927640 16.981700
0.928292 14.426400
0.928944 29.822000
0.929596 11.657000
0.930248 3.752660
0.930900 25.935300
0.931551 42.139100
0.932203 9.193360
0.932855 6.013180
0.933507 24.883200
0.934159 14.514700
0.934811 16.153800
0.935463 32.844900
0.936115 16.200800
0.936767 14.597100
0.937419 6.392040
0.938070 43.091700
0.938722 9.454480
0.939374 6.048230
0.940026 15.616500
0.940678 13.596900
0.941330 82.012000
0.941982 20.852000
0.942634 8.711260
0.943286 8.443530
0.943937 8.152770
0.944589 29.094300
0.945241 16.799400
0.945893 25.493700
0.946545 23.481400
0.947197 44.301600
0.947849 10.719900
0.948501 2.602900
0.949153 17.122700
0.949804 18.072900
0.950456 26.985600
0.951108 65.760000
0.951760 36.609100
0.952412 34.760600
0.953064 8.996450
0.953716 33.686200
0.954368 14.340500
0.955020 50.019400
0.955671 20.834500
0.956323 1.876750
0.956975 19.701900
0.957627 16.570000
0.958279 55.195700
0.958931 25.050500
0.959583 27.250600
0.960235 12.004200
0.960887 31.847200
0.961538 5.417120
0.962190 54.623800
0.962842 22.288600
0.963494 12.057600
0.964146 30.412500
0.964798 28.696000
0.965450 15.481300
0.966102 4.727590
0.966754 30.685600
0.967405 67.170600
0.968057 21.202200
0.968709 13.989900
0.969361 6.923710
0.970013 8.472510
0.970665 24.104400
0.971317 66.459700
0.971969 28.583900
0.972621 5.862890
0.973272 32.168500
0.973924 29.280100
0.974576 60.380800
0.975228 6.356130
0.975880 17.423200
0.976532 18.240600
0.977184 59.384800
0.977836 13.998900
0.978488 8.798380
0.979140 8.028380
0.979791 41.756300
0.980443 6.778630
0.981095 29.312700
0.981747 38.214300
0.982399 12.454500
0.983051 25.749100
0.983703 36.919100
0.984355 26.113400
0.985007 33.856500
0.985658 1.693780
0.986310 3.137830
0.986962 72.397600
0.987614 97.274000
0.988266 8.373770
0.988918 8.780300
0.989570 15.174600
0.990222 6.873460
0.990874 40.485800
0.991525 5.728420
0.992177 11.214400
0.992829 9.085380
0.993481 15.424500
0.994133 85.737100
0.994785 28.425200
0.995437 7.133880
0.996089 13.037500
0.996741 34.372300
0.997392 5.072130
0.998044 19.087800
0.998696 24.722800
0.999348 11.481400
1.000000 8.308650
