0.000223 13.273200
0.000447 13.458000
0.000670 8.820990
0.000893 19.348200
0.001116 4.115820
0.001340 28.528000
0.001563 20.524900
0.001786 35.635900
0.002009 6.466370
0.002233 28.366900
0.002456 9.646120
0.003349 9.945950
0.003572 30.732800
0.003795 53.881100
0.004019 23.008600
0.004242 4.934370
0.004465 26.855000
0.004689 5.191650
0.004912 5.887790
0.005135 5.498490
0.005358 10.945700
0.005582 4.879000
0.005805 17.723900
0.006028 8.058090
0.006251 7.142860
0.006475 8.669950
0.006698 44.408100
0.024113 8.389800
0.024336 3.298160
0.024559 18.102700
0.024782 23.269100
0.025006 24.225200
0.025229 15.354500
0.025452 9.239560
0.025675 7.807120
0.025899 44.609000
0.026122 9.380100
0.026345 17.007900
0.026568 9.292390
0.026792 6.532330
0.027015 8.697140
0.027238 21.933100
0.027461 47.575600
0.027685 14.466600
0.027908 68.395300
0.028131 37.321800
0.028355 2.862190
0.028578 42.916200
0.028801 18.469700
0.029024 3.676560
0.029248 42.816400
0.029471 65.229100
0.029694 50.684400
0.029917 18.209200
0.030141 16.715400
0.030364 34.155900
0.030587 50.672000
0.030810 10.946200
0.031034 19.834900
0.031257 67.220300
0.031480 52.877000
0.033936 67.417800
0.034159 5.359830
0.034383 17.275400
0.034606 5.808270
0.034829 24.076500
0.035052 19.940100
0.035276 21.212300
0.035499 27.198000
0.035722 14.212500
0.035946 16.269700
0.036169 14.018000
0.036392 12.056300
0.036615 13.923700
0.036839 6.602050
0.037062 6.225700
0.037285 6.174690
0.037508 44.882800
0.037732 28.892700
0.037955 2.928910
0.038178 83.642400
0.038401 19.659100
0.038625 28.921200
0.038848 91.923700
0.039071 87.680800
0.039294 52.847400
0.039518 35.899300
0.039741 11.638600
0.039964 9.838140
0.040188 13.658900
0.040411 51.459100
0.040634 14.664100
0.040857 75.749400
0.041081 36.747200
0.041304 7.547110
0.041527 17.867300
0.041750 40.332600
0.041974 3.275370
0.042197 13.402300
0.042420 72.258100
0.042643 27.260800
0.042867 27.072500
0.043090 38.537300
0.043313 35.164700
0.043537 32.341000
0.043760 12.861800
0.043983 22.365800
0.044206 60.645000
0.044430 15.775600
0.044653 76.512900
0.044876 27.874600
0.045099 14.672000
0.045323 25.179400
0.045546 9.221460
0.045769 30.186200
0.045992 12.681200
0.046216 24.492300
0.046439 19.947000
0.046662 7.388570
0.046885 42.988100
0.047109 6.209050
0.047332 39.300000
0.047555 15.641500
0.062514 9.691900
0.062737 52.447000
0.062960 8.607030
0.063184 16.567700
0.063407 8.493610
0.063630 8.618970
0.063854 12.742400
0.064077 11.797700
0.064300 2.852640
0.064523 13.453200
0.064747 68.681400
0.064970 64.790900
0.065193 18.939800
0.065416 3.119630
0.065640 52.327100
0.065863 18.204800
0.066086 45.618200
0.066309 42.134700
0.066533 41.550200
0.066756 42.409500
0.066979 19.590900
0.067203 16.893700
0.067426 58.059900
0.067649 12.193600
0.067872 6.775900
0.068096 10.721200
0.068319 23.078100
0.068542 8.654600
0.068765 26.466800
0.068989 28.258100
0.069212 6.617890
0.069435 14.788800
0.069658 5.985970
0.069882 8.281840
0.070105 34.894200
0.070328 45.528700
0.070551 36.997100
0.070775 58.082700
0.070998 12.433900
0.071221 40.316500
0.071445 40.810200
0.071668 7.408650
0.071891 7.850000
0.072114 8.440890
0.072338 26.740500
0.072561 20.993800
0.072784 32.175500
0.073007 22.046300
0.073231 21.844300
0.073454 3.986630
0.073677 8.989910
0.073900 43.490000
0.074124 10.708500
0.074347 1.877810
0.074570 28.141100
0.074793 15.396400
0.075017 68.660100
0.075240 7.255440
0.075463 76.023300
0.075687 8.178610
0.075910 21.583800
0.076133 7.296760
0.076356 29.563300
0.076580 21.945100
0.076803 7.718160
0.077026 40.002400
0.077249 33.030600
0.077473 33.864100
0.077696 20.263900
0.077919 29.642600
0.078142 9.060430
0.078366 27.446800
0.078589 68.416100
0.078812 31.049300
0.079035 35.125000
0.079259 4.397740
0.079482 28.671200
0.079705 33.190600
0.079929 9.614390
0.080152 7.924390
0.080375 12.422900
0.080598 21.367500
0.080822 36.001200
0.081045 20.050500
0.081268 10.251300
0.081491 3.019580
0.081715 21.108400
0.086626 9.958660
0.086850 21.121900
0.087073 34.030300
0.087296 10.421700
0.087520 71.466000
0.087743 8.743830
0.087966 30.170300
0.096673 59.483000
0.096897 60.852800
0.097120 57.637900
0.097343 12.894600
0.097566 9.127010
0.097790 17.764800
0.098013 38.637500
0.098236 29.883100
0.098459 23.083400
0.098683 2.547950
0.098906 27.059500
0.099129 22.688400
0.099353 17.915300
0.099576 28.306300
0.099799 35.262800
0.100022 11.211200
0.100246 14.743500
0.100469 43.115000
0.100692 56.116300
0.100915 26.475000
0.101139 8.176130
0.101362 6.913690
0.101585 6.106830
0.101808 10.801900
0.102032 43.710000
0.102255 25.623000
0.102478 16.023700
0.102701 22.238300
0.102925 24.854600
0.103148 12.038200
0.103371 62.870200
0.103595 19.638700
0.103818 19.202400
0.104041 6.813350
0.104264 10.305900
0.104488 34.415900
0.104711 12.260000
0.104934 52.193200
0.105157 7.611240
0.105381 30.503200
0.105604 14.417300
0.105827 9.635070
0.106050 10.196500
0.106274 53.123600
0.106497 12.702800
0.106720 31.627900
0.106944 40.391500
0.107167 52.079600
0.107390 10.978900
0.107613 6.539590
0.107837 36.137000
0.108060 3.225920
0.108283 16.152800
0.108506 17.642500
0.108730 45.212100
0.108953 49.945800
0.109176 15.338300
0.109399 25.456000
0.109623 66.001600
0.109846 7.394550
0.110069 13.308200
0.110292 10.809000
0.110516 4.901030
0.110739 18.901100
0.110962 38.733500
0.111186 71.197100
0.111409 75.709300
0.111632 6.995730
0.111855 6.178720
0.112079 24.000500
0.112302 78.521400
0.114311 9.805800
0.114534 57.096600
0.114758 23.205900
0.114981 39.616000
0.115204 41.652300
0.115428 45.634600
0.115651 3.542320
0.115874 10.156600
0.116097 21.761400
0.116321 7.215530
0.116544 20.326800
0.116767 3.443470
0.116990 17.766200
0.117214 7.323030
0.117437 26.982600
0.117660 37.629400
0.117883 3.225220
0.118107 20.224800
0.118330 13.145200
0.118553 11.829400
0.118777 53.309500
0.119000 16.229400
0.119223 7.769430
0.119446 4.517370
0.119670 7.657690
0.119893 9.901160
0.120116 9.794120
0.120339 39.384900
0.120563 1.735480
0.120786 24.866300
0.121009 3.624740
0.121232 47.861700
0.121456 42.371600
0.121679 19.778800
0.121902 10.436700
0.122125 26.667900
0.122349 37.720100
0.122572 10.805100
0.122795 58.579100
0.123019 42.069100
0.123242 93.293400
0.123465 5.499310
0.123688 31.248000
0.123912 8.018770
0.124135 33.903200
0.124358 31.653000
0.124581 20.092300
0.124805 11.938900
0.125028 26.577500
0.125251 66.450000
0.125474 12.756100
0.125698 19.586300
0.125921 8.619040
0.126144 16.320800
0.126367 26.935400
0.126591 7.550260
0.126814 67.768000
0.127037 43.764300
0.127261 32.054100
0.127484 44.245800
0.127707 6.109820
0.127930 17.171600
0.128154 16.642500
0.128377 10.934100
0.128600 15.697800
0.128823 15.406400
0.129047 2.100070
0.129270 11.193200
0.129493 66.743500
0.129716 10.900100
0.129940 22.094800
0.130163 8.328820
0.130386 54.901900
0.130610 23.533600
0.130833 19.484700
0.131056 66.649000
0.131279 34.510300
0.131503 14.028800
0.131726 48.417400
0.131949 4.727260
0.132172 9.251860
0.132396 9.347880
0.132619 30.040200
0.132842 72.468500
0.133065 7.204830
0.133289 5.199790
0.133512 68.597900
0.133735 45.133900
0.133958 73.295900
0.134182 19.469300
0.134405 23.800500
0.134628 79.043400
0.134852 14.285800
0.135075 47.682500
0.135298 22.729900
0.135521 22.347400
0.135745 9.116770
0.135968 5.124920
0.136191 8.310240
0.136414 14.792400
0.136638 45.160500
0.136861 10.719200
0.137084 19.261700
0.137307 57.189000
0.137531 6.646030
0.137754 51.300600
0.137977 21.840700
0.138200 19.369700
0.138424 23.480600
0.138647 37.835000
0.138870 38.916800
0.139094 15.815700
0.139317 32.914800
0.139540 53.599600
0.139763 89.751900
0.139987 38.977500
0.140210 23.803700
0.140433 23.337300
0.140656 36.038500
0.140880 6.513400
0.141103 2.807910
0.141326 19.232800
0.141549 21.163800
0.141773 4.496970
0.141996 27.233400
0.142219 21.673100
0.142443 5.167450
0.142666 20.841500
0.142889 67.417900
0.143112 4.966610
0.143336 32.416000
0.143559 63.686800
0.143782 4.933080
0.148694 58.116000
0.148917 83.524100
0.149140 36.938900
0.149364 14.950200
0.149587 9.860120
0.149810 9.200670
0.150033 24.962100
0.150257 13.598200
0.150480 6.978830
0.150703 18.763600
0.150927 24.346900
0.151150 9.648690
0.151373 63.444300
0.151596 58.899200
0.151820 9.491930
0.152043 9.530420
0.152266 38.975300
0.155169 8.324900
0.155392 17.901900
0.155615 6.487050
0.155838 5.700160
0.156062 29.214800
0.156285 10.192400
0.156508 20.522000
0.156731 7.088680
0.156955 5.681720
0.157178 1.657830
0.157401 34.888200
0.157624 6.801990
0.157848 25.192800
0.158071 33.598300
0.158294 33.175300
0.158518 20.530500
0.158741 15.488700
0.158964 9.829540
0.159187 12.368900
0.159411 48.985000
0.159634 5.745320
0.159857 8.268090
0.160080 35.860100
0.160304 27.918100
0.160527 19.790300
0.160750 4.093590
0.160973 34.852300
0.161197 2.295830
0.161420 16.234800
0.161643 4.896750
0.161866 6.691430
0.162090 16.687400
0.162313 12.683700
0.162536 7.431250
0.162760 14.243900
0.162983 24.528000
0.163206 43.668900
0.163429 34.991900
0.163653 16.765400
0.163876 23.553800
0.164099 63.936700
0.164322 30.300600
0.164546 9.724230
0.164769 11.344900
0.164992 76.770900
0.165215 9.106740
0.165439 18.076700
0.165662 80.870700
0.165885 38.233200
0.166109 56.247300
0.166332 6.948430
0.166555 26.508300
0.166778 6.920100
0.167002 10.952500
0.167225 18.182100
0.167448 2.991130
0.167671 1.750060
0.167895 1.807890
0.168118 49.618900
0.168341 3.964050
0.168564 6.449010
0.168788 12.088200
0.169011 37.699600
0.169234 5.696320
0.169457 4.056750
0.169681 10.421100
0.169904 6.303620
0.170127 18.771200
0.170351 12.037300
0.170574 4.939740
0.170797 5.005890
0.171020 4.539270
0.171244 6.966960
0.171690 11.058100
0.171913 4.576770
0.172137 7.569800
0.172360 44.827500
0.172583 25.452300
0.172806 38.724000
0.173030 4.229680
0.173253 20.787600
0.173476 14.168200
0.173699 21.998900
0.173923 18.099100
0.174146 19.239300
0.174369 14.592500
0.174593 17.684400
0.174816 21.669900
0.175039 2.897370
0.175262 46.120100
0.175486 2.997040
0.175709 18.215000
0.175932 13.140600
0.176155 27.429100
0.176379 11.290700
0.176602 93.112000
0.176825 18.560900
0.177048 21.903200
0.177272 36.774400
0.177495 12.197000
0.177718 21.899200
0.177942 24.979700
0.178165 51.644600
0.178388 25.283500
0.178611 11.805200
0.178835 27.826400
0.179058 5.824550
0.179281 1.798730
0.179504 23.100300
0.179728 6.695310
0.179951 90.258800
0.180174 52.046800
0.180397 61.978200
0.180621 88.140300
0.180844 22.938200
0.181067 16.294100
0.181290 15.817100
0.181514 7.395880
0.181737 27.766400
0.181960 23.169500
0.182184 34.058500
0.182407 4.431050
0.182630 5.945220
0.182853 14.368100
0.183077 10.172900
0.183300 25.829200
0.183523 50.262400
0.183746 84.491400
0.183970 15.145300
0.184193 10.957000
0.184416 25.509400
0.184639 18.475100
0.184863 8.309800
0.185086 39.459900
0.185309 77.613400
0.185532 6.033790
0.185756 1.832880
0.185979 29.960900
0.186202 17.225800
0.186426 10.099900
0.186649 38.834700
0.186872 42.378300
0.187095 10.503300
0.187319 23.683000
0.187542 21.995700
0.187765 20.656100
0.187988 27.892600
0.188212 68.948000
0.188435 5.629470
0.188658 35.476900
0.188881 6.762080
0.189105 12.629500
0.189328 37.236100
0.189551 30.511500
0.191114 11.312900
0.191337 21.685800
0.191561 7.095280
0.191784 28.351800
0.192007 18.276100
0.192230 19.178000
0.192454 10.470400
0.192677 37.087300
0.192900 13.107700
0.193123 66.218100
0.193347 25.410700
0.193570 22.061600
0.193793 8.190850
0.194017 65.866600
0.194240 16.743600
0.194463 25.852200
0.194686 26.893500
0.194910 45.885100
0.195133 40.378800
0.195356 11.657400
0.195579 43.131200
0.195803 15.146800
0.196026 19.582800
0.196249 14.215700
0.196472 17.739700
0.196696 25.499100
0.196919 54.133100
0.197142 7.968110
0.197365 11.177300
0.197589 18.588300
0.197812 53.271600
0.198035 19.781900
0.198259 18.383100
0.198482 12.295600
0.198705 86.969500
0.198928 45.576600
0.199152 5.167280
0.199375 5.895060
0.199598 42.189500
0.199821 6.084700
0.200045 76.899700
0.200268 5.183300
0.200491 2.197730
0.200714 61.130800
0.200938 17.615700
0.201161 24.626100
0.201384 9.073930
0.201608 80.777500
0.201831 16.310600
0.202054 16.001700
0.202277 5.072850
0.202501 12.322700
0.202724 7.146910
0.202947 6.059510
0.203170 20.370900
0.203394 70.907500
0.203617 8.428410
0.203840 4.456610
0.204063 4.526450
0.204287 28.442200
0.204510 33.145700
0.204733 31.408900
0.204956 4.603760
0.205180 20.279800
0.205403 16.496500
0.205626 10.967700
0.206296 67.121200
0.206519 38.133700
0.206743 10.077500
0.206966 13.111500
0.207412 9.621300
0.207636 15.241800
0.207859 42.537200
0.208082 16.244100
0.208305 4.334340
0.208529 26.490600
0.208752 7.089170
0.208975 18.481800
0.209198 10.703300
0.209422 38.192300
0.209645 4.123820
0.209868 7.017230
0.210092 42.604600
0.210315 25.178400
0.210538 10.275600
0.210761 50.901800
0.210985 3.608760
0.211208 39.865200
0.211431 70.369900
0.211654 25.270300
0.211878 17.595200
0.212101 30.399400
0.212324 4.410740
0.212547 29.240000
0.212771 10.412400
0.212994 59.903300
0.213217 18.280300
0.213441 2.668880
0.213664 45.993200
0.213887 64.766500
0.214110 15.590900
0.214334 40.746000
0.214557 76.244700
0.214780 4.215220
0.215003 17.504400
0.215227 62.336000
0.215450 20.255000
0.215673 36.923700
0.215896 58.635000
0.216120 38.840400
0.216343 8.388220
0.216566 13.393400
0.216789 18.855600
0.217013 64.570600
0.217236 9.670410
0.217459 21.084300
0.217683 11.190300
0.217906 26.588300
0.218129 26.940300
0.218352 26.333300
0.218576 8.893420
0.218799 64.792800
0.219022 66.220100
0.219245 21.387700
0.219469 13.388100
0.219692 20.297800
0.219915 14.737900
0.220138 46.072600
0.220362 8.828080
0.220585 7.315640
0.220808 37.924600
0.221031 20.418600
0.221255 35.342800
0.221478 5.274580
0.221701 59.894900
0.221925 11.099400
0.222148 8.779410
0.222371 6.905440
0.222594 5.132340
0.222818 3.839040
0.223041 7.705380
0.223264 38.760800
0.223487 5.373970
0.223711 44.966200
0.223934 15.442500
0.224157 35.884500
0.224380 14.350100
0.224604 8.402650
0.224827 19.600900
0.225050 1.776450
0.225273 6.811570
0.225497 44.885000
0.225720 38.956000
0.225943 7.731550
0.226167 8.489080
0.226390 54.729600
0.226613 40.423900
0.226836 1.658510
0.227060 34.518800
0.227283 75.577900
0.227506 7.803710
0.227729 1.632490
0.227953 77.837200
0.228176 7.665600
0.228399 33.938100
0.228622 15.449700
0.228846 3.132260
0.229069 35.949700
0.229292 25.908500
0.229516 33.826800
0.229739 85.519600
0.229962 8.725610
0.230185 8.163280
0.230409 51.919200
0.230632 65.593300
0.230855 45.956000
0.231078 10.726600
0.231302 4.142650
0.231525 15.637200
0.231748 40.468700
0.231971 21.558000
0.232195 40.079500
0.232418 15.251500
0.232641 17.129700
0.232864 14.793100
0.233088 36.073100
0.233311 15.591400
0.233534 8.195580
0.233758 7.065720
0.233981 13.520200
0.234204 10.343600
0.234427 20.070200
0.234651 21.258700
0.234874 35.970700
0.235097 7.613750
0.235320 21.943100
0.235544 27.444900
0.235767 65.432100
0.235990 13.379000
0.236213 7.912540
0.236437 32.906900
0.236660 24.621500
0.236883 45.858900
0.237106 30.059000
0.237330 1.808510
0.237553 4.628400
0.237776 24.579100
0.238000 28.594400
0.238223 5.108580
0.238446 12.387700
0.238669 66.085100
0.238893 18.393500
0.239116 14.247100
0.239339 52.392200
0.239562 34.429500
0.239786 5.810340
0.240009 9.768140
0.240232 53.744800
0.240455 20.543800
0.240679 34.985100
0.240902 8.037880
0.241125 26.243100
0.241349 10.554400
0.241572 18.695000
0.241795 46.262300
0.242018 4.553710
0.242242 14.948300
0.242465 49.072900
0.242688 8.297640
0.242911 8.724220
0.243135 33.570200
0.243358 13.612400
0.243581 10.382000
0.244028 1.678180
0.244251 29.700100
0.244474 4.019800
0.244697 49.755800
0.244921 25.492600
0.245144 21.778200
0.245367 29.492000
0.245591 34.176500
0.245814 10.120700
0.246037 16.577100
0.246260 7.409640
0.246484 9.849910
0.246707 2.447300
0.246930 83.126100
0.247153 22.130700
0.247377 5.010890
0.247600 3.750170
0.247823 14.732800
0.248046 77.087900
0.248270 7.598080
0.248493 2.953700
0.248716 6.199480
0.248939 30.985000
0.249163 27.322600
0.249386 41.906800
0.249609 25.910100
0.249833 6.990330
0.250056 81.515800
0.250279 47.815900
0.250502 13.712800
0.250726 26.838800
0.250949 59.265600
0.251172 18.630300
0.251395 21.268600
0.251619 5.300600
0.251842 10.823600
0.252065 50.773300
0.252512 22.348400
0.252735 22.865200
0.252958 36.209800
0.253182 7.745680
0.253405 19.187500
0.253628 16.827200
0.253851 65.608300
0.254075 50.288600
0.254298 39.420800
0.254521 5.915810
0.254744 16.536400
0.254968 55.984400
0.255191 25.748700
0.255414 4.062320
0.255637 24.802000
0.255861 32.430600
0.256084 64.766800
0.256307 59.000200
0.256530 22.031900
0.256754 4.850870
0.256977 36.470400
0.257200 6.783190
0.257424 25.453200
0.257647 67.408800
0.257870 14.801200
0.258093 69.553700
0.258317 15.977700
0.258540 5.837420
0.258763 34.300100
0.258986 30.916300
0.259210 9.276900
0.259433 36.453000
0.259656 23.892200
0.259879 12.191600
0.260103 19.889100
0.260326 36.663700
0.260549 20.307400
0.260772 32.256500
0.260996 53.465900
0.261219 8.653630
0.261442 7.438250
0.261666 4.008590
0.261889 6.014280
0.262112 15.473500
0.262335 4.943680
0.262559 48.600800
0.262782 40.954800
0.263005 57.148900
0.263228 30.309400
0.263452 20.938100
0.263675 7.498770
0.263898 45.622500
0.264121 4.527800
0.264345 12.312200
0.264568 21.216600
0.264791 27.616600
0.265015 6.756770
0.265238 69.913400
0.265461 19.959500
0.265684 56.204600
0.265908 50.577900
0.266131 37.860800
0.266354 23.378900
0.266577 16.596100
0.266801 37.209900
0.267024 16.319500
0.267247 31.009200
0.267470 51.164700
0.267694 29.880600
0.267917 20.475500
0.268140 45.621400
0.268363 7.109180
0.268587 4.651940
0.268810 11.792400
0.269033 18.301700
0.269257 53.175700
0.269480 13.146800
0.269703 4.689830
0.269926 21.282000
0.270150 42.340200
0.270373 11.066800
0.270596 24.557900
0.270819 36.987900
0.271043 54.521100
0.271266 53.932900
0.271489 5.621780
0.271712 55.128100
0.271936 2.773060
0.272159 7.871100
0.272382 33.081300
0.272605 6.375680
0.272829 17.680000
0.273052 36.513700
0.273275 9.142660
0.273499 29.949500
0.273722 34.981200
0.273945 17.244600
0.274168 67.502100
0.274392 10.008200
0.274615 4.653390
0.274838 21.637800
0.275061 21.698300
0.275285 22.708800
0.275508 56.436500
0.275731 21.221200
0.275954 25.007600
0.276178 1.792420
0.276401 9.941850
0.276624 56.268100
0.276848 15.043100
0.277071 15.963000
0.277294 20.684400
0.277517 15.806200
0.277741 10.656600
0.277964 13.952800
0.278187 6.435790
0.278410 14.724100
0.278634 10.623200
0.278857 27.170900
0.279080 45.123500
0.279303 42.295500
0.279750 10.593900
0.279973 60.846900
0.280196 14.112600
0.280420 21.397400
0.280643 2.938600
0.280866 4.510440
0.281090 37.960700
0.281313 32.388700
0.281536 13.371800
0.281759 17.562800
0.281983 10.385500
0.282206 16.105600
0.282429 19.509600
0.282652 70.979600
0.282876 9.019670
0.283099 8.742960
0.283322 19.163900
0.283545 6.299400
0.283769 34.235000
0.283992 41.396000
0.284215 22.557000
0.284438 20.908700
0.284662 11.102100
0.284885 28.407500
0.285108 16.052900
0.285332 40.524700
0.285555 4.503300
0.285778 32.037600
0.286001 40.676600
0.286448 32.685800
0.286671 26.422500
0.286894 18.876300
0.287118 20.074900
0.287341 9.671420
0.287564 52.490200
0.287787 15.764300
0.288011 22.569700
0.288234 21.048700
0.288457 3.630750
0.288681 7.065080
0.288904 60.394100
0.289127 47.386400
0.289350 3.846150
0.289574 78.898100
0.289797 82.058500
0.290020 18.132500
0.290243 25.886700
0.290467 5.767520
0.290690 9.465400
0.290913 43.452100
0.291136 8.184920
0.291360 19.382500
0.291583 5.672650
0.291806 10.183700
0.292029 28.476800
0.292253 31.298800
0.292476 47.242700
0.292699 22.010000
0.292923 16.256600
0.293146 14.423300
0.293369 79.460000
0.293592 17.250100
0.293816 55.045200
0.294039 21.791500
0.294262 24.367600
0.294485 6.789480
0.294709 8.341070
0.294932 67.784100
0.295155 4.758640
0.295378 71.437500
0.295602 59.334800
0.295825 17.245500
0.296048 19.161900
0.296271 38.548900
0.297388 69.269400
0.297611 35.885200
0.297834 17.788800
0.298058 32.746900
0.298281 27.449900
0.298504 21.430500
0.298727 8.973690
0.298951 16.838000
0.299174 11.783000
0.300290 9.509200
0.300514 64.081800
0.300737 52.106100
0.300960 28.684100
0.301183 31.325600
0.301407 28.293800
0.301630 15.568700
0.301853 6.827680
0.302076 7.467510
0.302300 8.204340
0.302523 12.404200
0.302746 28.661500
0.302969 9.648170
0.303193 33.685500
0.303416 2.126020
0.303639 9.368220
0.303862 36.318700
0.304086 8.430090
0.304309 29.824800
0.304532 20.937800
0.304756 17.487600
0.304979 26.381100
0.305202 9.685160
0.305425 9.801950
0.305649 42.337900
0.305872 35.112700
0.306095 25.155200
0.306318 11.905400
0.306542 19.068000
0.306765 11.871600
0.306988 44.131300
0.307211 8.876380
0.307435 29.154700
0.307658 8.507310
0.307881 4.622170
0.308104 17.042000
0.308328 7.340590
0.308551 11.309100
0.308774 17.991000
0.308998 14.475600
0.309221 9.951950
0.309444 16.347500
0.309667 25.728000
0.309891 10.956500
0.310114 52.335700
0.310337 14.497300
0.310560 36.659900
0.310784 34.007500
0.311007 4.468910
0.311230 9.054920
0.311453 27.364000
0.311677 19.285000
0.311900 8.187700
0.312123 10.631300
0.312347 45.408500
0.313463 7.409500
0.313686 18.783500
0.313909 51.492300
0.314133 26.152300
0.314356 6.335780
0.314579 51.841700
0.314802 15.835400
0.315026 20.380500
0.315249 39.675500
0.315472 16.788100
0.315695 22.082200
0.315919 30.504400
0.316142 3.892270
0.316365 8.705810
0.316589 57.127000
0.316812 29.619000
0.317035 23.093800
0.317258 9.883400
0.317482 28.112900
0.317705 14.125500
0.317928 3.651330
0.318151 3.574730
0.318375 13.606100
0.318598 9.251390
0.318821 17.772800
0.319044 12.340500
0.319268 21.481100
0.319491 48.141100
0.319714 7.968950
0.319937 9.614530
0.320161 36.900600
0.320384 84.620800
0.320607 19.819100
0.320831 5.311660
0.321054 11.225500
0.321277 82.222200
0.321500 31.190200
0.321724 4.787310
0.321947 11.771800
0.322170 9.850400
0.322393 21.782700
0.322617 9.521630
0.322840 4.515530
0.323063 4.684070
0.323286 11.381000
0.323510 15.324900
0.323733 57.899400
0.323956 9.465720
0.324180 73.691600
0.324403 7.680140
0.324626 10.162000
0.324849 7.928430
0.325073 53.566300
0.325296 7.229840
0.325519 96.145500
0.325742 51.705600
0.325966 21.414200
0.326189 7.112930
0.326412 25.110900
0.326635 2.101320
0.326859 13.877700
0.327082 11.520900
0.327305 18.341800
0.327528 38.515100
0.327752 56.710600
0.327975 20.659500
0.328198 3.180470
0.328422 56.940200
0.328645 35.747400
0.328868 4.577230
0.329091 54.233600
0.329315 35.589600
0.329538 4.847990
0.329761 16.458200
0.329984 56.864000
0.330208 30.823800
0.330431 15.301900
0.330654 18.937500
0.330877 31.096700
0.331101 5.820170
0.331324 4.101090
0.331547 5.328740
0.331770 5.002180
0.331994 1.782620
0.332217 4.828050
0.332440 68.202800
0.332664 23.972200
0.332887 23.626200
0.333110 8.486640
0.333333 9.064530
0.333557 10.145600
0.333780 1.786560
0.334003 22.327900
0.334226 11.033100
0.334450 44.350300
0.334673 20.945400
0.334896 15.046300
0.335119 40.121100
0.335343 73.112800
0.335566 38.583300
0.335789 11.040300
0.336013 2.674790
0.336236 22.105900
0.336459 7.593450
0.336682 22.561500
0.336906 18.435600
0.337129 4.256060
0.337352 20.613600
0.337575 7.304770
0.337799 7.937730
0.338022 33.554700
0.338245 28.163600
0.338468 20.336100
0.338692 69.790900
0.338915 35.495600
0.339138 9.324780
0.339361 3.590070
0.339808 1.772950
0.340031 53.715300
0.340255 13.419500
0.340478 13.233800
0.340701 82.899400
0.340924 23.369700
0.341148 16.358900
0.341371 12.041800
0.341594 14.698700
0.341817 6.598950
0.342041 5.328070
0.342264 4.163950
0.342487 10.897600
0.342710 12.693500
0.342934 28.338900
0.343157 51.307100
0.343380 13.621000
0.343603 43.892200
0.343827 41.438700
0.344050 55.143400
0.344273 55.449700
0.344497 40.077800
0.344720 14.641700
0.344943 73.555300
0.345166 10.839200
0.345390 5.995270
0.345613 20.754700
0.345836 3.097290
0.346059 23.117200
0.346283 34.853000
0.346506 7.077980
0.346729 9.336430
0.346952 17.952700
0.347176 20.563700
0.347399 45.771500
0.347622 24.426200
0.347846 9.538260
0.348069 16.335400
0.348292 9.212380
0.348515 11.664400
0.348739 54.326800
0.348962 7.388960
0.349185 58.679300
0.349408 77.704800
0.349632 40.649800
0.349855 16.320900
0.350078 45.908100
0.350301 8.171210
0.350525 16.602800
0.350748 37.811800
0.350971 40.202900
0.351194 45.181000
0.351418 18.382800
0.351641 56.301500
0.351864 50.750300
0.352088 28.179800
0.352311 39.204500
0.352534 46.015500
0.352757 9.087560
0.352981 32.661200
0.353204 58.120100
0.353427 69.179900
0.353650 26.917700
0.353874 22.774400
0.354097 6.999070
0.354320 17.647000
0.354543 19.002100
0.354767 26.475400
0.354990 24.901300
0.355213 6.944990
0.355436 23.454100
0.355660 5.050380
0.355883 8.562470
0.356106 4.928640
0.356330 6.477620
0.356553 31.651800
0.356776 18.156500
0.356999 5.380600
0.357223 21.585600
0.357446 46.663700
0.357669 29.919400
0.357892 8.301580
0.358116 33.419000
0.358339 10.833400
0.358562 6.351480
0.358785 5.669670
0.359009 14.941300
0.359232 14.873100
0.359455 19.543200
0.359678 39.308500
0.359902 9.224560
0.360125 10.903200
0.360348 10.188800
0.360572 88.671400
0.360795 32.462900
0.361018 9.066660
0.361241 48.777400
0.361465 31.385400
0.361688 12.352700
0.361911 29.251500
0.362134 42.445500
0.362358 31.983400
0.362581 18.854200
0.362804 40.135800
0.363027 9.279110
0.363251 11.075400
0.363474 31.020100
0.363697 59.173700
0.363921 11.573000
0.364144 69.871600
0.364367 14.336500
0.364590 3.862430
0.364814 28.496400
0.365037 25.295400
0.365260 57.669300
0.365483 12.827200
0.365707 4.337970
0.365930 6.973730
0.366153 43.169500
0.366376 15.515900
0.366600 8.451930
0.366823 14.628600
0.367046 8.332820
0.367269 8.699700
0.367493 34.336400
0.367716 13.107500
0.367939 2.396160
0.368163 15.721900
0.368386 47.246600
0.368609 11.311900
0.368832 6.678210
0.369056 69.242400
0.369279 53.979600
0.369502 5.097880
0.369725 7.537800
0.369949 31.832800
0.370172 84.932800
0.370395 10.198600
0.370618 13.912900
0.370842 26.507800
0.371065 5.225220
0.371288 8.305930
0.371511 61.699200
0.371735 7.299620
0.371958 18.830800
0.372181 44.400400
0.372405 10.196100
0.372628 78.004400
0.372851 75.234100
0.373074 35.484000
0.373298 19.479400
0.373521 41.884300
0.373744 64.669200
0.373967 17.879300
0.374191 47.765200
0.374414 13.390700
0.374637 33.472000
0.374860 29.720800
0.375084 3.132830
0.375307 6.904510
0.375530 4.200420
0.375754 18.983200
0.375977 33.718600
0.376200 36.366100
0.376423 56.580000
0.376647 6.687420
0.376870 5.127190
0.377093 5.086570
0.377316 69.307200
0.377540 74.238300
0.377763 19.506200
0.377986 7.162540
0.378209 7.871880
0.378433 38.024700
0.378656 15.419600
0.378879 19.125600
0.379102 21.418800
0.379326 15.069400
0.379549 25.451500
0.379772 21.802500
0.379996 8.262770
0.380219 2.135860
0.380442 22.390600
0.380665 15.167700
0.380889 68.714400
0.381112 35.200000
0.381335 18.286400
0.381558 8.398070
0.381782 42.049900
0.382228 11.085300
0.382451 9.558130
0.382675 9.857150
0.382898 46.367300
0.383121 19.080000
0.383344 7.987690
0.383568 18.877200
0.383791 8.785330
0.384014 13.874700
0.384238 31.115000
0.384461 10.105900
0.384684 22.638800
0.384907 8.165270
0.385131 18.649800
0.385354 8.916160
0.385577 39.339300
0.385800 35.288000
0.386024 69.443000
0.386247 29.938600
0.386470 27.850800
0.386693 33.353800
0.386917 37.924900
0.387140 24.647700
0.387363 7.390560
0.387587 4.776870
0.387810 14.377200
0.388033 94.234700
0.388256 19.042200
0.388480 40.051600
0.388703 2.104010
0.388926 22.631500
0.389149 13.448300
0.389373 15.754600
0.389596 23.860700
0.389819 37.949300
0.390042 6.273600
0.390266 7.777500
0.390489 29.500200
0.390712 12.254500
0.390935 25.562500
0.391159 24.889400
0.391382 21.312500
0.391605 55.336400
0.391829 50.299500
0.392052 27.234700
0.392275 8.129720
0.392498 27.375700
0.392722 49.156700
0.392945 16.921400
0.393168 27.711400
0.393391 1.644470
0.393615 12.380400
0.393838 10.034600
0.394061 41.507600
0.394284 4.834910
0.394508 58.093600
0.394731 16.366200
0.394954 10.077800
0.395177 32.354800
0.395401 43.066000
0.395624 1.785390
0.395847 6.143230
0.396071 13.231000
0.396294 39.160300
0.396517 38.677500
0.396740 62.532500
0.396964 8.947430
0.397187 23.846100
0.397410 34.996300
0.397633 49.253000
0.397857 27.058600
0.398080 2.810580
0.398303 15.691800
0.398526 68.115300
0.398750 40.886100
0.399196 10.015100
0.399420 44.214700
0.399643 17.655700
0.399866 5.532030
0.400089 15.323400
0.400313 15.214000
0.400536 3.722650
0.400759 3.097100
0.400982 74.024700
0.401206 20.069100
0.401429 16.280400
0.401652 3.362590
0.401875 8.328380
0.402322 14.848400
0.402545 6.753940
0.402768 6.897140
0.402992 9.101400
0.403215 25.542600
0.403438 40.894400
0.403662 6.380770
0.403885 64.568700
0.404108 12.646700
0.404331 16.033300
0.404555 82.622000
0.404778 12.734000
0.405001 18.181600
0.405224 10.262500
0.405448 60.319300
0.405671 25.465600
0.405894 51.900700
0.406117 5.063450
0.406341 15.667600
0.406564 25.738900
0.406787 52.547100
0.407010 13.480000
0.407234 23.889100
0.407457 20.479000
0.407680 52.627000
0.407904 12.755400
0.408127 18.009400
0.408350 18.617600
0.408573 33.420700
0.408797 27.543500
0.409020 11.684300
0.409243 26.447200
0.409466 6.985210
0.409690 4.582870
0.409913 19.076700
0.410136 14.103400
0.410359 27.251800
0.410583 10.643900
0.410806 6.847470
0.411029 7.499350
0.411253 36.736000
0.411476 19.093700
0.411699 18.837300
0.411922 56.660000
0.412146 11.232700
0.412369 6.319200
0.412592 38.580500
0.412815 10.556800
0.413039 2.882630
0.413262 33.027800
0.413485 20.445700
0.413708 16.692000
0.413932 19.248700
0.414155 8.411130
0.414378 67.288800
0.414601 7.438660
0.414825 7.641120
0.415048 9.100140
0.415271 10.495600
0.415495 30.852200
0.415718 62.893200
0.415941 9.986700
0.416164 8.904870
0.416388 31.961300
0.416611 33.907800
0.416834 12.636500
0.417057 30.576900
0.417281 21.349700
0.417504 27.492400
0.417727 42.355100
0.417950 11.165800
0.418174 23.377600
0.418397 7.005220
0.418620 5.103670
0.418843 21.240500
0.419067 87.203000
0.419290 58.933200
0.419513 88.313100
0.419737 18.379500
0.419960 25.403700
0.420183 36.889000
0.420406 11.817600
0.420630 1.685840
0.420853 4.003990
0.421076 12.795600
0.421299 17.717700
0.421523 14.641300
0.421746 9.489040
0.421969 36.493600
0.422192 13.368700
0.422416 49.832500
0.422639 36.532800
0.422862 28.939500
0.423086 4.011560
0.423309 6.240020
0.423532 8.369220
0.423755 7.864820
0.423979 63.366300
0.424202 41.080400
0.424425 10.004700
0.424648 57.172000
0.424872 23.822400
0.425095 45.560400
0.425318 3.608770
0.425541 7.773700
0.425765 21.921400
0.425988 19.332400
0.426211 36.500600
0.426434 23.889800
0.426658 28.966300
0.426881 40.914800
0.427328 69.529000
0.427551 3.498980
0.427774 11.610200
0.428221 23.311900
0.428444 8.944010
0.428667 40.849300
0.428890 5.290690
0.429114 18.681900
0.429560 16.134600
0.429783 22.747900
0.430007 27.220000
0.430230 6.938530
0.430453 10.144900
0.430676 4.999870
0.430900 13.376700
0.431123 5.841420
0.431346 7.545310
0.431570 23.891000
0.431793 8.658200
0.432016 22.544100
0.432239 12.871600
0.432463 48.693400
0.432686 5.014010
0.432909 5.439100
0.433132 28.101800
0.433356 5.188220
0.433579 20.493900
0.433802 52.149100
0.434025 25.432400
0.434249 57.972300
0.434472 9.590340
0.434695 5.134890
0.434919 14.805500
0.435142 2.380850
0.435365 21.088200
0.435588 5.005340
0.435812 74.384900
0.436035 10.674600
0.436258 33.198800
0.436481 14.747500
0.436705 7.041130
0.436928 20.816100
0.437151 7.333910
0.437374 5.515910
0.437598 5.650630
0.437821 5.800630
0.438044 6.367440
0.438267 41.890400
0.438491 13.204300
0.438714 26.608700
0.438937 36.336500
0.439161 29.869000
0.439384 33.932200
0.439607 87.141100
0.439830 3.998550
0.440054 23.117100
0.440277 27.800200
0.440500 32.116100
0.440723 10.481300
0.440947 47.977800
0.441170 1.820440
0.441393 20.614800
0.441616 57.450000
0.441840 19.581400
0.442063 8.297550
0.442286 59.380300
0.442509 11.240200
0.442733 47.055300
0.442956 3.765380
0.443179 23.326000
0.443403 12.836800
0.443626 14.789500
0.443849 8.304140
0.444072 51.998000
0.444296 39.146000
0.444519 66.175900
0.444742 9.228810
0.444965 36.648300
0.445189 48.173400
0.445412 39.783800
0.445635 10.864000
0.445858 4.969510
0.446082 20.697900
0.446305 20.131500
0.446528 2.647440
0.446752 31.584400
0.446975 9.454440
0.447198 40.282300
0.447421 2.408270
0.447645 52.986400
0.447868 40.984900
0.448091 69.081000
0.448314 8.547640
0.448538 11.996800
0.448761 12.296500
0.448984 6.187530
0.449207 24.004100
0.449431 20.474000
0.449654 46.435800
0.449877 15.490700
0.450100 14.866700
0.450324 18.117800
0.450547 7.818490
0.450770 10.150700
0.450994 18.481100
0.451217 7.529380
0.451440 6.062140
0.451663 20.234700
0.451887 37.947100
0.452110 21.189200
0.452333 14.751500
0.452556 34.158300
0.452780 15.939500
0.453003 5.086530
0.453226 27.532400
0.453449 16.189000
0.453673 42.703500
0.453896 14.919300
0.454119 69.460900
0.454342 8.797310
0.454566 23.337700
0.454789 39.288900
0.455012 31.294500
0.455236 37.505000
0.455459 41.963200
0.455682 56.745300
0.455905 23.786000
0.456129 15.251200
0.456352 59.625900
0.456575 21.823700
0.456798 10.152500
0.457022 40.949300
0.457245 52.750700
0.457468 78.300000
0.457691 8.794400
0.457915 5.087920
0.458138 24.513700
0.458361 20.124500
0.458585 49.246800
0.458808 40.661700
0.459031 9.255940
0.459254 14.558800
0.459478 12.948300
0.459701 31.305800
0.459924 10.676600
0.460147 26.638700
0.460371 9.466780
0.460594 26.071300
0.460817 9.668860
0.461040 6.163310
0.461264 20.138200
0.461487 5.883350
0.461710 20.145100
0.461933 20.516500
0.462157 11.322600
0.462380 63.021000
0.462603 8.463490
0.462827 13.304700
0.463050 38.316900
0.463273 49.399500
0.463496 5.520240
0.463720 26.398300
0.463943 4.387410
0.464166 39.847900
0.464389 30.098600
0.464613 16.043500
0.464836 9.872760
0.465059 17.590800
0.465282 36.113100
0.465506 27.119100
0.465729 25.814000
0.465952 9.011280
0.466175 33.989900
0.466399 37.715200
0.466622 17.847800
0.466845 5.328220
0.467069 33.588600
0.467292 29.986200
0.467515 2.102780
0.467738 11.885200
0.467962 8.958920
0.468185 4.260760
0.468408 26.748600
0.468631 3.492650
0.468855 22.980900
0.469078 15.209100
0.469301 42.885700
0.469524 40.668900
0.469748 27.731700
0.469971 22.835600
0.470194 4.863440
0.470418 49.673800
0.470641 27.456600
0.470864 9.825690
0.471087 13.102800
0.471311 18.101300
0.471534 4.868550
0.471757 9.485120
0.471980 39.416100
0.472204 25.029100
0.472427 29.405300
0.472650 10.466100
0.472873 22.885700
0.473097 51.417200
0.473320 73.644800
0.473543 9.205140
0.473766 29.017800
0.473990 26.173400
0.474213 17.304200
0.474436 4.770700
0.474660 23.333000
0.474883 46.537700
0.475106 33.501200
0.475329 49.124300
0.475553 10.012700
0.475776 22.674000
0.475999 33.111300
0.476222 9.258480
0.476446 48.734100
0.476669 10.271600
0.476892 24.608200
0.477115 33.515900
0.477339 9.984930
0.477562 10.402700
0.477785 20.939000
0.478008 7.370420
0.478232 3.996940
0.478455 71.272600
0.478678 59.214400
0.478902 9.141620
0.479125 18.952200
0.479348 44.108300
0.479571 13.961300
0.479795 13.903800
0.480018 46.998600
0.480241 18.257500
0.480464 9.253120
0.480688 9.782080
0.480911 44.938500
0.481134 28.111300
0.481357 30.131700
0.481581 12.572800
0.481804 5.775870
0.482027 11.794100
0.482251 7.447020
0.482474 9.614580
0.482697 41.570900
0.482920 20.155600
0.483144 6.229530
0.483367 17.422200
0.483590 3.178100
0.483813 40.675700
0.484037 37.167200
0.484260 24.961900
0.484483 8.445130
0.484706 20.398900
0.484930 61.369700
0.485153 5.313360
0.485376 33.754700
0.485599 3.674870
0.485823 34.581000
0.486046 60.082400
0.486269 21.492700
0.486493 26.606000
0.486716 17.484000
0.486939 6.835410
0.487162 17.226700
0.487386 18.735400
0.487609 9.158550
0.487832 7.788950
0.488055 58.149000
0.488279 25.179500
0.488502 4.208830
0.488725 16.386100
0.488948 14.375200
0.489172 47.009500
0.489395 10.825100
0.489618 8.549880
0.489841 19.415000
0.490065 26.437500
0.490288 69.273700
0.490511 47.604800
0.490735 20.509800
0.490958 7.823970
0.491181 11.105800
0.491404 69.561100
0.491628 74.923900
0.491851 33.064300
0.492074 84.221200
0.492297 29.259600
0.492521 40.319800
0.492744 32.714900
0.492967 1.803030
0.493190 9.362660
0.493414 5.537750
0.493637 30.727500
0.493860 37.769900
0.494084 10.121000
0.494307 57.084300
0.494530 3.874800
0.494753 9.731110
0.494977 87.967300
0.495200 43.451700
0.495423 5.689840
0.495646 4.271780
0.495870 7.617250
0.496093 60.972600
0.496316 17.208100
0.496539 16.057000
0.496763 39.937000
0.496986 62.511900
0.497209 9.696490
0.497432 16.238900
0.497656 30.871400
0.497879 6.865890
0.498102 34.704200
0.498326 8.262470
0.498549 5.549770
0.498772 53.155600
0.498995 17.789100
0.499219 5.320700
0.499442 8.162990
0.499665 34.006100
0.499888 40.503200
0.500112 16.788500
0.500335 26.340900
0.500558 21.302200
0.500781 59.127500
0.501005 36.038800
0.501228 8.346530
0.501451 8.230740
0.501674 6.818680
0.501898 7.666320
0.502121 78.042600
0.502344 29.145600
0.502568 31.546400
0.502791 19.313600
0.503014 5.926000
0.503237 9.883100
0.503461 7.488530
0.503684 8.219420
0.503907 15.585400
0.504130 9.567330
0.504354 27.204500
0.504577 15.823700
0.504800 5.656960
0.505023 57.728600
0.505247 34.470500
0.505470 31.062700
0.505693 26.349400
0.505916 17.147000
0.506140 33.355000
0.506363 5.528610
0.506586 67.921900
0.506810 5.338440
0.507033 15.424900
0.507256 64.107600
0.507479 63.228700
0.507703 74.426600
0.507926 4.831860
0.508149 14.493400
0.508372 27.139000
0.508596 6.448990
0.508819 8.173430
0.509042 9.447560
0.509265 8.886720
0.509489 7.838220
0.509712 42.115300
0.509935 52.643300
0.510159 25.608600
0.510382 13.589500
0.510605 23.241600
0.510828 31.661300
0.511052 8.658550
0.511275 10.962100
0.511498 10.019800
0.511721 3.453660
0.511945 8.445260
0.512168 7.800370
0.512391 14.789400
0.512614 51.642900
0.512838 13.783600
0.513061 6.911850
0.513284 24.158100
0.513507 7.346420
0.513731 29.220400
0.513954 4.131750
0.514177 63.107400
0.514401 22.838900
0.514624 11.005800
0.514847 45.948900
0.515070 12.249100
0.515294 40.623300
0.515517 25.769900
0.515740 36.277600
0.515963 6.668800
0.516187 5.636140
0.516410 27.643600
0.516633 17.737300
0.516856 26.438200
0.517080 29.225300
0.517303 4.038150
0.517526 7.502980
0.517749 22.147800
0.517973 10.767300
0.518196 8.076910
0.518419 18.440500
0.518643 21.647400
0.518866 22.699500
0.519089 80.706200
0.519312 35.099600
0.519536 67.667700
0.519759 14.743700
0.519982 5.589280
0.520205 66.296300
0.520429 20.861200
0.520652 10.006300
0.520875 26.416100
0.521098 72.068500
0.521322 35.275700
0.521545 18.597200
0.521768 39.454200
0.521992 18.348800
0.522215 11.849100
0.522438 17.089800
0.522661 37.004700
0.522885 6.384740
0.523108 7.736860
0.523331 24.943600
0.523554 52.371800
0.523778 45.590400
0.524001 3.954220
0.524224 4.738440
0.524447 34.208500
0.524671 13.875100
0.524894 17.277200
0.525117 6.408910
0.525340 6.385510
0.525564 21.846900
0.525787 25.631800
0.526010 65.088900
0.526234 4.204900
0.526457 39.410200
0.526680 25.481400
0.526903 13.949100
0.527127 3.705810
0.527350 14.324300
0.527573 5.597720
0.527796 3.414030
0.528020 7.151730
0.528243 12.605800
0.528466 46.755800
0.528689 30.941400
0.528913 5.301370
0.529136 13.271100
0.529359 35.413700
0.529582 7.932030
0.529806 8.627710
0.530029 16.966600
0.530252 15.222300
0.530476 19.372700
0.530699 56.027500
0.530922 38.379200
0.531145 38.191500
0.531369 52.955900
0.531592 17.004100
0.531815 27.306100
0.532038 22.057900
0.532262 6.832890
0.532485 33.117800
0.532708 7.871430
0.532931 15.966700
0.533155 10.441600
0.533378 35.293500
0.533601 41.402600
0.533825 59.496800
0.534048 4.692780
0.534271 17.786600
0.534494 19.073600
0.534718 9.765440
0.534941 11.135500
0.535164 11.944200
0.535387 51.558400
0.535611 6.056800
0.535834 11.232900
0.536057 29.366800
0.536280 6.718480
0.536504 49.448000
0.536727 63.131200
0.536950 65.262700
0.537173 9.025690
0.537397 4.838350
0.537620 55.864500
0.537843 8.274950
0.538067 9.596110
0.538513 29.170600
0.538736 10.545800
0.538960 29.038200
0.539183 19.114400
0.539406 20.004100
0.539629 5.171050
0.539853 5.317870
0.540076 58.294900
0.540299 53.117100
0.540522 25.500900
0.540746 43.231100
0.540969 45.969500
0.541192 49.505000
0.541415 15.941200
0.541639 19.581900
0.541862 26.554900
0.542085 38.507800
0.542309 17.678000
0.542532 22.863400
0.542755 30.591500
0.542978 36.037900
0.543202 15.972600
0.543425 59.021900
0.543648 19.901000
0.543871 30.903900
0.544095 43.859800
0.544318 31.280000
0.544541 7.316140
0.544764 36.593400
0.544988 30.618800
0.545211 28.918100
0.545434 31.553300
0.545658 28.645400
0.545881 14.821300
0.546104 19.621300
0.546327 39.689900
0.546551 46.724600
0.546774 17.561900
0.546997 34.872800
0.547220 60.722200
0.547444 33.114500
0.547667 45.439700
0.547890 7.296660
0.548113 34.546000
0.548337 46.194100
0.548560 42.391000
0.548783 28.720000
0.549006 4.138120
0.549230 9.197960
0.549453 27.626200
0.549676 16.634400
0.549900 7.471460
0.550123 80.438100
0.550346 3.211430
0.550569 11.345200
0.550793 9.952830
0.551016 23.049000
0.551239 23.583000
0.551462 50.786700
0.551686 3.150860
0.551909 9.749260
0.552132 20.441700
0.552355 61.681200
0.552579 36.720900
0.552802 26.439200
0.553025 44.071800
0.553248 7.564340
0.553472 21.828600
0.553695 12.164600
0.553918 20.513700
0.554142 16.232600
0.554365 18.049500
0.554588 21.470800
0.554811 12.871100
0.555035 18.986300
0.555258 4.177250
0.555481 13.311100
0.555704 6.049510
0.555928 56.568500
0.556151 6.925250
0.556374 28.073300
0.556597 4.649370
0.556821 9.508800
0.557044 44.496100
0.557267 32.762200
0.557491 17.208400
0.557714 3.597330
0.557937 7.959920
0.558160 54.882500
0.558384 21.372900
0.558607 10.528500
0.558830 8.100670
0.559053 43.662700
0.559277 9.587970
0.559500 32.848200
0.559723 12.873300
0.559946 13.566400
0.560170 43.173700
0.560393 7.882270
0.560616 18.216300
0.560839 32.095200
0.561063 4.936070
0.561286 6.636570
0.561509 46.153000
0.561733 7.473370
0.561956 7.688540
0.562179 36.976700
0.562402 6.949090
0.562626 60.300700
0.562849 1.707930
0.563072 22.138400
0.563295 9.032490
0.563519 9.976580
0.563742 7.193480
0.563965 8.888810
0.564188 30.574400
0.564412 13.999100
0.564635 22.196500
0.564858 4.310670
0.565081 49.554800
0.565305 15.719400
0.565528 47.333300
0.565751 4.224040
0.565975 38.315100
0.566198 2.966300
0.566421 25.155600
0.566644 25.663300
0.566868 24.277100
0.567091 8.105350
0.567314 9.497530
0.567537 18.783400
0.567761 17.425000
0.567984 4.777960
0.568207 21.087300
0.568430 54.975700
0.568654 7.690950
0.568877 39.135700
0.569100 7.342550
0.569324 3.754100
0.569547 39.167600
0.569770 22.511200
0.569993 18.134000
0.570217 10.242500
0.570440 30.004000
0.570663 8.402090
0.570886 3.595790
0.571110 7.576160
0.571333 9.979690
0.571556 32.667300
0.571779 37.399600
0.572003 44.888000
0.572226 8.418920
0.572449 5.895900
0.572672 15.065500
0.572896 8.545560
0.573119 16.324300
0.573342 65.778000
0.573566 29.489800
0.573789 36.411400
0.574012 5.797340
0.574235 30.940700
0.574459 24.726000
0.574682 13.971200
0.574905 9.161590
0.575128 34.483900
0.575352 43.217100
0.575575 10.241700
0.575798 8.243340
0.576021 55.151500
0.576245 6.575760
0.576468 8.752990
0.576691 17.876900
0.576914 6.916250
0.577138 10.664900
0.577361 17.172400
0.577584 35.353000
0.577808 7.174370
0.578031 21.234100
0.578254 5.198310
0.578477 25.002400
0.578701 17.490600
0.578924 53.361900
0.579147 24.881400
0.579370 11.364100
0.579594 5.046820
0.579817 14.477000
0.580040 17.312900
0.580263 13.416700
0.580487 32.247500
0.580710 73.512500
0.580933 22.166500
0.581157 71.277600
0.581380 18.666400
0.581603 65.414200
0.581826 5.498770
0.582050 21.840000
0.582273 9.897050
0.582496 54.042600
0.582719 9.263660
0.582943 8.345580
0.583166 23.763000
0.583389 57.053900
0.583612 59.597800
0.583836 32.623100
0.584059 17.997500
0.584282 7.885940
0.584505 23.098500
0.584729 36.604400
0.584952 12.635800
0.585175 9.231040
0.585399 14.723000
0.585622 29.844300
0.585845 22.496300
0.586068 6.644480
0.586292 30.217700
0.586515 29.744100
0.586738 5.937640
0.586961 54.279700
0.587185 20.868100
0.587408 6.234210
0.587631 16.205800
0.587854 35.200700
0.588078 4.756680
0.588301 6.056140
0.588524 36.949000
0.588747 9.356520
0.588971 82.483100
0.589194 28.354100
0.589417 7.054350
0.589641 9.149730
0.589864 48.407500
0.590087 19.946000
0.590310 14.148600
0.590534 16.131100
0.590757 9.540290
0.590980 34.835200
0.591203 7.922380
0.591427 68.786800
0.591650 6.439210
0.591873 6.284930
0.592096 54.971200
0.592320 17.538500
0.592543 8.414560
0.592766 47.653800
0.592990 34.961200
0.593213 53.173500
0.593436 6.893320
0.593659 8.515560
0.593883 14.002800
0.594106 55.541800
0.594329 6.742440
0.594552 13.699100
0.594776 58.910800
0.594999 4.798260
0.595222 10.886200
0.595445 18.781600
0.595669 7.742950
0.595892 85.693500
0.596115 59.501200
0.596338 29.612300
0.596562 19.033900
0.596785 9.481360
0.597008 13.027300
0.597232 10.799500
0.597455 7.893250
0.597678 28.883900
0.597901 37.628900
0.598125 8.982720
0.598348 29.491000
0.598571 43.702500
0.598794 30.083400
0.599018 16.215500
0.599241 18.583500
0.599464 21.378600
0.599687 34.416200
0.599911 9.624320
0.600134 50.058700
0.600357 19.810300
0.600580 9.717220
0.600804 43.654300
0.601027 23.459000
0.601250 14.151100
0.601474 16.210400
0.601697 38.264900
0.601920 7.906090
0.602143 23.500900
0.602367 11.486500
0.602590 54.683900
0.602813 20.399300
0.603036 10.277300
0.603260 13.739600
0.603483 33.139600
0.603706 43.075100
0.603929 9.861470
0.604153 6.317060
0.604376 31.561400
0.604599 6.276130
0.604823 36.738300
0.605046 32.926200
0.605269 36.698300
0.605492 39.523400
0.605716 78.917300
0.605939 6.184340
0.606162 9.660180
0.606385 47.062500
0.606609 24.329600
0.606832 29.553700
0.607055 15.120900
0.607278 73.855900
0.607502 43.440500
0.607725 3.965500
0.607948 8.378950
0.608171 13.613300
0.608395 6.536580
0.608618 26.819200
0.608841 7.410680
0.609065 80.451900
0.609288 82.420200
0.609511 3.449020
0.609734 29.698900
0.609958 11.333200
0.610181 14.068400
0.610404 11.161500
0.610627 14.282800
0.610851 9.410470
0.611074 5.760290
0.611297 9.675770
0.611520 3.673800
0.611744 19.199700
0.611967 55.632900
0.612190 14.959300
0.612413 22.952600
0.612637 35.048000
0.612860 8.222110
0.613083 19.557000
0.613307 44.707700
0.613530 21.480300
0.613753 6.588270
0.613976 7.712170
0.614200 9.010160
0.614423 9.292930
0.614646 15.752300
0.614869 45.193800
0.615093 9.050940
0.615316 86.087700
0.615539 30.043500
0.615762 6.731280
0.615986 29.915900
0.616209 46.615700
0.616432 39.475300
0.616656 20.648100
0.616879 23.549900
0.617102 16.242000
0.617325 57.590600
0.617549 3.189030
0.617772 36.914300
0.617995 23.679400
0.618218 17.773200
0.618442 5.744180
0.618665 41.768400
0.618888 17.846000
0.619111 2.892350
0.619335 51.911300
0.619558 39.156900
0.619781 7.142180
0.620004 7.410600
0.620228 39.879900
0.620451 37.242900
0.620674 22.259600
0.620898 30.673600
0.621121 89.017500
0.621344 28.138500
0.621567 7.889090
0.621791 20.291100
0.622014 6.394750
0.622237 73.867900
0.622460 42.629800
0.622684 8.385310
0.622907 34.479500
0.623353 13.963300
0.623577 45.756400
0.623800 80.375500
0.624023 7.618920
0.624246 33.317800
0.624470 24.456700
0.624693 49.358700
0.624916 18.533300
0.625140 16.531300
0.625363 15.005300
0.625586 42.822700
0.625809 4.910200
0.626033 2.830170
0.626256 27.047200
0.626479 9.459010
0.626702 29.285000
0.626926 6.687030
0.627149 7.003770
0.627372 28.462200
0.627595 29.847300
0.627819 72.627000
0.628042 10.489500
0.628265 25.286600
0.628489 8.670720
0.628712 18.209400
0.628935 87.268600
0.629158 60.723800
0.629382 3.551660
0.629605 27.136200
0.629828 7.769410
0.630051 9.747910
0.630275 7.807600
0.630498 7.278950
0.630721 13.687100
0.630944 25.649600
0.631168 59.736400
0.631391 21.520000
0.631614 9.578850
0.631837 58.695900
0.632061 59.024400
0.632284 44.442100
0.632507 23.248000
0.632731 9.048910
0.632954 19.067500
0.633177 9.719980
0.633400 9.050740
0.633624 13.760300
0.633847 25.147700
0.634070 21.135900
0.634293 40.827700
0.634517 7.561690
0.634740 66.663100
0.634963 9.608780
0.635186 9.076370
0.635410 13.908200
0.635633 2.576200
0.635856 14.185600
0.636079 61.910500
0.636303 4.950640
0.636526 45.063500
0.636749 15.546000
0.636973 36.840100
0.637196 12.486500
0.637419 44.876800
0.637642 1.774780
0.637866 3.901430
0.638089 28.275800
0.638312 29.890000
0.638535 16.836700
0.638759 5.048850
0.638982 22.034000
0.639205 30.727200
0.639428 22.230100
0.639652 28.000500
0.639875 25.605200
0.640098 23.294100
0.640322 27.348700
0.640545 9.977710
0.640768 8.133260
0.640991 83.046900
0.641215 5.953010
0.641438 37.472400
0.641661 5.398630
0.641884 13.003900
0.642108 29.743700
0.642331 33.591500
0.642554 4.916750
0.642777 4.963850
0.643001 6.583380
0.643224 44.885300
0.643447 25.132600
0.643670 19.902700
0.643894 59.210700
0.644117 10.538100
0.644340 7.410750
0.644564 6.978380
0.644787 8.175990
0.645233 52.758300
0.645457 32.739100
0.645680 6.543010
0.645903 9.793760
0.646126 18.051400
0.646350 28.534900
0.646573 24.777000
0.646796 4.343570
0.647019 3.403340
0.647243 27.418500
0.647466 80.815300
0.647689 52.471900
0.647912 6.082870
0.648136 29.770600
0.648359 20.458900
0.648582 10.445100
0.648806 19.962100
0.649029 45.351500
0.649252 85.158100
0.649475 8.649450
0.649699 33.804700
0.649922 30.370100
0.650145 8.049830
0.650368 22.115100
0.650592 33.027000
0.650815 34.741700
0.651038 17.975400
0.651261 22.331500
0.651485 45.686000
0.651708 17.969400
0.651931 19.997600
0.652154 21.405500
0.652378 42.512100
0.652601 6.828240
0.652824 71.455800
0.653048 25.784200
0.653271 32.715500
0.653494 39.255000
0.653717 17.022700
0.653941 9.215700
0.654164 40.669100
0.654387 3.332500
0.654610 3.142270
0.654834 16.203900
0.655057 56.755600
0.655280 22.117900
0.655503 9.693600
0.655727 8.055140
0.655950 20.131800
0.656173 27.963000
0.656397 74.450700
0.656620 47.380900
0.656843 5.149280
0.657066 3.437340
0.657290 67.817000
0.657513 26.755500
0.657736 20.278000
0.657959 16.497600
0.658183 28.042500
0.658406 3.864580
0.658629 42.629500
0.658852 53.112700
0.659076 54.284300
0.659299 14.686000
0.659745 29.391200
0.659969 7.933100
0.660192 10.553600
0.660415 33.125300
0.660639 6.157720
0.660862 21.897900
0.661085 7.094620
0.661308 13.983900
0.661532 3.210710
0.661755 26.812000
0.661978 17.838800
0.662201 46.866100
0.662425 10.167800
0.662648 70.126700
0.662871 3.470340
0.663094 42.796600
0.663318 7.284240
0.663541 4.085200
0.663764 3.207880
0.663987 5.268730
0.664211 21.809500
0.664434 20.687300
0.664657 17.673000
0.664881 33.304000
0.665104 21.238700
0.665327 22.437000
0.665550 11.034100
0.665774 7.077240
0.665997 6.755330
0.666220 37.995700
0.666443 15.260800
0.666667 16.726600
0.666890 47.142300
0.667113 12.916400
0.667336 20.651600
0.667560 24.995400
0.667783 66.073400
0.668006 59.069100
0.668230 25.445200
0.668453 21.786900
0.668676 62.796800
0.668899 17.178500
0.669123 8.705530
0.669346 51.220400
0.669569 24.201500
0.669792 4.911500
0.670016 51.825900
0.670239 16.723800
0.670462 78.866300
0.670685 64.324600
0.670909 18.546700
0.671132 15.015500
0.671355 41.641900
0.671578 10.534400
0.671802 11.277700
0.672025 75.563700
0.672248 20.761800
0.672472 34.247300
0.672695 5.478460
0.672918 51.895400
0.673141 33.864300
0.673365 16.477000
0.673588 6.218220
0.673811 30.306600
0.674034 24.918800
0.674258 60.202600
0.674481 21.121500
0.674704 14.716500
0.674927 8.867810
0.675151 33.630100
0.675374 31.247800
0.675597 16.760200
0.675820 21.243400
0.676044 7.513150
0.676267 9.009850
0.676490 14.306200
0.676714 8.242490
0.676937 58.353600
0.677160 9.526480
0.677383 45.891100
0.677607 95.857400
0.677830 38.985300
0.678053 38.821600
0.678276 5.145100
0.678500 29.567400
0.678723 13.670400
0.678946 55.077200
0.679169 50.656800
0.679393 58.157400
0.679616 10.773100
0.679839 17.551000
0.680063 37.625900
0.680286 69.349400
0.680509 26.563500
0.680732 7.883420
0.680956 22.351800
0.681179 8.588790
0.681402 28.227200
0.681625 20.271900
0.681849 29.501000
0.682072 9.009360
0.682295 45.653600
0.682518 65.924000
0.682742 17.593100
0.682965 10.206000
0.683188 30.336400
0.683411 57.140200
0.683635 30.890900
0.683858 48.910400
0.684081 1.685500
0.684305 44.983200
0.684528 40.918800
0.684751 2.971480
0.684974 8.668800
0.685198 12.998000
0.685421 6.594670
0.685644 11.436800
0.685867 45.164600
0.686091 13.513300
0.686314 54.622800
0.686537 15.237700
0.686760 21.454400
0.686984 5.107020
0.687207 16.741500
0.687430 13.931800
0.687653 67.943800
0.687877 26.270000
0.688100 24.967100
0.688323 20.351500
0.688547 20.131900
0.688770 16.122600
0.688993 15.292300
0.689216 51.690300
0.689440 17.141200
0.689663 13.118200
0.689886 8.210000
0.690109 39.825300
0.690333 22.320600
0.690556 30.189800
0.690779 48.023800
0.691002 6.701440
0.691226 11.677500
0.691449 7.220350
0.691672 45.449800
0.691896 6.678630
0.692119 15.267600
0.692342 26.544900
0.692565 12.798200
0.692789 32.737500
0.693012 5.658390
0.693235 23.909300
0.693458 37.609000
0.693682 9.025110
0.693905 72.760500
0.694128 18.867300
0.694351 48.414800
0.694575 33.218000
0.694798 27.729300
0.695021 42.100500
0.695244 4.074550
0.695468 11.180700
0.695691 17.995500
0.695914 61.978700
0.696138 9.307280
0.696361 9.717830
0.696584 9.608800
0.696807 4.300790
0.697031 23.409600
0.697254 7.297650
0.697477 15.967100
0.697700 31.730000
0.697924 7.070280
0.698147 38.734400
0.698370 35.554800
0.698593 8.738680
0.698817 7.484500
0.699040 59.406100
0.699263 17.069700
0.699486 8.675140
0.699710 74.759200
0.699933 6.831290
0.700156 4.349390
0.700380 2.240780
0.700603 48.943000
0.700826 8.153330
0.701049 40.980100
0.701273 2.332720
0.701496 9.415100
0.701719 10.514200
0.701942 34.283700
0.702166 16.227200
0.702389 42.062800
0.702612 9.542290
0.702835 5.842810
0.703059 51.356500
0.703282 27.318100
0.703505 28.432200
0.703729 17.343900
0.703952 13.542800
0.704175 16.071300
0.704398 21.813900
0.704622 4.876120
0.704845 18.373100
0.705068 10.944000
0.705291 51.977600
0.705515 17.684900
0.705738 47.740700
0.705961 50.523800
0.706184 3.597830
0.706408 86.625600
0.706631 8.037340
0.706854 7.113890
0.707077 69.572300
0.707301 58.764600
0.707524 9.912290
0.707747 13.740300
0.707971 12.135300
0.708194 65.624100
0.708417 9.839000
0.708640 17.158800
0.708864 11.023300
0.709087 6.082140
0.709310 61.628200
0.709533 24.728000
0.709757 13.189500
0.709980 38.546200
0.710203 26.986300
0.710426 27.296900
0.710650 9.706940
0.710873 62.002900
0.711096 15.939400
0.711319 9.277400
0.711543 18.992800
0.711766 53.950200
0.711989 9.573390
0.712213 4.930490
0.712436 14.749400
0.712659 19.185800
0.712882 17.883100
0.713106 12.623300
0.713329 4.583960
0.713552 29.182800
0.713775 39.177400
0.713999 35.246600
0.714222 34.212600
0.714445 7.693040
0.714668 14.716900
0.714892 8.674170
0.715115 13.501000
0.715338 23.543300
0.715562 25.448500
0.715785 25.381300
0.716008 5.618210
0.716231 42.253600
0.716455 62.465800
0.716678 40.946200
0.716901 11.383600
0.717124 19.305900
0.717348 17.628800
0.717571 17.906000
0.717794 9.961500
0.718017 45.204600
0.718241 23.825300
0.718464 17.444800
0.718687 18.704500
0.718910 9.821990
0.719134 7.085610
0.719357 17.038000
0.719580 38.569400
0.719804 36.617900
0.720027 22.077600
0.720250 9.535280
0.720473 28.337800
0.720697 25.614900
0.720920 5.675510
0.721143 15.028600
0.721366 11.092600
0.721590 40.221000
0.721813 5.754040
0.722036 7.788430
0.722259 73.757400
0.722483 19.582300
0.722706 5.153520
0.722929 8.679650
0.723152 8.516810
0.723376 11.361200
0.723599 7.764650
0.723822 24.312200
0.724046 33.486900
0.724269 10.581000
0.724492 36.376900
0.724715 23.947500
0.724939 72.281600
0.725162 30.461000
0.725385 29.242000
0.725608 39.649400
0.725832 8.318720
0.726055 6.845630
0.726278 7.776590
0.726501 43.937900
0.726725 19.261000
0.726948 17.429200
0.727171 11.348700
0.727395 24.185900
0.727618 19.970400
0.727841 22.140900
0.728064 23.723800
0.728288 20.057300
0.728511 27.287800
0.728734 46.869300
0.728957 24.883600
0.729181 39.714700
0.729404 16.675200
0.729627 64.357700
0.729850 45.184300
0.730074 37.296600
0.730297 5.355490
0.730520 29.725700
0.730743 77.808100
0.730967 12.640300
0.731190 2.104320
0.731413 55.215700
0.731637 27.140300
0.731860 11.343500
0.732083 77.410900
0.732306 19.637800
0.732530 76.613700
0.732753 46.588100
0.732976 26.536300
0.733199 26.285500
0.733423 17.674500
0.733646 5.950100
0.733869 5.529240
0.734092 17.635700
0.734316 37.080600
0.734539 58.005100
0.734762 19.351000
0.734985 31.009000
0.735209 27.670300
0.735432 26.053400
0.735655 20.523900
0.735879 11.229300
0.736325 12.843100
0.736548 25.134500
0.736772 30.055800
0.736995 39.294100
0.737218 20.040600
0.737441 22.602400
0.737665 5.828400
0.737888 41.998600
0.738111 45.719700
0.738334 76.392100
0.738558 18.217900
0.738781 78.210000
0.739004 53.940700
0.739228 15.610900
0.739451 6.716340
0.739674 4.899310
0.739897 15.663200
0.740121 16.704100
0.740344 7.913970
0.740567 9.946690
0.740790 8.147660
0.741014 58.398400
0.741237 46.454500
0.741460 14.010700
0.741683 7.020700
0.741907 19.360500
0.742130 8.366960
0.742353 8.459430
0.742576 22.462700
0.742800 6.603030
0.743023 5.518780
0.743246 44.791600
0.743470 41.219100
0.743693 39.311500
0.743916 9.617660
0.744139 24.782800
0.744363 11.189300
0.744586 2.588900
0.744809 8.153980
0.745032 29.330300
0.745256 19.442300
0.745479 7.471850
0.745702 4.779130
0.745925 18.202200
0.746149 51.639500
0.746372 52.394000
0.746595 52.715600
0.746818 19.988800
0.747042 7.526470
0.747265 29.674300
0.747488 37.599100
0.747712 46.579400
0.747935 24.077500
0.748158 10.435600
0.748381 29.825200
0.748605 33.058700
0.748828 21.807000
0.749051 18.108800
0.749274 20.024900
0.749498 28.816900
0.749721 9.814790
0.749944 14.576900
0.750167 11.761500
0.750391 60.881300
0.750614 17.501500
0.750837 67.714900
0.751061 82.696600
0.751284 32.319800
0.751507 10.578000
0.751730 30.653200
0.751954 3.606580
0.752177 5.701410
0.752400 5.770990
0.752623 10.292700
0.752847 45.527700
0.753070 46.793700
0.753293 16.881700
0.753516 21.533800
0.753740 14.147000
0.753963 8.114380
0.754186 30.969200
0.754409 22.242600
0.754633 78.519100
0.754856 23.282300
0.755079 35.845000
0.755303 18.179600
0.755526 4.218870
0.755749 46.661300
0.755972 17.479900
0.756196 30.479900
0.756419 57.701600
0.756642 31.507400
0.756865 26.472800
0.757089 7.411720
0.757312 24.101400
0.757535 46.980700
0.757758 3.864520
0.757982 35.035200
0.758205 11.490700
0.758428 6.629180
0.758651 51.174200
0.758875 25.545700
0.759098 4.248470
0.759321 33.751700
0.759545 22.871800
0.759768 19.459400
0.759991 15.349000
0.760214 27.314500
0.760438 9.182760
0.760661 8.795010
0.760884 10.505800
0.761107 7.232400
0.761331 9.908410
0.761554 50.226900
0.761777 18.309300
0.762000 7.303180
0.762224 63.488000
0.762447 45.161100
0.762670 41.680100
0.762894 51.897900
0.763117 9.832970
0.763340 68.734600
0.763563 7.757590
0.763787 20.009300
0.764010 8.798680
0.764233 71.309400
0.764456 5.210240
0.764680 27.717400
0.764903 73.478400
0.765126 18.629100
0.765349 23.035100
0.765573 14.507100
0.765796 7.266310
0.766019 43.043600
0.766242 41.134700
0.766466 12.967500
0.766689 7.543650
0.766912 8.990250
0.767136 16.364200
0.767359 8.415960
0.767582 52.631400
0.767805 14.627300
0.768029 38.867000
0.768252 61.057300
0.768475 45.342200
0.768698 1.718430
0.768922 50.857800
0.769145 54.516700
0.769368 11.785200
0.769591 17.013800
0.769815 37.941500
0.770038 44.972900
0.770261 18.237700
0.770484 54.798100
0.770708 3.977470
0.770931 29.368700
0.771154 11.987500
0.771378 18.431800
0.771601 25.950300
0.771824 36.422700
0.772047 23.794400
0.772271 4.385930
0.772494 75.360800
0.772717 16.800800
0.772940 7.933520
0.773164 31.056500
0.773387 43.775600
0.773610 49.990100
0.773833 9.303530
0.774057 3.654340
0.774280 29.944000
0.774503 11.740500
0.774727 39.797700
0.774950 13.215300
0.775173 23.734800
0.775396 6.851180
0.775620 6.737240
0.775843 40.798600
0.776066 50.925800
0.776289 9.129510
0.776513 5.626290
0.776736 14.327800
0.776959 22.956500
0.777182 10.056100
0.777406 9.239180
0.777629 7.517970
0.777852 29.604700
0.778075 8.917030
0.778299 18.923300
0.778522 22.993800
0.778745 19.308100
0.778969 14.406200
0.779192 39.077500
0.779415 12.823000
0.779638 20.624700
0.779862 13.187800
0.780085 78.102000
0.780308 95.801500
0.780531 35.605200
0.780755 49.691700
0.780978 10.795000
0.781201 25.345200
0.781424 38.345500
0.781648 30.021600
0.781871 38.058500
0.782094 22.208000
0.782317 8.433740
0.782541 15.926800
0.782764 54.142300
0.782987 10.732900
0.783211 12.857700
0.783434 9.699370
0.783657 4.744670
0.783880 16.759500
0.784104 29.619800
0.784327 41.571000
0.784550 9.958550
0.784773 11.558600
0.784997 6.985380
0.785220 18.011300
0.785443 43.375500
0.785666 6.347340
0.785890 5.994440
0.786113 29.939400
0.786336 27.193400
0.786559 7.039420
0.786783 38.971100
0.787006 5.172650
0.787229 12.910500
0.787453 34.027400
0.787676 26.933300
0.787899 20.966700
0.788122 4.338480
0.788346 2.529770
0.788569 38.961400
0.788792 32.587400
0.789015 13.925500
0.789239 30.881400
0.789462 16.645100
0.789685 12.171400
0.789908 8.071050
0.790132 25.779000
0.790355 6.500150
0.790578 73.820800
0.790802 8.656440
0.791025 36.166400
0.791248 8.488870
0.791471 10.875400
0.791695 53.062600
0.791918 29.804400
0.792141 73.804400
0.792364 33.550800
0.792588 17.368600
0.792811 20.749600
0.793034 42.549100
0.793257 21.941300
0.793481 80.052200
0.793704 13.301100
0.793927 34.912300
0.794150 9.300510
0.794374 19.150800
0.794597 55.013100
0.794820 7.280820
0.795044 31.037800
0.795267 17.138700
0.795490 24.548400
0.795713 11.864300
0.795937 34.398900
0.796160 43.487400
0.796383 24.387700
0.796606 1.735580
0.796830 18.176300
0.797053 64.859400
0.797276 19.639900
0.797499 5.623860
0.797723 27.812700
0.797946 36.865100
0.798169 29.898700
0.798392 5.619450
0.798616 11.650500
0.798839 27.078300
0.799062 25.242800
0.799286 25.133400
0.799509 24.173000
0.799732 28.934900
0.799955 6.399890
0.800179 28.341300
0.800402 20.681600
0.800625 10.388000
0.800848 92.251600
0.801072 35.645200
0.801295 16.427200
0.801518 47.637500
0.801741 14.661100
0.801965 33.197900
0.802188 52.034900
0.802411 11.415300
0.802635 58.331500
0.802858 47.141100
0.803081 6.862080
0.803304 7.223340
0.803528 24.146100
0.803751 16.318800
0.803974 45.478500
0.804197 12.066200
0.804421 10.705100
0.804644 23.728100
0.804867 41.732200
0.805090 16.226900
0.805314 8.577640
0.805537 17.620100
0.805760 23.084400
0.805983 36.541600
0.806207 11.390000
0.806430 8.220390
0.806653 28.101300
0.806877 41.669200
0.807100 17.091000
0.807323 3.174920
0.807546 92.141500
0.807770 32.506400
0.807993 1.768910
0.808216 6.854240
0.808439 23.316700
0.808663 5.401680
0.808886 51.202500
0.809109 8.959500
0.809332 68.265300
0.809556 31.005800
0.809779 66.801800
0.810002 6.791460
0.810225 13.719100
0.810449 4.116070
0.810672 5.204590
0.810895 11.161200
0.811119 12.231100
0.811342 23.843100
0.811565 30.634900
0.811788 39.522600
0.812012 33.970900
0.812235 34.841500
0.812458 76.998500
0.812681 52.175100
0.812905 34.870200
0.813128 22.176300
0.813351 17.842600
0.813574 8.183500
0.813798 3.122420
0.814021 27.635600
0.814244 65.269400
0.814468 71.086200
0.814691 5.241740
0.814914 49.361600
0.815137 42.264500
0.815361 8.717970
0.815584 80.934100
0.815807 5.079660
0.816030 15.694100
0.816254 29.654700
0.816477 30.418000
0.816700 26.579300
0.816923 3.371960
0.817147 1.497400
0.817370 44.407400
0.817593 45.226100
0.817816 37.569000
0.818040 14.311600
0.818263 16.300200
0.818486 31.926300
0.818710 22.905500
0.818933 27.625900
0.819156 8.268890
0.819379 6.982760
0.819603 31.161300
0.819826 21.995800
0.820049 27.112600
0.820272 22.030100
0.820496 41.823700
0.820719 10.928700
0.820942 5.788870
0.821165 37.094900
0.821389 24.668000
0.821612 5.961770
0.821835 15.719600
0.822058 32.663900
0.822282 8.058600
0.822505 11.800300
0.822728 50.046700
0.822952 3.370270
0.823175 7.703340
0.823398 1.663590
0.823621 7.997710
0.823845 47.552800
0.824068 5.923920
0.824291 9.447370
0.824514 12.756200
0.824738 3.497060
0.824961 22.030800
0.825184 8.675430
0.825407 63.898600
0.825631 8.637440
0.825854 41.806500
0.826077 8.221640
0.826301 34.689300
0.826524 16.057700
0.826747 37.045900
0.826970 72.895100
0.827194 18.093700
0.827417 20.583100
0.827640 8.571230
0.827863 54.373200
0.828087 10.740600
0.828310 67.497100
0.828533 9.363020
0.828756 4.927970
0.828980 29.507800
0.829203 32.491900
0.829426 92.475600
0.829649 12.025500
0.829873 55.766900
0.830096 25.945000
0.830319 16.068100
0.830543 26.904500
0.830766 43.040700
0.830989 31.727800
0.831212 83.949000
0.831436 6.008250
0.831659 7.442220
0.831882 55.958300
0.832105 44.232900
0.832329 19.664300
0.832552 6.018740
0.832775 2.708940
0.832998 5.714200
0.833222 18.506800
0.833445 10.439000
0.833668 13.876200
0.833891 7.148610
0.834115 15.089200
0.834338 21.985900
0.834561 7.183740
0.834785 5.041300
0.835008 13.182700
0.835231 7.539700
0.835454 49.687200
0.835678 49.236600
0.835901 89.201900
0.836124 11.946500
0.836347 49.993500
0.836571 7.968240
0.836794 28.327700
0.837017 25.109100
0.837240 8.657730
0.837464 29.100000
0.837687 5.894370
0.837910 6.339300
0.838134 6.181560
0.838357 21.345600
0.838580 14.194300
0.838803 9.771020
0.839027 40.654800
0.839250 27.989100
0.839473 9.384070
0.839696 8.080300
0.839920 30.179500
0.840143 11.593400
0.840366 9.944850
0.840589 3.259470
0.840813 12.522600
0.841036 49.176500
0.841259 36.495900
0.841482 19.792400
0.841706 4.182630
0.841929 28.569800
0.842152 4.254070
0.842376 29.893300
0.842599 48.099200
0.842822 9.585900
0.843045 1.679320
0.843269 46.770900
0.843492 3.278100
0.843715 58.342200
0.843938 21.948100
0.844162 48.211500
0.844385 20.656500
0.844608 19.291500
0.844831 3.596090
0.845055 11.056900
0.845278 10.478600
0.845501 16.154100
0.845724 8.646540
0.845948 10.537600
0.846171 20.894100
0.846394 10.858400
0.846618 10.635000
0.846841 24.813600
0.847064 8.715950
0.847287 10.082700
0.847511 27.974000
0.847734 14.351100
0.847957 37.698400
0.848180 31.669800
0.848404 20.914900
0.848627 58.523200
0.848850 5.347490
0.849073 23.900300
0.849297 17.154000
0.849520 61.249100
0.849743 39.341000
0.849967 11.060600
0.850190 54.742100
0.850413 8.877220
0.850636 71.865800
0.850860 15.185500
0.851083 24.039500
0.851306 9.968450
0.851529 45.024000
0.851753 1.711050
0.851976 39.439600
0.852199 50.613400
0.852422 6.816900
0.852646 24.631500
0.852869 22.374800
0.853092 8.035840
0.853315 69.517200
0.853539 24.989200
0.853762 20.023300
0.853985 7.041710
0.854209 7.837860
0.854432 7.454590
0.854655 83.008700
0.854878 8.878240
0.855102 8.797720
0.855325 18.835500
0.855548 26.954100
0.855771 10.397500
0.855995 30.182400
0.856218 16.883800
0.856441 5.923900
0.856664 4.576820
0.856888 11.519000
0.857111 13.066200
0.857334 47.171500
0.857557 9.653640
0.857781 8.340560
0.858004 41.091500
0.858227 16.538700
0.858451 40.815800
0.858674 39.825200
0.858897 71.768200
0.859120 18.355800
0.859344 16.236500
0.859567 38.542200
0.859790 9.435210
0.860013 4.504290
0.860237 8.590290
0.860460 35.199100
0.860683 27.388800
0.860906 10.317200
0.861130 52.611000
0.861353 52.573800
0.861576 15.448800
0.861800 49.844300
0.862023 2.364620
0.862246 8.661080
0.862469 3.514050
0.862693 54.714100
0.862916 47.749100
0.863139 10.278300
0.863362 29.145700
0.863586 31.442000
0.863809 35.767800
0.864032 65.383100
0.864255 13.295000
0.864479 21.995600
0.864702 70.323700
0.864925 1.787010
0.865148 24.269000
0.865372 27.795100
0.865595 44.256100
0.865818 33.913300
0.866042 6.906340
0.866265 4.278790
0.866488 37.833200
0.866711 20.093900
0.866935 24.198900
0.867158 35.000000
0.867381 9.079320
0.867604 4.171520
0.867828 9.609650
0.868051 66.641100
0.868274 4.388430
0.868497 45.891600
0.868721 12.180600
0.868944 20.102000
0.869167 12.752800
0.869390 27.512600
0.869614 42.408200
0.869837 6.553950
0.870060 9.489400
0.870284 18.232700
0.870507 9.556870
0.870730 36.537100
0.870953 6.763510
0.871177 47.425700
0.871400 52.703400
0.871623 46.078200
0.871846 60.371500
0.872070 15.403700
0.872293 7.462050
0.872516 75.418500
0.872739 8.072590
0.872963 7.100470
0.873186 10.120900
0.873409 4.976110
0.873633 12.199300
0.873856 8.641850
0.874079 76.682000
0.874302 15.712300
0.874526 26.602600
0.874749 30.224500
0.874972 18.150000
0.875195 13.362500
0.875419 17.510000
0.875642 10.186600
0.875865 21.822100
0.876088 1.994310
0.876312 6.593010
0.876535 19.939500
0.876758 13.345700
0.876981 37.518700
0.877205 28.376100
0.877428 12.323600
0.877651 13.805800
0.877875 8.694650
0.878098 18.066000
0.878321 44.965800
0.878544 10.158600
0.878768 13.586600
0.878991 17.773300
0.879214 5.516120
0.879437 9.715750
0.879661 78.649200
0.879884 17.118900
0.880107 6.406690
0.880330 31.575100
0.880554 3.913210
0.880777 32.783100
0.881000 40.102700
0.881223 78.427500
0.881447 32.651500
0.881670 47.366700
0.881893 33.473800
0.882117 9.165070
0.882340 40.434800
0.882563 17.340100
0.882786 69.223100
0.883010 50.585100
0.883233 3.681100
0.883456 10.441400
0.883679 6.105730
0.883903 4.903880
0.884126 18.291500
0.884349 36.678300
0.884572 48.271600
0.884796 5.938450
0.885019 10.294700
0.885242 37.363400
0.885466 30.008800
0.885689 9.793460
0.885912 27.142600
0.886135 94.090900
0.886359 4.113740
0.886582 24.693600
0.886805 20.797000
0.887028 6.311890
0.887252 21.468100
0.887475 24.603400
0.887698 16.049600
0.887921 37.446700
0.888145 14.872900
0.888368 31.663800
0.888591 38.019700
0.888814 33.159500
0.889038 9.335730
0.889261 26.871900
0.889484 41.976400
0.889708 20.263400
0.889931 5.425890
0.890154 26.179600
0.890377 21.397800
0.890601 28.388800
0.890824 6.668240
0.891047 31.841700
0.891270 17.577600
0.891494 8.569650
0.891717 5.512740
0.891940 27.608000
0.892163 28.670300
0.892387 27.347800
0.892610 32.119800
0.892833 8.143840
0.893056 6.740300
0.893280 13.424500
0.893503 21.246500
0.893726 16.219600
0.893950 72.003800
0.894173 20.210700
0.894396 41.059500
0.894619 6.654660
0.894843 31.634500
0.895066 25.764300
0.895289 59.293100
0.895512 7.865050
0.895736 9.998910
0.895959 71.776900
0.896182 12.501600
0.896405 34.966500
0.896629 11.502700
0.896852 6.541450
0.897075 28.556400
0.897299 13.609700
0.897522 24.468200
0.897745 12.909100
0.897968 8.428470
0.898192 11.618300
0.898415 17.830100
0.898638 35.202000
0.898861 36.957800
0.899085 25.341900
0.899308 69.872000
0.899531 21.355400
0.899754 30.843800
0.899978 7.342640
0.900201 48.410500
0.900424 39.877600
0.900647 18.159400
0.900871 7.380480
0.901094 56.738800
0.901317 59.949300
0.901541 22.589400
0.901764 22.861200
0.901987 20.657200
0.902210 5.361200
0.902434 23.710000
0.902657 6.557270
0.902880 30.530700
0.903103 25.010300
0.903327 53.576000
0.903550 3.248540
0.903773 20.808200
0.903996 20.235800
0.904220 20.149900
0.904443 51.310300
0.904666 18.754100
0.904889 8.063380
0.905113 54.795000
0.905336 22.808000
0.905559 10.189200
0.905783 8.469860
0.906006 75.550500
0.906229 1.698010
0.906452 23.814700
0.906676 10.801200
0.906899 8.598110
0.907122 46.736500
0.907345 5.556680
0.907569 14.378200
0.907792 24.897300
0.908015 39.010800
0.908238 37.541200
0.908462 51.352500
0.908685 23.250800
0.908908 5.985660
0.909132 43.983100
0.909355 3.832170
0.909578 9.222820
0.909801 7.502360
0.910025 11.817100
0.910248 71.775500
0.910471 74.504800
0.910694 31.511800
0.910918 11.609700
0.911141 37.953700
0.911364 29.752800
0.911587 52.343000
0.911811 28.602000
0.912034 13.232000
0.912257 56.897700
0.912480 45.921100
0.912704 23.039600
0.912927 27.900700
0.913150 4.730980
0.913374 15.508100
0.913597 19.795600
0.913820 66.623500
0.914043 13.005100
0.914267 9.398920
0.914490 68.205400
0.914713 5.533990
0.914936 52.273200
0.915160 11.316100
0.915383 7.413900
0.915606 37.996900
0.915829 23.454700
0.916053 11.860500
0.916276 12.873800
0.916499 6.764330
0.916722 7.455950
0.916946 57.283500
0.917169 34.426900
0.917392 34.345900
0.917616 34.921500
0.917839 8.076230
0.918062 25.896800
0.918285 24.310200
0.918509 14.570500
0.918732 18.987700
0.918955 18.138900
0.919178 7.323440
0.919402 21.661100
0.919625 75.675300
0.919848 39.347800
0.920071 59.883200
0.920295 7.122250
0.920518 57.449500
0.920741 13.135300
0.920965 8.356560
0.921188 62.781100
0.921411 19.960600
0.921634 17.543600
0.921858 5.130990
0.922081 39.648400
0.922304 89.651700
0.922527 56.549700
0.922751 66.228200
0.922974 25.844100
0.923197 3.164850
0.923420 39.158500
0.923644 20.003800
0.923867 26.726000
0.924090 11.235100
0.924313 39.924900
0.924537 26.829800
0.924760 15.883300
0.924983 8.660300
0.925207 28.412900
0.925430 23.418400
0.925653 31.446900
0.925876 13.088500
0.926100 27.752000
0.926323 24.553500
0.926546 24.050700
0.926769 63.641100
0.926993 20.095700
0.927216 37.662400
0.927439 29.904500
0.927662 18.386300
0.927886 27.429200
0.928109 3.253690
0.928332 8.431790
0.928555 5.775930
0.928779 15.244400
0.929002 11.368100
0.929225 47.827800
0.929449 27.787200
0.929672 8.436440
0.929895 22.649400
0.930118 16.620100
0.930342 16.133100
0.930565 4.509450
0.930788 8.077850
0.931011 48.454700
0.931235 49.058100
0.931458 18.376900
0.931681 20.172900
0.931904 30.487500
0.932128 13.583300
0.932351 3.786440
0.932574 10.334500
0.932797 43.398900
0.933021 5.095770
0.933244 10.144300
0.933467 12.418700
0.933691 47.552700
0.933914 7.871950
0.934137 13.236100
0.934360 44.589900
0.934584 22.535000
0.934807 14.526500
0.935030 26.383900
0.935253 77.328700
0.935477 29.705700
0.935700 14.306300
0.935923 10.755400
0.936146 9.597140
0.936370 14.563000
0.936593 29.271300
0.936816 69.200400
0.937040 6.002230
0.937263 19.284200
0.937486 25.018000
0.937709 17.532800
0.937933 13.836900
0.938156 6.463270
0.938379 17.022500
0.938602 55.404300
0.938826 40.179900
0.939049 26.538200
0.939272 8.477530
0.939495 5.744010
0.939719 25.841500
0.939942 40.118900
0.940165 19.094000
0.940388 18.784600
0.940612 24.325400
0.940835 93.846400
0.941058 6.214950
0.941282 37.089400
0.941505 47.254600
0.941728 16.719200
0.941951 52.689700
0.942175 8.820770
0.942398 4.802100
0.942621 13.584300
0.942844 75.895000
0.943068 11.690000
0.943291 30.353900
0.943514 22.549100
0.943737 32.796000
0.943961 22.008500
0.944184 19.017200
0.944407 24.617500
0.944630 42.874400
0.944854 24.538400
0.945077 7.794860
0.945300 31.144700
0.945524 13.465100
0.945747 8.457630
0.945970 22.307000
0.946193 19.593200
0.946417 8.917010
0.946640 3.334140
0.946863 16.799700
0.947086 10.350600
0.947310 9.981750
0.947533 7.935240
0.947756 2.950650
0.947979 6.651060
0.948203 6.156670
0.948426 13.091400
0.948649 27.033900
0.948873 6.292860
0.949096 28.125700
0.949319 36.082900
0.949542 4.932840
0.949766 7.760940
0.949989 33.811300
0.950212 68.570900
0.950435 8.902980
0.950659 19.588700
0.950882 13.947900
0.951105 6.151020
0.951328 28.697200
0.951552 15.401400
0.951775 17.298100
0.951998 19.998000
0.952221 30.058800
0.952445 24.447300
0.952668 33.215500
0.952891 9.157070
0.953115 26.685800
0.953338 12.184000
0.953561 71.519300
0.953784 26.855500
0.954008 11.727800
0.954231 17.354400
0.954454 71.140300
0.954677 9.104520
0.954901 25.113000
0.955124 50.420000
0.955347 78.334200
0.955570 42.356900
0.955794 25.940700
0.956017 30.355700
0.956240 7.670260
0.956463 23.576100
0.956687 9.370080
0.956910 7.801740
0.957133 17.128700
0.957357 7.655220
0.957580 15.065600
0.957803 20.864600
0.958026 10.931000
0.958250 38.588200
0.958473 29.040600
0.958696 49.753700
0.958919 27.189700
0.959143 36.907500
0.959366 6.813550
0.959589 70.873900
0.959812 61.280900
0.960036 6.565500
0.960259 16.929600
0.960482 21.242500
0.960706 9.871110
0.960929 12.512600
0.961152 6.244160
0.961375 15.454800
0.961599 18.663800
0.961822 34.371600
0.962045 15.751300
0.962268 7.075810
0.962492 32.257400
0.962715 18.007500
0.962938 27.010900
0.963161 51.345000
0.963385 16.517300
0.963608 5.739580
0.963831 6.985490
0.964054 6.449190
0.964278 41.766800
0.964501 2.678290
0.964724 19.007600
0.964948 11.811500
0.965171 9.863440
0.965394 25.868700
0.965617 9.828850
0.965841 32.794000
0.966064 49.984000
0.966287 69.952400
0.966510 24.995000
0.966734 17.037100
0.966957 8.266480
0.967180 53.515500
0.967403 13.778500
0.967627 24.371100
0.967850 43.302000
0.968073 21.946200
0.968296 11.633800
0.968520 7.255330
0.968743 18.303100
0.968966 26.822900
0.969190 36.954500
0.969413 24.074100
0.969636 59.099300
0.969859 7.021060
0.970083 12.900300
0.970306 9.235410
0.970529 13.622600
0.970752 65.206200
0.970976 26.535200
0.971199 17.037000
0.971422 40.313000
0.971645 57.603800
0.971869 43.442100
0.972092 12.858400
0.972315 19.650200
0.972539 15.387100
0.972762 30.074600
0.972985 63.653000
0.973208 10.442500
0.973432 97.250600
0.973655 42.037300
0.973878 25.815700
0.974101 7.830480
0.974325 44.171600
0.974548 17.893100
0.974771 20.194800
0.974994 50.249100
0.975218 8.305500
0.975441 9.166140
0.975664 61.547500
0.975887 18.061800
0.976111 60.209200
0.976334 10.306800
0.976557 46.167900
0.976781 8.123560
0.977004 27.572200
0.977227 18.056400
0.977450 24.095000
0.977674 63.011600
0.977897 50.402200
0.978120 34.845600
0.978343 26.796800
0.978567 52.143500
0.978790 18.065700
0.979013 60.074700
0.979236 21.001300
0.979460 25.624100
0.979683 15.716100
0.979906 24.658400
0.980129 18.942600
0.980353 8.596540
0.980576 22.045500
0.980799 9.606020
0.981023 5.239330
0.981246 6.430270
0.981469 36.641200
0.981692 7.623080
0.981916 31.843600
0.982139 44.885600
0.982362 16.003800
0.982585 7.497720
0.982809 18.667200
0.983032 27.308700
0.983255 52.365500
0.983478 20.244100
0.983702 9.519990
0.983925 4.998340
0.984148 12.083700
0.984372 23.768300
0.984595 22.720100
0.984818 27.576600
0.985041 39.101900
0.985265 45.350300
0.985488 23.900000
0.985711 42.426400
0.985934 73.194100
0.986158 15.803300
0.986381 15.098900
0.986604 1.639870
0.986827 7.075790
0.987051 10.969400
0.987274 21.344300
0.987497 31.063200
0.987720 18.349200
0.987944 37.791200
0.988167 10.530600
0.988390 41.984600
0.988614 25.915700
0.988837 14.321300
0.989060 8.068950
0.989283 39.213500
0.989507 23.121500
0.989730 30.675900
0.989953 14.380800
0.990176 38.604900
0.990400 30.313600
0.990623 11.865200
0.990846 38.575700
0.991069 15.230900
0.991293 18.160800
0.991516 66.995600
0.991739 8.722170
0.991962 20.349600
0.992186 18.081400
0.992409 40.644400
0.992632 60.739800
0.992856 73.646400
0.993079 8.343920
0.993302 9.727790
0.993525 7.248500
0.993749 56.894700
0.993972 41.756300
0.994195 20.647600
0.994418 8.227810
0.994642 9.453880
0.994865 12.193100
0.995088 18.505600
0.995311 13.342700
0.995535 22.930600
0.995758 42.671700
0.995981 2.239430
0.996205 5.019980
0.996428 20.372000
0.996651 12.679100
0.996874 20.509500
0.997098 15.071500
0.997321 85.230100
0.997544 3.615950
0.997767 23.515700
0.997991 9.433200
0.998214 14.559900
0.998437 7.903640
0.998660 15.148100
0.998884 15.485100
0.999107 6.435590
0.999330 7.232490
0.999553 40.150100
0.999777 38.060300
1.000000 30.545000
