0.000262 34.734300
0.000523 47.943300
0.000785 8.767910
0.001046 22.194900
0.001308 5.239690
0.004185 11.312900
0.004447 22.114700
0.004708 27.129000
0.004970 48.987900
0.014387 59.483000
0.014648 8.740570
0.014910 10.132000
0.015171 19.125900
0.015433 25.022700
0.015694 33.792600
0.015956 18.177600
0.016218 7.347750
0.016479 9.082500
0.031127 9.691900
0.031389 39.991900
0.031651 14.331300
0.031912 22.661800
0.032174 8.741700
0.032435 24.318400
0.032697 9.097790
0.032958 4.347400
0.033220 27.532800
0.033482 31.754400
0.033743 3.284980
0.034005 72.795300
0.034266 10.682400
0.034528 82.727600
0.034789 55.056600
0.035051 40.636600
0.035313 6.759410
0.035574 92.061600
0.035836 8.566510
0.036097 10.627900
0.036359 7.281120
0.036620 25.277700
0.036882 5.569070
0.037144 30.335500
0.037405 72.371800
0.037667 29.773800
0.037928 7.899270
0.038190 9.735570
0.038451 26.306800
0.038713 74.641400
0.038975 6.632860
0.039236 63.301700
0.039498 53.088600
0.039759 44.668200
0.040021 35.228500
0.040283 33.186700
0.040544 10.657900
0.040806 11.543300
0.041067 15.724700
0.041329 22.507700
0.046822 58.116000
0.047083 34.016500
0.047345 83.854800
0.047607 6.351230
0.047868 19.822700
0.048130 9.579950
0.048391 22.256000
0.048653 9.404190
0.048914 7.687930
0.049176 25.840200
0.049438 25.433100
0.049699 6.419480
0.049961 33.140100
0.050222 39.697700
0.050484 8.482230
0.050745 5.307520
0.051007 78.207600
0.051269 19.268000
0.051530 57.948300
0.051792 1.339910
0.052053 68.573600
0.052315 25.886800
0.052577 2.578650
0.052838 7.051100
0.053100 33.017900
0.053361 42.664800
0.053623 26.543800
0.053884 24.818700
0.054146 8.765910
0.054408 7.947770
0.054669 31.785600
0.054931 7.344430
0.055192 13.385300
0.055454 35.043500
0.055715 10.216100
0.055977 41.470400
0.056239 29.545500
0.056500 24.630800
0.056762 20.288500
0.057023 7.940290
0.057285 9.698220
0.057546 42.118600
0.057808 24.688100
0.058070 33.819800
0.058331 8.775760
0.058593 15.240000
0.058854 8.645550
0.059116 18.594500
0.059377 18.229400
0.059639 34.517000
0.059901 26.706600
0.060162 27.875700
0.060424 12.130900
0.060685 32.989600
0.060947 8.344910
0.061208 21.338500
0.061470 46.607400
0.061732 22.179000
0.061993 20.216000
0.062255 20.494200
0.062516 23.733900
0.062778 15.414000
0.063039 39.660100
0.063301 35.146500
0.063563 7.905730
0.078472 8.389800
0.078734 38.407000
0.078996 25.000900
0.079257 28.262500
0.079519 25.768200
0.079780 35.308800
0.080042 4.829500
0.080303 30.440100
0.080565 9.034020
0.080827 22.044400
0.081088 42.100100
0.081350 66.787900
0.081611 14.388000
0.081873 70.131100
0.082134 29.363400
0.082396 10.133200
0.082658 8.830460
0.082919 36.361600
0.083181 40.942100
0.083442 36.619800
0.083704 29.617700
0.083965 7.011640
0.084227 23.526500
0.084489 5.603740
0.084750 26.771000
0.085012 7.908350
0.085273 21.828000
0.085535 7.399050
0.085796 17.912300
0.086058 1.772950
0.086320 21.117800
0.086581 9.053240
0.086843 29.025700
0.087104 8.212650
0.087366 8.967750
0.087628 6.645300
0.090766 67.417800
0.091028 10.206500
0.091290 12.110800
0.091551 4.307190
0.091813 34.113800
0.092074 3.624740
0.092336 32.761100
0.092597 7.029050
0.092859 12.797500
0.093121 15.857100
0.093382 11.434900
0.093644 14.886400
0.093905 12.393700
0.094167 15.137900
0.094428 37.360400
0.094690 7.823910
0.094952 42.959700
0.095213 9.102150
0.095475 12.584000
0.095736 67.872800
0.095998 20.135700
0.096259 7.915770
0.096521 8.987300
0.096783 49.078100
0.097044 10.389300
0.097306 11.759800
0.097567 62.870800
0.097829 21.363900
0.098091 49.882600
0.098352 34.465500
0.098614 13.974900
0.098875 8.160850
0.099137 5.355910
0.099398 14.911000
0.099660 31.032600
0.099922 32.557200
0.100183 31.997800
0.100445 32.414100
0.100706 20.328800
0.100968 8.140100
0.101229 2.311150
0.101491 35.477700
0.101753 12.307500
0.102014 20.105000
0.102276 9.042800
0.102537 2.931520
0.102799 43.766800
0.103060 34.931100
0.103322 3.561510
0.103584 9.198450
0.103845 22.051600
0.104107 16.082200
0.104368 13.534700
0.104630 14.146500
0.104891 6.674070
0.105153 9.953770
0.105415 3.232730
0.105676 37.104000
0.105938 22.479400
0.106199 42.552500
0.106461 42.049600
0.106722 77.188600
0.106984 62.865900
0.107246 4.995900
0.107507 48.634600
0.107769 12.308600
0.108030 54.935000
0.108292 47.539900
0.108553 67.781400
0.108815 16.455900
0.109077 47.108200
0.109338 5.397140
0.109600 11.009700
0.109861 25.675900
0.111954 9.509200
0.112216 8.035080
0.112477 31.883300
0.112739 34.948000
0.113000 9.368040
0.113262 63.100500
0.113523 16.599200
0.113785 7.890180
0.114047 10.161300
0.114308 10.824700
0.114570 1.757560
0.114831 8.798170
0.115093 36.804100
0.115354 76.234100
0.115616 58.401800
0.115878 9.689670
0.116139 6.849890
0.116401 56.710300
0.116662 7.557260
0.116924 7.437510
0.117185 6.534730
0.117447 7.327390
0.117709 23.754000
0.117970 26.610600
0.118232 3.697040
0.118493 7.274500
0.118755 40.510600
0.119016 32.618700
0.119278 22.266900
0.119540 36.544300
0.119801 10.654500
0.120063 44.064700
0.120324 29.348100
0.124771 9.958660
0.125033 25.241000
0.125294 15.601400
0.125556 23.846100
0.125817 55.710600
0.126079 43.895000
0.126341 8.683820
0.126602 21.586900
0.126864 20.775800
0.127125 39.176000
0.127387 3.776220
0.127648 17.273900
0.127910 41.374100
0.128172 39.072100
0.128433 8.425730
0.128695 8.403920
0.128956 15.230400
0.129218 14.703600
0.129479 10.164400
0.129741 13.571400
0.130003 9.638850
0.130264 27.613300
0.130526 18.868200
0.130787 11.523500
0.131049 2.945140
0.131310 17.331700
0.131572 19.175000
0.131834 8.516630
0.132095 68.442200
0.132357 8.960300
0.132618 32.404100
0.132880 5.869950
0.133142 27.143000
0.133403 18.157000
0.133665 59.473000
0.133926 8.927010
0.134188 36.029200
0.134449 17.419900
0.134711 30.146300
0.134973 24.111700
0.135234 4.537020
0.135496 6.730770
0.135757 30.160200
0.136019 23.429100
0.136542 19.087300
0.136804 11.410700
0.137065 38.310100
0.137327 6.758370
0.137588 29.308000
0.137850 13.536700
0.138373 26.432500
0.138635 33.952400
0.138896 11.745100
0.139158 31.796100
0.139419 40.807500
0.139681 3.296450
0.139942 20.791500
0.140204 34.926100
0.140466 22.144900
0.140727 72.441400
0.140989 16.446700
0.141250 25.151200
0.141512 6.560460
0.141773 19.725500
0.142035 22.581800
0.142297 12.080300
0.142558 9.982310
0.142820 33.156000
0.143081 33.116300
0.143343 11.122000
0.143604 35.047700
0.143866 24.581700
0.144128 13.469300
0.144389 9.894320
0.144651 30.382400
0.144912 31.239500
0.145174 34.412700
0.145436 34.883800
0.145697 24.722100
0.145959 4.473580
0.146220 73.337700
0.146482 6.290300
0.146743 6.734940
0.147005 10.935900
0.147267 38.166800
0.147528 9.056820
0.147790 9.337460
0.148051 8.037760
0.148313 10.148600
0.148574 56.485500
0.148836 10.194000
0.149098 9.649770
0.149359 34.586600
0.149621 16.099200
0.149882 13.910100
0.150144 31.998400
0.150405 6.377300
0.150667 8.299530
0.150929 37.577200
0.151190 9.564020
0.151452 23.475500
0.151713 18.141700
0.151975 35.445100
0.152236 8.843700
0.152498 23.166900
0.152760 16.221000
0.153021 36.615800
0.153283 24.196500
0.153544 17.236900
0.153806 46.787100
0.154067 60.583100
0.154329 31.386000
0.156422 8.324900
0.156683 9.845510
0.156945 32.546200
0.157206 18.823000
0.157468 54.412900
0.157730 75.483100
0.157991 42.756000
0.158253 7.572030
0.158514 67.435300
0.158776 21.050300
0.159037 13.876800
0.159299 11.762600
0.159561 30.315400
0.159822 6.321240
0.160084 3.776530
0.160345 25.097100
0.160607 20.057600
0.160868 17.472300
0.161130 9.745190
0.161392 10.407700
0.161653 37.172700
0.161915 27.828900
0.162176 9.713960
0.162438 16.563300
0.162699 33.661500
0.162961 13.122500
0.163223 57.559600
0.163484 1.914690
0.163746 13.104300
0.164007 7.314730
0.164269 14.258700
0.164530 17.044600
0.164792 8.716200
0.165054 33.118700
0.165315 35.922400
0.165577 18.848400
0.165838 48.086800
0.166100 22.923400
0.166361 41.615700
0.166623 5.115320
0.166885 45.666100
0.167146 21.153700
0.167408 10.128100
0.167669 15.625200
0.167931 11.412900
0.168193 36.798700
0.168454 39.928400
0.168716 8.439570
0.168977 15.520900
0.169239 14.586700
0.169500 29.830900
0.169762 53.948000
0.170024 3.533000
0.170285 16.946500
0.170547 20.938200
0.170808 12.050900
0.171070 29.144600
0.171331 18.242000
0.171593 44.887100
0.171855 9.579140
0.172116 51.119900
0.172378 4.009370
0.172639 83.425800
0.172901 24.210100
0.173162 5.744660
0.173424 31.493000
0.173686 23.184700
0.173947 12.241100
0.174209 18.153500
0.174470 58.553100
0.174732 10.455300
0.174993 58.788600
0.175255 10.017000
0.175517 47.418300
0.175778 20.875900
0.176040 9.623860
0.176301 16.225700
0.176563 16.491800
0.176824 29.618800
0.177086 9.475150
0.177348 9.952870
0.177609 6.001220
0.177871 13.367500
0.178132 58.773600
0.179179 67.121200
0.179440 10.880800
0.179702 17.645500
0.179963 45.804400
0.180225 56.875900
0.180487 6.847220
0.180748 21.532200
0.181010 8.586070
0.181271 73.397200
0.181533 9.821260
0.181794 16.099600
0.182056 7.611910
0.182318 28.880000
0.182579 23.300900
0.182841 18.686700
0.183102 10.113700
0.183364 27.027500
0.183625 19.154800
0.183887 21.182700
0.184149 42.738600
0.184410 42.133100
0.184672 3.393430
0.184933 11.248400
0.185195 13.971000
0.185456 75.886300
0.185718 43.959800
0.185980 24.637900
0.186241 45.278700
0.186503 49.544500
0.186764 48.685200
0.187026 29.285100
0.187287 79.264500
0.187549 7.514560
0.187811 40.774600
0.188072 26.909100
0.188334 8.577620
0.188595 17.383500
0.188857 6.474000
0.189118 13.487200
0.189380 9.384230
0.189642 15.825200
0.189903 8.325130
0.190165 10.092600
0.190426 27.002500
0.190688 13.101600
0.190950 26.422100
0.191211 30.746700
0.191473 26.749400
0.191734 44.919300
0.191996 32.993600
0.192257 7.878900
0.192519 5.852240
0.192781 38.065000
0.193042 22.193300
0.193304 4.463880
0.193565 14.878700
0.193827 52.951500
0.194088 67.243400
0.194350 43.132100
0.194612 10.660800
0.194873 12.883400
0.195135 6.032910
0.195396 61.305700
0.195658 38.715900
0.195919 31.439400
0.196181 80.630900
0.196443 18.501900
0.196704 6.440050
0.196966 16.593100
0.197227 19.689200
0.197489 43.096800
0.197750 19.412100
0.198012 31.387600
0.198274 45.312900
0.198535 6.535160
0.198797 39.557600
0.199058 9.937490
0.199320 7.549670
0.199581 12.510300
0.199843 34.733200
0.200105 46.433400
0.200366 61.745000
0.200628 8.096560
0.200889 5.143900
0.201151 4.248230
0.201413 19.103100
0.201674 37.748100
0.201936 6.254950
0.202197 72.008900
0.202459 40.656300
0.202720 25.550800
0.202982 65.640900
0.203244 42.132300
0.203505 16.790500
0.203767 9.597640
0.204028 31.104200
0.204290 19.598200
0.204551 21.258700
0.204813 41.135200
0.205075 5.003440
0.205336 14.697600
0.205598 7.390030
0.205859 17.398700
0.206121 21.701300
0.206382 7.265750
0.206644 7.962140
0.206906 35.089900
0.207167 22.908100
0.207429 10.814300
0.207690 37.163000
0.207952 9.538580
0.208213 16.040600
0.208475 59.096500
0.208737 8.065960
0.208998 18.594800
0.209260 19.207000
0.209521 11.495500
0.209783 49.186800
0.210044 26.987400
0.210306 22.745400
0.210568 27.356700
0.210829 7.146110
0.211091 64.522600
0.211352 11.052300
0.211614 10.248800
0.211875 19.104300
0.212137 6.314960
0.212399 6.235130
0.212660 11.587500
0.212922 22.191400
0.213183 2.978520
0.213445 39.822200
0.213707 30.865800
0.213968 24.095500
0.214230 19.085500
0.214491 1.731630
0.214753 67.054600
0.215014 5.551530
0.215276 7.093890
0.215799 2.558680
0.216061 38.595300
0.216322 55.231100
0.216584 8.701990
0.216845 8.337320
0.217107 67.426800
0.217369 30.047300
0.217630 5.126540
0.217892 7.077240
0.218153 12.868300
0.218415 28.951200
0.218676 24.325700
0.218938 58.168600
0.219200 5.590470
0.219461 7.181820
0.219723 17.775200
0.219984 10.588400
0.220246 11.041600
0.220507 7.356630
0.220769 12.017900
0.221031 8.590140
0.221292 34.954300
0.221554 43.076300
0.221815 28.086200
0.222077 2.371100
0.222338 16.131700
0.222600 80.694900
0.222862 3.996440
0.223123 33.972500
0.223385 9.200480
0.223646 32.617600
0.223908 23.349100
0.224170 8.580370
0.224431 34.187000
0.224693 30.942800
0.224954 37.729500
0.225216 50.907200
0.225477 44.349800
0.225739 40.878400
0.226001 7.188210
0.226262 2.723930
0.226524 4.900240
0.226785 9.514660
0.227047 59.060300
0.227308 76.205400
0.227570 27.134400
0.227832 24.982600
0.228093 9.672820
0.228355 72.048700
0.228616 40.817500
0.228878 7.303260
0.229139 9.806640
0.229401 21.344800
0.229663 52.441000
0.229924 25.444700
0.230186 4.032230
0.230447 26.544600
0.230709 63.723700
0.230970 15.557300
0.231232 2.222090
0.231494 6.694870
0.231755 18.357200
0.232017 22.194800
0.232278 61.684500
0.232540 28.174000
0.232801 10.431400
0.233063 37.620300
0.233325 44.770500
0.233586 49.641200
0.233848 32.368100
0.234109 40.949800
0.234371 26.010800
0.234632 23.245600
0.234894 46.996900
0.235156 24.403100
0.235417 63.081100
0.235679 13.425400
0.235940 42.092000
0.236202 25.304200
0.236464 60.514600
0.236725 10.967400
0.236987 9.325100
0.237248 29.971600
0.237510 5.005190
0.237771 44.092100
0.238033 6.791220
0.238295 27.605400
0.238556 71.750100
0.238818 53.761100
0.239079 18.493800
0.239341 8.675250
0.239602 9.780270
0.239864 8.197430
0.240126 8.174940
0.240387 48.396600
0.240649 39.577700
0.240910 10.090800
0.241172 16.568600
0.241433 82.386200
0.241695 25.057100
0.241957 27.583900
0.242218 25.273300
0.242480 1.814640
0.242741 28.616900
0.243003 25.600800
0.243264 8.467150
0.243526 34.233300
0.243788 6.898770
0.244049 49.108200
0.244311 8.399000
0.244572 26.491300
0.244834 45.412100
0.245095 9.710680
0.245357 36.594900
0.245619 11.166400
0.245880 17.209600
0.246142 6.086980
0.246403 26.834500
0.246665 47.731100
0.246926 21.012000
0.247188 16.133400
0.247450 23.370300
0.247711 11.011600
0.247973 16.418400
0.248234 29.884200
0.248496 17.082200
0.248758 16.773800
0.249019 17.184400
0.249281 8.065120
0.249542 44.712500
0.249804 65.067200
0.250065 11.821000
0.250327 20.039700
0.250589 35.916100
0.250850 79.158500
0.251112 9.775320
0.251373 6.726000
0.251635 6.817300
0.251896 17.979300
0.252158 26.024600
0.252420 20.388700
0.252681 5.156750
0.252943 26.992900
0.253204 13.775100
0.253466 19.542300
0.253727 1.197650
0.253989 42.206800
0.254251 59.002200
0.254512 12.546500
0.254774 12.289100
0.255035 16.929600
0.255297 60.361200
0.255558 6.308330
0.255820 20.285900
0.256082 26.297900
0.256343 12.372100
0.256605 38.920900
0.256866 14.476600
0.257128 22.960400
0.257389 11.686000
0.257651 5.908970
0.257913 6.679850
0.258174 39.407700
0.258436 4.549840
0.258697 10.045300
0.258959 18.073900
0.259221 3.234470
0.259482 8.019810
0.259744 60.088600
0.260005 42.943600
0.260267 22.238600
0.260528 16.852200
0.260790 69.200400
0.261052 43.061200
0.261313 34.333800
0.261575 10.813000
0.261836 8.141500
0.262098 43.531700
0.262359 5.525320
0.262621 5.072600
0.262883 16.910700
0.263144 1.681210
0.263406 19.852900
0.263667 21.793700
0.263929 5.318190
0.264190 25.261600
0.264452 20.713100
0.264714 4.616450
0.264975 65.224200
0.265237 27.377800
0.265498 79.243200
0.265760 23.238600
0.266021 45.956800
0.266283 45.699800
0.266545 4.715490
0.266806 2.618700
0.267068 2.249350
0.267329 18.338700
0.267591 93.004000
0.267852 11.113400
0.268114 20.826600
0.268376 55.995500
0.268637 41.673800
0.268899 38.445000
0.269160 9.870230
0.269422 12.154900
0.269683 45.952800
0.269945 3.915330
0.270207 16.036700
0.270468 50.618900
0.270991 10.077700
0.271253 21.199800
0.271515 7.718460
0.271776 25.562200
0.272038 38.522800
0.272299 24.069600
0.272561 21.174500
0.272822 76.800400
0.273084 39.534300
0.273346 6.181820
0.273607 7.910330
0.273869 31.256600
0.274130 50.057500
0.274392 2.524260
0.274653 5.131480
0.274915 73.817700
0.275177 33.451300
0.275438 8.011190
0.275700 53.987800
0.275961 11.443200
0.276223 7.302110
0.276484 13.844500
0.276746 27.433500
0.277008 75.629900
0.277269 3.240440
0.277531 7.246020
0.277792 20.872100
0.278054 29.403600
0.278315 7.217620
0.279100 7.409500
0.279362 34.547100
0.279623 6.639070
0.279885 12.076000
0.280146 9.868920
0.280408 32.482500
0.280670 55.278600
0.280931 16.755000
0.281193 19.820400
0.281454 75.840600
0.281716 35.824700
0.281978 6.413290
0.282239 28.639500
0.282501 10.430100
0.282762 7.804140
0.283024 6.479170
0.283285 24.711200
0.283547 11.144600
0.283809 11.011900
0.284070 26.274000
0.284332 8.157730
0.284593 29.683300
0.284855 5.688890
0.285116 32.381800
0.285378 4.761320
0.285640 12.099200
0.285901 8.970620
0.286163 2.515920
0.286686 24.567800
0.286947 7.039990
0.287209 7.681590
0.287471 42.905800
0.287732 51.050600
0.287994 3.851720
0.288255 79.661200
0.288517 30.519700
0.288778 25.397700
0.289040 28.421600
0.289302 58.829300
0.289563 37.594600
0.289825 14.681400
0.290086 6.376180
0.290348 13.041100
0.290609 34.261000
0.290871 11.906600
0.291133 34.996400
0.291394 19.704000
0.291656 88.223700
0.291917 48.820500
0.292179 15.268900
0.292440 21.445700
0.292702 12.683200
0.292964 8.197330
0.293225 5.735880
0.293487 12.994700
0.293748 31.461600
0.294010 38.812100
0.294272 30.615900
0.294533 8.570640
0.294795 95.013200
0.295056 52.902800
0.295318 21.838200
0.295579 35.748800
0.295841 23.811800
0.296103 44.736100
0.296364 36.001700
0.296626 17.023800
0.296887 38.889100
0.297149 39.085800
0.297410 4.825520
0.297672 18.716900
0.297934 8.154400
0.298195 21.472400
0.298457 7.099110
0.298718 21.142300
0.298980 56.989200
0.299241 54.430400
0.299503 24.256800
0.299765 15.615800
0.300026 20.191400
0.300288 27.302000
0.300549 18.622700
0.300811 1.720670
0.301072 11.789700
0.301334 20.542100
0.301596 21.628400
0.301857 11.682000
0.302119 59.153700
0.302380 9.913100
0.302642 22.122800
0.302903 7.210330
0.303165 15.701500
0.303427 40.788900
0.303688 26.316400
0.303950 10.961500
0.304211 10.689600
0.304473 14.193900
0.304735 28.110300
0.304996 58.187200
0.305258 3.959430
0.305519 44.779200
0.305781 6.929930
0.306042 22.660400
0.306304 5.844930
0.306566 41.053800
0.306827 5.770820
0.307089 12.827400
0.307350 27.023600
0.307612 24.823400
0.307873 6.236720
0.308135 17.871000
0.308397 21.316900
0.308658 24.657500
0.308920 16.663100
0.309181 12.331500
0.309443 13.094300
0.309704 23.465600
0.309966 4.552890
0.310228 12.911200
0.310489 13.008700
0.310751 12.804400
0.311012 26.865900
0.311274 77.299100
0.311535 9.970180
0.311797 39.742000
0.312059 76.756500
0.312320 6.403640
0.312582 21.286600
0.312843 13.353400
0.313105 25.340100
0.313366 9.408880
0.313628 7.949390
0.313890 25.244900
0.314151 7.495430
0.314413 37.007800
0.314674 16.860200
0.314936 22.494700
0.315197 35.456500
0.315459 34.192800
0.315721 27.051700
0.315982 23.285100
0.316244 23.892300
0.316505 17.242400
0.316767 7.701990
0.317029 9.074850
0.317290 3.530290
0.317552 23.549300
0.317813 18.298400
0.318075 10.547200
0.318336 52.618000
0.318598 59.890100
0.318860 8.463020
0.319121 5.030330
0.319383 27.010500
0.319644 5.325810
0.319906 27.609500
0.320167 7.416370
0.320429 48.194800
0.320691 14.742500
0.320952 25.089600
0.321214 6.337440
0.321475 16.627400
0.321737 47.678800
0.321998 40.111200
0.322260 45.777700
0.322522 33.309800
0.322783 73.843700
0.323045 9.726970
0.323306 1.801870
0.323568 36.176600
0.323829 31.141700
0.324091 9.462540
0.324353 32.524700
0.324614 28.670300
0.324876 21.538400
0.325137 17.244800
0.325399 39.781200
0.325660 39.432700
0.325922 6.975130
0.326184 31.457700
0.326445 15.483200
0.326707 2.338360
0.326968 11.822700
0.327230 14.887700
0.327491 12.014200
0.327753 9.169470
0.328015 8.078810
0.328276 5.835560
0.328538 2.281230
0.328799 9.117130
0.329061 60.525900
0.329323 29.621900
0.329584 15.027400
0.329846 38.089300
0.330107 42.531200
0.330369 14.139200
0.330630 34.554700
0.330892 44.330900
0.331154 38.558600
0.331415 45.884900
0.331677 24.223500
0.331938 17.628000
0.332200 66.226000
0.332461 18.589100
0.332723 21.511600
0.332985 13.133300
0.333246 14.717900
0.333508 27.838200
0.333769 91.086500
0.334031 13.750100
0.334292 26.457200
0.334554 45.025200
0.334816 6.699450
0.335077 10.748900
0.335339 9.306020
0.335600 11.543500
0.335862 22.517500
0.336123 50.905000
0.336385 52.412100
0.336647 16.782900
0.336908 55.168900
0.337170 19.884200
0.337431 14.061700
0.337693 13.623900
0.338478 69.269400
0.338739 16.244800
0.339001 25.157500
0.339262 29.361600
0.339524 82.582300
0.339786 76.842100
0.340047 47.269100
0.340309 25.991900
0.340570 33.877200
0.340832 14.147200
0.341093 22.973900
0.341355 33.626000
0.341617 4.384730
0.341878 17.191400
0.342140 21.786200
0.342401 29.777100
0.342663 13.383300
0.342924 15.934400
0.343186 33.687600
0.343448 8.010640
0.343709 2.894760
0.343971 35.863900
0.344232 4.571030
0.344494 46.749800
0.344755 10.997300
0.345017 7.686440
0.345279 25.579500
0.345540 23.309000
0.345802 61.520300
0.346063 42.825700
0.346325 18.652900
0.346586 5.839340
0.346848 22.143600
0.347110 37.431000
0.347371 11.576100
0.347633 5.685170
0.347894 51.379100
0.348156 14.623600
0.348417 24.028100
0.348679 42.790000
0.348941 15.445200
0.349202 15.423500
0.349464 3.654060
0.349725 68.980500
0.349987 12.818700
0.350248 11.516600
0.350510 10.043200
0.350772 7.000860
0.351033 31.764500
0.351295 33.480000
0.351556 2.287290
0.351818 8.655850
0.352080 14.928700
0.352341 5.628200
0.352603 21.062700
0.352864 50.729500
0.353126 49.240900
0.353387 35.946000
0.353649 58.728300
0.353911 8.857700
0.354172 19.179800
0.354434 17.178600
0.354695 51.785200
0.354957 66.158100
0.355218 19.113800
0.355480 7.455490
0.355742 51.780300
0.356003 13.087000
0.356265 67.962200
0.356526 4.058310
0.356788 14.158500
0.357049 8.166270
0.357311 19.766400
0.357573 37.830100
0.357834 35.085800
0.358096 14.231500
0.358357 39.315200
0.358619 25.700100
0.358880 24.873500
0.359142 17.810700
0.359404 13.728100
0.359665 18.869800
0.359927 9.817660
0.360188 6.965550
0.360450 29.562000
0.360711 5.866250
0.360973 31.996400
0.361235 31.287100
0.361496 3.649400
0.361758 34.542100
0.362019 11.137100
0.362281 20.316700
0.362543 20.939100
0.362804 43.475200
0.363066 26.165900
0.363327 30.348400
0.363589 35.060800
0.363850 35.666800
0.364112 35.876900
0.364374 9.649220
0.364635 23.988700
0.364897 19.794000
0.365158 54.557900
0.365420 8.724870
0.365681 40.971900
0.365943 10.648100
0.366205 17.526400
0.366466 30.480900
0.366728 57.708300
0.366989 9.972030
0.367251 22.967600
0.367512 6.497890
0.367774 42.802900
0.368036 33.617100
0.368297 30.968400
0.368559 64.132500
0.368820 82.834400
0.369082 24.644800
0.369343 6.201530
0.369605 26.861100
0.369867 15.549600
0.370128 20.716700
0.370390 41.026100
0.370651 35.984300
0.370913 70.362300
0.371174 7.254050
0.371436 18.722500
0.371698 21.241000
0.371959 2.961410
0.372221 1.792580
0.372482 7.863420
0.372744 23.055900
0.373005 8.102190
0.373267 17.747600
0.373529 6.610980
0.373790 2.191390
0.374052 33.986800
0.374313 41.717400
0.374575 29.704400
0.374837 6.597650
0.375098 41.552200
0.375360 56.017900
0.375621 19.301700
0.375883 62.849000
0.376144 8.090460
0.376406 37.508000
0.376668 14.379200
0.376929 51.689200
0.377191 41.142100
0.377452 42.424900
0.377714 6.260740
0.377975 82.169700
0.378237 5.880930
0.378499 8.983650
0.378760 15.452100
0.379022 52.699600
0.379283 11.779200
0.379545 55.899900
0.379806 21.659400
0.380068 6.594210
0.380330 45.192400
0.380591 8.982310
0.380853 68.406100
0.381114 63.863200
0.381376 7.322650
0.381637 12.948400
0.381899 41.372500
0.382161 1.713990
0.382422 62.035000
0.382684 37.967400
0.382945 7.359460
0.383207 27.039100
0.383468 11.822100
0.383730 9.784540
0.383992 6.857340
0.384253 20.647800
0.384515 4.485810
0.384776 70.603000
0.385038 9.173650
0.385300 17.610300
0.385561 14.847400
0.385823 8.889210
0.386084 11.243600
0.386346 32.493200
0.386607 12.307700
0.386869 23.229700
0.387131 21.459000
0.387392 15.395500
0.387654 12.088700
0.387915 17.843300
0.388177 33.837400
0.388438 50.550100
0.388700 1.851800
0.388962 76.463700
0.389223 11.153700
0.389485 24.343500
0.389746 13.952200
0.390008 8.450130
0.390269 29.597400
0.390531 4.822880
0.390793 77.858000
0.391054 56.079800
0.391316 8.995400
0.391577 22.959600
0.391839 44.266500
0.392100 6.621150
0.392362 15.068600
0.392624 25.940300
0.392885 2.045280
0.393147 9.996680
0.393408 2.672900
0.393670 3.223670
0.393931 12.085300
0.394193 2.183310
0.394455 61.325000
0.394716 24.194700
0.394978 10.025200
0.395239 21.049400
0.395501 39.537100
0.395762 4.158030
0.396024 63.030000
0.396286 34.459200
0.396547 12.206500
0.396809 79.868600
0.397070 57.263400
0.397332 21.069800
0.397594 17.337500
0.397855 27.133400
0.398117 19.404100
0.398378 41.741700
0.398640 17.099900
0.398901 19.797300
0.399163 1.830010
0.399425 5.823120
0.399686 10.915200
0.399948 8.165370
0.400209 9.172260
0.400471 51.068000
0.400732 15.628000
0.400994 34.843500
0.401256 43.797900
0.401517 35.032100
0.401779 46.909700
0.402040 12.862100
0.402302 37.180200
0.402563 30.632000
0.402825 5.612150
0.403087 19.706000
0.403348 4.834840
0.403610 50.284300
0.403871 10.469800
0.404133 48.524200
0.404394 2.833200
0.404656 22.415800
0.404918 30.020600
0.405179 27.241800
0.405441 10.256500
0.405702 11.509600
0.405964 3.477730
0.406225 19.878200
0.406487 8.466290
0.406749 67.693700
0.407010 27.246700
0.407272 50.474500
0.407533 5.296440
0.407795 15.786900
0.408057 54.665500
0.408318 45.520000
0.408580 19.104500
0.408841 9.788070
0.409103 20.708900
0.409364 21.657700
0.409626 2.534260
0.409888 81.714300
0.410149 87.075900
0.410411 21.968100
0.410672 76.622800
0.410934 9.489260
0.411195 10.042200
0.411457 12.933500
0.411719 42.950500
0.411980 11.758000
0.412242 3.704140
0.412503 44.272100
0.412765 39.453500
0.413026 28.545900
0.413288 6.720340
0.413550 30.589000
0.413811 5.007170
0.414073 33.533600
0.414334 47.819600
0.414596 17.588900
0.414857 30.477700
0.415119 13.174600
0.415381 28.705400
0.415642 45.495400
0.415904 19.726300
0.416165 39.374700
0.416427 5.543650
0.416688 14.357600
0.416950 14.921300
0.417212 6.742260
0.417473 25.530000
0.417735 55.520400
0.417996 16.389200
0.418258 46.668400
0.418519 13.656000
0.418781 73.102600
0.419043 6.932000
0.419304 33.434000
0.419566 14.646700
0.419827 4.512890
0.420089 48.692500
0.420351 24.468700
0.420612 21.568000
0.420874 5.962970
0.421135 11.419100
0.421397 28.842700
0.421658 93.830400
0.421920 26.281800
0.422182 5.063070
0.422443 11.396500
0.422705 17.246500
0.422966 37.695900
0.423228 6.274770
0.423489 13.363000
0.423751 8.914380
0.424013 42.700500
0.424274 20.519700
0.424536 42.314500
0.424797 38.038300
0.425059 46.093500
0.425320 30.619400
0.425582 2.356540
0.425844 48.565700
0.426105 59.706800
0.426367 2.959670
0.426628 52.714200
0.426890 61.436300
0.427151 5.957790
0.427413 31.762400
0.427675 49.528100
0.427936 45.643200
0.428198 69.889600
0.428459 32.890200
0.428721 19.651800
0.428982 50.447100
0.429244 3.572320
0.429506 32.325900
0.429767 6.217450
0.430029 26.507400
0.430290 88.919000
0.430813 23.074100
0.431075 36.528600
0.431337 16.478300
0.431598 6.047010
0.431860 6.894040
0.432121 38.636900
0.432383 10.529300
0.432645 5.736610
0.432906 22.715100
0.433168 49.379200
0.433429 41.354800
0.433691 5.965960
0.433952 27.024100
0.434214 9.378820
0.434476 20.545900
0.434737 23.819300
0.434999 8.602850
0.435260 52.223200
0.435522 10.860300
0.435783 9.000930
0.436045 10.275900
0.436307 29.136800
0.436568 6.983450
0.436830 26.114200
0.437091 56.661800
0.437353 56.220900
0.437614 13.780100
0.437876 14.273400
0.438138 8.916240
0.438399 10.388000
0.438661 58.514500
0.438922 17.484200
0.439184 39.868500
0.439445 29.355400
0.439707 9.911350
0.439969 12.404100
0.440230 19.715700
0.440492 65.582700
0.440753 14.299800
0.441015 8.800820
0.441276 28.762200
0.441538 45.678500
0.441800 12.794900
0.442061 7.874790
0.442323 27.239300
0.442584 18.765000
0.442846 41.680600
0.443108 20.936300
0.443369 14.604800
0.443631 10.350400
0.443892 32.760200
0.444154 15.273100
0.444415 27.548400
0.444677 4.479050
0.444939 53.505500
0.445200 38.227200
0.445462 3.950260
0.445723 26.730600
0.445985 67.974300
0.446246 5.930410
0.446508 43.864600
0.446770 3.694770
0.447031 10.706600
0.447293 80.942400
0.447554 23.216000
0.447816 7.698610
0.448077 15.866000
0.448339 9.994190
0.448601 17.042400
0.448862 23.848400
0.449124 16.802500
0.449385 16.337000
0.449647 36.524000
0.449908 11.719800
0.450170 42.887000
0.450432 9.874630
0.450693 8.816310
0.450955 13.848100
0.451216 13.498800
0.451478 21.193500
0.451739 18.886100
0.452001 4.268720
0.452263 5.238390
0.452524 13.299000
0.452786 7.956370
0.453047 12.957300
0.453309 22.385800
0.453570 27.608300
0.453832 10.286700
0.454094 15.883800
0.454355 10.195900
0.454617 5.062090
0.454878 26.316500
0.455140 33.293400
0.455402 61.101700
0.455663 6.521220
0.455925 44.297000
0.456186 14.763700
0.456448 74.226000
0.456709 14.931500
0.456971 24.382700
0.457233 9.481430
0.457494 19.122100
0.457756 10.318600
0.458017 14.384400
0.458279 9.472840
0.458540 26.246400
0.458802 10.442100
0.459064 11.618100
0.459325 6.767120
0.459587 14.085200
0.459848 21.257800
0.460110 41.889500
0.460371 3.813500
0.460633 64.711200
0.460895 19.749000
0.461156 17.266900
0.461418 41.739700
0.461679 26.101600
0.461941 12.580200
0.462202 80.860300
0.462464 11.701900
0.462726 25.972600
0.462987 22.571500
0.463249 25.341700
0.463510 51.178800
0.463772 21.690300
0.464033 2.934410
0.464295 13.680500
0.464557 62.744500
0.464818 17.366000
0.465080 1.832280
0.465341 47.373200
0.465603 30.670800
0.465865 24.524400
0.466126 7.242910
0.466388 36.811100
0.466649 9.235230
0.466911 31.540100
0.467172 15.590200
0.467434 9.099120
0.467696 16.217700
0.467957 10.964000
0.468219 17.485100
0.468480 3.027700
0.468742 55.895400
0.469003 8.733970
0.469265 4.630360
0.469527 16.083400
0.469788 11.211700
0.470050 6.440670
0.470311 5.683950
0.470573 14.913700
0.470834 14.345900
0.471096 75.999400
0.471358 20.684100
0.471619 11.373800
0.471881 32.979100
0.472142 10.596000
0.472404 10.188200
0.472665 13.556900
0.472927 19.595600
0.473189 19.829800
0.474235 9.805800
0.474496 22.490500
0.474758 34.328800
0.475020 16.439300
0.475281 52.583100
0.475543 10.314500
0.475804 27.832900
0.476066 34.349300
0.476327 14.108700
0.476589 32.601900
0.476851 33.426500
0.477112 31.626300
0.477374 30.742800
0.477635 8.900240
0.477897 25.993900
0.478159 14.965700
0.478420 40.296600
0.478682 29.240900
0.478943 3.950140
0.479205 26.635900
0.479466 8.207200
0.479728 8.963470
0.479990 2.349850
0.480251 36.985400
0.480513 42.727000
0.480774 11.255200
0.481036 36.991700
0.481297 5.661210
0.481559 4.641420
0.481821 9.986560
0.482082 43.661700
0.482344 42.872200
0.482605 43.307400
0.482867 19.581400
0.483128 60.324900
0.483390 1.639880
0.483652 3.131960
0.483913 8.818490
0.484175 22.790400
0.484436 6.490620
0.484698 18.444700
0.484959 7.181730
0.485221 41.725500
0.485483 18.453800
0.485744 13.499700
0.486006 13.472300
0.486267 32.949000
0.486529 9.994620
0.486790 39.532200
0.487052 2.334190
0.487314 24.077300
0.487575 9.464380
0.487837 4.536620
0.488098 14.718300
0.488360 16.822100
0.488622 26.595500
0.488883 26.813400
0.489145 20.198300
0.489406 11.456900
0.489668 24.622400
0.489929 44.118800
0.490191 6.987880
0.490453 66.081200
0.490714 9.199390
0.490976 10.144500
0.491237 12.420200
0.491499 15.568700
0.491760 79.085100
0.492022 46.837100
0.492284 23.134500
0.492545 21.819700
0.492807 13.696100
0.493068 8.537850
0.493330 3.657240
0.493591 9.990430
0.493853 35.724800
0.494115 22.430300
0.494376 7.233010
0.494638 14.934600
0.494899 8.656720
0.495161 38.687900
0.495422 63.344000
0.495684 23.162900
0.495946 53.159900
0.496207 46.613700
0.496469 49.912500
0.496730 38.835800
0.496992 5.133440
0.497253 38.026000
0.497515 2.461060
0.497777 48.566900
0.498038 14.239900
0.498300 6.157220
0.498561 62.639900
0.498823 16.433700
0.499084 42.015600
0.499346 54.222100
0.499608 29.787700
0.499869 34.821100
0.500131 2.460930
0.500392 3.774080
0.500654 8.684290
0.500916 13.894200
0.501177 27.048200
0.501439 18.835700
0.501700 1.733960
0.501962 46.060100
0.502223 61.875200
0.502485 21.232600
0.502747 38.342200
0.503008 31.125400
0.503270 8.871660
0.503531 9.241720
0.503793 22.660600
0.504054 18.966000
0.504316 11.901200
0.504578 17.334700
0.504839 7.655980
0.505101 38.337100
0.505362 49.813100
0.505624 20.643300
0.505885 29.648900
0.506147 49.479300
0.506409 12.099600
0.506670 26.400600
0.506932 24.963400
0.507193 32.212500
0.507455 20.697100
0.507716 3.144660
0.507978 4.815130
0.508240 33.133500
0.508501 30.973600
0.508763 26.879400
0.509024 20.809500
0.509286 4.375780
0.509547 11.193100
0.509809 19.758100
0.510071 45.017000
0.510332 11.762500
0.510594 42.675800
0.510855 15.583100
0.511117 54.655400
0.511378 23.700300
0.511640 21.584400
0.511902 21.419700
0.512163 13.757300
0.512425 41.932000
0.512686 10.354000
0.512948 36.633500
0.513210 52.901700
0.513471 40.337500
0.513733 7.492710
0.513994 9.785950
0.514256 22.649100
0.514517 4.734700
0.514779 57.561200
0.515041 20.799800
0.515302 1.751570
0.515564 64.875000
0.515825 39.479800
0.516087 63.291200
0.516348 57.766900
0.516610 9.516720
0.516872 10.347500
0.517133 11.491200
0.517395 9.713310
0.517656 9.173000
0.517918 8.192660
0.518179 20.407800
0.518441 8.158440
0.518703 5.214250
0.518964 6.745380
0.519226 25.680300
0.519487 3.423280
0.519749 5.253740
0.520010 7.308990
0.520272 84.241400
0.520534 20.144500
0.520795 9.075870
0.521057 17.110200
0.521318 68.718600
0.521580 16.407900
0.521841 33.545600
0.522103 8.983630
0.522365 16.137800
0.522626 11.335800
0.522888 18.230000
0.523149 8.978950
0.523411 12.970600
0.523673 29.353400
0.523934 12.509100
0.524196 7.913750
0.524457 27.752900
0.524719 9.143610
0.524980 9.507300
0.525242 25.085200
0.525504 8.642890
0.525765 24.702500
0.526027 4.932480
0.526288 25.251200
0.526550 39.227900
0.526811 31.711100
0.527073 15.680900
0.527335 11.048900
0.527596 47.837100
0.527858 46.002800
0.528119 28.944500
0.528381 34.393200
0.528642 11.346700
0.528904 30.763600
0.529166 43.166500
0.529427 23.713400
0.529689 4.443590
0.529950 14.529900
0.530212 37.527800
0.530473 22.332500
0.530735 22.888100
0.530997 16.501400
0.531258 10.900800
0.531520 10.474100
0.531781 9.433990
0.532043 12.412100
0.532304 11.616700
0.532566 26.956600
0.532828 33.621400
0.533089 22.016700
0.533351 8.478490
0.533612 15.218700
0.533874 16.801700
0.534135 3.351460
0.534397 6.705590
0.534659 23.113000
0.534920 34.376600
0.535182 15.458300
0.535443 24.326700
0.535705 11.563200
0.535967 13.539500
0.536228 14.652500
0.536490 24.940000
0.536751 35.799600
0.537013 9.401800
0.537274 5.392130
0.537536 5.871260
0.537798 10.065300
0.538059 49.723600
0.538321 40.545100
0.538582 11.265100
0.538844 21.687500
0.539105 13.675200
0.539367 7.861900
0.539629 2.615720
0.539890 18.753600
0.540152 6.381320
0.540413 20.338800
0.540675 20.227900
0.540936 38.043300
0.541198 6.076850
0.541460 5.886710
0.541721 11.764500
0.541983 4.538510
0.542244 31.484500
0.542506 7.795180
0.542767 6.395620
0.543029 41.960600
0.543291 8.559090
0.543552 8.176940
0.543814 6.940060
0.544075 49.850000
0.544337 11.315900
0.544598 43.817000
0.544860 16.641500
0.545122 83.275100
0.545383 6.640890
0.545645 36.817400
0.545906 10.347800
0.546168 40.169400
0.546430 24.664800
0.546691 17.848400
0.546953 47.346600
0.547214 15.432500
0.547476 24.518400
0.547737 25.062100
0.547999 4.010240
0.548261 3.979930
0.548522 6.454950
0.548784 55.901100
0.549045 20.779900
0.549307 5.843990
0.549568 12.388900
0.549830 40.456100
0.550092 14.507500
0.550353 26.366000
0.550615 12.661400
0.550876 29.514100
0.551138 21.154800
0.551399 19.385800
0.551661 8.397350
0.551923 4.934970
0.552184 74.662800
0.552446 29.849500
0.552707 34.979800
0.552969 52.057300
0.553230 6.555500
0.553492 7.875840
0.553754 9.522960
0.554015 21.672800
0.554277 16.119600
0.554538 13.163700
0.554800 6.214500
0.555061 21.412800
0.555323 12.470700
0.555585 6.420400
0.555846 29.324000
0.556108 16.861100
0.556369 26.335400
0.556631 42.409800
0.556892 36.286100
0.557154 42.955100
0.557416 55.035300
0.557677 37.986800
0.557939 41.256700
0.558200 9.739960
0.558462 8.041450
0.558724 10.833300
0.558985 7.161570
0.559247 41.365100
0.559508 6.537330
0.559770 14.127000
0.560031 16.071000
0.560293 61.459700
0.560555 48.416400
0.560816 18.288400
0.561078 7.999610
0.561339 3.888480
0.561601 21.434100
0.561862 9.239550
0.562124 2.189210
0.562386 6.348790
0.562647 8.129900
0.562909 32.681500
0.563170 19.137800
0.563432 23.323800
0.563693 32.718100
0.563955 7.175630
0.564217 12.001300
0.564478 8.236510
0.564740 17.432500
0.565001 53.402000
0.565263 39.776700
0.565524 4.893300
0.565786 20.715900
0.566048 37.511600
0.566309 20.337500
0.566571 47.679100
0.566832 19.056100
0.567094 5.355630
0.567355 5.778330
0.567617 2.289230
0.567879 9.672870
0.568140 51.029500
0.568402 41.296100
0.568663 20.939900
0.568925 7.203390
0.569187 12.344800
0.569448 10.258500
0.569710 21.855300
0.569971 25.687200
0.570233 12.969500
0.570494 3.374360
0.570756 37.051300
0.571018 17.734900
0.571279 52.246500
0.571541 41.579500
0.571802 46.184500
0.572064 8.134690
0.572325 20.393400
0.572587 5.884680
0.572849 68.551100
0.573110 5.420870
0.573372 17.469900
0.573633 29.450300
0.573895 8.953610
0.574156 21.389900
0.574418 25.371100
0.574680 30.766700
0.574941 52.296300
0.575464 17.407600
0.575726 31.315500
0.575987 3.303330
0.576249 38.608000
0.576511 11.638800
0.576772 17.982900
0.577034 19.154600
0.577295 7.504560
0.577557 8.695910
0.577818 13.300700
0.578080 20.742500
0.578342 22.586000
0.578603 7.043520
0.578865 27.237800
0.579126 37.658100
0.579388 5.530810
0.579649 61.809900
0.579911 27.811600
0.580173 18.700700
0.580434 49.299000
0.580696 15.005600
0.580957 1.751890
0.581219 13.241700
0.581481 7.976340
0.581742 17.798900
0.582004 10.249200
0.582265 18.162300
0.582527 39.095500
0.582788 21.029500
0.583050 8.940020
0.583312 22.181300
0.583573 3.696490
0.583835 13.413100
0.584096 25.092200
0.584358 48.462500
0.584619 20.447000
0.584881 16.545200
0.585143 73.251100
0.585404 10.181400
0.585666 48.495400
0.585927 21.657600
0.586189 7.213980
0.586450 11.367800
0.586712 8.903670
0.586974 24.204600
0.587235 29.641400
0.587497 8.917910
0.587758 6.352960
0.588020 9.591050
0.588281 67.192500
0.588543 30.768600
0.588805 34.364500
0.589066 3.852170
0.589328 9.057330
0.589589 19.694100
0.589851 12.581000
0.590112 11.959800
0.590374 40.411200
0.590636 35.211500
0.590897 20.092400
0.591159 50.970900
0.591420 2.141540
0.591682 24.888800
0.591943 41.012900
0.592205 36.963300
0.592467 35.129000
0.592728 21.029700
0.592990 17.242000
0.593251 22.204900
0.593513 37.285600
0.593775 9.715250
0.594036 17.744700
0.594298 30.135900
0.594559 74.271900
0.594821 23.885800
0.595082 17.313500
0.595344 8.449120
0.595606 3.713470
0.595867 4.810860
0.596129 7.397620
0.596390 28.598700
0.596652 18.330400
0.596913 10.647800
0.597175 11.827400
0.597437 65.753200
0.597698 9.137120
0.597960 13.041700
0.598221 11.094400
0.598483 20.731100
0.598744 8.041480
0.599006 10.112900
0.599268 13.727100
0.599529 26.745300
0.599791 6.424920
0.600052 8.809260
0.600314 25.433400
0.600575 15.854000
0.600837 16.107700
0.601099 21.874600
0.601360 4.607830
0.601622 17.927700
0.601883 20.607900
0.602145 16.565800
0.602406 20.830800
0.602668 46.919600
0.602930 33.517600
0.603191 28.540300
0.603453 4.833650
0.603714 2.059470
0.603976 30.390900
0.604238 56.759800
0.604499 10.530900
0.604761 24.156800
0.605022 16.014800
0.605284 33.635100
0.605545 21.282200
0.605807 1.690950
0.606069 41.961400
0.606330 18.366700
0.606592 82.990600
0.606853 20.357000
0.607115 8.643340
0.607376 72.389500
0.607638 43.646900
0.607900 48.877900
0.608161 37.255900
0.608423 7.441880
0.608684 22.816000
0.608946 17.370100
0.609207 19.417300
0.609469 14.529300
0.609731 47.591500
0.609992 63.121300
0.610254 65.983200
0.610515 33.996800
0.610777 5.502490
0.611038 11.021300
0.611300 16.936000
0.611562 12.225900
0.611823 7.045480
0.612085 9.828770
0.612346 6.921560
0.612608 4.643200
0.612869 1.805600
0.613131 12.174400
0.613393 16.555800
0.613654 20.491400
0.613916 11.997300
0.614177 12.679600
0.614439 3.764290
0.614700 50.423100
0.614962 6.691180
0.615224 45.255700
0.615485 21.959900
0.615747 9.919050
0.616008 12.127700
0.616270 38.814800
0.616532 6.225150
0.616793 77.998900
0.617055 9.577470
0.617316 42.874400
0.617578 13.757800
0.617839 3.668330
0.618101 5.635720
0.618363 47.726700
0.618624 13.436400
0.618886 16.065100
0.619147 15.713600
0.619409 9.677590
0.619670 69.199500
0.619932 8.681490
0.620194 9.729180
0.620455 15.879800
0.620717 7.259770
0.620978 14.658000
0.621240 33.747600
0.621501 9.736630
0.621763 3.539150
0.622025 20.528200
0.622286 6.891920
0.622548 59.168300
0.622809 8.278860
0.623071 71.294200
0.623332 27.056200
0.623594 9.332370
0.623856 35.765600
0.624117 9.964610
0.624379 6.403340
0.624640 21.779800
0.624902 43.184400
0.625163 3.757120
0.625425 15.071300
0.625687 82.281400
0.625948 44.303100
0.626210 9.275650
0.626471 49.708300
0.626733 16.618500
0.626995 13.463300
0.627256 62.881300
0.627518 6.372270
0.627779 24.294500
0.628041 43.416600
0.628302 13.045600
0.628564 8.537590
0.628826 10.137800
0.629087 9.084880
0.629349 16.892600
0.629610 16.443300
0.629872 27.677200
0.630133 53.950900
0.630395 55.501100
0.630657 97.744600
0.630918 66.849900
0.631180 72.450900
0.631441 44.904600
0.631703 55.340100
0.631964 8.236780
0.632226 14.387500
0.632488 9.288930
0.632749 11.285000
0.633011 32.976600
0.633272 50.306200
0.633534 5.313580
0.633795 24.017200
0.634057 75.305900
0.634319 29.500400
0.634580 33.038600
0.634842 29.339200
0.635103 37.279700
0.635365 7.249030
0.635626 38.417500
0.635888 3.888180
0.636150 43.629100
0.636411 4.238610
0.636673 11.148100
0.636934 22.134300
0.637196 22.066300
0.637457 23.348800
0.637719 9.450720
0.637981 9.468280
0.638242 17.328000
0.638504 16.441500
0.638765 16.885400
0.639027 19.031600
0.639289 53.989800
0.639550 10.903100
0.639812 11.822600
0.640073 24.287900
0.640335 11.920700
0.640596 30.539000
0.640858 30.995300
0.641120 17.620900
0.641381 7.235930
0.641643 8.068730
0.641904 20.988000
0.642166 16.343700
0.642427 20.166400
0.642689 5.716600
0.642951 35.313000
0.643212 26.670900
0.643474 7.166070
0.643735 15.571200
0.643997 23.026700
0.644258 18.237600
0.644520 19.322900
0.644782 6.114670
0.645043 10.787000
0.645305 10.007300
0.645566 5.560520
0.645828 25.515100
0.646089 1.699730
0.646351 9.140190
0.646613 31.305500
0.646874 32.721100
0.647136 7.054200
0.647397 9.661770
0.647659 78.558700
0.647920 18.590300
0.648182 1.144350
0.648444 43.357100
0.648705 6.538550
0.648967 71.983500
0.649228 13.947400
0.649490 18.498200
0.649752 16.772800
0.650013 6.524020
0.650275 75.826000
0.650536 16.146100
0.650798 10.777700
0.651059 19.896500
0.651321 33.362700
0.651583 33.714300
0.651844 24.201500
0.652106 6.195630
0.652367 10.605200
0.652629 37.689500
0.652890 5.881990
0.653152 5.846220
0.653414 13.272100
0.653675 37.525300
0.653937 5.208950
0.654198 24.672500
0.654460 4.992940
0.654721 25.903900
0.654983 28.179600
0.655245 8.161460
0.655506 7.127920
0.655768 15.241100
0.656029 20.867000
0.656291 15.208000
0.656552 61.922500
0.656814 5.772230
0.657076 24.559300
0.657337 11.025700
0.657599 8.891670
0.657860 22.541500
0.658122 34.581100
0.658383 42.805400
0.658645 8.378210
0.658907 32.089600
0.659168 5.543170
0.659430 41.712900
0.659691 57.601600
0.659953 32.389700
0.660214 10.534800
0.660476 48.895400
0.660738 50.895200
0.660999 30.081400
0.661261 4.385840
0.661522 23.737400
0.661784 19.004800
0.662046 14.051900
0.662307 17.207200
0.662569 8.681580
0.662830 12.760500
0.663092 41.509100
0.663353 2.471720
0.663615 3.216970
0.663877 9.816910
0.664138 49.224400
0.664400 40.771500
0.664661 58.997200
0.664923 35.842300
0.665184 43.129600
0.665446 77.661100
0.665708 19.567300
0.665969 7.093620
0.666231 9.059610
0.666492 36.345800
0.666754 20.738200
0.667015 6.767440
0.667277 52.223300
0.667539 27.455400
0.667800 15.345400
0.668062 41.576200
0.668323 18.173300
0.668585 11.036000
0.668846 4.048140
0.669108 53.576600
0.669370 23.504700
0.669631 4.686450
0.669893 22.559500
0.670154 27.539600
0.670416 17.507900
0.670677 9.986110
0.670939 11.121000
0.671201 10.380200
0.671462 6.092600
0.671724 6.076940
0.671985 6.257090
0.672247 7.784400
0.672509 11.546900
0.672770 23.952800
0.673032 25.328200
0.673293 17.221000
0.673555 6.153580
0.673816 41.350700
0.674078 11.745400
0.674340 17.380100
0.674601 53.381900
0.674863 3.542890
0.675124 6.461030
0.675386 76.997600
0.675647 31.893200
0.675909 12.118200
0.676171 31.235300
0.676432 34.977600
0.676694 25.235400
0.676955 8.343670
0.677217 32.666300
0.677478 3.752090
0.677740 70.531200
0.678002 19.283500
0.678263 37.566100
0.678525 16.587200
0.678786 14.252100
0.679048 6.051280
0.679309 7.997080
0.679571 5.959060
0.679833 54.006500
0.680094 4.895400
0.680356 7.751000
0.680617 28.001200
0.680879 27.668600
0.681140 5.432750
0.681402 33.762300
0.681664 70.313100
0.681925 36.057100
0.682187 62.497300
0.682448 4.515590
0.682710 76.211500
0.682971 13.134200
0.683233 31.999900
0.683495 2.067670
0.683756 22.962600
0.684018 18.478700
0.684279 31.835900
0.684541 61.535400
0.684803 26.417300
0.685064 8.198860
0.685326 45.816900
0.685587 2.888260
0.685849 24.568500
0.686110 3.155480
0.686372 9.833690
0.686634 8.942450
0.686895 8.860510
0.687157 15.035300
0.687418 80.890000
0.687680 13.438700
0.687941 11.289000
0.688203 7.573560
0.688465 28.363100
0.688726 4.499140
0.688988 27.062000
0.689249 21.743900
0.689511 10.052400
0.689772 6.508970
0.690034 7.426730
0.690296 20.375800
0.690557 9.235710
0.690819 9.905400
0.691080 29.832100
0.691342 28.123400
0.691603 20.576400
0.691865 49.282300
0.692127 20.373300
0.692388 7.800780
0.692650 2.986210
0.692911 38.490400
0.693173 41.865800
0.693434 14.323300
0.693696 8.859060
0.693958 57.977300
0.694219 6.054830
0.694481 5.704150
0.694742 65.472700
0.695004 9.459440
0.695265 3.452550
0.695527 65.978600
0.695789 8.666360
0.696050 17.314000
0.696312 18.215500
0.696573 22.512000
0.696835 4.150880
0.697097 37.309700
0.697358 12.986800
0.697620 38.624300
0.697881 24.523700
0.698143 49.196400
0.698404 10.770600
0.698666 10.741700
0.698928 35.292900
0.699189 41.221600
0.699451 6.255200
0.699712 48.460600
0.699974 11.519800
0.700235 27.218000
0.700497 12.722700
0.700759 30.902000
0.701020 19.009600
0.701282 34.893400
0.701543 9.521230
0.701805 25.759200
0.702066 20.968800
0.702328 39.272100
0.702590 11.647700
0.702851 6.728400
0.703113 7.148150
0.703374 15.474700
0.703636 86.140000
0.703897 8.690010
0.704159 14.159700
0.704421 56.753000
0.704682 17.102100
0.704944 8.650100
0.705205 3.196300
0.705467 62.941300
0.705728 37.597400
0.705990 47.598700
0.706252 24.357200
0.706513 20.312100
0.706775 6.148570
0.707036 59.047900
0.707298 38.926200
0.707560 23.838200
0.707821 17.785800
0.708083 5.273200
0.708344 1.790680
0.708606 8.624230
0.708867 5.468790
0.709129 9.177710
0.709391 39.725100
0.709652 47.612400
0.709914 49.825200
0.710175 22.731000
0.710437 8.427760
0.710698 27.548600
0.710960 4.885970
0.711222 9.545890
0.711483 24.014000
0.711745 26.749300
0.712006 38.481800
0.712268 14.547400
0.712529 51.958200
0.712791 36.965800
0.713053 3.946830
0.713314 20.351500
0.713576 61.929300
0.713837 13.721200
0.714099 27.603000
0.714360 5.495920
0.714622 32.902000
0.714884 71.435600
0.715145 59.131700
0.715407 53.244600
0.715668 11.082300
0.715930 14.724900
0.716191 9.864240
0.716453 7.039050
0.716715 16.181300
0.716976 17.878000
0.717238 8.712520
0.717499 11.955600
0.717761 5.752330
0.718022 20.491300
0.718284 28.760300
0.718546 34.737800
0.718807 22.246200
0.719069 17.449500
0.719330 11.203200
0.719592 5.024770
0.719854 34.039700
0.720115 4.792670
0.720377 17.462900
0.720638 9.102300
0.720900 5.228990
0.721161 20.244000
0.721423 3.544900
0.721685 6.073990
0.721946 17.882600
0.722208 23.203200
0.722469 26.923700
0.722731 4.582240
0.722992 45.754800
0.723254 14.347400
0.723516 64.436700
0.723777 38.669600
0.724039 50.045200
0.724300 14.670700
0.724562 57.468800
0.724823 50.150100
0.725085 15.675100
0.725347 48.453200
0.725608 4.063060
0.725870 30.485900
0.726131 9.531750
0.726393 3.655530
0.726654 3.532620
0.726916 24.970100
0.727178 63.097000
0.727439 4.926220
0.727701 2.768120
0.727962 18.804200
0.728224 25.186500
0.728485 49.046900
0.728747 19.399700
0.729009 30.934300
0.729270 6.108170
0.729532 2.911490
0.729793 9.193350
0.730055 7.663430
0.730317 22.779100
0.730578 11.887400
0.730840 15.170700
0.731101 17.122000
0.731363 43.683100
0.731624 22.957000
0.731886 8.541720
0.732148 1.847170
0.732409 65.295000
0.732671 64.214500
0.732932 2.829180
0.733194 13.982000
0.733455 29.510700
0.733717 19.898000
0.733979 6.600840
0.734240 7.089200
0.734502 9.350840
0.734763 75.193000
0.735025 33.627500
0.735286 40.993100
0.735548 20.838300
0.735810 15.053000
0.736071 21.544800
0.736333 64.627400
0.736594 2.691290
0.736856 3.952630
0.737117 20.385900
0.737379 24.033000
0.737641 89.562300
0.737902 34.703900
0.738164 36.441900
0.738425 18.874000
0.738687 16.237200
0.738948 13.401400
0.739210 6.885850
0.739472 36.297500
0.739733 69.529000
0.739995 16.542100
0.740256 56.032800
0.740518 45.846200
0.740779 20.794400
0.741041 14.949300
0.741303 69.463800
0.741564 38.064900
0.741826 8.126580
0.742087 15.494800
0.742349 5.100870
0.742611 88.454100
0.742872 60.409000
0.743134 6.260930
0.743395 15.515800
0.743657 13.208000
0.743918 16.143700
0.744180 7.236880
0.744442 31.108700
0.744703 12.089400
0.744965 32.707500
0.745226 36.793200
0.745488 58.562100
0.745749 11.637000
0.746011 15.011600
0.746273 14.327000
0.746534 13.584200
0.746796 45.604000
0.747057 19.122800
0.747319 6.034990
0.747580 8.164090
0.747842 32.649000
0.748104 26.614200
0.748365 15.223500
0.748627 24.314900
0.748888 72.892600
0.749150 37.885100
0.749411 32.323000
0.749673 14.818000
0.749935 7.556720
0.750196 88.713200
0.750458 8.093820
0.750719 8.920110
0.750981 73.348600
0.751242 54.695800
0.751504 6.789310
0.751766 72.208400
0.752027 15.643300
0.752289 5.052280
0.752550 34.646100
0.752812 46.496300
0.753074 6.582120
0.753335 44.989200
0.753597 7.103540
0.753858 5.098510
0.754120 19.970400
0.754381 31.724200
0.754643 5.403550
0.754905 40.384600
0.755166 23.973600
0.755428 9.007570
0.755689 8.640560
0.755951 67.387300
0.756212 9.328140
0.756474 7.044170
0.756736 11.312800
0.756997 40.846000
0.757259 5.547270
0.757520 5.154510
0.757782 3.228260
0.758043 21.144200
0.758305 23.103300
0.758567 10.880000
0.758828 50.370000
0.759090 74.805900
0.759351 17.267700
0.759613 21.970800
0.759874 59.421600
0.760136 43.790700
0.760398 29.036100
0.760659 43.262800
0.760921 21.809300
0.761182 28.350300
0.761444 60.324500
0.761705 8.247960
0.761967 64.220900
0.762229 6.006710
0.762490 14.671800
0.762752 25.992600
0.763013 24.134100
0.763275 39.444000
0.763536 17.363500
0.763798 24.683200
0.764060 6.657540
0.764321 9.014100
0.764583 21.582700
0.764844 2.067180
0.765106 13.894800
0.765368 21.197200
0.765629 13.205700
0.765891 10.220200
0.766152 44.771500
0.766414 39.589100
0.766675 23.922200
0.766937 9.945950
0.767199 9.958440
0.767460 29.137700
0.767722 11.536300
0.767983 4.216580
0.768245 44.155400
0.768506 4.340610
0.768768 10.873700
0.769030 30.504800
0.769291 33.644400
0.769553 6.192950
0.769814 33.564700
0.770076 18.746900
0.770337 50.365500
0.770599 5.134950
0.770861 6.385750
0.771122 14.185400
0.771384 17.647900
0.771645 27.558600
0.771907 24.633300
0.772168 19.374100
0.772430 11.781000
0.772692 7.074500
0.772953 7.744050
0.773215 3.152240
0.773476 5.839130
0.773738 76.913600
0.773999 38.435900
0.774261 7.008810
0.774523 13.789700
0.774784 55.949700
0.775046 14.720000
0.775307 7.840400
0.775569 11.188100
0.775830 6.682540
0.776092 7.991630
0.776354 22.018500
0.776615 25.678800
0.776877 19.133400
0.777138 32.052000
0.777400 13.934900
0.777662 6.067920
0.777923 6.688930
0.778185 80.800600
0.778446 4.610230
0.778708 10.232600
0.778969 26.618300
0.779231 18.497300
0.779493 7.531170
0.779754 25.581400
0.780016 15.288900
0.780277 35.484600
0.780539 8.911110
0.780800 37.457500
0.781062 41.856200
0.781324 29.590400
0.781585 8.041210
0.781847 12.959600
0.782108 5.992760
0.782370 71.760500
0.782631 10.513300
0.782893 1.882830
0.783155 13.257300
0.783416 3.117710
0.783678 19.538500
0.783939 16.179400
0.784201 39.306400
0.784462 44.305100
0.784724 2.299750
0.784986 23.725400
0.785247 2.797630
0.785509 27.266500
0.785770 18.158100
0.786032 19.202200
0.786293 7.795600
0.786555 34.129700
0.786817 8.300530
0.787078 7.007090
0.787340 23.328000
0.787601 30.877200
0.787863 26.681700
0.788125 9.907890
0.788386 18.010500
0.788648 11.719900
0.788909 19.350700
0.789171 24.819600
0.789432 41.996500
0.789694 11.069300
0.789956 2.000160
0.790217 62.703100
0.790479 12.624300
0.790740 17.117300
0.791002 26.550900
0.791263 44.533600
0.791525 28.968200
0.791787 29.015400
0.792048 35.838900
0.792310 21.663200
0.792571 21.375600
0.792833 9.310060
0.793094 9.687130
0.793356 10.489400
0.793618 18.260800
0.793879 13.487300
0.794141 15.996800
0.794402 21.764600
0.794664 27.182700
0.794925 15.025800
0.795187 89.187800
0.795449 8.732030
0.795710 20.208900
0.795972 13.593800
0.796233 11.757400
0.796495 12.197700
0.796756 57.139100
0.797018 81.207100
0.797280 7.861110
0.797541 34.561200
0.797803 7.823100
0.798064 13.001100
0.798326 31.818600
0.798587 34.756100
0.798849 6.951590
0.799111 8.421100
0.799372 58.062100
0.799634 6.608800
0.799895 30.761000
0.800157 8.199160
0.800419 23.456600
0.800680 36.315200
0.800942 12.386500
0.801203 24.028600
0.801465 13.771800
0.801726 39.946200
0.801988 4.433580
0.802250 27.130000
0.802511 9.181920
0.802773 13.170900
0.803034 7.798940
0.803296 29.890100
0.803557 67.927700
0.803819 6.693120
0.804081 29.731400
0.804342 4.688780
0.804604 47.459300
0.804865 61.816800
0.805127 60.736800
0.805388 36.900600
0.805650 8.313330
0.805912 5.781710
0.806173 6.333430
0.806435 53.047100
0.806696 18.407400
0.806958 42.074900
0.807219 22.954800
0.807481 10.090300
0.807743 24.909500
0.808004 60.933400
0.808266 4.141150
0.808527 57.666200
0.808789 17.982700
0.809050 9.807390
0.809312 9.137680
0.809574 2.313220
0.809835 28.490700
0.810097 51.643600
0.810358 7.726650
0.810620 17.823600
0.810882 6.785460
0.811143 48.703600
0.811405 16.714800
0.811666 36.882400
0.811928 27.064800
0.812189 4.358300
0.812451 32.960300
0.812713 31.468800
0.812974 6.348490
0.813236 56.952200
0.813497 17.757000
0.813759 7.476940
0.814020 18.697500
0.814282 11.379800
0.814544 14.745600
0.814805 24.064500
0.815067 10.707500
0.815328 19.306700
0.815590 8.104100
0.815851 26.128300
0.816113 5.683580
0.816375 21.328300
0.816636 34.003300
0.816898 17.354000
0.817159 17.360700
0.817421 24.830100
0.817682 43.283500
0.817944 62.788300
0.818206 54.518900
0.818467 83.940200
0.818729 86.446600
0.818990 25.175100
0.819252 7.781350
0.819513 13.750600
0.819775 30.783800
0.820037 7.245430
0.820298 70.238700
0.820560 48.694700
0.820821 15.631300
0.821083 9.252840
0.821344 21.989300
0.821606 35.414000
0.821868 10.258900
0.822129 52.170000
0.822391 10.810500
0.822652 19.626800
0.822914 25.787600
0.823176 8.474210
0.823437 21.634200
0.823699 4.862450
0.823960 18.513200
0.824222 73.092800
0.824483 68.481500
0.824745 38.050800
0.825007 7.292880
0.825268 38.018000
0.825530 26.763400
0.825791 66.576800
0.826053 11.803600
0.826314 10.191700
0.826576 26.716700
0.826838 34.052200
0.827099 49.592900
0.827361 9.660690
0.827622 47.923300
0.827884 44.129300
0.828145 12.406300
0.828407 13.607700
0.828669 65.752100
0.828930 26.367400
0.829192 14.115200
0.829453 8.928990
0.829715 6.767170
0.829976 15.806700
0.830238 35.375600
0.830500 9.324210
0.830761 33.531800
0.831023 20.994400
0.831284 7.983130
0.831546 16.904900
0.831807 32.265400
0.832069 76.915000
0.832331 7.621680
0.832592 9.192170
0.832854 6.009460
0.833115 21.944900
0.833377 40.872400
0.833639 17.253000
0.833900 9.749520
0.834162 40.798300
0.834423 77.923100
0.834685 37.392500
0.834946 13.868300
0.835208 23.018600
0.835470 22.882300
0.835731 5.284370
0.835993 36.458800
0.836254 18.135000
0.836516 18.764900
0.836777 37.749100
0.837039 10.532400
0.837301 3.246280
0.837562 19.699600
0.837824 17.142500
0.838085 14.181900
0.838347 19.966400
0.838608 30.024700
0.838870 13.158200
0.839132 9.625500
0.839393 28.886500
0.839655 19.174900
0.839916 18.796200
0.840178 33.900100
0.840439 42.193600
0.840701 34.846100
0.840963 15.579200
0.841224 5.255560
0.841486 45.230900
0.841747 26.165200
0.842009 9.898430
0.842270 60.043900
0.842532 5.033660
0.842794 35.711500
0.843055 74.993400
0.843317 13.327200
0.843578 46.230200
0.843840 73.219400
0.844101 14.571300
0.844363 8.687400
0.844625 8.004860
0.844886 10.451900
0.845148 15.102900
0.845409 9.966880
0.845671 23.862400
0.845933 33.299700
0.846194 22.303600
0.846456 29.668700
0.846717 25.929500
0.846979 16.597900
0.847240 22.289400
0.847502 6.978950
0.847764 62.476600
0.848025 12.117200
0.848287 64.035800
0.848548 17.401700
0.848810 19.202600
0.849071 14.328600
0.849333 1.780670
0.849595 8.053110
0.849856 7.781140
0.850118 20.765700
0.850379 4.992150
0.850641 87.102700
0.850902 15.470300
0.851164 47.544100
0.851426 16.231200
0.851687 9.351270
0.851949 70.230300
0.852210 34.457800
0.852472 9.877830
0.852733 40.232600
0.852995 93.263800
0.853257 43.680900
0.853518 49.471700
0.853780 8.239530
0.854041 12.356300
0.854303 71.329600
0.854564 23.187200
0.854826 21.200300
0.855088 5.843530
0.855349 36.462400
0.855611 26.739600
0.855872 26.276500
0.856134 5.916550
0.856396 39.243600
0.856657 5.968390
0.856919 17.137600
0.857180 50.608600
0.857442 14.462900
0.857703 3.513450
0.857965 6.965690
0.858227 5.617040
0.858488 23.532700
0.858750 29.602600
0.859011 9.724550
0.859273 7.808130
0.859534 4.052180
0.859796 49.908400
0.860058 8.361890
0.860319 63.618800
0.860581 8.943440
0.860842 58.019700
0.861104 25.409000
0.861365 23.741700
0.861627 6.041590
0.861889 29.058100
0.862150 31.155900
0.862412 24.288000
0.862673 5.359870
0.862935 40.088700
0.863196 37.503000
0.863458 38.530800
0.863720 18.434200
0.863981 15.334600
0.864243 36.756400
0.864504 24.444700
0.864766 11.513600
0.865027 20.556700
0.865289 16.255500
0.865551 9.222380
0.865812 12.646500
0.866074 5.142780
0.866335 7.209530
0.866597 15.318700
0.866858 42.990200
0.867120 26.916700
0.867382 46.698900
0.867643 9.175910
0.867905 20.267800
0.868166 14.591600
0.868428 53.581900
0.868690 39.810400
0.868951 53.560100
0.869213 24.802200
0.869474 49.340000
0.869736 68.361600
0.869997 9.185620
0.870259 33.985600
0.870521 28.116800
0.870782 31.211100
0.871044 21.461400
0.871305 8.500360
0.871567 9.775030
0.871828 43.034700
0.872090 29.986800
0.872352 30.044100
0.872613 8.870770
0.872875 71.309100
0.873136 31.952900
0.873398 23.595500
0.873659 26.580100
0.873921 16.567700
0.874183 9.130450
0.874444 24.061900
0.874706 28.872600
0.874967 19.591500
0.875229 19.554500
0.875490 13.727300
0.875752 10.462800
0.876014 26.817500
0.876275 7.204140
0.876537 44.954600
0.876798 8.215970
0.877060 18.351900
0.877321 1.654460
0.877583 29.575100
0.877845 21.472700
0.878106 9.663220
0.878368 22.919000
0.878629 21.179400
0.878891 12.630800
0.879152 10.806200
0.879414 56.730600
0.879676 3.997700
0.879937 8.056030
0.880199 11.401700
0.880460 15.534300
0.880722 38.607200
0.880984 31.181000
0.881245 13.881100
0.881507 3.771770
0.881768 19.957200
0.882030 11.766400
0.882291 21.208100
0.882553 9.766340
0.882815 24.034900
0.883076 60.237600
0.883338 81.509800
0.883599 89.662000
0.883861 25.292800
0.884122 43.200400
0.884384 34.071700
0.884646 4.838550
0.884907 36.104700
0.885169 63.783500
0.885430 8.234700
0.885692 38.432500
0.885953 46.683000
0.886215 19.035500
0.886477 39.756300
0.886738 29.184400
0.887000 32.930400
0.887261 25.714700
0.887523 37.750600
0.887784 12.368700
0.888046 9.241550
0.888308 12.163800
0.888569 50.165000
0.888831 20.410900
0.889092 50.619400
0.889354 7.678710
0.889615 21.320600
0.889877 4.049740
0.890139 10.663200
0.890400 20.320200
0.890662 49.827600
0.890923 38.377100
0.891185 12.057300
0.891447 64.709100
0.891708 30.975800
0.891970 9.907610
0.892231 73.060100
0.892493 11.234200
0.892754 9.884340
0.893016 9.373180
0.893278 49.927300
0.893539 14.375300
0.893801 47.347000
0.894062 4.022360
0.894324 21.734100
0.894585 4.523690
0.894847 74.329300
0.895109 15.907000
0.895370 9.801390
0.895632 9.588350
0.895893 7.723730
0.896155 49.217500
0.896416 13.445600
0.896678 62.158000
0.896940 20.060500
0.897201 6.068700
0.897463 38.809000
0.897724 6.068230
0.897986 21.973600
0.898247 83.169000
0.898509 60.287500
0.898771 15.101500
0.899032 16.792800
0.899294 26.137700
0.899555 6.149050
0.899817 3.644770
0.900078 7.456780
0.900340 4.445700
0.900602 22.026700
0.900863 45.131700
0.901125 13.262000
0.901386 23.897800
0.901648 8.538100
0.901909 6.732310
0.902171 71.502600
0.902433 39.546600
0.902694 29.186300
0.902956 56.898700
0.903217 4.382710
0.903479 6.346750
0.903741 1.735340
0.904002 31.615500
0.904264 24.809900
0.904525 31.772300
0.904787 51.504700
0.905048 6.761300
0.905310 9.286810
0.905572 15.211700
0.905833 19.905200
0.906095 6.154720
0.906356 3.658220
0.906618 73.481700
0.906879 67.807900
0.907141 60.618100
0.907403 54.804000
0.907664 48.099300
0.907926 16.222400
0.908187 63.671400
0.908449 4.055010
0.908710 13.018600
0.908972 72.587900
0.909234 11.089800
0.909495 7.870430
0.909757 25.574500
0.910018 39.813700
0.910280 11.307300
0.910541 41.012000
0.910803 18.878100
0.911065 5.937980
0.911326 9.879530
0.911588 62.399900
0.911849 16.896700
0.912111 28.760200
0.912372 72.683300
0.912634 11.506100
0.912896 16.526300
0.913157 54.768700
0.913419 20.326000
0.913680 7.090510
0.913942 25.768600
0.914204 5.369230
0.914465 55.013200
0.914727 10.436700
0.914988 29.166000
0.915250 56.283900
0.915511 9.953280
0.915773 21.099900
0.916035 25.170200
0.916296 52.411000
0.916558 4.044120
0.916819 21.649400
0.917081 5.267090
0.917342 52.700800
0.917604 32.849500
0.917866 1.751460
0.918127 81.853700
0.918389 19.119800
0.918650 26.244800
0.918912 7.973800
0.919173 38.962500
0.919435 24.525900
0.919697 25.362700
0.919958 19.814900
0.920220 36.999500
0.920481 30.982700
0.920743 14.545600
0.921004 59.188000
0.921266 18.690400
0.921528 72.318200
0.921789 13.634300
0.922051 3.373080
0.922312 6.601160
0.922574 12.163700
0.922835 56.924100
0.923097 48.648300
0.923359 38.542600
0.923620 79.883300
0.923882 11.657400
0.924143 37.049000
0.924405 14.009200
0.924666 17.801500
0.924928 30.574800
0.925190 70.228500
0.925451 22.256800
0.925713 38.285000
0.925974 14.284500
0.926236 9.949160
0.926498 6.271460
0.926759 19.161100
0.927021 10.945500
0.927282 9.524040
0.927544 33.489600
0.927805 43.278200
0.928067 53.635400
0.928329 5.850780
0.928590 3.875500
0.928852 44.815300
0.929113 3.715910
0.929375 18.913700
0.929636 29.246100
0.929898 10.473900
0.930160 17.489500
0.930421 8.207640
0.930683 18.092400
0.930944 7.951170
0.931206 8.437930
0.931467 6.786700
0.931729 42.572900
0.931991 13.357400
0.932252 18.476500
0.932514 21.929500
0.932775 12.338800
0.933037 20.049200
0.933298 6.847810
0.933560 13.949200
0.933822 42.800400
0.934083 21.831900
0.934345 14.570600
0.934606 6.953160
0.934868 20.952100
0.935129 38.896600
0.935391 17.934200
0.935653 23.467300
0.935914 23.702700
0.936176 11.486500
0.936437 8.463730
0.936699 6.608320
0.936961 58.700500
0.937222 17.669700
0.937484 9.965010
0.937745 3.154020
0.938007 37.294800
0.938268 51.369900
0.938530 3.637320
0.938792 26.514000
0.939053 9.666570
0.939315 6.415190
0.939576 31.578600
0.939838 2.354180
0.940099 28.693000
0.940361 12.379000
0.940623 84.629000
0.940884 24.122000
0.941146 3.892990
0.941407 28.339400
0.941669 40.672300
0.941930 17.410500
0.942192 74.442500
0.942454 50.055100
0.942715 13.197500
0.942977 41.716900
0.943238 9.655510
0.943500 5.491600
0.943761 6.645760
0.944023 47.726800
0.944285 12.070800
0.944546 30.561000
0.944808 14.394100
0.945069 6.276730
0.945331 49.877600
0.945592 13.466000
0.945854 13.137300
0.946116 39.974200
0.946377 25.710500
0.946639 14.864400
0.946900 25.562300
0.947162 14.845800
0.947423 8.126440
0.947685 6.290030
0.947947 38.239600
0.948208 4.792260
0.948470 8.231450
0.948731 23.018400
0.948993 26.418300
0.949255 21.601600
0.949516 12.889700
0.949778 6.386180
0.950039 19.639600
0.950301 17.878200
0.950562 67.493600
0.950824 21.361400
0.951086 12.325600
0.951347 15.007300
0.951609 26.961900
0.951870 8.400030
0.952132 6.637920
0.952393 52.236100
0.952655 11.383000
0.952917 76.100900
0.953178 6.474700
0.953440 5.615990
0.953701 18.830000
0.953963 10.477400
0.954224 40.139400
0.954486 13.481300
0.954748 6.171130
0.955009 50.626100
0.955271 30.782400
0.955532 23.680900
0.955794 11.943900
0.956055 4.447450
0.956317 17.260400
0.956579 3.830930
0.956840 4.135960
0.957102 45.436800
0.957363 53.158300
0.957625 7.079540
0.957886 16.399400
0.958148 6.752600
0.958410 5.121470
0.958671 91.827900
0.958933 17.444300
0.959194 1.748410
0.959456 5.152040
0.959717 8.533880
0.959979 9.076270
0.960241 60.057900
0.960502 46.221700
0.960764 34.190800
0.961025 20.216400
0.961287 10.687100
0.961549 7.962510
0.961810 26.313700
0.962072 11.842500
0.962333 37.624400
0.962595 39.149700
0.962856 18.494700
0.963118 66.597800
0.963380 52.947900
0.963641 8.304170
0.963903 50.036100
0.964164 21.846600
0.964426 26.127000
0.964687 8.420570
0.964949 19.857600
0.965211 15.928600
0.965472 13.718500
0.965734 5.578190
0.965995 49.577300
0.966257 4.012040
0.966518 1.636010
0.966780 39.735700
0.967042 11.155400
0.967303 12.804900
0.967565 4.246840
0.967826 30.042900
0.968088 9.134980
0.968349 10.336500
0.968611 34.077900
0.968873 8.502170
0.969134 58.435400
0.969396 70.992900
0.969657 44.054100
0.969919 31.277400
0.970180 27.939600
0.970442 5.538860
0.970704 23.468700
0.970965 5.869460
0.971227 26.009200
0.971488 33.762800
0.971750 12.557000
0.972012 10.821300
0.972273 9.318510
0.972535 18.946200
0.972796 1.709080
0.973058 31.202600
0.973319 11.378100
0.973581 38.546000
0.973843 5.939990
0.974104 13.310900
0.974366 27.225100
0.974627 17.328500
0.974889 8.347940
0.975150 7.656870
0.975412 49.850900
0.975674 6.273300
0.975935 3.692710
0.976197 43.811300
0.976458 6.467160
0.976720 9.258350
0.976981 6.550350
0.977243 9.143980
0.977505 11.995900
0.977766 28.841300
0.978028 16.905900
0.978289 23.333600
0.978551 6.350530
0.978812 11.487500
0.979074 29.823600
0.979336 7.804180
0.979597 3.977820
0.979859 21.280000
0.980120 74.330200
0.980382 33.109800
0.980643 2.691930
0.980905 96.268700
0.981167 2.252750
0.981428 36.225400
0.981690 43.671800
0.981951 7.558850
0.982213 13.188900
0.982474 9.419610
0.982736 27.713200
0.982998 7.376380
0.983259 12.056900
0.983521 13.406000
0.983782 6.190670
0.984044 23.822300
0.984306 19.161700
0.984567 43.238300
0.984829 12.617800
0.985090 24.344500
0.985352 10.725600
0.985613 30.161800
0.985875 12.474300
0.986137 22.966000
0.986398 4.206750
0.986660 6.028330
0.986921 16.665600
0.987183 25.321100
0.987444 24.605200
0.987706 39.986400
0.987968 28.966000
0.988229 14.923100
0.988491 6.753170
0.988752 37.800400
0.989014 18.204600
0.989275 11.421400
0.989537 8.699050
0.989799 14.611200
0.990060 2.499290
0.990322 1.756050
0.990583 12.334100
0.990845 8.010580
0.991106 6.552290
0.991368 79.800000
0.991630 17.434500
0.991891 9.868260
0.992153 84.192600
0.992414 24.708700
0.992676 9.754840
0.992937 31.710700
0.993199 19.073800
0.993461 8.696500
0.993722 13.322200
0.993984 42.204300
0.994245 9.067620
0.994507 31.703700
0.994769 39.330100
0.995030 2.539160
0.995292 6.237130
0.995553 7.202650
0.995815 8.686160
0.996076 13.024100
0.996338 13.452100
0.996600 4.017790
0.996861 6.878900
0.997123 75.315100
0.997384 15.120400
0.997646 14.090800
0.997907 17.120400
0.998169 24.784900
0.998431 66.167600
0.998692 31.142800
0.998954 13.356500
0.999215 23.260900
0.999477 28.398100
0.999738 8.244160
1.000000 69.592100
