0.014298 8.389800
0.014731 51.192400
0.015165 11.427900
0.015598 8.626700
0.016031 1.780920
0.016464 7.972690
0.016898 9.073760
0.017331 19.472100
0.017764 85.155600
0.018198 4.725830
0.018631 17.628100
0.019064 4.987360
0.019497 8.782960
0.019931 6.182930
0.020364 15.026900
0.020797 17.308400
0.021231 17.535700
0.021664 11.431500
0.022097 13.234200
0.022530 37.327100
0.022964 31.038200
0.023397 4.927800
0.023830 10.709300
0.024263 8.706290
0.024697 10.231500
0.025130 52.686000
0.025563 19.613100
0.025997 20.111600
0.026430 28.997900
0.026863 4.266290
0.027296 5.000050
0.027730 19.767400
0.028163 7.239440
0.028596 6.493140
0.029029 28.633100
0.029463 8.143300
0.029896 64.778600
0.030329 41.443900
0.030763 26.151800
0.031196 15.493100
0.031629 8.164240
0.032062 31.430200
0.032496 8.187860
0.032929 6.272500
0.033362 53.050300
0.033795 11.276800
0.034229 6.495220
0.034662 1.787920
0.035095 6.138830
0.035529 10.150400
0.035962 11.364400
0.036395 3.380320
0.036828 4.893430
0.037262 8.455260
0.037695 14.192100
0.038128 48.081600
0.038562 8.874760
0.038995 25.777800
0.039428 29.620400
0.039861 33.379900
0.040295 18.911800
0.040728 28.323200
0.041161 8.619920
0.041594 8.602140
0.042028 18.652900
0.042461 9.247560
0.042894 18.460000
0.043328 5.776470
0.043761 31.909800
0.044194 9.369090
0.044627 50.007300
0.045061 16.177400
0.045494 12.450200
0.045927 25.181200
0.046360 4.253690
0.046794 9.250770
0.047227 8.707190
0.047660 6.551750
0.048094 69.092600
0.048527 10.272200
0.053293 9.958660
0.053726 30.706800
0.054159 9.502870
0.054593 30.577300
0.055026 39.228100
0.055459 5.801710
0.055893 64.494300
0.056326 29.671600
0.056759 10.909300
0.057192 25.340300
0.057626 26.945700
0.058059 21.475400
0.058492 25.121600
0.058925 14.899700
0.059359 5.790330
0.059792 14.535500
0.060225 9.572750
0.060659 12.183700
0.061092 19.902600
0.061525 69.487400
0.074090 9.691900
0.074523 10.951500
0.074957 23.809900
0.075390 3.659800
0.075823 8.621650
0.076256 76.404300
0.076690 30.650500
0.077123 2.507150
0.077556 19.948300
0.081889 58.116000
0.082322 6.762850
0.082756 14.081800
0.083189 50.535300
0.083622 10.843400
0.084055 9.201610
0.084489 9.159200
0.084922 60.001800
0.085355 25.395800
0.085789 30.390700
0.086222 11.546000
0.086655 30.986900
0.087088 50.845200
0.087522 40.896800
0.087955 12.830200
0.088388 19.027200
0.088821 7.612130
0.100520 59.483000
0.100953 33.864400
0.101386 6.750000
0.101820 10.389100
0.102253 30.415900
0.102686 21.404100
0.103120 21.528000
0.103553 13.228000
0.103986 14.616500
0.104419 33.762100
0.104853 40.283400
0.105286 15.618800
0.105719 9.720870
0.106153 15.881500
0.106586 14.428200
0.107019 37.940500
0.107452 3.132270
0.107886 67.121200
0.108319 16.938600
0.108752 49.772600
0.109185 8.612040
0.109619 10.848200
0.110052 13.265400
0.110485 13.817200
0.110919 6.634980
0.111352 6.791920
0.111785 12.564600
0.112218 12.799800
0.112652 18.019400
0.113085 47.140400
0.113518 4.519710
0.113951 25.909600
0.114385 16.062200
0.114818 8.953380
0.115251 13.146700
0.115685 9.141700
0.116118 19.142000
0.116551 39.936600
0.116984 8.205270
0.117418 9.735730
0.117851 10.252900
0.118284 31.552700
0.118718 58.486900
0.119151 14.269300
0.120017 9.621300
0.120451 20.574300
0.120884 4.586220
0.121317 1.197850
0.121750 23.621400
0.122184 12.954600
0.122617 37.494000
0.123050 16.340900
0.123484 42.168600
0.123917 8.544320
0.124350 39.177300
0.124783 34.095700
0.125217 14.915700
0.125650 19.761000
0.126083 8.437160
0.126516 28.568400
0.126950 23.567300
0.127383 10.115300
0.127816 27.341800
0.128250 22.148200
0.128683 25.556400
0.129116 7.057960
0.129549 25.131700
0.129983 8.460060
0.130416 37.597500
0.130849 10.140100
0.131282 7.930130
0.131716 10.304300
0.132149 38.169900
0.132582 26.368200
0.133016 33.892100
0.133449 20.884900
0.133882 24.678800
0.134315 30.511900
0.134749 48.773100
0.135182 72.811100
0.135615 2.633680
0.136049 18.433800
0.136482 6.491060
0.136915 5.819500
0.137348 53.851400
0.137782 55.157700
0.138215 45.038900
0.138648 39.949900
0.139081 7.672590
0.139515 5.392620
0.139948 12.483500
0.140381 19.138700
0.140815 37.516500
0.141248 5.171710
0.141681 22.988500
0.142114 41.231000
0.142548 7.725030
0.142981 25.669000
0.143414 37.161500
0.143847 43.937100
0.144281 21.027700
0.144714 31.815100
0.145147 37.500800
0.145581 29.796900
0.146014 44.548600
0.146447 7.858300
0.146880 9.186340
0.147314 18.990700
0.147747 11.158600
0.148180 39.149100
0.148614 8.601020
0.149047 47.192600
0.149480 17.759900
0.149913 23.973900
0.150347 7.388730
0.150780 30.889900
0.151213 8.205940
0.151646 31.765200
0.152080 10.350200
0.152513 61.576300
0.152946 13.887600
0.153380 34.180000
0.153813 21.464600
0.154246 5.317310
0.154679 33.105300
0.155113 26.784400
0.155546 6.057950
0.155979 5.130530
0.156412 40.304000
0.156846 3.553440
0.157279 8.240650
0.157712 22.572400
0.158146 17.842900
0.158579 30.317400
0.159012 25.739300
0.159445 21.700400
0.159879 20.605900
0.160312 22.847200
0.160745 27.177000
0.161179 42.709600
0.161612 20.916100
0.162045 7.426380
0.162478 5.848560
0.162912 31.954200
0.163345 11.824100
0.163778 53.244700
0.164211 13.124100
0.164645 45.941800
0.165078 29.802800
0.165511 12.892400
0.165945 10.327900
0.166378 35.475000
0.166811 2.177030
0.167244 8.002590
0.167678 3.841410
0.168111 22.714500
0.168544 27.484000
0.168977 16.783700
0.169411 16.734100
0.169844 25.253800
0.170277 29.794700
0.170711 6.484720
0.171144 37.713400
0.171577 16.488400
0.172010 11.264000
0.172444 73.684400
0.172877 12.833700
0.173310 12.794500
0.173744 38.855300
0.174177 7.324400
0.174610 70.145600
0.175043 19.748600
0.175477 8.968620
0.175910 37.084400
0.176343 37.260000
0.176776 12.638500
0.177210 4.894030
0.177643 39.835700
0.178076 5.177490
0.178510 29.862900
0.178943 8.335470
0.179376 63.827700
0.179809 35.530800
0.180243 38.331200
0.180676 38.959400
0.181109 73.357600
0.181542 4.107690
0.181976 8.899870
0.182409 14.975300
0.182842 3.210140
0.183276 7.397080
0.183709 13.937100
0.184142 4.301020
0.184575 3.565540
0.185009 27.541700
0.185442 6.723510
0.185875 44.861700
0.186308 49.562200
0.186742 25.268600
0.187175 41.565600
0.187608 27.339500
0.188042 23.345700
0.188475 9.442390
0.188908 13.660300
0.189341 21.850600
0.189775 41.322200
0.190208 37.434700
0.190641 25.399100
0.191075 23.222200
0.191508 63.926100
0.191941 5.879150
0.192374 30.089600
0.192808 2.956050
0.193241 8.715510
0.193674 21.999900
0.194107 17.079600
0.194541 2.578610
0.194974 60.623500
0.195407 2.965620
0.195841 12.107100
0.196274 11.371200
0.196707 18.096500
0.197140 11.951600
0.197574 14.349200
0.198007 63.744900
0.198440 6.471080
0.198873 12.097600
0.199307 28.139700
0.199740 14.996100
0.200173 10.042400
0.200607 16.987800
0.201040 20.991800
0.201473 6.809680
0.201906 35.802100
0.202340 28.509100
0.202773 15.093700
0.203206 18.043800
0.203640 68.753100
0.204073 20.552200
0.204506 52.103700
0.204939 55.272600
0.205373 13.843900
0.205806 31.960300
0.206239 11.803600
0.206672 6.653800
0.207106 35.001800
0.207539 17.669100
0.207972 26.250500
0.208406 4.921840
0.208839 5.928040
0.209272 72.794700
0.209705 11.706000
0.210139 5.466320
0.210572 9.811080
0.211005 2.869660
0.211438 20.702500
0.211872 27.231000
0.212305 1.715310
0.212738 18.013600
0.213172 36.677500
0.213605 73.757600
0.214038 25.756100
0.214471 7.327110
0.214905 7.436520
0.215338 13.318000
0.215771 12.313500
0.216205 25.816900
0.216638 39.050100
0.217071 42.211600
0.217504 20.376300
0.217938 3.135620
0.218371 26.579500
0.218804 7.049050
0.219237 16.474600
0.219671 7.478110
0.220104 67.722500
0.220537 8.573210
0.220971 9.976030
0.221404 5.328670
0.221837 11.623100
0.222270 13.801400
0.222704 17.719300
0.223137 17.713500
0.223570 16.676000
0.224003 28.075200
0.224437 7.803190
0.224870 5.469510
0.225303 4.893740
0.225737 20.923700
0.226170 8.919630
0.226603 37.710900
0.227036 41.850300
0.227470 8.906810
0.227903 3.307790
0.228336 7.780630
0.228769 5.910930
0.229203 61.775300
0.229636 8.304590
0.230069 24.379200
0.230503 49.563300
0.230936 3.004240
0.231369 37.428100
0.231802 8.660560
0.232236 35.616100
0.232669 19.812700
0.233102 38.558900
0.233536 76.850500
0.233969 62.622300
0.234402 8.864920
0.234835 32.647000
0.235269 10.551000
0.235702 19.976500
0.236135 54.950200
0.236568 8.923770
0.237002 35.323200
0.237435 23.367300
0.237868 10.141400
0.238302 6.716410
0.238735 57.169200
0.239168 9.522380
0.239601 32.372200
0.240035 4.049020
0.240468 4.082430
0.240901 25.174800
0.241334 9.521710
0.241768 41.533500
0.242201 31.137000
0.242634 37.862800
0.243068 19.256800
0.243501 7.575050
0.243934 22.856500
0.244367 13.858200
0.244801 11.652700
0.245667 8.776500
0.246101 8.048750
0.246534 43.723600
0.246967 13.068200
0.247400 9.644940
0.247834 9.400770
0.248267 16.723700
0.248700 5.501300
0.249133 58.926500
0.249567 5.096430
0.250000 11.504200
0.250433 33.339900
0.250867 8.749350
0.251300 22.121200
0.251733 63.118200
0.252166 10.737400
0.252600 7.158450
0.253033 33.224700
0.253466 7.185300
0.253899 20.927700
0.254766 35.580500
0.255199 36.796300
0.255633 37.929200
0.256066 42.289200
0.256499 36.626400
0.256932 27.135500
0.257366 19.762900
0.257799 62.347900
0.258232 81.814700
0.258666 11.996800
0.259099 37.139500
0.259532 26.669900
0.259965 7.437360
0.260399 43.067300
0.260832 18.638700
0.261265 27.742700
0.261698 20.982600
0.262132 40.382500
0.262565 56.085600
0.262998 47.920800
0.263432 20.722800
0.263865 21.484900
0.264298 11.822100
0.264731 6.244090
0.265165 4.487680
0.265598 76.493000
0.266031 9.861430
0.266464 19.609200
0.266898 33.296200
0.267331 22.313800
0.267764 38.698500
0.268198 39.894300
0.268631 22.795800
0.269064 21.921200
0.269497 9.336050
0.269931 22.527300
0.270364 13.847500
0.270797 18.895600
0.271231 3.945510
0.271664 37.096300
0.272097 22.967800
0.272530 34.760600
0.272964 79.686700
0.273397 12.277200
0.273830 85.746500
0.274263 26.356200
0.274697 24.228800
0.275130 14.487000
0.275563 7.450570
0.275997 16.721500
0.276430 22.681900
0.276863 2.598400
0.277296 51.710400
0.277730 7.024560
0.278163 20.064900
0.278596 24.450100
0.279029 4.172200
0.279463 8.252470
0.279896 20.424700
0.280329 5.978590
0.280763 32.854300
0.281196 30.295500
0.281629 20.840000
0.282062 60.657600
0.282496 21.423100
0.282929 2.883390
0.283362 7.415950
0.283795 47.147500
0.284229 5.236890
0.284662 15.825800
0.285095 36.068100
0.285529 22.230400
0.285962 8.416410
0.286395 16.797000
0.286828 36.035200
0.287262 21.736300
0.287695 8.691410
0.288128 39.729900
0.288562 9.700240
0.288995 24.735100
0.289428 39.286300
0.289861 6.295540
0.290295 32.930100
0.290728 28.753700
0.291161 41.307300
0.291594 15.263200
0.292028 25.884900
0.292461 76.813800
0.292894 23.482900
0.293328 34.258600
0.293761 24.131800
0.294194 50.639700
0.294627 49.068500
0.295061 8.218500
0.295494 5.284880
0.295927 31.720700
0.296360 32.155200
0.296794 39.064700
0.297227 9.521380
0.297660 14.737600
0.298094 34.058800
0.298527 33.766700
0.298960 21.817900
0.299393 49.336100
0.299827 20.729000
0.300260 45.854800
0.300693 91.799900
0.301127 26.792700
0.301560 28.667500
0.302426 43.534600
0.302860 39.283900
0.303293 56.098500
0.303726 6.723250
0.304159 48.224100
0.304593 53.554800
0.305026 19.040200
0.305459 44.883100
0.305893 17.671900
0.306326 10.199500
0.306759 32.632600
0.307192 13.329800
0.307626 50.284900
0.308059 12.558400
0.308492 8.843980
0.308925 9.567760
0.309359 44.364400
0.309792 13.685900
0.310225 1.801860
0.310659 27.228200
0.311092 11.436200
0.311525 7.178780
0.311958 15.187100
0.312392 6.682770
0.312825 18.682500
0.313258 33.191800
0.313692 85.603600
0.314125 33.562000
0.315425 9.805800
0.315858 7.395650
0.316291 14.125400
0.316724 19.064400
0.317158 24.748500
0.317591 10.193200
0.318024 35.857500
0.318458 18.497700
0.318891 22.004200
0.319324 8.717930
0.319757 32.772600
0.320191 3.478900
0.320624 6.786920
0.321057 22.101800
0.321490 6.084360
0.321924 7.836900
0.322357 2.461380
0.322790 10.383000
0.323224 43.128400
0.323657 19.999700
0.324090 11.551800
0.324523 4.006950
0.324957 7.236520
0.325390 77.479600
0.325823 6.161480
0.326256 16.155400
0.326690 18.522800
0.327123 4.313680
0.327556 52.437300
0.327990 18.872100
0.328423 51.746100
0.328856 19.486600
0.329289 10.491800
0.329723 7.299910
0.330156 26.311700
0.330589 30.022200
0.331023 16.748700
0.331456 15.866600
0.331889 26.989900
0.332756 25.711400
0.333189 23.182700
0.333622 5.831880
0.334055 17.751500
0.334489 86.173900
0.334922 69.183200
0.335355 62.466200
0.335789 8.333920
0.336222 31.076300
0.336655 10.360700
0.337088 23.435800
0.337522 7.919780
0.337955 40.999300
0.338388 10.822600
0.338821 35.071200
0.339255 4.461120
0.339688 28.548200
0.340121 22.541700
0.340555 16.695100
0.340988 6.135610
0.341421 9.978950
0.341854 17.955900
0.342721 1.772950
0.343154 12.106800
0.343588 6.740100
0.344021 35.216200
0.344454 29.610300
0.344887 11.358900
0.345321 39.430200
0.345754 58.466800
0.346187 17.033200
0.346620 57.311400
0.347054 8.009770
0.347487 24.531100
0.347920 26.043600
0.348354 11.544700
0.348787 21.848300
0.349220 8.298220
0.349653 7.833160
0.350087 17.484000
0.350520 8.750040
0.350953 33.517400
0.351386 34.552400
0.351820 81.282700
0.352253 24.547600
0.352686 30.265000
0.353120 6.215460
0.353553 62.065100
0.353986 55.142500
0.354419 5.503630
0.354853 26.966600
0.355286 9.894890
0.355719 12.720500
0.356153 61.651500
0.356586 15.363500
0.357019 27.437000
0.357452 6.496880
0.357886 5.575460
0.358319 6.550140
0.358752 32.943800
0.359185 37.661300
0.359619 15.235600
0.360052 32.596500
0.360485 26.761300
0.360919 19.282000
0.361352 28.747100
0.361785 47.830900
0.362218 47.890300
0.362652 45.254700
0.363085 5.441880
0.363518 7.773710
0.363951 56.546100
0.364385 33.999800
0.364818 54.530700
0.365251 3.084770
0.365685 19.075900
0.366118 10.038000
0.366551 19.166100
0.366984 42.277000
0.367418 44.116800
0.367851 9.506830
0.368284 3.427950
0.368718 13.793600
0.369151 32.958000
0.369584 15.391400
0.370017 8.668430
0.370451 27.551600
0.370884 13.674000
0.371317 4.965790
0.371750 18.182300
0.372184 10.301500
0.372617 43.571400
0.373050 20.669900
0.373484 39.136200
0.373917 11.029900
0.374350 38.054700
0.374783 20.232300
0.375217 17.540500
0.375650 14.155300
0.376083 21.594800
0.376516 18.666600
0.376950 4.349000
0.377383 21.464800
0.377816 8.480190
0.378250 17.016300
0.378683 13.333400
0.379116 4.950130
0.379549 15.593600
0.379983 14.876300
0.380416 86.664900
0.380849 18.333000
0.381282 18.097800
0.381716 30.965400
0.382149 46.462300
0.382582 15.088700
0.383016 50.811200
0.383449 52.722900
0.383882 6.268140
0.384315 48.261600
0.384749 35.505100
0.385182 14.608800
0.385615 6.944530
0.386049 2.299550
0.386482 7.177740
0.386915 49.870000
0.387348 15.156600
0.387782 21.407000
0.388215 40.495400
0.388648 41.800200
0.389081 8.610520
0.389515 29.695800
0.389948 8.796370
0.390381 41.258100
0.390815 9.783660
0.391248 31.058100
0.391681 10.421200
0.392114 52.609900
0.392548 36.198000
0.392981 28.143600
0.393414 9.315620
0.393847 21.392900
0.394281 24.036700
0.394714 20.742600
0.395147 18.990000
0.395581 28.319000
0.396014 17.397100
0.396447 3.369230
0.396880 33.151100
0.397314 10.504800
0.397747 76.457500
0.398180 15.120800
0.398614 17.962700
0.399047 9.841600
0.399480 22.645900
0.399913 8.711670
0.400347 11.674800
0.400780 37.026800
0.401213 65.561600
0.401646 16.727500
0.402080 59.479400
0.402513 25.904300
0.402946 6.299050
0.403380 33.448100
0.403813 2.826460
0.404246 40.347700
0.404679 11.335100
0.405113 16.268500
0.405546 21.198400
0.405979 84.147800
0.406412 19.627000
0.407279 67.417800
0.407712 12.438900
0.409445 8.324900
0.409879 37.336000
0.410312 19.645300
0.410745 2.580980
0.411179 92.103300
0.411612 7.898280
0.412045 33.395600
0.412478 8.354040
0.412912 36.888200
0.413345 46.667800
0.413778 37.296200
0.414211 18.208300
0.414645 49.284700
0.415078 18.997400
0.415511 10.005300
0.415945 48.869100
0.416378 2.516570
0.416811 68.764300
0.417244 43.179600
0.417678 65.237500
0.418111 36.285300
0.418544 16.582800
0.418977 43.859600
0.419411 13.444700
0.419844 57.966000
0.420277 67.398900
0.420711 26.827000
0.421144 8.482000
0.421577 15.019800
0.422010 31.631200
0.422444 7.567480
0.422877 19.263000
0.423310 31.376100
0.423744 43.214800
0.424177 22.238400
0.424610 29.592900
0.425043 6.606650
0.425477 22.269900
0.425910 39.851100
0.426343 18.433600
0.426776 9.509200
0.427210 64.927200
0.427643 6.474460
0.428076 23.507700
0.428510 15.945600
0.428943 20.974400
0.429376 58.109300
0.429809 16.610200
0.430243 47.427100
0.430676 7.370060
0.431109 30.018900
0.431542 32.232500
0.431976 13.480100
0.432409 12.305200
0.432842 5.356910
0.433276 9.424420
0.433709 12.383800
0.434142 47.207300
0.434575 21.025700
0.435009 24.757000
0.435442 88.557400
0.435875 5.435310
0.436308 3.927290
0.436742 37.307200
0.437175 8.809780
0.437608 81.388300
0.438042 5.752820
0.438475 58.537200
0.438908 30.909700
0.439341 12.707600
0.439775 2.366510
0.440208 21.105200
0.440641 2.284920
0.441075 6.183450
0.441508 68.056900
0.441941 7.275910
0.442374 9.938570
0.442808 10.804400
0.443241 4.454200
0.443674 8.456470
0.444107 7.193880
0.444541 23.076400
0.444974 44.837800
0.445407 49.844000
0.445841 24.218800
0.446274 42.610600
0.446707 14.515600
0.447140 9.274730
0.447574 35.251400
0.448007 4.046050
0.448440 16.451500
0.448873 52.087400
0.449307 5.981660
0.449740 7.731980
0.450173 20.988900
0.450607 30.643400
0.451040 4.623370
0.451473 60.388400
0.451906 43.945400
0.452340 7.169760
0.452773 37.407200
0.453206 2.613800
0.453640 70.287200
0.454073 10.131100
0.454506 37.822500
0.454939 23.593300
0.455373 63.943900
0.455806 34.820700
0.456239 24.740500
0.456672 27.009800
0.457106 36.295300
0.457539 27.699300
0.457972 29.123900
0.458406 19.061500
0.458839 11.294700
0.459272 8.682180
0.459705 40.440100
0.460139 26.779200
0.460572 17.692400
0.461005 18.033300
0.461438 20.779000
0.461872 27.160600
0.462305 9.586150
0.462738 45.936800
0.463172 64.067500
0.463605 16.493100
0.464038 41.326100
0.464471 20.872600
0.464905 11.491400
0.465338 11.483700
0.465771 13.529100
0.466205 22.216300
0.466638 16.958800
0.467071 9.010220
0.467504 11.571300
0.467938 46.203900
0.468371 47.391400
0.468804 45.150400
0.469237 14.749900
0.469671 24.702800
0.470104 8.521030
0.470537 9.946110
0.470971 4.555080
0.471404 9.000840
0.471837 13.944400
0.472270 26.106300
0.472704 21.920700
0.473137 5.635190
0.473570 33.557100
0.474003 30.162600
0.474437 24.067100
0.474870 10.019200
0.475303 23.789100
0.475737 12.160200
0.476170 16.710500
0.476603 21.095800
0.477036 41.007600
0.477470 3.319900
0.477903 31.412200
0.478336 24.236500
0.478769 3.212030
0.479203 8.889180
0.479636 12.933800
0.480069 62.120100
0.480503 20.755100
0.480936 11.453100
0.481369 8.959750
0.481802 51.781400
0.482236 5.675950
0.482669 16.396700
0.483102 8.737680
0.483536 24.033300
0.483969 58.787200
0.484402 19.282800
0.484835 3.553020
0.485269 10.454500
0.485702 27.693400
0.486135 33.543900
0.486568 4.705900
0.487002 11.434300
0.487435 22.088900
0.487868 22.594700
0.488302 85.693200
0.488735 49.357300
0.489168 52.896900
0.489601 2.170100
0.490035 16.472400
0.490468 27.247200
0.490901 35.310700
0.491334 10.515800
0.491768 23.669900
0.492201 6.185820
0.492634 26.038100
0.493068 17.166900
0.493501 57.643900
0.493934 47.353400
0.494367 9.101050
0.494801 36.757100
0.495234 31.204700
0.495667 72.714800
0.496101 56.033900
0.496534 61.985700
0.496967 21.610200
0.497400 30.567400
0.497834 6.397880
0.498267 45.381900
0.498700 9.997410
0.499133 5.629610
0.499567 28.814500
0.500000 27.756700
0.500433 14.794500
0.500867 21.296700
0.501300 49.478800
0.501733 11.657400
0.502166 11.098900
0.502600 34.123100
0.503033 22.524800
0.503466 12.131400
0.503899 14.061500
0.504333 43.632100
0.504766 8.276270
0.505199 5.134000
0.505633 51.117100
0.506066 6.102520
0.506499 9.132700
0.506932 20.254700
0.507366 10.529800
0.507799 84.720600
0.508232 71.560500
0.508666 3.168420
0.509099 8.216280
0.509532 8.520480
0.509965 19.856100
0.510399 16.105800
0.510832 8.502010
0.511265 12.590300
0.511698 11.296800
0.512132 46.489100
0.512565 5.256570
0.512998 7.868040
0.513432 21.320300
0.513865 25.388900
0.514298 15.097100
0.514731 15.526000
0.515165 9.154040
0.515598 58.291200
0.516031 23.780100
0.516464 25.683400
0.516898 47.909800
0.517331 4.515350
0.517764 4.840060
0.518198 1.674540
0.518631 32.839400
0.519064 5.542330
0.519497 31.856800
0.519931 48.505800
0.520364 80.224700
0.520797 6.955080
0.521231 30.259300
0.521664 7.940410
0.522097 54.860300
0.522530 29.543400
0.522964 22.775300
0.523397 7.316760
0.523830 79.552100
0.524263 42.654300
0.524697 35.185600
0.525130 4.150970
0.525563 62.729000
0.525997 16.379700
0.526430 9.056160
0.526863 28.182100
0.527296 14.062300
0.527730 11.379500
0.528163 1.718380
0.528596 36.748700
0.529029 33.340000
0.529463 54.626600
0.529896 44.017900
0.530329 25.043400
0.530763 29.583200
0.531196 18.560600
0.531629 8.428340
0.532062 12.591400
0.532496 41.718300
0.532929 15.222500
0.533362 58.846800
0.533795 8.204480
0.534229 16.884600
0.534662 78.937700
0.535095 12.682100
0.535529 21.748900
0.535962 8.631480
0.536395 26.191500
0.536828 10.943000
0.537262 11.955900
0.537695 20.501900
0.538128 12.229800
0.538562 9.278070
0.538995 17.569900
0.539428 78.473500
0.539861 28.305200
0.540295 22.931500
0.540728 22.328300
0.541161 88.604500
0.541594 2.817250
0.542028 22.498400
0.542461 17.075000
0.542894 25.414200
0.543328 21.920200
0.543761 28.690800
0.544194 14.175900
0.544627 7.232870
0.545061 9.784230
0.545494 8.168520
0.545927 45.509100
0.546360 32.176200
0.546794 49.162900
0.547227 8.442940
0.547660 8.810980
0.548094 35.864000
0.548527 2.943520
0.548960 15.701300
0.549393 28.788800
0.549827 22.077100
0.550260 11.690600
0.550693 18.635000
0.551127 27.927200
0.551560 11.019000
0.551993 14.602300
0.552426 62.811700
0.552860 14.443200
0.553293 6.763650
0.553726 7.574960
0.554159 36.332300
0.554593 6.720440
0.555026 15.942900
0.555459 7.605330
0.555893 6.248990
0.556326 36.247200
0.556759 40.365400
0.557192 53.905800
0.557626 25.911600
0.558059 39.540900
0.558492 33.238800
0.558925 9.921250
0.559359 52.554600
0.559792 14.821700
0.560225 20.572500
0.560659 3.784540
0.561092 18.474900
0.561525 56.696300
0.561958 19.069400
0.562392 36.982800
0.562825 4.994840
0.563258 6.148730
0.563692 7.230890
0.564125 9.622500
0.564558 52.524600
0.564991 78.517800
0.565425 24.596400
0.565858 7.848180
0.566291 21.150600
0.566724 17.289100
0.567158 1.742790
0.567591 61.652800
0.568024 21.348400
0.568458 8.112420
0.568891 29.696100
0.569324 7.499680
0.569757 7.904130
0.570191 27.130800
0.570624 4.983350
0.571057 25.261800
0.571490 20.477100
0.571924 32.708300
0.572357 9.601510
0.572790 34.606100
0.573224 6.951510
0.573657 15.020400
0.574090 2.848190
0.574523 10.020100
0.574957 39.590700
0.575390 58.452300
0.575823 8.120470
0.576256 55.018700
0.576690 33.040200
0.577123 62.268800
0.577556 5.824020
0.577990 38.751900
0.578423 9.538090
0.578856 3.275740
0.579289 34.735400
0.579723 5.114300
0.580156 28.062600
0.580589 60.598600
0.581023 7.686900
0.581456 45.938100
0.581889 77.731100
0.582322 18.487200
0.582756 4.881580
0.583189 67.286900
0.583622 22.193900
0.584055 64.436200
0.584489 28.087800
0.584922 6.258330
0.585355 6.618050
0.585789 44.168700
0.586222 29.725500
0.586655 7.738800
0.587088 45.278600
0.587522 7.665360
0.587955 17.887300
0.588388 7.425970
0.588821 6.538520
0.589255 34.785000
0.589688 23.158500
0.590121 50.125800
0.590555 28.325400
0.590988 96.244700
0.591421 49.357600
0.591854 14.583500
0.592288 28.207000
0.592721 24.169400
0.593154 11.689800
0.593588 5.939440
0.594021 12.534400
0.594454 24.121800
0.594887 25.699900
0.595321 34.323700
0.595754 32.849400
0.596187 9.568370
0.596620 7.058690
0.597054 2.750270
0.597487 24.456500
0.597920 10.175500
0.598354 44.001600
0.598787 44.785700
0.599220 9.316850
0.599653 14.880900
0.600087 52.189900
0.600520 7.223120
0.600953 25.598900
0.601386 41.576200
0.601820 56.407100
0.602253 19.197200
0.602686 25.826800
0.603120 15.241500
0.603553 30.775200
0.603986 15.974800
0.604419 18.792400
0.604853 26.974900
0.605286 23.836900
0.605719 7.119810
0.606153 5.763710
0.606586 1.252140
0.607019 15.140900
0.607452 57.518500
0.607886 12.909100
0.608319 55.384100
0.608752 5.740490
0.609185 24.388600
0.609619 4.326810
0.610052 6.290260
0.610485 39.912700
0.610919 24.322800
0.611352 28.115400
0.611785 9.988410
0.612218 7.329480
0.612652 17.899700
0.613085 60.574200
0.613518 2.513050
0.613951 36.361700
0.614385 14.633500
0.614818 25.673700
0.615251 13.532000
0.615685 9.952370
0.616118 8.254670
0.616551 41.493800
0.616984 45.133800
0.617418 18.758000
0.617851 46.127400
0.618284 31.933900
0.618718 6.208920
0.619151 22.813800
0.619584 75.556900
0.620017 2.357590
0.620451 11.633500
0.620884 34.316000
0.621317 38.742300
0.621750 16.651300
0.622184 11.332200
0.622617 7.908290
0.623050 3.771670
0.623484 55.107000
0.623917 26.578900
0.624350 18.707200
0.624783 24.004600
0.625217 38.913100
0.625650 17.856000
0.626083 42.666400
0.626516 53.096400
0.626950 19.182300
0.627383 29.680500
0.627816 7.424460
0.628250 66.818500
0.628683 45.798500
0.629116 54.494500
0.629549 7.347370
0.629983 25.439700
0.630416 8.843460
0.630849 70.253100
0.631282 11.437200
0.631716 9.305830
0.632149 63.619600
0.632582 61.690400
0.633016 8.050280
0.633449 57.027900
0.633882 21.262000
0.634315 32.202400
0.634749 16.746500
0.635182 22.051100
0.635615 31.941400
0.636049 26.881400
0.636482 8.425120
0.636915 60.601200
0.637348 56.498600
0.637782 10.042300
0.638215 63.290600
0.638648 47.402200
0.639081 17.322100
0.639515 2.402990
0.639948 6.514410
0.640381 27.648500
0.640815 70.704900
0.641248 7.784930
0.641681 38.287700
0.642114 8.948170
0.642548 38.629400
0.642981 5.162270
0.643414 33.885100
0.643847 14.673400
0.644281 2.609620
0.644714 8.500040
0.645147 11.439700
0.645581 14.482900
0.646014 6.933310
0.646447 4.671910
0.646880 20.226100
0.647314 22.032300
0.647747 47.393100
0.648180 50.840700
0.648614 32.413600
0.649047 4.129160
0.649480 5.393170
0.649913 4.752910
0.650347 1.664900
0.650780 68.610500
0.651213 26.198700
0.651646 41.695500
0.652080 16.781100
0.652513 5.147120
0.652946 69.269400
0.653380 13.275600
0.653813 38.557100
0.654246 8.176800
0.654679 24.995400
0.655113 44.551300
0.655546 36.683000
0.655979 65.561100
0.656412 14.683000
0.656846 4.573180
0.657279 41.104800
0.657712 42.110100
0.658146 9.695040
0.658579 7.959240
0.659012 15.975900
0.659445 24.834800
0.659879 9.210570
0.660312 30.125900
0.660745 4.688120
0.661179 10.714500
0.661612 6.443840
0.662045 2.424120
0.662478 19.147700
0.662912 49.553500
0.663345 62.447000
0.663778 25.712300
0.664211 6.469030
0.664645 9.208240
0.665078 14.529500
0.665511 23.979900
0.665945 8.526180
0.666378 68.959500
0.666811 21.111100
0.667244 20.633100
0.667678 23.138100
0.668111 21.901900
0.668544 18.666700
0.668977 88.838100
0.669411 7.357390
0.669844 3.007030
0.670277 20.114400
0.670711 23.424900
0.671144 18.592100
0.671577 23.154600
0.672010 18.046400
0.672444 11.079100
0.672877 13.750200
0.673310 21.559600
0.673744 27.569200
0.674177 12.205600
0.674610 58.983600
0.675043 4.644390
0.675477 15.290400
0.675910 69.897900
0.676343 9.264390
0.676776 10.162800
0.677210 3.786400
0.677643 6.060910
0.678076 82.301500
0.678510 42.553400
0.678943 13.159200
0.679376 8.466240
0.679809 28.447000
0.680243 73.197000
0.680676 74.744800
0.681109 70.516500
0.681542 15.761600
0.681976 5.823470
0.682409 37.637600
0.682842 55.887900
0.683276 24.762200
0.683709 6.051990
0.684142 74.502900
0.684575 8.765890
0.685009 20.679100
0.685442 13.754400
0.685875 7.805300
0.686308 21.535900
0.686742 48.703700
0.687175 29.998400
0.687608 71.366200
0.688042 68.183800
0.688475 19.874700
0.688908 11.312900
0.689341 7.971470
0.689775 61.273000
0.690208 5.016340
0.690641 2.341890
0.691075 10.162400
0.691508 20.823100
0.691941 29.771900
0.692374 27.850400
0.692808 15.831700
0.693241 24.356400
0.693674 20.319000
0.694107 44.518100
0.694541 4.403570
0.694974 12.315000
0.695407 7.720720
0.695841 58.916000
0.696274 15.460600
0.696707 6.862460
0.697140 7.433510
0.697574 55.091600
0.698007 4.054150
0.698440 16.639400
0.698873 10.057600
0.699307 33.192900
0.699740 5.383220
0.700173 21.710700
0.700607 47.020200
0.701040 8.456020
0.701473 22.208000
0.701906 19.892300
0.702340 18.491400
0.702773 11.800800
0.703206 39.288000
0.703640 26.540300
0.704073 6.666190
0.704506 9.137430
0.704939 35.990700
0.705373 18.868600
0.705806 58.177800
0.706239 12.827500
0.706672 13.798400
0.707106 30.331700
0.707539 38.267500
0.707972 9.467490
0.708406 11.741800
0.708839 21.517400
0.709272 14.343400
0.709705 1.986560
0.710139 2.248730
0.710572 18.573800
0.711005 31.333800
0.711438 7.680900
0.711872 14.888000
0.712305 6.379480
0.712738 15.134000
0.713172 10.292800
0.713605 24.982000
0.714038 16.254900
0.714471 82.038600
0.714905 29.522200
0.715338 61.732800
0.715771 62.618000
0.716205 25.101100
0.716638 10.063900
0.717071 10.513600
0.717504 58.742400
0.717938 28.394900
0.718371 7.181740
0.718804 9.948620
0.719237 33.061500
0.719671 66.679900
0.720104 40.504700
0.720537 11.198800
0.720971 18.315100
0.721404 26.107000
0.721837 19.360300
0.722270 8.500610
0.722704 8.218890
0.723137 20.166100
0.723570 9.525740
0.724003 31.133300
0.724437 39.293700
0.724870 22.175400
0.725303 5.517440
0.725737 9.355140
0.726170 26.838700
0.726603 22.985300
0.727036 7.348060
0.727470 42.083800
0.727903 18.812400
0.728336 7.587590
0.728769 17.112000
0.729203 18.666500
0.729636 8.449390
0.730069 14.829000
0.730503 46.154700
0.730936 2.486950
0.731369 48.169900
0.731802 18.567600
0.732236 14.524200
0.732669 15.404500
0.733102 22.261800
0.733536 5.888280
0.733969 23.737800
0.734402 26.602600
0.734835 82.103200
0.735269 28.279400
0.735702 31.667200
0.736135 32.788400
0.736568 12.184800
0.737002 85.615300
0.737435 28.360500
0.737868 19.528000
0.738302 61.086800
0.738735 25.854800
0.739168 21.061600
0.739601 24.850400
0.740035 17.487200
0.740468 8.126200
0.740901 14.387900
0.741334 40.704800
0.741768 16.944900
0.742201 17.428200
0.742634 9.161160
0.743068 22.766400
0.743501 16.953700
0.743934 26.280500
0.744367 27.353800
0.744801 23.867800
0.745234 6.723710
0.745667 8.586460
0.746101 19.819000
0.746534 24.122500
0.746967 2.194040
0.747400 35.472500
0.747834 6.900530
0.748267 9.895010
0.748700 25.841000
0.749133 13.434100
0.749567 24.296800
0.750000 7.823470
0.750433 35.759000
0.750867 20.379300
0.751300 53.534500
0.751733 26.458100
0.752166 79.980400
0.752600 16.191600
0.753033 5.171040
0.753466 19.439900
0.753899 36.058400
0.754333 10.318100
0.754766 25.119500
0.755199 35.728000
0.755633 12.473700
0.756066 12.893800
0.756499 68.031400
0.756932 7.614940
0.757366 5.818110
0.757799 20.403100
0.758232 14.493200
0.758666 32.590700
0.759099 6.126210
0.759532 36.861900
0.759965 73.239900
0.760399 6.628190
0.760832 49.570600
0.761265 26.183600
0.761698 12.750600
0.762132 20.258700
0.762565 16.424700
0.762998 44.150900
0.763432 32.856800
0.763865 12.013900
0.764298 3.715940
0.764731 20.650800
0.765165 40.792800
0.765598 29.764900
0.766031 27.084400
0.766464 17.278900
0.766898 5.431650
0.767331 36.911700
0.767764 74.165100
0.768198 1.638040
0.768631 54.007600
0.769064 19.958300
0.769497 22.945900
0.769931 8.291710
0.770364 5.961100
0.770797 25.682400
0.771231 7.710150
0.771664 21.759700
0.772097 15.111500
0.772530 34.856500
0.772964 53.197600
0.773397 27.242500
0.773830 20.797400
0.774263 23.054900
0.774697 6.923080
0.775130 10.734700
0.775563 32.942200
0.775997 37.906000
0.776430 55.700200
0.776863 59.529100
0.777296 15.017300
0.777730 10.185300
0.778163 33.787200
0.778596 42.341400
0.779029 28.907200
0.779463 7.823560
0.779896 8.923650
0.780329 55.497000
0.780763 12.547000
0.781196 65.322600
0.781629 13.487300
0.782062 24.107800
0.782496 22.823500
0.782929 7.849280
0.783362 20.615800
0.783795 8.141990
0.784229 3.257010
0.784662 35.771000
0.785095 81.013200
0.785529 17.366800
0.785962 19.249400
0.786395 10.905100
0.786828 8.741750
0.787262 8.554220
0.787695 29.804200
0.788128 23.788800
0.788562 8.978270
0.788995 50.591500
0.789428 9.547060
0.789861 29.526400
0.790295 58.567500
0.790728 17.015400
0.791161 26.784100
0.791594 7.124220
0.792028 31.481500
0.792461 48.491000
0.792894 13.542800
0.793328 36.359300
0.793761 39.226100
0.794194 5.696440
0.794627 30.287900
0.795061 20.715800
0.795494 40.443700
0.795927 10.834600
0.796360 4.990590
0.796794 20.311200
0.797227 48.352200
0.797660 30.460700
0.798094 21.430600
0.798527 38.257700
0.798960 3.430100
0.799393 42.804000
0.799827 9.646800
0.800260 54.466500
0.800693 32.320900
0.801127 3.522030
0.801560 1.475440
0.801993 28.763700
0.802426 43.047000
0.802860 20.058800
0.803293 13.524500
0.803726 9.252890
0.804159 58.764700
0.804593 12.806500
0.805026 14.356700
0.805459 7.359720
0.805893 84.495700
0.806326 27.438600
0.806759 14.266700
0.807192 7.802680
0.807626 9.894970
0.808059 7.319830
0.808492 6.286190
0.808925 47.452900
0.809359 24.676400
0.809792 14.654000
0.810225 7.984100
0.810659 2.582040
0.811092 7.807080
0.811525 3.628750
0.811958 14.036700
0.812392 54.714700
0.812825 6.472810
0.813258 17.017500
0.813692 22.735300
0.814125 16.352800
0.814558 32.625400
0.814991 20.333500
0.815425 34.422900
0.815858 14.133600
0.816291 10.021300
0.816724 22.185000
0.817158 11.561100
0.817591 13.915600
0.818024 6.671280
0.818458 21.490100
0.818891 5.613120
0.819324 7.455590
0.819757 15.951100
0.820191 7.007970
0.820624 53.148400
0.821057 6.178880
0.821490 31.753000
0.821924 13.833100
0.822357 26.880300
0.822790 6.947430
0.823224 57.731400
0.823657 15.758400
0.824090 9.241940
0.824523 21.764200
0.824957 5.997400
0.825390 9.641550
0.825823 8.398960
0.826256 43.894200
0.826690 6.675710
0.827123 9.684910
0.827556 13.944000
0.827990 27.929900
0.828423 21.705000
0.828856 24.518600
0.829289 17.186200
0.829723 24.465600
0.830156 30.864700
0.830589 19.791100
0.831023 4.023200
0.831456 7.581210
0.831889 15.552800
0.832322 28.086100
0.832756 21.567900
0.833189 62.561600
0.833622 24.255300
0.834055 22.214800
0.834489 11.595100
0.834922 33.866200
0.835355 55.347000
0.835789 22.529500
0.836222 5.327400
0.836655 3.874670
0.837088 31.247000
0.837522 8.095630
0.837955 30.299600
0.838388 35.725100
0.838821 14.625100
0.839255 3.920050
0.839688 21.970700
0.840121 11.728000
0.840555 41.463000
0.840988 16.501800
0.841421 5.667410
0.841854 34.759500
0.842288 36.720700
0.842721 8.437340
0.843154 39.584200
0.843588 15.928500
0.844021 37.932900
0.844454 2.870420
0.844887 4.996590
0.845321 25.145400
0.845754 4.209310
0.846187 17.835600
0.846620 24.325000
0.847054 28.742100
0.847487 27.908600
0.847920 39.260600
0.848354 16.280400
0.848787 24.647000
0.849220 16.773100
0.849653 67.748300
0.850087 17.489900
0.850520 8.370650
0.850953 9.761850
0.851386 25.258000
0.851820 26.626800
0.852253 8.486170
0.852686 26.335000
0.853120 32.573700
0.853553 5.557860
0.853986 4.369550
0.854419 42.996000
0.854853 19.734400
0.855286 7.944840
0.855719 33.480400
0.856153 56.574200
0.856586 15.892500
0.857019 21.370200
0.857452 6.470120
0.857886 14.128000
0.858319 36.521000
0.858752 5.332680
0.859185 90.931100
0.859619 7.545790
0.860052 8.092770
0.860485 24.536000
0.860919 45.704600
0.861352 7.541410
0.861785 34.647400
0.862218 27.755400
0.862652 9.867320
0.863085 42.267800
0.863518 28.271500
0.863951 9.010290
0.864385 42.288900
0.864818 37.011900
0.865251 9.736460
0.865685 17.713400
0.866118 31.014400
0.866551 9.421410
0.866984 29.696700
0.867418 58.798200
0.867851 35.633000
0.868284 52.182100
0.868718 11.014200
0.869151 28.658200
0.869584 18.733200
0.870017 16.532000
0.870451 20.586500
0.870884 52.753200
0.871317 41.380800
0.871750 68.025400
0.872184 43.720900
0.872617 22.657700
0.873050 12.039000
0.873484 27.700100
0.873917 84.496000
0.874350 27.665200
0.874783 3.842460
0.875217 31.768000
0.875650 8.549870
0.876083 18.434600
0.876516 16.622900
0.876950 22.488200
0.877383 70.714400
0.877816 11.729300
0.878250 8.124560
0.878683 19.468200
0.879116 27.812200
0.879549 7.289380
0.879983 16.469600
0.880416 8.378830
0.880849 16.615700
0.881282 33.992500
0.881716 20.056700
0.882149 16.646400
0.882582 10.926300
0.883016 33.239100
0.883449 15.523300
0.883882 56.528200
0.884315 30.319200
0.884749 14.555900
0.885182 33.188200
0.885615 22.959700
0.886049 6.406750
0.886482 29.683200
0.886915 34.951300
0.887348 32.936800
0.887782 30.691900
0.888215 9.748240
0.888648 57.837500
0.889081 11.476700
0.889515 10.630400
0.889948 22.308500
0.890381 6.565930
0.890815 9.202850
0.891248 22.206900
0.891681 14.528400
0.892114 5.575900
0.892548 3.312140
0.892981 20.013900
0.893414 25.535900
0.893847 4.608390
0.894281 18.036400
0.894714 19.515200
0.895147 40.146900
0.895581 10.741800
0.896014 30.892000
0.896447 20.199700
0.896880 13.775900
0.897314 6.075680
0.897747 5.621820
0.898180 51.600400
0.898614 17.053500
0.899047 33.030800
0.899480 8.017470
0.899913 5.811680
0.900347 10.294300
0.900780 11.207200
0.901213 4.586500
0.901646 17.894400
0.902080 13.224500
0.902513 13.913200
0.902946 26.781400
0.903380 19.225900
0.903813 16.264700
0.904246 40.084200
0.904679 10.369000
0.905113 20.579300
0.905546 37.565600
0.905979 32.782100
0.906412 42.778000
0.906846 25.216900
0.907279 38.635500
0.907712 26.105100
0.908146 6.414970
0.908579 34.127100
0.909012 48.193900
0.909445 9.752710
0.909879 45.609200
0.910312 14.431900
0.910745 23.522500
0.911179 28.801500
0.911612 50.927300
0.912045 34.204200
0.912478 24.208900
0.912912 37.347700
0.913345 6.226620
0.913778 16.110300
0.914211 62.177800
0.914645 44.706700
0.915078 9.126280
0.915511 35.562900
0.915945 35.811000
0.916378 10.309100
0.916811 9.135620
0.917244 13.728000
0.917678 13.070100
0.918111 34.392100
0.918544 33.694600
0.918977 78.116200
0.919411 28.823000
0.919844 15.134100
0.920277 16.711200
0.920711 48.535500
0.921144 41.035000
0.921577 6.345830
0.922010 25.408800
0.922444 31.777600
0.922877 7.873450
0.923310 9.939780
0.923744 52.295200
0.924177 61.798400
0.924610 17.007800
0.925043 4.904240
0.925477 65.253600
0.925910 35.834400
0.926343 5.728870
0.926776 13.021800
0.927210 46.812200
0.927643 68.246800
0.928076 20.359200
0.928510 23.425900
0.928943 29.827400
0.929376 66.563500
0.929809 10.293900
0.930243 19.820600
0.930676 6.021380
0.931109 8.204050
0.931542 64.110100
0.931976 4.153620
0.932409 3.437700
0.932842 7.953120
0.933276 25.799800
0.933709 14.231600
0.934142 57.098700
0.935009 35.047900
0.935442 5.049790
0.935875 44.908700
0.936308 79.335100
0.936742 5.062380
0.937175 4.170330
0.937608 8.762990
0.938042 19.699100
0.938475 35.305700
0.938908 49.443600
0.939341 35.210200
0.939775 21.109900
0.940208 28.920200
0.940641 13.180100
0.941075 35.471800
0.941508 33.092900
0.941941 41.505900
0.942374 19.318900
0.942808 12.311200
0.943241 63.176800
0.943674 29.774500
0.944107 29.492600
0.944541 7.881100
0.944974 30.913100
0.945407 19.450200
0.945841 1.545290
0.946274 15.115200
0.946707 8.887630
0.947140 51.445100
0.947574 7.037650
0.948007 1.670770
0.948440 27.942700
0.948873 15.965300
0.949307 26.394400
0.949740 11.771300
0.950173 8.951660
0.950607 6.014510
0.951040 72.408600
0.951473 65.498700
0.951906 28.246200
0.952340 9.979230
0.952773 5.384350
0.953206 23.922200
0.953640 15.019100
0.954073 85.383700
0.954506 9.876650
0.954939 35.257000
0.955373 9.278390
0.955806 12.432000
0.956239 5.389370
0.956672 14.446200
0.957106 64.285000
0.957539 21.175800
0.957972 14.580600
0.958406 26.232400
0.958839 15.487500
0.959272 5.205030
0.959705 29.616600
0.960139 57.663900
0.960572 32.076600
0.961005 10.709700
0.961438 9.761790
0.961872 46.480900
0.962305 49.328100
0.962738 3.547680
0.963172 24.185900
0.963605 9.136760
0.964038 4.908950
0.964471 31.603100
0.964905 42.120300
0.965338 11.086400
0.965771 41.709300
0.966205 24.130400
0.966638 15.134700
0.967071 33.158000
0.967504 12.421000
0.967938 10.340600
0.968371 7.560130
0.968804 7.496050
0.969237 8.145900
0.969671 15.269300
0.970104 9.360720
0.970537 25.802700
0.970971 4.341330
0.971404 11.077200
0.971837 17.051000
0.972270 9.526170
0.972704 60.723900
0.973137 5.283280
0.973570 46.619000
0.974003 6.943340
0.974437 4.436540
0.974870 79.525100
0.975303 17.523600
0.975737 8.301370
0.976170 34.162200
0.976603 17.195900
0.977036 15.836400
0.977470 13.235700
0.977903 40.546600
0.978336 5.163010
0.978769 38.405100
0.979203 25.855900
0.979636 42.390200
0.980069 8.621400
0.980503 26.962800
0.980936 2.473100
0.981369 27.430400
0.981802 5.883890
0.982236 20.148200
0.982669 27.538400
0.983102 24.331600
0.983536 27.440000
0.983969 8.524870
0.984402 17.286400
0.984835 24.749300
0.985269 7.346290
0.985702 47.855300
0.986135 9.540060
0.986568 13.224600
0.987002 13.718400
0.987435 14.901500
0.987868 8.335330
0.988302 8.774080
0.988735 24.036400
0.989168 20.089800
0.989601 22.809200
0.990035 18.150500
0.990468 5.351450
0.990901 39.507700
0.991334 16.990200
0.991768 7.788470
0.992201 13.822800
0.992634 86.003100
0.993068 45.226400
0.993501 49.543500
0.993934 15.941900
0.994367 5.687880
0.994801 18.970500
0.995234 36.055900
0.995667 79.469700
0.996101 4.741620
0.996534 31.615500
0.996967 30.549800
0.997400 9.405200
0.997834 7.290920
0.998267 38.401900
0.998700 24.537800
0.999133 18.273600
0.999567 27.118800
1.000000 37.737900
