0.000237 4.053930
0.000474 23.106100
0.000711 52.431900
0.000948 10.000100
0.001185 18.407200
0.001421 32.080900
0.001658 30.532700
0.001895 7.669860
0.002132 23.297300
0.002369 28.152300
0.002606 3.411270
0.002843 2.348560
0.003080 9.337200
0.003317 12.357800
0.003554 74.104700
0.003791 28.867800
0.004027 17.183300
0.004264 12.858600
0.004501 17.560400
0.019427 9.691900
0.019664 25.099300
0.019900 24.561400
0.020137 9.511310
0.020374 47.103800
0.020611 17.619100
0.020848 9.445010
0.021085 16.227800
0.021322 8.980340
0.021559 62.279200
0.021796 19.703800
0.022033 35.491900
0.022270 9.092240
0.022507 10.547500
0.022743 22.832100
0.022980 3.911750
0.023217 41.764000
0.023454 6.031180
0.023691 32.171900
0.023928 11.724200
0.024165 11.193100
0.024402 27.560900
0.024639 10.759000
0.024876 33.489500
0.025113 8.176750
0.025349 20.255000
0.025586 57.972500
0.025823 27.806400
0.026060 7.665490
0.026297 17.735500
0.026534 15.138700
0.026771 5.898620
0.027008 32.753300
0.027245 5.519620
0.027482 8.793070
0.027719 9.354060
0.027955 23.829900
0.028192 17.617000
0.028429 2.096520
0.035537 59.483000
0.035774 36.917400
0.036010 33.558800
0.036247 42.026800
0.036484 59.097800
0.036721 27.305100
0.036958 24.677900
0.037195 11.638500
0.037432 36.731000
0.037669 17.634400
0.037906 59.304100
0.038143 44.703000
0.038380 13.560000
0.038616 27.611300
0.038853 4.033320
0.039090 9.382740
0.039327 49.992600
0.039564 87.547600
0.039801 47.050000
0.040038 68.048300
0.040275 32.686300
0.040512 4.202800
0.040749 8.626320
0.040986 46.739100
0.041222 9.232330
0.041459 21.494300
0.041696 32.629600
0.041933 35.077400
0.042170 36.659300
0.042407 5.142900
0.042644 16.705500
0.042881 23.871200
0.043118 23.280500
0.043355 7.798160
0.043592 31.896000
0.043828 21.949500
0.044065 17.205800
0.044302 34.072700
0.044539 42.788500
0.044776 15.803700
0.045013 8.305770
0.045250 17.077800
0.048804 9.958660
0.049041 6.287000
0.049277 5.572590
0.049514 19.712600
0.067993 8.389800
0.068230 9.043290
0.068467 7.397490
0.068704 26.668800
0.068941 9.885280
0.073679 58.116000
0.073916 78.673000
0.074153 10.941800
0.074390 57.421000
0.074627 38.684300
0.074864 8.884030
0.075101 31.576100
0.075338 4.521840
0.075575 17.417000
0.075811 14.416700
0.076048 26.640900
0.076285 5.382640
0.076522 55.647000
0.076759 7.037310
0.076996 35.545100
0.077233 11.769400
0.077470 4.115060
0.077707 9.359770
0.077944 26.844800
0.078181 3.882070
0.078417 46.663900
0.078654 8.622220
0.078891 49.598900
0.079128 8.168780
0.079365 23.874300
0.079602 10.410900
0.079839 4.938290
0.080076 5.342300
0.080313 40.794500
0.080550 3.793410
0.080787 12.136500
0.081971 67.417800
0.082208 37.850500
0.082445 13.749000
0.082682 36.866100
0.082919 12.544900
0.083156 39.327900
0.083393 19.781600
0.083629 9.562320
0.083866 11.238900
0.084103 18.411800
0.084340 28.552000
0.084577 20.036200
0.084814 39.372000
0.085051 55.656000
0.085288 5.202260
0.085525 21.999300
0.085762 9.938500
0.085999 6.322720
0.086235 22.199700
0.086472 17.062900
0.086709 23.446200
0.086946 52.740000
0.087183 6.981460
0.087420 22.918000
0.087657 49.080000
0.087894 31.737000
0.088131 11.206800
0.088368 42.904300
0.088605 25.165900
0.088842 25.308500
0.089078 49.543700
0.089315 49.417200
0.089552 14.785300
0.089789 8.783310
0.090026 36.842100
0.090263 8.192390
0.090500 68.505300
0.092158 11.312900
0.092395 20.153900
0.092632 17.322100
0.092869 10.446200
0.093106 17.800000
0.093343 62.252300
0.093580 19.310700
0.093817 8.471980
0.094054 14.579500
0.094290 29.031600
0.094527 87.284700
0.094764 37.643200
0.095001 15.053500
0.095238 38.621200
0.095475 77.327700
0.095712 14.897800
0.095949 30.809200
0.096186 11.733700
0.096423 9.266900
0.096660 28.324400
0.096896 30.904900
0.097133 7.157840
0.097370 3.679510
0.097607 10.782800
0.097844 11.484400
0.098081 53.344600
0.098318 16.460200
0.098555 21.797100
0.098792 33.881300
0.099029 43.090400
0.099266 2.961800
0.099502 46.997300
0.099739 25.007000
0.099976 42.735200
0.100213 3.756730
0.100450 17.123700
0.100687 11.160000
0.100924 39.689000
0.101161 7.922730
0.101398 42.079800
0.101635 7.104310
0.101872 17.971600
0.102109 18.906100
0.102345 6.714260
0.102582 11.915300
0.102819 18.433600
0.103056 41.100400
0.103293 58.353300
0.103530 10.267600
0.103767 21.424700
0.104004 8.758390
0.104241 14.153300
0.104478 56.113400
0.104715 18.945900
0.104951 4.537590
0.105188 70.819000
0.105425 30.361700
0.105662 14.255900
0.105899 18.078300
0.106136 14.409500
0.106373 18.340600
0.106610 26.075600
0.106847 16.642900
0.107084 96.700800
0.107321 20.331400
0.107557 3.794910
0.107794 3.200130
0.108031 8.296150
0.108268 52.710000
0.108505 16.096900
0.108742 74.265800
0.108979 19.316500
0.109216 11.093200
0.109453 10.341900
0.109690 12.181300
0.109927 8.551430
0.110163 11.248200
0.110400 6.424950
0.110637 86.386900
0.110874 26.091000
0.111111 17.354200
0.111348 68.838300
0.111585 66.155900
0.111822 18.708500
0.112059 22.212500
0.112296 5.163280
0.112533 21.968100
0.112769 13.586600
0.113006 3.646520
0.113243 3.943430
0.113480 33.123400
0.113717 17.643400
0.113954 32.372600
0.114191 30.986600
0.114428 4.119420
0.114665 19.966000
0.114902 2.529170
0.115139 14.779900
0.115376 5.616240
0.115612 15.228200
0.115849 40.056200
0.116086 32.128800
0.116560 57.092000
0.116797 44.675000
0.117034 6.190300
0.117271 9.752140
0.117508 56.980900
0.117745 7.320070
0.117982 14.230600
0.118218 11.391700
0.118455 7.914860
0.118692 19.056300
0.118929 53.675500
0.119166 7.374270
0.119403 56.197000
0.119640 14.168400
0.119877 16.304500
0.120114 64.484300
0.120351 43.672300
0.120588 3.262860
0.120824 5.764320
0.121061 11.474900
0.121298 14.420600
0.121535 76.360100
0.121772 11.665600
0.122009 37.980600
0.122246 11.232500
0.122483 7.215430
0.122720 38.943900
0.122957 32.862900
0.123194 30.326200
0.123430 3.947980
0.123667 24.304600
0.123904 18.263400
0.124141 16.299500
0.124378 40.524100
0.124615 25.711900
0.124852 34.267900
0.125089 4.271900
0.125326 25.030200
0.125563 52.255000
0.125800 22.279800
0.126036 7.805080
0.126273 8.517860
0.126510 9.658050
0.126747 9.760040
0.126984 61.215600
0.127221 7.997150
0.127458 16.945900
0.127695 37.104500
0.127932 23.155300
0.128169 7.163800
0.128406 6.686150
0.128643 9.222740
0.128879 6.612640
0.129116 23.342600
0.129353 6.181360
0.129590 9.526200
0.130064 16.367400
0.130301 46.122000
0.130538 7.751320
0.130775 9.752680
0.131012 59.264100
0.131249 54.380500
0.131485 17.867200
0.131722 3.968380
0.131959 8.466020
0.132196 18.107000
0.132433 7.166350
0.132670 21.533200
0.132907 40.305000
0.133144 4.329510
0.133381 13.080300
0.133618 14.123600
0.133855 4.670460
0.134091 90.531700
0.134328 41.912700
0.134565 18.066800
0.134802 28.712800
0.135039 5.312720
0.135276 30.218100
0.135513 12.933600
0.135750 3.283210
0.135987 15.988700
0.136224 3.574970
0.136461 10.459000
0.136697 5.756100
0.136934 8.721160
0.137171 4.851000
0.137408 9.071730
0.137645 6.574730
0.137882 7.819750
0.138119 32.940400
0.138356 4.299030
0.138593 6.211890
0.138830 1.642550
0.139067 17.114500
0.139303 2.508140
0.139540 9.616530
0.139777 58.915600
0.140014 56.229300
0.140251 8.184160
0.140488 16.124000
0.140725 27.874100
0.140962 40.223500
0.141436 20.126000
0.141673 11.537900
0.141910 17.510000
0.142146 15.101500
0.142383 50.254700
0.142620 10.518700
0.142857 50.488600
0.143094 33.045300
0.143331 3.418470
0.143568 59.932500
0.143805 11.226000
0.144042 9.539430
0.144279 8.594540
0.144516 28.815800
0.144752 27.366400
0.144989 39.681700
0.145226 11.992400
0.145463 24.681600
0.145700 61.439800
0.145937 31.177400
0.146174 3.498190
0.146411 54.941100
0.146648 26.622500
0.146885 9.310030
0.147122 55.694900
0.147358 61.303400
0.147595 8.726500
0.147832 9.843110
0.148069 16.035900
0.148306 3.016790
0.148543 10.121800
0.148780 64.060200
0.149017 57.714100
0.149254 18.504600
0.149491 16.308600
0.149728 7.619410
0.149964 63.529000
0.150201 44.450700
0.150438 38.954100
0.150675 8.776500
0.150912 6.919800
0.151149 5.417130
0.151386 44.141400
0.151623 8.733330
0.151860 28.985500
0.152097 22.749600
0.152334 63.682600
0.152570 4.584960
0.152807 26.770700
0.153044 30.219000
0.153281 21.157400
0.153518 21.954700
0.153755 9.715890
0.153992 6.932710
0.154229 27.390700
0.154466 31.730100
0.154703 18.986200
0.154940 15.625400
0.155176 20.757600
0.155413 56.958500
0.155650 10.352200
0.155887 6.094290
0.156124 39.281900
0.156361 7.366030
0.156598 9.688940
0.156835 19.239300
0.157072 7.490270
0.157309 54.687400
0.157546 52.586700
0.157783 8.788620
0.158019 9.444720
0.158256 52.304300
0.158493 9.130200
0.158730 15.252100
0.158967 20.528800
0.159204 7.790410
0.159441 14.688000
0.159678 7.033360
0.159915 20.611000
0.160152 44.066500
0.160389 3.383340
0.160625 19.848700
0.160862 30.983500
0.161099 42.350900
0.161336 10.970700
0.161573 18.450500
0.161810 5.169660
0.162047 23.106300
0.162284 11.609400
0.162521 26.105400
0.162758 7.976170
0.162995 58.365300
0.163231 24.685800
0.163468 14.202800
0.163942 74.971000
0.164179 41.634900
0.164416 5.602130
0.164653 18.338900
0.164890 21.397600
0.165127 33.741000
0.165364 4.509980
0.165601 47.928500
0.165837 54.712400
0.166074 18.907400
0.166311 6.276100
0.166548 33.430300
0.166785 63.482300
0.167022 4.423720
0.167259 13.384900
0.167496 12.259000
0.167733 2.920390
0.167970 69.873900
0.168207 10.224400
0.168443 22.224900
0.168680 35.963000
0.168917 77.222600
0.169154 12.340400
0.169391 8.686420
0.169628 48.861000
0.169865 64.083300
0.170102 38.903800
0.170339 4.444890
0.170576 22.158600
0.170813 2.828210
0.171050 18.377100
0.171286 4.040160
0.171523 21.523700
0.171760 29.406700
0.171997 53.915200
0.172234 58.286100
0.172471 7.819350
0.172708 17.432800
0.172945 8.277940
0.173182 8.428370
0.173419 65.163200
0.173656 6.991580
0.173892 10.118500
0.174129 8.463180
0.174366 4.358130
0.174603 54.179200
0.174840 39.586400
0.175077 9.299170
0.175314 15.028800
0.175551 3.021210
0.175788 9.146110
0.176025 29.048500
0.176262 27.446000
0.176498 9.395020
0.176735 65.003000
0.176972 19.170700
0.177209 11.389900
0.177446 41.643600
0.177683 6.186010
0.177920 41.236900
0.178157 16.727700
0.178394 48.913900
0.178631 16.982500
0.178868 30.052900
0.179104 44.850500
0.179341 37.948100
0.179578 16.057800
0.179815 60.089600
0.180052 60.964800
0.180289 30.175200
0.180526 7.046240
0.180763 37.064000
0.181000 10.325500
0.181237 12.200100
0.181474 27.414500
0.181710 6.987260
0.181947 59.221100
0.182184 5.110890
0.182421 9.952930
0.182658 6.211920
0.182895 6.041020
0.183132 5.229360
0.183369 38.526200
0.183606 38.287300
0.183843 21.268300
0.184080 35.409900
0.184317 47.895600
0.184553 12.527300
0.184790 32.155300
0.185027 8.379210
0.185264 36.752800
0.185501 9.189760
0.185738 40.258300
0.185975 32.457300
0.186212 6.890440
0.186449 27.374200
0.186686 20.098400
0.186923 6.278050
0.187159 27.998200
0.187396 36.890900
0.187633 31.912600
0.187870 6.309770
0.188107 10.169700
0.188344 13.398700
0.188581 44.602700
0.188818 73.621500
0.189055 22.927200
0.189292 9.281770
0.189529 9.814160
0.189765 8.033380
0.190002 4.852400
0.190239 18.649600
0.190476 10.237200
0.190713 8.814130
0.190950 48.814300
0.191187 60.421700
0.191424 30.149000
0.191661 14.476500
0.191898 11.311100
0.192135 28.381300
0.192371 23.280300
0.192608 20.341100
0.192845 7.448610
0.193082 13.532900
0.193319 19.149000
0.193556 5.511100
0.193793 16.864000
0.194030 12.738300
0.194267 33.124400
0.194504 47.316000
0.194741 29.414100
0.194977 13.142100
0.195214 45.235800
0.195451 33.412900
0.195688 13.518200
0.195925 44.417200
0.196162 3.954000
0.196399 10.673900
0.196636 62.126600
0.196873 4.605790
0.197110 67.697900
0.197347 22.826900
0.197584 20.844000
0.197820 24.358100
0.198057 12.155500
0.198294 13.089800
0.198531 51.668600
0.198768 28.405500
0.199005 18.200300
0.199242 71.833900
0.199479 9.392310
0.199716 21.118800
0.199953 58.296500
0.200190 4.333910
0.200426 12.391200
0.200663 5.294630
0.200900 69.020100
0.201137 25.623000
0.201374 8.143810
0.201611 13.675000
0.201848 7.048500
0.202085 7.327620
0.202322 22.897200
0.202559 12.294700
0.202796 56.662500
0.203032 53.472800
0.203269 39.651700
0.203506 9.844200
0.203743 9.587770
0.203980 10.387400
0.204217 10.562200
0.204454 22.513600
0.204691 2.625370
0.204928 65.639200
0.205165 5.087080
0.205402 11.222600
0.205638 14.182600
0.205875 5.351340
0.206112 43.531400
0.206349 1.469740
0.206586 4.707510
0.206823 23.922600
0.207060 15.054300
0.207297 8.421520
0.207534 5.343690
0.207771 14.612500
0.208008 26.402300
0.208244 31.421200
0.208481 26.490800
0.208718 12.933200
0.208955 36.190700
0.209192 19.548700
0.209429 15.109000
0.209666 9.986410
0.209903 10.591400
0.210140 32.668300
0.210377 6.999810
0.210614 6.215600
0.210851 59.569900
0.211087 16.249500
0.211324 40.189100
0.211561 13.266000
0.211798 29.802600
0.212035 16.232300
0.212272 20.758900
0.212509 39.941300
0.212746 46.535700
0.212983 10.622800
0.213220 23.692200
0.213457 57.446000
0.213693 57.448200
0.213930 45.867500
0.214167 14.472400
0.214404 4.310490
0.214641 37.328000
0.214878 21.946000
0.215115 7.490830
0.215352 8.589910
0.215589 7.773040
0.215826 13.546300
0.216063 8.156280
0.216299 44.031700
0.216536 11.702800
0.216773 11.380400
0.217010 14.203600
0.217247 15.272200
0.217484 22.657100
0.217721 46.421200
0.217958 11.210100
0.218195 22.657200
0.218432 8.607760
0.218669 5.622720
0.218905 4.665360
0.219142 14.465400
0.219379 20.820700
0.219616 16.302200
0.219853 10.088900
0.220090 32.746200
0.220327 9.496960
0.220564 9.916340
0.220801 13.332600
0.221038 8.819820
0.221275 27.763900
0.221511 7.101150
0.221748 36.904400
0.221985 9.172220
0.222222 3.862000
0.222459 7.399510
0.222696 9.183530
0.222933 31.779800
0.223170 67.175600
0.223407 20.644200
0.223644 21.058700
0.223881 28.446800
0.224118 48.854900
0.224354 2.864910
0.224591 14.289600
0.224828 12.257100
0.225065 39.270300
0.225302 6.096630
0.225539 15.469600
0.225776 8.953150
0.226013 31.668700
0.226250 11.071000
0.226487 8.327980
0.226724 5.025390
0.226960 7.881570
0.227197 5.027680
0.227434 15.436100
0.227671 45.787200
0.227908 22.219300
0.228145 5.703880
0.228382 30.644400
0.228619 29.592500
0.228856 55.019300
0.229093 61.046300
0.229330 30.582200
0.229566 20.624800
0.229803 4.044090
0.230040 2.558880
0.230277 14.008000
0.230514 41.538200
0.230751 8.375920
0.230988 32.544700
0.231225 11.565600
0.231462 5.593170
0.231699 23.495600
0.231936 18.988900
0.232172 31.455400
0.232409 29.302300
0.232646 7.495490
0.232883 5.352140
0.233120 26.718100
0.233357 22.741700
0.233594 10.507000
0.233831 72.064000
0.234068 18.481600
0.234305 12.501800
0.234542 31.254200
0.234778 8.930110
0.235015 37.240500
0.235252 54.654500
0.235489 1.768930
0.235726 22.977600
0.235963 10.732900
0.236200 3.491420
0.236437 65.058900
0.236674 27.602200
0.236911 36.169400
0.237148 21.212000
0.237385 9.902880
0.237621 8.515140
0.237858 18.690400
0.238095 7.292570
0.238332 15.313100
0.238569 9.263750
0.238806 14.652900
0.239043 6.651980
0.239280 24.836600
0.239517 70.359300
0.239754 44.815900
0.239991 28.325400
0.240464 22.408600
0.240701 18.461100
0.240938 19.656800
0.241175 7.946740
0.241412 51.078600
0.241649 8.898670
0.241886 6.998980
0.242123 75.585100
0.242360 1.753200
0.242597 8.145330
0.242833 72.448600
0.243070 8.395950
0.243307 30.153600
0.243544 29.974700
0.243781 81.015200
0.244018 8.155330
0.244255 44.147400
0.244492 23.815100
0.244729 18.543300
0.244966 14.424300
0.245203 27.486500
0.245439 93.006700
0.245676 30.584400
0.245913 51.549500
0.246150 28.827900
0.246387 37.867800
0.246624 7.730490
0.246861 34.883800
0.247098 22.742300
0.247335 7.232540
0.247572 12.246500
0.247809 6.999790
0.248045 34.865800
0.248282 12.023800
0.248519 28.077400
0.248756 54.168100
0.248993 26.724900
0.249230 40.077700
0.249467 41.550900
0.249704 80.999800
0.249941 16.783500
0.250178 26.055100
0.250415 7.886720
0.250652 40.583500
0.250888 12.935400
0.251125 6.148940
0.251362 14.201400
0.251599 10.937100
0.251836 30.542700
0.252073 24.360700
0.252310 15.871400
0.252547 41.726000
0.252784 25.560500
0.253021 18.388900
0.253258 12.039900
0.253494 34.999400
0.253731 14.197600
0.253968 7.340720
0.254205 6.600130
0.254442 9.452240
0.254679 16.726600
0.254916 41.767000
0.255153 12.873700
0.255390 31.295800
0.255627 17.260400
0.255864 9.400820
0.256100 10.734600
0.256337 8.635210
0.256574 14.863600
0.256811 7.630770
0.257048 6.560890
0.257285 11.549500
0.257522 15.719300
0.257759 6.547190
0.257996 9.213910
0.258233 30.505000
0.258470 10.694300
0.258706 16.667800
0.258943 7.315820
0.259180 69.749400
0.259417 9.246520
0.259654 9.917860
0.259891 34.783500
0.260128 46.403500
0.260365 44.775000
0.260602 7.269530
0.260839 59.085300
0.261076 5.721890
0.261312 13.916800
0.261549 10.095700
0.261786 18.172800
0.262023 7.899900
0.262260 27.060800
0.262497 2.674150
0.262734 57.091900
0.262971 17.790600
0.263208 7.267140
0.263445 6.312070
0.263682 77.479700
0.263919 23.631200
0.264155 8.296660
0.264392 20.364300
0.264629 60.306000
0.264866 1.926790
0.265103 27.290600
0.265340 11.105200
0.265577 12.550400
0.265814 14.912800
0.266051 38.839300
0.266288 33.301200
0.266525 6.560860
0.266761 94.675600
0.266998 21.966000
0.267235 9.904780
0.267472 2.448460
0.267709 15.480000
0.267946 66.094900
0.268183 40.862100
0.268420 23.340900
0.268657 2.110720
0.268894 8.670730
0.269131 14.645200
0.269367 26.883300
0.269604 1.808080
0.269841 44.229400
0.270078 2.662190
0.270315 16.082400
0.270552 9.064200
0.270789 36.500300
0.271026 17.226400
0.271263 6.868020
0.271500 55.393600
0.271737 28.673300
0.271973 9.674950
0.272210 8.344060
0.272447 37.148900
0.272684 5.093240
0.272921 43.987100
0.273158 54.298300
0.273395 21.626700
0.273632 23.044200
0.273869 4.328690
0.274106 16.417300
0.274343 22.793900
0.274579 17.087600
0.274816 44.731200
0.275053 9.945950
0.275290 28.434600
0.275527 27.671100
0.275764 10.362400
0.276001 9.040540
0.276238 61.360700
0.276475 26.687900
0.276712 16.070800
0.276949 55.686800
0.277186 7.192270
0.277422 3.531310
0.277659 35.744400
0.277896 5.145600
0.278133 10.173200
0.278370 29.059400
0.278607 19.232500
0.278844 28.054100
0.279081 23.754400
0.279318 15.887800
0.279555 48.290400
0.279792 34.527500
0.280028 10.139700
0.280265 17.989100
0.280502 21.604900
0.280739 6.197490
0.280976 37.649800
0.281213 6.251370
0.281450 4.163370
0.281687 30.169000
0.281924 5.972570
0.282161 38.171200
0.282398 49.200000
0.282634 12.298100
0.282871 13.615100
0.283108 46.523700
0.283345 52.343100
0.283582 38.655100
0.283819 20.357000
0.284056 19.453700
0.284293 44.751800
0.284530 31.005300
0.284767 49.874800
0.285004 20.153100
0.285240 72.166900
0.285477 18.762800
0.285714 9.553560
0.285951 23.293400
0.286188 37.557000
0.286425 34.178200
0.286662 6.170940
0.286899 15.180700
0.287136 7.860830
0.287373 8.855440
0.287610 8.315870
0.287846 4.111250
0.288083 9.892820
0.288320 3.525950
0.288557 12.593200
0.288794 10.076700
0.289031 13.941500
0.289268 17.673100
0.289505 13.962300
0.289742 6.799340
0.289979 66.536900
0.290216 42.288800
0.290452 12.251000
0.290689 3.500300
0.290926 12.400800
0.291163 20.893400
0.291400 12.507200
0.291637 6.291430
0.291874 36.010100
0.292111 34.944300
0.292348 10.420100
0.292585 1.689590
0.292822 16.693600
0.293059 8.315420
0.293295 8.786450
0.293532 34.498400
0.293769 10.097900
0.294006 8.727770
0.294243 33.600500
0.294480 40.453500
0.294717 3.717290
0.294954 19.198800
0.295191 65.024300
0.295428 7.330930
0.295665 44.890200
0.295901 9.239500
0.296138 13.713600
0.296375 7.814390
0.296612 9.957390
0.296849 58.006800
0.297086 41.840500
0.297323 43.340800
0.297560 21.645000
0.297797 19.080700
0.298034 23.576800
0.298271 56.593200
0.298507 43.058300
0.298744 66.871800
0.298981 10.498000
0.299218 50.790300
0.299455 12.413400
0.299692 26.338800
0.299929 27.065300
0.300166 17.510500
0.300403 7.372930
0.300640 8.926050
0.300877 18.313900
0.301113 17.447700
0.301350 15.372000
0.301587 23.704700
0.301824 26.442600
0.302061 13.192200
0.302298 11.477000
0.302535 22.374900
0.302772 12.221700
0.303009 14.854300
0.305378 8.324900
0.305615 42.891900
0.305852 9.326470
0.306089 63.285900
0.306326 8.639020
0.306562 3.156300
0.306799 46.109200
0.307036 11.390500
0.307273 3.232760
0.307510 3.176520
0.307747 6.605870
0.307984 1.986990
0.308221 51.871300
0.308458 12.844400
0.308695 8.189230
0.308932 27.777000
0.309168 39.580500
0.309405 19.270200
0.309642 33.502000
0.309879 5.400020
0.310116 4.890500
0.310353 14.230100
0.310590 3.322720
0.310827 13.057000
0.311064 6.448780
0.311301 23.699200
0.311538 27.114200
0.311774 20.128600
0.312011 11.915700
0.312248 15.412200
0.312485 69.988400
0.312722 29.492800
0.312959 9.487980
0.313196 23.975600
0.313433 56.074200
0.313670 7.175480
0.313907 9.322510
0.314144 53.521000
0.314380 15.049100
0.314617 20.496300
0.314854 9.362980
0.315091 59.036400
0.316039 7.409500
0.316276 5.054920
0.316513 11.472900
0.316750 59.904700
0.316986 9.297180
0.317223 53.415300
0.317460 39.887600
0.317697 15.403300
0.317934 35.817300
0.318171 40.221000
0.318408 13.024200
0.318645 7.269590
0.318882 17.604900
0.319119 24.469200
0.319356 37.244600
0.319593 5.597820
0.319829 7.658640
0.320066 8.894960
0.320303 4.613450
0.320540 74.261900
0.320777 45.700100
0.321014 23.078200
0.321251 12.764800
0.321488 30.815800
0.321725 19.558100
0.321962 14.500400
0.322199 25.338800
0.322435 4.675220
0.322672 35.293100
0.322909 19.909800
0.323146 32.933300
0.323383 57.832600
0.323620 12.501200
0.323857 8.828860
0.324094 12.838800
0.324331 18.637400
0.324568 13.923400
0.324805 27.163900
0.325041 14.273600
0.325278 1.636820
0.325515 15.411800
0.325752 83.070200
0.325989 1.717370
0.326226 26.330800
0.326463 2.511300
0.326700 9.093850
0.326937 15.272400
0.328358 67.121200
0.328595 62.296700
0.328832 58.220800
0.329069 34.131800
0.329306 9.178810
0.329543 38.722600
0.329780 18.767700
0.330017 7.841550
0.330253 2.906030
0.330490 36.174300
0.330727 59.550500
0.330964 41.298400
0.331201 76.328400
0.331438 18.743500
0.331675 15.121900
0.331912 9.700130
0.332149 25.950400
0.332386 43.038700
0.332623 14.977100
0.332860 42.766000
0.333096 55.226600
0.333333 14.758500
0.333807 23.293300
0.334044 52.810900
0.334281 26.073000
0.334518 16.297400
0.334755 43.025700
0.334992 69.538100
0.335229 29.140600
0.335466 7.604630
0.335702 3.719700
0.335939 29.168600
0.336176 2.727240
0.336413 42.856900
0.336650 9.547960
0.336887 18.198100
0.337124 26.839300
0.337361 56.814700
0.337598 51.370700
0.337835 6.999850
0.338072 24.301400
0.338308 61.102100
0.338545 50.104600
0.338782 16.689500
0.339019 2.462080
0.339256 8.486320
0.339493 33.390100
0.339730 10.098000
0.339967 7.776570
0.340204 16.280500
0.340441 80.973100
0.340678 24.645700
0.340914 9.137620
0.341151 71.628700
0.341388 41.181200
0.341625 65.211500
0.341862 14.007600
0.342099 17.876300
0.342336 34.922500
0.342573 35.846300
0.342810 5.151420
0.343047 58.168200
0.343284 31.795300
0.343520 19.087600
0.343757 7.421760
0.343994 8.926600
0.344231 2.658830
0.344468 45.101000
0.344705 6.361180
0.344942 44.842600
0.345179 12.175200
0.345416 21.904200
0.345653 57.889300
0.345890 31.790100
0.346127 24.428000
0.346363 9.187650
0.346600 9.520790
0.346837 17.672300
0.347074 36.245000
0.347311 63.987600
0.347548 17.346600
0.347785 19.934100
0.348022 18.592900
0.348259 71.640400
0.348496 27.057600
0.348733 38.214100
0.348969 23.388500
0.349206 11.249300
0.349443 54.863800
0.349680 44.353500
0.349917 9.070910
0.350154 63.812200
0.350391 46.229600
0.350628 8.511940
0.350865 35.328800
0.351102 7.166340
0.351339 20.833000
0.351575 5.067160
0.351812 62.037900
0.352049 7.094680
0.352286 6.544320
0.352523 3.480890
0.352760 22.573500
0.352997 58.296300
0.353234 58.918000
0.353471 56.059400
0.353708 8.099250
0.353945 28.346200
0.354181 7.335960
0.354418 58.933900
0.354655 19.910100
0.354892 11.032000
0.355129 47.921600
0.355366 14.008600
0.355603 30.535000
0.355840 20.680000
0.356077 25.507300
0.356314 22.578600
0.356551 8.580550
0.356787 42.800800
0.357024 22.556100
0.357261 49.427800
0.357498 12.473800
0.357735 8.845110
0.357972 36.757200
0.358209 54.995900
0.358446 20.615000
0.358683 11.678100
0.358920 28.747700
0.359157 15.825100
0.359394 10.297600
0.359630 3.977570
0.360104 10.211400
0.360341 8.768310
0.360578 17.722100
0.360815 37.311800
0.361052 15.531500
0.361289 10.139300
0.361526 42.185700
0.361763 7.870170
0.362000 7.737780
0.362236 2.991390
0.362473 4.422660
0.362710 9.767320
0.363184 15.721100
0.363421 20.353300
0.363658 14.568100
0.363895 6.578970
0.364132 5.044200
0.364369 12.902500
0.364606 59.182200
0.364842 16.615200
0.365079 12.203200
0.365316 5.888920
0.365553 1.662840
0.365790 14.850600
0.366027 23.913100
0.366264 54.600900
0.366501 5.842480
0.366738 29.721700
0.366975 74.961600
0.367212 41.963500
0.367448 11.464400
0.367685 8.274360
0.367922 10.374600
0.368159 15.701000
0.368396 12.861200
0.368633 4.787510
0.368870 17.721800
0.369107 54.366200
0.369344 27.813300
0.369581 12.649100
0.369818 14.654800
0.370054 7.062290
0.370291 9.803750
0.370528 8.525580
0.370765 11.218900
0.371002 37.612300
0.371239 10.575400
0.371476 7.264770
0.371713 21.147200
0.371950 17.022000
0.372187 34.219600
0.372424 18.630400
0.372661 28.836500
0.372897 41.018800
0.373371 12.479100
0.373608 26.727700
0.373845 62.429700
0.374082 34.333000
0.374319 24.815800
0.374556 43.216800
0.374793 11.329400
0.376214 9.805800
0.376451 8.136600
0.376688 53.886900
0.376925 17.304600
0.377162 3.532100
0.377399 23.270800
0.377636 12.301200
0.377873 51.980000
0.378109 17.538500
0.378346 8.467640
0.378583 20.706400
0.378820 32.883700
0.379057 10.374400
0.379294 21.996600
0.379531 5.022820
0.379768 11.071400
0.380005 7.434760
0.380242 3.103370
0.380479 4.294120
0.380715 24.483300
0.381189 11.657400
0.381426 58.011900
0.381663 34.792000
0.381900 24.608900
0.382137 52.108900
0.382374 21.144000
0.382611 58.068900
0.382848 6.418250
0.383085 28.944800
0.383321 22.804500
0.383558 8.190870
0.383795 26.089000
0.384032 15.348100
0.384269 26.841500
0.384506 51.266000
0.384743 5.957020
0.384980 4.198410
0.385217 6.773800
0.385454 26.368600
0.385691 24.902900
0.385928 52.240200
0.386164 14.246100
0.386401 11.391100
0.386638 74.251100
0.386875 11.839700
0.387112 8.353030
0.387349 43.057200
0.387586 18.896700
0.387823 7.591180
0.388060 30.803800
0.388297 21.180700
0.388534 14.030000
0.388770 11.357700
0.389007 22.967300
0.389244 18.289100
0.389481 39.037000
0.389718 15.004800
0.389955 1.710220
0.390192 6.572460
0.390429 11.013600
0.390666 17.891600
0.390903 20.489100
0.391140 11.363800
0.391376 41.611700
0.391613 8.154880
0.391850 4.255850
0.392087 18.550200
0.392324 16.831600
0.392561 9.922230
0.392798 5.874430
0.393035 22.177900
0.393272 18.623100
0.393509 6.909480
0.393746 51.687100
0.393982 8.252760
0.394219 15.781800
0.394456 8.495570
0.394693 63.567600
0.394930 19.819800
0.395167 9.044460
0.395404 8.504230
0.395641 47.754500
0.395878 43.678400
0.396115 10.109400
0.396352 6.383880
0.396588 40.391900
0.396825 26.125300
0.397062 23.306500
0.397299 42.584400
0.397536 7.128380
0.397773 34.905500
0.398010 13.883300
0.398247 19.998000
0.398484 7.348120
0.398721 9.373640
0.398958 76.687700
0.399195 5.687380
0.399431 6.764950
0.399668 26.827100
0.399905 22.161200
0.400142 29.350400
0.400379 7.074060
0.400616 6.145080
0.400853 60.890600
0.401090 21.211000
0.401327 3.261840
0.401564 28.077000
0.401801 24.304300
0.402037 61.882400
0.402274 15.729300
0.402511 66.542500
0.402748 8.177780
0.402985 8.769930
0.403222 22.387500
0.403459 11.702200
0.403696 19.017500
0.403933 81.558400
0.404170 17.523500
0.404407 36.214500
0.404643 26.499600
0.404880 3.979210
0.405117 58.932800
0.405354 22.007400
0.405591 11.119800
0.405828 33.569700
0.406065 88.164400
0.406302 56.393100
0.406539 43.518300
0.406776 76.106000
0.407013 40.342400
0.407249 38.401100
0.407486 24.928200
0.407723 19.371100
0.407960 47.503500
0.408197 28.769500
0.408434 34.119100
0.408671 8.267950
0.408908 7.306080
0.409145 48.247300
0.409382 8.832110
0.409619 10.243500
0.409855 8.154510
0.410092 17.827300
0.410329 19.249600
0.410566 38.512800
0.410803 8.958590
0.411040 20.271900
0.411277 6.805050
0.411514 41.014500
0.411751 8.476380
0.411988 9.894620
0.412225 8.161230
0.412462 8.886970
0.412698 1.640020
0.412935 17.284700
0.413172 14.208100
0.413409 24.948000
0.413646 3.350020
0.413883 51.398900
0.414120 20.805600
0.414357 13.349500
0.414594 36.497100
0.414831 4.328750
0.415068 10.932100
0.415304 17.510800
0.415541 27.940000
0.415778 5.220040
0.416015 30.818100
0.416252 12.833500
0.416489 16.235000
0.416726 5.902180
0.416963 23.336900
0.417200 5.360330
0.417437 53.562100
0.417674 22.845600
0.417910 49.845500
0.418147 29.532300
0.418384 40.474100
0.418621 28.603500
0.418858 28.262800
0.419095 41.526500
0.419332 23.426700
0.419569 47.671600
0.419806 5.094430
0.420043 17.293500
0.420280 32.398700
0.420516 3.173600
0.420753 6.738420
0.420990 5.631160
0.421227 1.871690
0.421464 24.850100
0.421701 12.757800
0.421938 12.718400
0.422175 9.394190
0.422412 34.563400
0.422649 37.908800
0.422886 40.176300
0.423122 13.211500
0.423359 19.196200
0.423596 7.170190
0.423833 25.858200
0.424070 4.983850
0.424307 16.256600
0.424544 24.641900
0.424781 26.177700
0.425018 16.655800
0.425255 57.309600
0.425492 17.672000
0.425729 7.834570
0.425965 12.254800
0.426202 15.747500
0.426439 1.702060
0.426676 13.432900
0.426913 17.915700
0.427150 36.518300
0.427387 11.563900
0.427624 15.808900
0.427861 19.706600
0.428098 16.643300
0.428335 77.295300
0.428571 45.985300
0.428808 25.219600
0.429045 8.933780
0.429282 5.065880
0.429519 3.304480
0.429756 13.919300
0.429993 23.714000
0.430230 7.629910
0.430467 14.169400
0.430704 7.702580
0.430941 24.581500
0.431177 10.916600
0.431414 16.062200
0.431651 24.834500
0.431888 5.735490
0.432125 22.207100
0.432362 12.011000
0.432599 6.251220
0.432836 5.168140
0.433073 9.278210
0.433310 48.501500
0.433547 18.296000
0.433783 14.401300
0.434020 11.414600
0.434257 45.167700
0.434494 14.465100
0.434731 8.646490
0.434968 12.837600
0.435205 10.768400
0.435442 15.180200
0.435679 75.261600
0.435916 82.033600
0.436153 55.673400
0.436389 41.426800
0.436626 30.686200
0.436863 18.185100
0.437100 38.304800
0.437337 10.808500
0.437574 42.999200
0.437811 6.385270
0.438048 41.193400
0.438285 18.439100
0.438522 5.182650
0.438759 7.798480
0.438995 41.833000
0.439232 7.002160
0.439469 4.341850
0.439706 51.806800
0.439943 39.108200
0.440180 26.481200
0.440417 15.577700
0.440654 11.383100
0.440891 22.659100
0.441128 6.297150
0.441365 87.510400
0.441602 34.048400
0.441838 6.296250
0.442075 15.626000
0.442312 18.900900
0.442549 25.115000
0.442786 6.527780
0.443023 13.712300
0.443260 15.073500
0.443497 13.569800
0.443734 4.538760
0.443971 6.831690
0.444208 7.477250
0.444444 16.006100
0.444681 30.242000
0.444918 10.862900
0.445155 37.705200
0.445392 6.329780
0.445629 26.610900
0.445866 38.818000
0.446103 6.837240
0.446340 19.865200
0.446577 76.955900
0.446814 24.990000
0.447050 6.488090
0.447287 20.419900
0.447524 48.545400
0.447761 1.772950
0.447998 29.388900
0.448235 1.714430
0.448472 31.082900
0.448709 9.421250
0.448946 27.212700
0.449183 50.230100
0.449420 15.160200
0.449656 3.415580
0.449893 11.821300
0.450130 25.919000
0.450367 23.630600
0.450604 20.892500
0.450841 7.332410
0.451078 28.190900
0.451315 3.297750
0.451552 56.163100
0.451789 26.932300
0.452026 58.256600
0.452262 10.217500
0.452499 22.679300
0.452736 16.849900
0.452973 10.178800
0.453210 43.267800
0.453447 9.010460
0.453684 32.072600
0.453921 65.909300
0.454158 6.377260
0.454395 24.653700
0.454632 7.973750
0.454869 28.791100
0.455105 12.001100
0.455342 28.651800
0.455579 64.936600
0.455816 15.472500
0.456053 80.445700
0.456290 9.315490
0.456527 12.912300
0.456764 56.614600
0.457001 15.441200
0.457238 19.544300
0.457475 5.685150
0.457711 5.443080
0.457948 26.484000
0.458185 25.372300
0.458422 96.413600
0.458659 10.693500
0.458896 28.308500
0.459133 6.803300
0.459370 28.842900
0.459607 26.429800
0.459844 6.040700
0.460081 9.322790
0.460317 39.170400
0.460554 27.302400
0.460791 19.147400
0.461028 41.042600
0.461265 50.750900
0.461502 37.852700
0.461739 35.608800
0.461976 42.204400
0.462213 22.240600
0.462450 67.660500
0.462687 22.842000
0.462923 42.671700
0.463160 5.410780
0.463397 17.675500
0.463634 11.468300
0.463871 39.608900
0.464108 27.915200
0.464345 21.963000
0.464582 9.170730
0.464819 40.161800
0.465056 24.699400
0.465293 23.552100
0.465529 8.283190
0.465766 4.329010
0.466003 14.666300
0.466240 41.847500
0.466477 79.991700
0.466714 11.066900
0.466951 22.030800
0.467188 33.468700
0.467425 49.714700
0.467662 85.215500
0.467899 7.056200
0.468136 77.292700
0.468372 30.212800
0.468609 34.175600
0.468846 64.092600
0.469083 24.583900
0.469320 23.322500
0.469557 14.732100
0.469794 60.281700
0.470031 8.808460
0.470268 24.583700
0.470505 72.266200
0.470742 4.410290
0.470978 87.458100
0.471215 18.025100
0.471452 16.286100
0.471689 14.736500
0.471926 13.130100
0.472163 10.927200
0.472400 17.606100
0.472637 44.189800
0.472874 30.320300
0.473111 6.061580
0.473348 22.588800
0.473584 18.602900
0.473821 13.103000
0.474058 20.843700
0.474295 67.717000
0.474532 13.735300
0.474769 39.028000
0.475006 14.736900
0.475243 46.835500
0.475480 27.785900
0.475717 13.927400
0.475954 53.822700
0.476190 60.657000
0.476427 7.411680
0.476664 73.173500
0.476901 8.805860
0.477138 68.733600
0.477375 44.321700
0.477612 29.885500
0.477849 55.845500
0.478086 7.151760
0.478323 31.622300
0.478560 9.970460
0.478796 4.261730
0.479033 44.196800
0.479270 12.458200
0.479507 7.754790
0.479744 14.662100
0.479981 39.394600
0.480218 25.093600
0.480455 14.427900
0.480692 38.607000
0.480929 19.848600
0.481166 24.093300
0.481403 18.015800
0.481639 78.183300
0.481876 25.631100
0.482113 10.216100
0.482350 28.274300
0.482587 3.619390
0.482824 61.331600
0.483061 45.092000
0.483298 22.565800
0.483535 46.859500
0.483772 3.152840
0.484009 16.694000
0.484245 17.969300
0.484482 26.534800
0.484719 17.489500
0.484956 49.506000
0.485193 46.761800
0.485430 9.923100
0.485667 33.405300
0.485904 50.714400
0.486141 78.506100
0.486378 5.861820
0.486615 31.756800
0.486851 46.151200
0.487088 20.170200
0.487325 34.355300
0.487562 14.731700
0.487799 33.130100
0.488036 40.179600
0.488273 40.027100
0.488510 82.033500
0.488747 23.250400
0.488984 4.922550
0.489221 7.028150
0.489457 15.377400
0.489694 33.399500
0.489931 6.483310
0.490168 51.638900
0.490405 5.921520
0.490642 9.303790
0.490879 16.356400
0.491116 28.467400
0.491353 9.893320
0.491590 23.802900
0.491827 13.030900
0.492063 15.446000
0.492300 33.475400
0.492537 90.751500
0.492774 20.009700
0.493011 53.446300
0.493248 49.356700
0.493485 25.125300
0.493722 57.195300
0.493959 6.265840
0.494196 23.164700
0.494433 21.009200
0.494670 22.645000
0.494906 11.851800
0.495143 24.240900
0.495380 28.353000
0.495617 11.338600
0.495854 20.709600
0.496091 53.736300
0.496328 29.324400
0.496565 4.070250
0.496802 2.811680
0.497039 73.335000
0.497276 2.619320
0.497512 27.759700
0.497749 3.118140
0.497986 11.176000
0.498223 6.594090
0.498460 5.457440
0.498697 6.318040
0.498934 22.351900
0.499171 7.841430
0.499408 16.714800
0.499645 51.658700
0.499882 71.997200
0.500118 22.070300
0.500355 9.471800
0.500592 50.612900
0.500829 9.620910
0.501066 59.146500
0.501303 14.057800
0.501540 11.585200
0.501777 43.286600
0.502014 15.244400
0.502251 32.644500
0.502488 31.037800
0.502724 8.239320
0.502961 6.178360
0.503198 34.307600
0.503435 12.541000
0.503672 22.932500
0.503909 67.876200
0.504146 7.160220
0.504383 8.670490
0.504620 9.160400
0.504857 19.748600
0.505094 36.275300
0.505330 17.176400
0.505567 12.954500
0.505804 26.972500
0.506041 30.457700
0.506278 2.715470
0.506515 6.129120
0.506752 10.557100
0.506989 8.138550
0.507226 14.870900
0.507463 11.311900
0.507700 24.437900
0.507937 31.079000
0.508173 13.687500
0.508410 57.693100
0.508647 29.677800
0.508884 13.570800
0.509121 10.790100
0.509358 16.775300
0.509595 27.070400
0.509832 69.167000
0.510069 9.705060
0.510306 21.760100
0.510543 9.051820
0.510779 9.764850
0.511016 10.528900
0.511253 67.572200
0.511490 14.008100
0.511727 13.294000
0.511964 20.331900
0.512201 22.876800
0.512438 40.619700
0.512675 6.852270
0.512912 9.806420
0.513149 6.911830
0.513385 8.104560
0.513622 26.974900
0.513859 9.115130
0.514096 23.604000
0.514333 6.905980
0.514570 8.638270
0.514807 18.575900
0.515044 31.722200
0.515281 9.413680
0.515518 47.981500
0.515755 25.445100
0.515991 8.382840
0.516228 64.770900
0.516465 14.931700
0.516702 13.183000
0.516939 31.510300
0.517176 56.153200
0.517413 36.536000
0.517650 3.711830
0.517887 30.309200
0.518124 10.092800
0.518361 43.739000
0.518597 6.025660
0.518834 32.650800
0.519071 2.889670
0.519308 6.290580
0.519545 4.491240
0.519782 27.399900
0.520019 36.384700
0.520256 23.896300
0.520493 51.710800
0.520730 39.860500
0.520967 12.886200
0.521204 10.732100
0.521440 17.150900
0.521677 12.716600
0.521914 61.215200
0.522151 4.328970
0.522388 8.584540
0.522625 8.928800
0.522862 7.469200
0.523099 6.571400
0.523336 71.247900
0.523573 22.075400
0.523810 26.736300
0.524046 91.670500
0.524283 33.287900
0.524520 18.872100
0.524757 5.220760
0.524994 33.192600
0.525231 31.279300
0.525468 11.677300
0.525705 18.865900
0.525942 4.227410
0.526179 33.497400
0.526416 33.363900
0.526652 17.372600
0.526889 12.183900
0.527126 4.160490
0.527363 10.318400
0.527600 40.286600
0.527837 4.555590
0.528074 18.352600
0.528311 6.412160
0.528548 12.990600
0.528785 45.990000
0.529022 8.749380
0.529258 9.924180
0.529495 61.250300
0.529732 9.452000
0.529969 12.663600
0.530206 7.470660
0.530443 83.816000
0.530680 10.176100
0.530917 1.788600
0.531154 2.710160
0.531391 11.637600
0.531628 18.189400
0.531864 7.226640
0.532101 24.600500
0.532338 60.387500
0.532575 61.240900
0.532812 50.516400
0.533049 25.286400
0.533286 28.751400
0.533523 10.691200
0.533760 33.490800
0.533997 44.181300
0.534234 66.268000
0.534471 46.343400
0.534707 25.122800
0.534944 10.920500
0.535181 27.726900
0.535418 3.785850
0.535655 33.688500
0.535892 6.035400
0.536129 15.802200
0.536366 41.927600
0.536603 31.785700
0.536840 39.092400
0.537077 33.667300
0.537313 76.929400
0.537550 22.638700
0.537787 29.910000
0.538024 13.489600
0.538261 37.243200
0.538498 21.659200
0.538735 17.945800
0.538972 77.927700
0.539209 5.046540
0.539446 24.777300
0.539683 9.359880
0.539919 3.632770
0.540156 28.465500
0.540393 19.533500
0.540630 8.522150
0.540867 12.884000
0.541104 13.795900
0.541341 44.138400
0.541578 16.559300
0.541815 46.799900
0.542052 6.122830
0.542289 19.734700
0.542525 25.863100
0.542762 16.263700
0.542999 19.627100
0.543236 59.797000
0.543473 15.808800
0.543710 4.885590
0.543947 31.319800
0.544184 3.076850
0.544421 23.150900
0.544658 45.773100
0.544895 15.223100
0.545131 87.577600
0.545368 14.376200
0.545605 9.073570
0.545842 46.309200
0.546079 38.331600
0.546316 17.561700
0.546553 20.742900
0.546790 6.622620
0.547027 38.429200
0.547264 49.285600
0.547501 27.334600
0.547738 60.316200
0.547974 4.913720
0.548211 7.943870
0.548448 22.095100
0.548685 72.815900
0.548922 17.739000
0.549159 8.297720
0.549396 6.559060
0.549633 68.222000
0.549870 38.066100
0.550107 62.728000
0.550344 11.187500
0.550580 10.109000
0.550817 31.882700
0.551054 62.161900
0.551291 35.148900
0.551528 46.850200
0.551765 34.408000
0.552002 2.263310
0.552239 9.372330
0.552476 11.623900
0.552713 7.449320
0.552950 1.817960
0.553186 8.572370
0.553423 71.815600
0.553660 6.356520
0.553897 8.271970
0.554134 4.389090
0.554371 38.945900
0.554608 28.227800
0.554845 13.984700
0.555082 26.227500
0.555319 33.264600
0.555556 12.151300
0.555792 51.439500
0.556029 11.991800
0.556266 9.934140
0.556503 29.488800
0.556740 16.404600
0.556977 14.052000
0.557214 4.878430
0.557451 17.948700
0.557688 24.962300
0.557925 20.920500
0.558162 13.823800
0.558398 31.508800
0.558635 34.855400
0.558872 27.652100
0.559109 28.706600
0.559346 70.630000
0.559583 32.743600
0.559820 25.169000
0.560057 12.616100
0.560294 14.070700
0.560531 12.404500
0.560768 8.914310
0.561005 30.067200
0.561241 10.613200
0.561478 34.067600
0.561715 10.413300
0.561952 7.934320
0.562189 3.862250
0.562426 4.714580
0.562663 30.120800
0.562900 38.167000
0.563137 39.390600
0.563374 13.281900
0.563611 7.311820
0.563847 22.235300
0.564084 49.984400
0.564321 24.460900
0.564558 2.353790
0.564795 4.586980
0.565032 28.853500
0.565269 7.702510
0.565506 13.179400
0.565743 24.337700
0.565980 6.473090
0.566217 13.639600
0.566453 52.759400
0.566690 40.075000
0.566927 20.531800
0.567164 40.553300
0.567401 38.014400
0.567638 46.426600
0.567875 10.195800
0.568112 19.315400
0.568349 5.242670
0.568586 5.212840
0.568823 21.450000
0.569059 24.469400
0.569296 10.374500
0.569533 17.258700
0.569770 11.416200
0.570007 14.605300
0.570244 29.052700
0.570481 18.045500
0.570718 10.382900
0.570955 22.919900
0.571192 14.105100
0.571429 5.361450
0.571665 19.624200
0.571902 5.235940
0.572139 11.649700
0.572376 20.691600
0.572613 24.357400
0.572850 28.518000
0.573087 45.143300
0.573324 53.827700
0.573561 56.580900
0.573798 25.799500
0.574035 51.645200
0.574271 7.296590
0.574508 4.456600
0.574745 5.971520
0.574982 8.051700
0.575219 7.913780
0.575456 19.844300
0.575693 15.552100
0.575930 10.270300
0.576167 54.184200
0.576404 34.843300
0.576641 18.485500
0.576878 23.036000
0.577114 5.391720
0.577351 20.352300
0.577588 22.178800
0.577825 18.459500
0.578062 48.999100
0.578299 60.937100
0.578536 5.047280
0.578773 4.959560
0.579010 5.805690
0.579247 53.455500
0.579484 16.746800
0.579720 24.133300
0.579957 25.703200
0.580194 7.528010
0.580431 2.930510
0.580668 6.620410
0.580905 8.907980
0.581142 37.459700
0.581379 42.691100
0.581616 9.874400
0.581853 39.223300
0.582090 16.294600
0.582326 61.868300
0.582563 29.448400
0.582800 8.577920
0.583037 10.367600
0.583274 4.656070
0.583511 14.922000
0.583748 13.664100
0.583985 41.939000
0.584222 5.429630
0.584459 19.957400
0.584696 3.193670
0.584932 8.788790
0.585169 22.418500
0.585406 15.797400
0.585643 32.594700
0.585880 82.343700
0.586117 13.810100
0.586354 7.791800
0.586591 42.419000
0.586828 26.725500
0.587065 25.457900
0.587302 7.607230
0.587538 38.747100
0.587775 9.983240
0.588012 7.638390
0.588249 7.877130
0.588486 54.689100
0.588723 38.833200
0.588960 48.591500
0.589197 31.314300
0.589434 29.536100
0.589671 38.909500
0.589908 56.232200
0.590145 22.233600
0.590381 74.286600
0.590618 4.283860
0.590855 13.519100
0.591092 28.295400
0.591329 10.401900
0.591566 7.397580
0.591803 32.591600
0.592040 17.695800
0.592277 33.304800
0.592514 68.103300
0.592751 22.189900
0.592987 41.150300
0.593224 34.161000
0.593461 23.062100
0.593698 31.827300
0.593935 6.045620
0.594172 44.818500
0.594409 76.313400
0.594646 5.999880
0.594883 82.249600
0.595120 14.759700
0.595357 64.125300
0.595593 50.338100
0.595830 6.182190
0.596067 7.067900
0.596304 10.473800
0.596541 4.581430
0.596778 84.525800
0.597015 19.886800
0.597252 58.803100
0.597489 9.342270
0.597726 47.374600
0.597963 25.002200
0.598199 49.149400
0.598436 47.938300
0.598673 5.754040
0.598910 3.934660
0.599147 39.723400
0.599384 30.025500
0.599621 49.364100
0.599858 4.872820
0.600095 7.803290
0.600332 4.664540
0.600569 32.255100
0.600805 8.031050
0.601042 22.302900
0.601279 50.212500
0.601516 34.979000
0.601753 43.411200
0.601990 10.379600
0.602227 7.549280
0.602464 7.406440
0.602701 3.443500
0.602938 8.499850
0.603175 21.802700
0.603412 40.017300
0.603648 48.501400
0.603885 8.992140
0.604122 9.816400
0.604359 11.673700
0.604596 6.976610
0.604833 62.414400
0.605070 71.977800
0.605307 15.400000
0.605544 52.144200
0.605781 18.675700
0.606018 1.802950
0.606254 9.973970
0.606491 6.619640
0.606728 5.798800
0.606965 35.800100
0.607202 6.732320
0.607439 21.414400
0.607676 45.516400
0.607913 7.764490
0.608150 5.333080
0.608387 16.265200
0.608624 26.247500
0.608860 12.424600
0.609097 8.845230
0.609334 13.153500
0.609571 20.613300
0.609808 7.145090
0.610045 59.595900
0.610282 19.664800
0.610519 15.809300
0.610756 13.700500
0.610993 7.214540
0.611230 43.517100
0.611466 49.038800
0.611703 12.635500
0.611940 60.544300
0.612177 9.454150
0.612414 17.541500
0.612651 26.727200
0.612888 13.739900
0.613125 30.698000
0.613362 38.070800
0.613599 5.743650
0.613836 49.330400
0.614072 67.726000
0.614309 62.041400
0.614546 44.529300
0.614783 14.640400
0.615020 9.437920
0.615257 8.036530
0.615494 24.883400
0.615731 40.441700
0.615968 32.142800
0.616205 92.557600
0.616442 64.894900
0.616679 56.273400
0.616915 26.882100
0.617152 15.882000
0.617389 6.102820
0.617626 53.480500
0.617863 5.039590
0.618100 9.098030
0.618337 19.360100
0.618574 7.958400
0.618811 30.164500
0.619048 29.156100
0.619285 20.319200
0.619521 26.749700
0.619758 13.922300
0.619995 4.613410
0.620232 18.943400
0.620469 13.271000
0.620706 44.848300
0.620943 51.582600
0.621180 4.211920
0.621417 31.337000
0.621654 31.309400
0.621891 5.833380
0.622127 40.921900
0.622364 21.057400
0.622601 8.915720
0.622838 5.408000
0.623075 27.220200
0.623312 11.303100
0.623549 4.316420
0.623786 43.911100
0.624023 8.385270
0.624260 18.603800
0.624497 6.002470
0.624733 6.294980
0.624970 11.178600
0.625207 11.943900
0.625444 5.336280
0.625681 7.648300
0.625918 11.240100
0.626155 24.171800
0.626392 33.438900
0.626629 41.763100
0.626866 69.097600
0.627103 24.607300
0.627339 30.874800
0.627576 20.528300
0.627813 56.930500
0.628050 3.997250
0.628287 24.286000
0.628524 6.194150
0.628761 23.414600
0.628998 5.520550
0.629235 3.647010
0.629472 11.207000
0.629709 11.992500
0.629946 55.837500
0.630182 8.488070
0.630419 56.361900
0.630656 74.972600
0.630893 6.558070
0.631130 53.618900
0.631367 5.715460
0.631604 8.194220
0.631841 45.047700
0.632078 27.344300
0.632315 6.114400
0.632552 50.460800
0.632788 9.167580
0.633025 19.052800
0.633262 40.917800
0.633499 36.433600
0.633736 39.637100
0.633973 37.127900
0.634210 9.933730
0.634447 9.745480
0.634684 10.020600
0.634921 12.147700
0.635158 5.640190
0.635394 60.833400
0.635631 33.694400
0.635868 34.044000
0.636105 9.060870
0.636342 24.205000
0.636579 30.134200
0.636816 14.776900
0.637053 6.500250
0.637290 65.114800
0.637527 18.882500
0.637764 6.739010
0.638000 10.698300
0.638237 10.602200
0.638474 60.812900
0.638711 28.983300
0.638948 10.640400
0.639185 8.203100
0.639422 18.094900
0.639659 24.914400
0.639896 9.787010
0.640133 41.355400
0.640370 8.330860
0.640606 37.394000
0.640843 9.038750
0.641080 21.299800
0.641317 10.536100
0.641554 7.787250
0.641791 3.005390
0.642028 27.576400
0.642265 56.928500
0.642502 63.879700
0.642739 60.089000
0.642976 3.945940
0.643213 3.208990
0.643449 7.340760
0.643686 46.554200
0.643923 67.650000
0.644160 75.951100
0.644397 42.431700
0.644634 37.000000
0.644871 9.227830
0.645108 30.089700
0.645345 17.435000
0.645582 6.834670
0.645819 17.409500
0.646055 14.198100
0.646292 58.629000
0.646529 27.395200
0.646766 5.518350
0.647003 10.456700
0.647240 21.085000
0.647477 11.752500
0.647714 27.362500
0.647951 11.089700
0.648188 45.996500
0.648425 30.106600
0.648661 16.715400
0.648898 4.686690
0.649135 73.158700
0.649372 25.212300
0.649609 9.591690
0.649846 48.616100
0.650083 22.127600
0.650320 39.503200
0.650557 19.190800
0.650794 5.379120
0.651031 10.985500
0.651267 34.292600
0.651504 4.896850
0.651741 12.739700
0.651978 8.278190
0.652215 26.226400
0.652452 34.669900
0.652689 15.438000
0.652926 68.637600
0.653163 57.242100
0.653400 24.846200
0.653637 19.821000
0.653873 23.106400
0.654110 20.786000
0.654347 26.590500
0.654584 9.621300
0.654821 6.246820
0.655058 78.946100
0.655295 25.539400
0.655769 69.269400
0.656006 20.256800
0.656243 15.676000
0.656480 59.294300
0.656716 52.227200
0.656953 19.178600
0.657190 12.308300
0.657427 44.142000
0.657664 13.325700
0.657901 8.297440
0.658138 30.632200
0.658375 27.596600
0.658612 46.558700
0.658849 59.783300
0.659086 37.076300
0.659322 18.282400
0.659559 15.283700
0.659796 9.587590
0.660033 11.478900
0.660270 12.401800
0.660507 6.165320
0.660744 7.986960
0.660981 25.469400
0.661218 78.395000
0.661455 54.115100
0.661692 14.922900
0.661928 19.087200
0.662165 5.977090
0.662402 9.174060
0.662639 40.850000
0.662876 23.886400
0.663113 19.643000
0.663350 63.334800
0.663587 30.669600
0.663824 27.452200
0.664061 36.317400
0.664298 28.829500
0.664534 2.120820
0.664771 21.622900
0.665008 74.852400
0.665245 11.100800
0.665482 25.088800
0.665719 31.025500
0.665956 11.559800
0.666193 11.831100
0.666430 12.115500
0.666667 35.599500
0.666904 12.309600
0.667140 26.995800
0.667377 8.745560
0.667614 11.043600
0.667851 15.148800
0.668088 23.704400
0.668325 23.175600
0.668562 61.091300
0.668799 9.389480
0.669036 4.280700
0.669273 9.334930
0.669510 17.514200
0.669747 6.133210
0.669983 17.201300
0.670220 7.518780
0.670457 58.829100
0.670694 44.489500
0.670931 1.749740
0.671168 7.992810
0.671405 61.925000
0.671642 6.617120
0.671879 18.001000
0.672116 7.345720
0.672353 16.020300
0.672589 13.648900
0.672826 48.245800
0.673063 7.068080
0.673300 46.073000
0.673537 6.564930
0.673774 49.803100
0.674011 5.006170
0.674248 11.055500
0.674485 40.605300
0.674722 17.624600
0.674959 45.153800
0.675195 36.069800
0.675432 40.198500
0.675669 32.402100
0.675906 21.511400
0.676143 29.336800
0.676380 8.522950
0.676617 6.614730
0.676854 16.138400
0.677091 14.173100
0.677328 35.998700
0.677565 17.622700
0.677801 28.071600
0.678038 19.786700
0.678275 30.162800
0.678512 19.167400
0.678749 14.998300
0.678986 9.850500
0.679223 3.644970
0.679460 13.070500
0.679697 18.407000
0.679934 44.767400
0.680171 4.934260
0.680407 23.488500
0.680644 42.511600
0.680881 15.323300
0.681118 25.745800
0.681355 9.882550
0.681592 18.459400
0.681829 9.099050
0.682066 12.566300
0.682303 21.517500
0.682540 23.984400
0.682777 24.081100
0.683014 9.390570
0.683250 7.295160
0.683487 64.132900
0.683724 19.085400
0.683961 25.849900
0.684198 10.288600
0.684435 22.467500
0.684672 11.239300
0.684909 45.271800
0.685146 20.477500
0.685383 13.020100
0.685620 6.349530
0.685856 22.880100
0.686093 49.199700
0.686330 8.578720
0.686567 7.606660
0.686804 27.212900
0.687041 7.322540
0.687278 17.436600
0.687515 37.905000
0.687752 22.015300
0.687989 12.638400
0.688226 8.629220
0.688462 9.848870
0.688699 28.711800
0.688936 34.504600
0.689173 84.309100
0.689410 7.634140
0.689647 22.405600
0.689884 25.969900
0.690121 6.274180
0.690358 8.268280
0.690595 52.203900
0.690832 14.699300
0.691068 7.656020
0.691305 11.000600
0.691542 22.159500
0.691779 14.347100
0.692016 10.956700
0.692253 8.712850
0.692490 9.987670
0.692727 19.137900
0.692964 7.375800
0.693201 17.927400
0.693438 40.465600
0.693674 26.027900
0.693911 7.671070
0.694148 21.644300
0.694385 87.638600
0.694622 26.661600
0.694859 27.549300
0.695096 10.431200
0.695333 42.901400
0.695570 7.288520
0.695807 5.928150
0.696044 38.965100
0.696281 24.003800
0.696517 33.554600
0.696754 31.933500
0.696991 13.837700
0.697228 36.797900
0.697465 4.995590
0.697702 5.310820
0.697939 37.164800
0.698176 43.027200
0.698413 8.113670
0.698650 1.956720
0.698887 9.152900
0.699123 8.516730
0.699360 16.189100
0.699597 9.027680
0.699834 48.543700
0.700071 15.913000
0.700308 29.937500
0.700545 28.888700
0.700782 3.782320
0.701019 14.454400
0.701256 11.666500
0.701493 7.307470
0.701729 22.127700
0.701966 2.004140
0.702203 19.727500
0.702440 55.803300
0.702677 24.687600
0.702914 2.708680
0.703151 20.120600
0.703388 18.071100
0.703625 10.245700
0.703862 8.223510
0.704099 8.328700
0.704335 1.708300
0.704572 50.888100
0.704809 15.665100
0.705046 11.184400
0.705283 51.208000
0.705520 21.699100
0.705757 9.584910
0.705994 85.527600
0.706231 5.859080
0.706468 23.637000
0.706705 42.490200
0.706941 47.496800
0.707178 3.816750
0.707415 33.326400
0.707652 69.231800
0.707889 7.141800
0.708126 6.292630
0.708363 20.256000
0.708600 35.015400
0.708837 12.168000
0.709074 39.941500
0.709311 9.952620
0.709548 5.384900
0.709784 19.683500
0.710021 5.213390
0.710258 10.475300
0.710495 2.803700
0.710732 3.724780
0.710969 14.655000
0.711206 23.341100
0.711443 19.201300
0.711680 49.457800
0.711917 11.937600
0.712154 49.952900
0.712390 21.303000
0.712627 34.277900
0.712864 15.888600
0.713101 47.288400
0.713338 38.482200
0.713575 18.196800
0.713812 33.276900
0.714049 36.766300
0.714286 30.026500
0.714523 13.459700
0.714760 26.848500
0.714996 86.056000
0.715233 44.318900
0.715470 40.119400
0.715707 46.523400
0.715944 32.460500
0.716181 10.994400
0.716418 7.750570
0.716655 30.083100
0.716892 24.030300
0.717129 30.468200
0.717366 2.042770
0.717602 16.761300
0.717839 12.043000
0.718076 47.961300
0.718313 21.550500
0.718550 6.324210
0.718787 7.701790
0.719024 19.938400
0.719261 53.184400
0.719498 45.448800
0.719735 22.524400
0.719972 39.870900
0.720208 10.151600
0.720445 27.754500
0.720682 31.873300
0.720919 62.405900
0.721156 27.122600
0.721393 77.094800
0.721630 9.978830
0.721867 36.188700
0.722104 88.489300
0.722341 45.701500
0.722578 33.069400
0.722814 6.295510
0.723051 11.599300
0.723288 25.836700
0.723525 6.302720
0.723762 42.280100
0.723999 21.512000
0.724236 41.536600
0.724473 15.088500
0.724710 16.036100
0.724947 4.047610
0.725184 7.635310
0.725421 9.786660
0.725657 9.902600
0.725894 30.090300
0.726131 12.040900
0.726368 25.211500
0.726605 19.199600
0.726842 7.201990
0.727079 1.516920
0.727316 18.745100
0.727553 31.414000
0.727790 32.526900
0.728027 85.841700
0.728263 1.714400
0.728500 5.995220
0.728737 32.478800
0.728974 21.548700
0.729211 12.555700
0.729448 10.876900
0.729685 4.570850
0.729922 2.339270
0.730159 69.415500
0.730396 10.877100
0.730633 17.566900
0.730869 80.764500
0.731106 17.943500
0.731343 26.022700
0.731580 36.065200
0.731817 57.835600
0.732054 20.925700
0.732291 5.161750
0.732528 46.329000
0.732765 10.217300
0.733002 46.821100
0.733239 9.311100
0.733475 21.314700
0.733712 25.014000
0.733949 6.435550
0.734186 13.613100
0.734423 25.621800
0.734660 5.928490
0.734897 15.687100
0.735134 15.589100
0.735371 6.748120
0.735608 67.141600
0.735845 36.176600
0.736081 19.685400
0.736318 13.218100
0.736555 5.186000
0.736792 9.339820
0.737029 9.836670
0.737266 24.090000
0.737503 23.091600
0.737740 4.460750
0.737977 39.319700
0.738214 7.625950
0.738451 5.783350
0.738688 58.049700
0.738924 13.910400
0.739161 59.690300
0.739398 18.947900
0.739635 8.899210
0.739872 18.810900
0.740109 11.053300
0.740346 53.083500
0.740583 27.332700
0.740820 8.773680
0.741057 6.869880
0.741294 19.596900
0.741530 16.430200
0.741767 18.030000
0.742004 21.414200
0.742241 7.604480
0.742478 13.275900
0.742715 16.208500
0.742952 3.141650
0.743189 44.681100
0.743426 54.803300
0.743663 4.997850
0.743900 57.717000
0.744136 7.137420
0.744373 1.665950
0.744610 14.196100
0.744847 13.960900
0.745084 20.664000
0.745321 3.157740
0.745558 62.601600
0.745795 66.099200
0.746032 14.959000
0.746269 14.285900
0.746506 17.891500
0.746742 9.627210
0.746979 31.234300
0.747216 9.883420
0.747453 54.093000
0.747690 5.176690
0.747927 3.427040
0.748164 7.383490
0.748401 7.249230
0.748638 26.081700
0.748875 37.661000
0.749112 24.938000
0.749348 22.895900
0.749585 6.222940
0.749822 7.243440
0.750059 10.487200
0.750296 2.701870
0.750533 5.718320
0.750770 9.308740
0.751007 19.474900
0.751244 24.749700
0.751481 46.138900
0.751718 32.189000
0.751955 8.437640
0.752191 70.909900
0.752428 18.685500
0.752665 40.208300
0.752902 71.596700
0.753139 14.228700
0.753376 38.090600
0.753613 18.632400
0.753850 30.318600
0.754087 67.743800
0.754324 11.588400
0.754561 69.016500
0.754797 12.104000
0.755034 11.968900
0.755271 15.375300
0.755508 20.065200
0.755745 4.106170
0.755982 5.753310
0.756219 9.349860
0.756456 18.509900
0.756693 6.335110
0.756930 9.658690
0.757167 8.264440
0.757403 11.817700
0.757640 45.480800
0.757877 6.102000
0.758114 24.695400
0.758351 34.396900
0.758588 52.526000
0.758825 59.422400
0.759062 26.892000
0.759299 1.960230
0.759536 14.022600
0.759773 38.494100
0.760009 74.133000
0.760246 49.336600
0.760483 56.652600
0.760720 14.920200
0.760957 23.669900
0.761194 23.045800
0.761431 6.829220
0.761668 11.702500
0.761905 10.528600
0.762142 30.439200
0.762379 82.238500
0.762615 9.760430
0.762852 9.367270
0.763089 30.734600
0.763326 13.713300
0.763563 16.510300
0.763800 54.380200
0.764037 47.325600
0.764274 4.178800
0.764511 14.028100
0.764748 4.908830
0.764985 12.901500
0.765222 6.664120
0.765458 5.349800
0.765695 81.615500
0.765932 4.416170
0.766169 29.819600
0.766406 60.349600
0.766643 46.685300
0.766880 17.600000
0.767117 7.010030
0.767354 58.189400
0.767591 30.566400
0.767828 45.829700
0.768064 33.439100
0.768301 63.762700
0.768538 7.280430
0.768775 3.886480
0.769012 15.968900
0.769249 21.669000
0.769486 8.444370
0.769723 19.747800
0.769960 13.844400
0.770197 11.612800
0.770434 15.198600
0.770670 50.619600
0.770907 5.190600
0.771144 12.580800
0.771381 15.629100
0.771618 31.538200
0.771855 43.536200
0.772092 8.090030
0.772329 1.809030
0.772566 24.386200
0.772803 26.335700
0.773040 40.811400
0.773276 34.022900
0.773513 20.766600
0.773750 9.058170
0.773987 21.146400
0.774224 4.129660
0.774461 6.260110
0.774698 19.993100
0.774935 9.940700
0.775172 27.116900
0.775409 26.870000
0.775646 15.582000
0.775882 65.799100
0.776119 22.429900
0.776356 29.114600
0.776593 47.662400
0.776830 77.144600
0.777067 25.849800
0.777304 7.449380
0.777541 65.836900
0.777778 9.336040
0.778015 26.344000
0.778252 9.565000
0.778489 15.369200
0.778725 16.155300
0.778962 84.194200
0.779199 9.713180
0.779436 30.760100
0.779673 16.200600
0.779910 5.979030
0.780147 15.621000
0.780384 12.771800
0.780621 3.807680
0.780858 18.680300
0.781095 12.654800
0.781331 33.632400
0.781568 11.768900
0.781805 12.717600
0.782042 5.029760
0.782279 13.371600
0.782516 42.746800
0.782753 32.580400
0.782990 12.855000
0.783227 46.370100
0.783464 5.237350
0.783701 5.614550
0.783937 6.132620
0.784174 41.661700
0.784411 47.214100
0.784648 7.445210
0.784885 6.566530
0.785122 26.468800
0.785359 38.064600
0.785596 80.932400
0.785833 10.768100
0.786070 55.973500
0.786307 17.789100
0.786543 7.211020
0.786780 8.505750
0.787017 6.638170
0.787254 11.976800
0.787491 22.897800
0.787728 38.816400
0.787965 5.919300
0.788202 35.812700
0.788439 15.331700
0.788676 4.657040
0.788913 32.828400
0.789149 18.948800
0.789386 9.728320
0.789623 18.579100
0.789860 62.764600
0.790097 71.667000
0.790334 44.543700
0.790571 13.061300
0.790808 13.915200
0.791045 12.901800
0.791282 4.705650
0.791519 12.327000
0.791756 16.658600
0.791992 4.525750
0.792229 17.531600
0.792466 8.536940
0.792703 75.751600
0.792940 10.472400
0.793177 56.547800
0.793414 8.656480
0.793651 4.604300
0.793888 18.408900
0.794125 24.956300
0.794362 26.234000
0.794598 48.766300
0.794835 3.252960
0.795072 6.653660
0.795309 69.529000
0.795546 10.020100
0.795783 36.031000
0.796020 8.111110
0.796257 9.509200
0.796494 1.797140
0.796731 7.510660
0.796968 60.781700
0.797204 8.071450
0.797441 19.758200
0.797678 36.017700
0.797915 7.960180
0.798152 36.622600
0.798389 30.443600
0.798626 10.412200
0.798863 5.487870
0.799100 10.618300
0.799337 46.680400
0.799574 28.979600
0.799810 13.258900
0.800047 21.044100
0.800284 8.087030
0.800521 13.671000
0.800758 5.551530
0.800995 5.091290
0.801232 7.187740
0.801469 10.093500
0.801706 55.579200
0.801943 59.569300
0.802180 7.743850
0.802416 14.853700
0.802653 16.624100
0.802890 51.429200
0.803127 9.120660
0.803364 6.383710
0.803601 11.446900
0.803838 28.968500
0.804075 13.716800
0.804312 32.208000
0.804549 8.505240
0.804786 34.433500
0.805023 10.373000
0.805259 16.011100
0.805496 9.738860
0.805733 30.200600
0.805970 28.364800
0.806207 14.427500
0.806444 15.322700
0.806681 33.048200
0.806918 10.220400
0.807155 24.845900
0.807392 47.102600
0.807629 16.655900
0.807865 17.479500
0.808102 59.897600
0.808339 7.229710
0.808576 37.412900
0.808813 9.899560
0.809050 9.054780
0.809287 19.086800
0.809524 15.872600
0.809761 3.257840
0.809998 5.948600
0.810235 5.873030
0.810471 11.409200
0.810708 24.444000
0.810945 31.922900
0.811182 24.510200
0.811419 21.335100
0.811656 33.591800
0.811893 93.691100
0.812130 38.590600
0.812367 15.600500
0.812604 43.851800
0.812841 25.944800
0.813077 9.332800
0.813314 14.431900
0.813551 34.127200
0.813788 7.984090
0.814025 4.176420
0.814262 40.364500
0.814499 16.871900
0.814736 19.000600
0.814973 29.130000
0.815210 16.115100
0.815447 30.969900
0.815683 8.412540
0.815920 22.515900
0.816157 10.713800
0.816394 3.488200
0.816631 26.360700
0.816868 5.588190
0.817105 7.199380
0.817342 11.712000
0.817579 29.087700
0.817816 67.596700
0.818053 7.184500
0.818290 49.920000
0.818526 6.591840
0.818763 23.475400
0.819000 34.202200
0.819237 29.620100
0.819474 7.672890
0.819711 41.050800
0.819948 9.391670
0.820185 16.480000
0.820422 29.319200
0.820659 38.269500
0.820896 42.924500
0.821132 21.723200
0.821369 8.084610
0.821606 28.920800
0.821843 16.242900
0.822080 34.528600
0.822317 5.163440
0.822554 11.417500
0.822791 5.413060
0.823028 19.149800
0.823265 46.384900
0.823502 15.780600
0.823738 12.822400
0.823975 92.053600
0.824212 20.977200
0.824449 27.206500
0.824686 40.013900
0.824923 14.929400
0.825160 23.926000
0.825397 10.754000
0.825634 46.710600
0.825871 18.672500
0.826108 46.287700
0.826344 9.740300
0.826581 35.669000
0.826818 70.569500
0.827055 5.802040
0.827292 14.027000
0.827529 39.320600
0.827766 75.215100
0.828003 36.000100
0.828240 11.328400
0.828477 38.388400
0.828714 33.887300
0.828950 4.411110
0.829187 16.783200
0.829424 66.367800
0.829661 24.612100
0.829898 14.552000
0.830135 42.989900
0.830372 34.498100
0.830609 17.738000
0.830846 15.566200
0.831083 27.076500
0.831320 22.372500
0.831557 12.059400
0.831793 4.850380
0.832030 23.440800
0.832267 32.482000
0.832504 15.288700
0.832741 49.413200
0.832978 20.659900
0.833215 21.875900
0.833452 24.322000
0.833689 15.287900
0.833926 34.240100
0.834163 41.334200
0.834399 14.572800
0.834636 33.697300
0.834873 49.638100
0.835110 21.860100
0.835347 8.963610
0.835584 47.424000
0.835821 18.855800
0.836058 11.433700
0.836295 29.606200
0.836532 13.749400
0.836769 20.685700
0.837005 24.327900
0.837242 6.005860
0.837479 4.793800
0.837716 21.387100
0.837953 14.962600
0.838190 6.503590
0.838427 11.416300
0.838664 30.925000
0.838901 28.053600
0.839138 1.039880
0.839375 29.191900
0.839611 12.143500
0.839848 48.542100
0.840085 6.176990
0.840322 9.923380
0.840559 12.974400
0.840796 5.536150
0.841033 19.103200
0.841270 32.367300
0.841507 24.695100
0.841744 44.790000
0.841981 17.651100
0.842217 6.659120
0.842454 32.328900
0.842691 6.111640
0.842928 25.352600
0.843165 10.728200
0.843402 24.083800
0.843639 69.029000
0.843876 47.015900
0.844113 9.930720
0.844350 10.932500
0.844587 10.196800
0.844824 12.531400
0.845060 64.554500
0.845297 36.345100
0.845534 58.993500
0.845771 32.150200
0.846008 10.191500
0.846245 11.438100
0.846482 26.271100
0.846719 29.440200
0.846956 4.382570
0.847193 29.999800
0.847430 15.253100
0.847666 11.567000
0.847903 13.408500
0.848140 16.027900
0.848377 3.204840
0.848614 4.029790
0.848851 45.415100
0.849088 32.453300
0.849325 8.141220
0.849562 30.738700
0.849799 52.843000
0.850036 6.239690
0.850272 9.780330
0.850509 9.299880
0.850746 68.776800
0.850983 7.897390
0.851220 2.703940
0.851457 59.542900
0.851694 23.473100
0.851931 22.458600
0.852168 33.270700
0.852405 13.989700
0.852642 67.550200
0.852878 18.361700
0.853115 22.690900
0.853352 16.036400
0.853589 7.601660
0.853826 33.753200
0.854063 30.349200
0.854300 41.568200
0.854537 27.767900
0.854774 15.712500
0.855011 17.260200
0.855248 45.839800
0.855484 78.117900
0.855721 18.808400
0.855958 14.418700
0.856195 16.489000
0.856432 8.364170
0.856669 11.050000
0.856906 17.998700
0.857143 13.885800
0.857380 9.878670
0.857617 8.406460
0.857854 19.196100
0.858090 64.952900
0.858327 3.599330
0.858564 4.910350
0.858801 35.797300
0.859038 32.973800
0.859275 21.867200
0.859512 33.896700
0.859749 5.697610
0.859986 65.394700
0.860223 44.982500
0.860460 19.897800
0.860697 6.559110
0.860933 22.335400
0.861170 16.513800
0.861407 13.033800
0.861644 17.075700
0.861881 10.242100
0.862118 11.000900
0.862355 6.979140
0.862592 14.426400
0.862829 11.438800
0.863066 23.170100
0.863303 6.885850
0.863539 5.607620
0.863776 32.758000
0.864013 20.626500
0.864250 45.987000
0.864487 10.850500
0.864724 24.757100
0.864961 40.146000
0.865198 19.872200
0.865435 9.665830
0.865672 18.579000
0.865909 17.763500
0.866145 29.778100
0.866382 22.740700
0.866619 1.787810
0.866856 5.623330
0.867093 11.913000
0.867330 35.874300
0.867567 10.612200
0.867804 12.482000
0.868041 81.782100
0.868278 7.692780
0.868515 34.771700
0.868751 20.109000
0.868988 90.721600
0.869225 26.186700
0.869462 20.357100
0.869699 7.381210
0.869936 23.088100
0.870173 3.582870
0.870410 40.064800
0.870647 19.064500
0.870884 72.580400
0.871121 19.942700
0.871357 27.426300
0.871594 24.616500
0.871831 11.065700
0.872068 20.024300
0.872305 30.072200
0.872542 20.534800
0.872779 46.376700
0.873016 30.916700
0.873253 20.865900
0.873490 21.243300
0.873727 50.781800
0.873964 34.220100
0.874200 18.414700
0.874437 23.840400
0.874674 27.350800
0.874911 76.719500
0.875148 45.215500
0.875385 3.979130
0.875622 35.441300
0.875859 4.488030
0.876096 23.342200
0.876333 5.509430
0.876570 65.225000
0.876806 13.840500
0.877043 2.710240
0.877280 18.464200
0.877517 13.964300
0.877754 9.038300
0.877991 36.745800
0.878228 11.513600
0.878465 7.136880
0.878702 13.316000
0.878939 44.393700
0.879176 48.071500
0.879412 16.637200
0.879649 75.055900
0.879886 18.045700
0.880123 14.086900
0.880360 23.853700
0.880597 11.419700
0.880834 20.909700
0.881071 26.453100
0.881308 70.305200
0.881545 45.290200
0.881782 12.088700
0.882018 28.317200
0.882255 56.923700
0.882492 20.067100
0.882729 8.747810
0.882966 5.012530
0.883203 8.976800
0.883440 8.555970
0.883677 4.602720
0.883914 14.354600
0.884151 36.311800
0.884388 24.625600
0.884624 25.350500
0.884861 22.229000
0.885098 22.411200
0.885335 46.534000
0.885572 88.835700
0.885809 10.870500
0.886046 11.546000
0.886283 17.789200
0.886520 11.998400
0.886757 26.038800
0.886994 3.429060
0.887231 37.943000
0.887467 16.836800
0.887704 6.104880
0.887941 7.139250
0.888178 36.669000
0.888415 32.454800
0.888652 27.854400
0.888889 16.510400
0.889126 15.942800
0.889363 67.336600
0.889600 8.128590
0.889837 48.157200
0.890073 73.405200
0.890310 66.653200
0.890547 47.394200
0.890784 35.828900
0.891021 16.259600
0.891258 23.318500
0.891495 62.307700
0.891732 38.283700
0.891969 8.537390
0.892206 24.658500
0.892443 30.943500
0.892679 24.712300
0.892916 15.547100
0.893153 37.679600
0.893390 32.690400
0.893627 16.696300
0.893864 16.645200
0.894101 5.853000
0.894338 4.846450
0.894575 9.948620
0.894812 8.331300
0.895049 29.965600
0.895285 18.366900
0.895522 28.189800
0.895759 5.493000
0.895996 31.831500
0.896233 9.824750
0.896470 18.675200
0.896707 21.880000
0.896944 26.625600
0.897181 36.894700
0.897418 32.807000
0.897655 56.202800
0.897891 42.582600
0.898128 6.825120
0.898365 31.158200
0.898602 14.642600
0.898839 4.051410
0.899076 25.834900
0.899313 7.770460
0.899550 50.620400
0.899787 20.288400
0.900024 4.413080
0.900261 20.411200
0.900498 16.086400
0.900734 10.001600
0.900971 13.066100
0.901208 29.037500
0.901445 10.173600
0.901682 18.427700
0.901919 19.314600
0.902156 7.003820
0.902393 13.291800
0.902630 3.897350
0.902867 28.296900
0.903104 8.209370
0.903340 37.495000
0.903577 23.245000
0.903814 45.087500
0.904051 13.405500
0.904288 10.629400
0.904525 26.721700
0.904762 48.896400
0.904999 8.153520
0.905236 20.646900
0.905473 10.135100
0.905710 40.623200
0.905946 32.278700
0.906183 3.534350
0.906420 13.745800
0.906657 33.628200
0.906894 14.563700
0.907131 46.977900
0.907368 9.349620
0.907605 8.322030
0.907842 37.942200
0.908079 13.360200
0.908316 8.830320
0.908552 35.210700
0.908789 8.165980
0.909026 45.433100
0.909263 12.117700
0.909500 12.521900
0.909737 17.476100
0.909974 42.873800
0.910211 9.122260
0.910448 5.790370
0.910685 94.916700
0.910922 26.011700
0.911158 5.888020
0.911395 4.068410
0.911632 10.060900
0.911869 37.061100
0.912106 6.311980
0.912343 8.871250
0.912580 25.550100
0.912817 12.286200
0.913054 9.507980
0.913291 16.845900
0.913528 26.800700
0.913765 11.338300
0.914001 30.084800
0.914238 18.448400
0.914475 8.498790
0.914712 10.110000
0.914949 7.327490
0.915186 59.050000
0.915423 5.430630
0.915660 9.408210
0.915897 4.693890
0.916134 63.011200
0.916371 9.614540
0.916607 20.950000
0.916844 33.609500
0.917081 9.537820
0.917318 13.195600
0.917555 33.133800
0.917792 8.439870
0.918029 45.741800
0.918266 8.839230
0.918503 33.528300
0.918740 6.069460
0.918977 16.249900
0.919213 23.087600
0.919450 34.812300
0.919687 43.583700
0.919924 8.774380
0.920161 9.610750
0.920398 16.626900
0.920635 30.359700
0.920872 6.902720
0.921109 31.500800
0.921346 53.618300
0.921583 22.398500
0.921819 16.094000
0.922056 7.721450
0.922293 21.979600
0.922530 22.139300
0.922767 6.904550
0.923004 5.247900
0.923241 15.429000
0.923478 13.852000
0.923715 11.067000
0.923952 18.871800
0.924189 8.794760
0.924425 40.446900
0.924662 1.005640
0.924899 21.323900
0.925136 64.525100
0.925373 27.161300
0.925610 15.528600
0.925847 10.549500
0.926084 20.203500
0.926321 29.154800
0.926558 19.374800
0.926795 19.075800
0.927032 44.680300
0.927268 42.473500
0.927505 43.018600
0.927742 24.882200
0.927979 10.462800
0.928216 15.270400
0.928453 40.612100
0.928690 46.471000
0.928927 34.481700
0.929164 27.865200
0.929401 13.802100
0.929638 16.078500
0.929874 37.241400
0.930111 7.612970
0.930348 10.642100
0.930585 55.544600
0.930822 53.617200
0.931059 4.788530
0.931296 5.181610
0.931533 15.174000
0.931770 19.366100
0.932007 4.413930
0.932244 8.659770
0.932480 23.708500
0.932717 7.593860
0.932954 11.352500
0.933191 20.487200
0.933428 30.048300
0.933665 30.382100
0.933902 6.732170
0.934139 52.044700
0.934376 46.776400
0.934613 9.387630
0.934850 12.370800
0.935086 17.832400
0.935323 22.342200
0.935560 51.997300
0.935797 21.419500
0.936034 37.211100
0.936271 50.239000
0.936508 8.557780
0.936745 83.675600
0.936982 15.195700
0.937219 8.429720
0.937456 16.646700
0.937692 41.919600
0.937929 19.835100
0.938166 13.668800
0.938403 32.464600
0.938640 11.162700
0.938877 5.420630
0.939114 15.481000
0.939351 72.739200
0.939588 4.146320
0.939825 10.866200
0.940062 15.524800
0.940299 19.666900
0.940535 32.388000
0.940772 44.668300
0.941009 23.204500
0.941246 5.931520
0.941483 14.219300
0.941720 11.277400
0.941957 5.101440
0.942194 4.965690
0.942431 6.236520
0.942668 7.288430
0.942905 10.595500
0.943141 9.203880
0.943378 59.624900
0.943615 57.206300
0.943852 12.675600
0.944089 29.708200
0.944326 4.339500
0.944563 82.967700
0.944800 58.518700
0.945037 5.144820
0.945274 3.082270
0.945511 33.511100
0.945747 5.387640
0.945984 20.715900
0.946221 9.400010
0.946458 8.519470
0.946695 32.934700
0.946932 4.679350
0.947169 14.010600
0.947406 34.911500
0.947643 13.086100
0.947880 72.678200
0.948117 12.904700
0.948353 33.466300
0.948590 41.788700
0.948827 25.767200
0.949064 44.301900
0.949301 19.935900
0.949538 67.571100
0.949775 9.053230
0.950012 6.586620
0.950249 7.821150
0.950486 18.758500
0.950723 8.517750
0.950959 35.517700
0.951196 35.235000
0.951433 12.190500
0.951670 11.838600
0.951907 48.390000
0.952144 5.455770
0.952381 8.945070
0.952618 72.348400
0.952855 21.842000
0.953092 28.205600
0.953329 20.242700
0.953566 7.236870
0.953802 47.506900
0.954039 1.672560
0.954276 13.010300
0.954513 10.219900
0.954750 10.114900
0.954987 13.669800
0.955224 13.574200
0.955461 54.557300
0.955698 33.944300
0.955935 8.870830
0.956172 17.315100
0.956408 75.087900
0.956645 34.476400
0.956882 4.992700
0.957119 12.668400
0.957356 70.650800
0.957593 13.312000
0.957830 31.710300
0.958067 6.911720
0.958304 65.545900
0.958541 7.075430
0.958778 7.529590
0.959014 8.162940
0.959251 71.819100
0.959488 25.810200
0.959725 43.429300
0.959962 63.668300
0.960199 23.604800
0.960436 14.535100
0.960673 6.446410
0.960910 15.926500
0.961147 6.144360
0.961384 6.886540
0.961620 14.729000
0.961857 4.759160
0.962094 30.967400
0.962331 20.931200
0.962568 22.342100
0.962805 7.208960
0.963042 37.943700
0.963279 22.898100
0.963516 4.065340
0.963753 33.194100
0.963990 12.518800
0.964226 15.631500
0.964463 48.344900
0.964700 12.253900
0.964937 16.674800
0.965174 26.180900
0.965411 11.965500
0.965648 67.316400
0.965885 4.568780
0.966122 5.379890
0.966359 19.040000
0.966596 4.589050
0.966833 56.624800
0.967069 54.056300
0.967306 6.718870
0.967543 54.993200
0.967780 16.002700
0.968017 3.053740
0.968254 25.468300
0.968491 53.522400
0.968728 1.543090
0.968965 8.406970
0.969202 35.958200
0.969439 30.348400
0.969675 34.273100
0.969912 42.490700
0.970149 13.311300
0.970386 19.931500
0.970623 10.025800
0.970860 10.255900
0.971097 20.467500
0.971334 8.584690
0.971571 9.523430
0.971808 9.293740
0.972045 19.919700
0.972281 29.286300
0.972518 53.329300
0.972755 94.342700
0.972992 17.134700
0.973229 39.536900
0.973466 18.751500
0.973703 14.464300
0.973940 86.692900
0.974177 11.486900
0.974414 7.951130
0.974651 30.134700
0.974887 51.874000
0.975124 27.192000
0.975361 10.901600
0.975598 24.652700
0.975835 18.543200
0.976072 43.193700
0.976309 30.927400
0.976546 13.194500
0.976783 19.689700
0.977020 30.509100
0.977257 24.494700
0.977493 30.359100
0.977730 6.358810
0.977967 12.102500
0.978204 63.538600
0.978441 6.568040
0.978678 9.149270
0.978915 21.865300
0.979152 77.783700
0.979389 61.207900
0.979626 16.462800
0.979863 45.283300
0.980100 7.214910
0.980336 7.389920
0.980573 23.618100
0.980810 3.836100
0.981047 17.223800
0.981284 10.723700
0.981521 36.155600
0.981758 1.685530
0.981995 47.323500
0.982232 8.510890
0.982469 47.232900
0.982706 50.161000
0.982942 2.608570
0.983179 17.864800
0.983416 34.400700
0.983653 30.261000
0.983890 23.485800
0.984127 42.307700
0.984364 17.633100
0.984601 6.540370
0.984838 9.313140
0.985075 34.140700
0.985312 3.046810
0.985548 4.898550
0.985785 11.950200
0.986022 74.301900
0.986259 8.291630
0.986496 9.134050
0.986733 1.647070
0.986970 8.152400
0.987207 11.752100
0.987444 6.272110
0.987681 24.177200
0.987918 7.627430
0.988154 5.725860
0.988391 5.368130
0.988628 44.913400
0.988865 5.691040
0.989102 12.569900
0.989339 24.470800
0.989576 28.246700
0.989813 17.286900
0.990050 72.252800
0.990287 47.254200
0.990524 24.281100
0.990760 40.755400
0.990997 9.647370
0.991234 23.977500
0.991471 14.864500
0.991708 44.301600
0.991945 83.537700
0.992182 6.720440
0.992419 7.568270
0.992656 4.254130
0.992893 7.858350
0.993130 18.384100
0.993367 56.922400
0.993603 44.369900
0.993840 34.566000
0.994077 33.329500
0.994314 49.986900
0.994551 10.401200
0.994788 7.991780
0.995025 10.617500
0.995262 17.161300
0.995499 19.092100
0.995736 26.756700
0.995973 47.329200
0.996209 27.371800
0.996446 9.759970
0.996683 8.906640
0.996920 78.036300
0.997157 33.841500
0.997394 10.011800
0.997631 9.732740
0.997868 33.209700
0.998105 19.080800
0.998342 30.759600
0.998579 8.579790
0.998815 25.137600
0.999052 6.776700
0.999289 6.495140
0.999526 45.484100
0.999763 26.562900
1.000000 30.605700
