0.000403 9.583060
0.000807 8.323110
0.004034 58.116000
0.004437 5.146740
0.004841 11.215700
0.005244 7.799550
0.005647 28.463000
0.006051 36.586100
0.006454 46.346000
0.006858 16.899600
0.007261 12.402800
0.007664 1.806040
0.008068 4.084250
0.008471 48.976400
0.008875 20.055600
0.009278 4.243340
0.009681 4.169360
0.010085 26.509100
0.010488 31.900700
0.010891 39.146900
0.011295 13.919700
0.011698 3.941720
0.012102 9.841390
0.012505 51.845700
0.012908 22.776700
0.013312 59.908600
0.013715 35.346700
0.014119 29.068800
0.014522 30.739300
0.014925 9.708850
0.015329 5.768850
0.015732 23.555800
0.016136 22.781200
0.016539 3.490420
0.016942 47.257200
0.017346 42.645500
0.017749 10.972100
0.018152 22.676600
0.018556 11.468700
0.018959 10.638500
0.019363 25.881300
0.019766 33.760800
0.020169 44.294700
0.036708 9.691900
0.037112 17.963400
0.037515 71.143900
0.037919 29.444200
0.038322 24.306300
0.038725 7.524430
0.039129 3.864100
0.039532 2.041360
0.039935 35.573000
0.040339 64.996100
0.040742 8.269310
0.041146 9.831250
0.041549 3.624740
0.041952 57.664400
0.042356 8.032900
0.042759 48.441900
0.043163 17.365200
0.043566 9.619610
0.043969 33.428700
0.044373 33.355600
0.044776 6.969450
0.045180 7.921520
0.045583 50.092900
0.045986 20.346600
0.046390 17.673300
0.046793 32.007100
0.047196 63.772700
0.047600 16.287300
0.048003 12.983900
0.048407 39.733100
0.048810 8.776500
0.049213 4.958990
0.049617 13.945900
0.050020 30.979500
0.050424 4.340960
0.050827 50.852300
0.051230 8.962910
0.051634 5.229840
0.052037 20.860000
0.052441 39.580200
0.052844 34.996900
0.053247 49.225000
0.053651 14.597100
0.054054 20.783000
0.054457 12.233100
0.054861 9.418380
0.055264 23.681200
0.055668 16.979500
0.056071 46.195100
0.056474 50.783500
0.056878 25.029200
0.057281 54.584100
0.057685 19.708300
0.058088 7.754110
0.058491 8.325420
0.058895 29.287600
0.059298 18.173500
0.059701 62.238500
0.060105 3.767660
0.060508 27.279300
0.060912 8.761750
0.061315 56.069300
0.061718 32.560600
0.062122 32.390900
0.062525 37.822200
0.062929 28.117700
0.063332 8.992530
0.063735 4.559280
0.064139 43.028500
0.064542 15.638700
0.064946 59.464000
0.065349 9.402700
0.065752 20.895900
0.066156 12.262700
0.070593 9.958660
0.070996 16.444300
0.071400 13.454000
0.071803 2.319430
0.072207 9.422630
0.072610 5.903400
0.073013 39.518900
0.073417 28.299000
0.073820 7.818110
0.074223 9.706540
0.074627 33.673800
0.075030 27.839400
0.075434 19.127900
0.075837 24.316700
0.076240 23.138100
0.076644 51.150400
0.077047 31.845300
0.077451 20.906600
0.077854 6.554270
0.078257 29.348600
0.078661 16.357100
0.079064 64.081400
0.079468 5.247340
0.079871 25.865900
0.080274 15.233400
0.080678 73.818300
0.081081 8.234510
0.081484 55.975500
0.081888 66.269800
0.082291 9.869130
0.082695 71.606900
0.083098 35.638500
0.083501 6.202180
0.083905 6.649090
0.084308 64.166600
0.084712 22.506900
0.085115 47.829900
0.085518 31.659200
0.102864 8.389800
0.103267 27.566000
0.103671 10.053700
0.104074 24.874200
0.104478 7.570960
0.104881 27.989000
0.105284 4.611120
0.105688 34.742300
0.106091 41.004600
0.106495 26.203200
0.106898 14.122600
0.107301 29.380800
0.107705 19.723500
0.108108 12.847500
0.108511 4.226260
0.108915 6.753480
0.109318 18.573200
0.109722 10.069300
0.110125 24.743100
0.110528 69.553100
0.110932 14.676700
0.111335 8.572760
0.111739 18.992800
0.112142 50.633200
0.112545 16.285900
0.112949 8.212370
0.113352 20.316500
0.113756 65.214200
0.114159 19.316300
0.114562 7.368700
0.114966 70.973000
0.115369 35.163400
0.115772 15.770600
0.116176 13.696700
0.116579 8.415120
0.116983 5.911490
0.117386 32.280100
0.117789 8.497380
0.118193 36.307800
0.118596 19.003600
0.119000 24.493700
0.119403 7.966510
0.119806 26.997800
0.120210 34.271900
0.120613 71.528200
0.121017 8.884790
0.121420 33.441500
0.121823 8.830260
0.122227 22.338000
0.122630 37.044300
0.123033 26.786900
0.123437 13.884800
0.123840 12.437700
0.124244 11.160200
0.124647 2.581430
0.125050 21.014700
0.125454 3.978420
0.125857 3.227180
0.126261 18.530900
0.127874 9.509200
0.128278 33.891500
0.128681 3.508180
0.129084 26.848500
0.129488 2.381370
0.129891 7.493440
0.130294 14.719500
0.130698 13.601300
0.131101 15.485500
0.131505 43.017400
0.131908 9.354160
0.132311 7.179760
0.132715 13.525900
0.133118 24.090000
0.135135 11.312900
0.135539 34.205500
0.135942 7.040100
0.136345 41.738400
0.136749 26.870800
0.137152 30.241500
0.137555 24.229800
0.137959 18.117900
0.138362 2.679100
0.138766 35.601600
0.139169 6.243590
0.139572 24.670300
0.139976 10.888700
0.140379 5.105120
0.140783 24.564800
0.141186 29.894700
0.141589 14.868100
0.141993 45.235400
0.142396 11.731600
0.142800 24.542000
0.143203 30.432200
0.143606 15.351200
0.144010 6.361340
0.144413 19.073000
0.144816 7.160640
0.145220 18.319400
0.145623 19.419000
0.146027 12.333000
0.146430 33.429300
0.146833 45.748600
0.147237 14.210200
0.147640 8.972680
0.148044 19.951800
0.148447 23.354200
0.148850 9.999060
0.149254 7.534420
0.149657 13.798300
0.150061 53.334100
0.150464 46.086900
0.150867 13.882900
0.151271 95.187600
0.151674 10.964200
0.152077 38.517800
0.152481 13.100700
0.152884 49.356400
0.153288 32.390500
0.153691 35.836300
0.154094 9.512590
0.154498 6.192090
0.154901 25.814700
0.155305 10.035000
0.155708 2.570140
0.156111 11.837400
0.156515 6.544700
0.156918 8.576740
0.157322 36.550100
0.157725 38.808700
0.158128 32.345200
0.158532 39.048500
0.158935 27.016700
0.159338 23.008700
0.159742 5.307450
0.160145 23.673000
0.160549 6.853160
0.160952 18.177400
0.161355 9.878160
0.161759 6.893760
0.162162 27.568100
0.162566 10.146300
0.162969 14.530700
0.163372 46.751700
0.163776 17.229100
0.164179 51.594100
0.164582 18.977600
0.164986 19.253600
0.165389 19.934200
0.165793 53.038900
0.166196 25.473000
0.166599 59.439000
0.173054 59.483000
0.173457 13.031200
0.173860 14.601700
0.174264 35.634500
0.174667 35.307400
0.175071 10.780000
0.175474 5.463360
0.175877 8.337820
0.176281 18.270600
0.176684 27.482000
0.177088 54.283700
0.177491 37.427200
0.177894 7.573940
0.178298 53.763300
0.178701 20.262400
0.179104 6.785730
0.179508 8.347430
0.179911 2.042170
0.180315 66.375800
0.180718 22.363300
0.181121 68.430500
0.181525 22.617700
0.181928 15.040600
0.182332 60.580900
0.182735 4.989120
0.183138 28.178300
0.183542 23.617300
0.183945 3.241770
0.184349 48.455300
0.184752 2.530430
0.185155 28.657300
0.185559 7.488040
0.185962 40.524100
0.186365 8.545840
0.186769 26.748700
0.187172 50.878900
0.187576 13.099100
0.187979 31.918400
0.188382 7.559410
0.188786 5.288380
0.189189 20.282400
0.189593 62.658900
0.189996 6.343120
0.190399 25.362600
0.190803 29.675500
0.191206 12.665800
0.191610 4.337140
0.192013 8.377020
0.192416 46.433200
0.192820 6.623000
0.193223 17.422400
0.193626 17.352100
0.194030 34.531500
0.194433 14.569700
0.194837 22.435600
0.195240 17.767500
0.195643 7.796290
0.196047 31.280600
0.196854 9.621300
0.197257 40.516600
0.197660 36.420100
0.198064 21.648100
0.198467 26.767000
0.198871 27.700800
0.199274 10.596100
0.199677 7.974570
0.200081 13.363900
0.200484 8.504850
0.200887 34.145200
0.201291 43.891600
0.201694 11.998400
0.202098 58.786500
0.202501 55.708700
0.202904 79.894300
0.203308 12.510000
0.203711 56.214400
0.204115 43.641800
0.204518 17.576700
0.204921 8.118090
0.205325 17.661200
0.205728 4.630720
0.206132 53.435400
0.206535 58.346900
0.206938 4.745770
0.207342 3.048020
0.207745 54.113600
0.208148 22.140000
0.208552 11.402300
0.208955 4.980300
0.209359 50.273800
0.209762 38.960500
0.210165 14.965600
0.210569 15.598000
0.210972 3.438980
0.211376 15.676500
0.211779 11.892500
0.212182 18.267400
0.212586 5.814380
0.212989 33.464600
0.213392 10.931900
0.213796 26.307400
0.214199 4.059930
0.214603 9.723550
0.215006 27.400400
0.215409 24.021100
0.215813 22.790700
0.216216 33.485100
0.216620 5.279420
0.217023 23.333000
0.217426 18.009600
0.217830 14.845600
0.218233 9.858960
0.218637 57.127800
0.219040 28.276400
0.219443 25.253200
0.219847 36.667000
0.220250 6.257620
0.220653 3.719050
0.222267 8.324900
0.222670 34.874000
0.223074 10.587500
0.223477 8.213560
0.223881 15.113700
0.224284 10.771300
0.224687 20.089000
0.225091 7.539350
0.225494 17.808900
0.225898 24.883700
0.226301 30.639900
0.226704 5.925410
0.227108 5.239200
0.227511 3.738580
0.227914 5.309830
0.228318 30.402700
0.228721 11.431500
0.229125 9.564140
0.229528 5.664570
0.229931 48.493800
0.230335 9.494580
0.230738 23.564300
0.231142 32.697200
0.231545 34.097000
0.231948 6.704830
0.232352 11.474500
0.232755 22.208900
0.233159 55.587700
0.233562 20.653000
0.233965 7.557730
0.234369 26.322700
0.234772 30.967500
0.235175 56.629800
0.235579 8.533260
0.235982 7.320630
0.236386 9.909210
0.236789 14.237300
0.237192 8.542840
0.237596 43.256200
0.237999 16.580200
0.238403 19.033200
0.238806 4.236550
0.239209 30.654900
0.239613 30.650800
0.240016 7.510290
0.240420 54.897000
0.240823 7.877440
0.241226 81.133100
0.241630 28.797000
0.242033 43.267800
0.242436 43.805300
0.242840 28.903500
0.243243 59.105800
0.243647 8.779340
0.244050 30.356600
0.244453 8.870740
0.244857 32.322400
0.245260 8.450030
0.245664 4.372330
0.246067 36.727000
0.246470 68.650300
0.246874 40.116000
0.247277 12.423400
0.247681 8.962360
0.248084 32.310900
0.248487 5.284920
0.248891 6.624400
0.249294 18.411800
0.249697 4.607170
0.250101 7.921540
0.250504 81.302200
0.250908 31.692100
0.251311 30.939700
0.251714 14.770200
0.252118 9.163930
0.252521 20.549300
0.252925 9.049790
0.253328 7.295790
0.253731 17.897900
0.254135 12.011300
0.254538 36.870300
0.254942 13.868900
0.255345 18.607700
0.255748 13.768400
0.256152 6.091480
0.256555 25.379000
0.256958 13.443700
0.257362 36.462400
0.257765 19.086100
0.258169 44.560200
0.258572 7.386970
0.258975 76.397100
0.259379 11.661900
0.259782 39.722200
0.260186 25.894500
0.260589 15.865300
0.260992 8.245910
0.261396 7.023640
0.261799 27.567600
0.262203 27.427200
0.262606 3.581950
0.263009 9.629010
0.263413 7.465310
0.263816 8.271780
0.264219 49.267000
0.264623 64.977900
0.265026 42.962200
0.265430 52.048200
0.265833 39.754900
0.266236 22.894600
0.266640 8.200170
0.267043 24.963200
0.267447 22.768600
0.267850 6.656720
0.268253 21.948100
0.268657 32.385600
0.269060 13.855700
0.269463 13.046100
0.269867 14.912600
0.270270 4.296990
0.270674 21.907600
0.271077 73.739700
0.271480 1.718380
0.271884 11.836200
0.272287 6.233960
0.272691 32.559600
0.273094 11.288600
0.273497 23.717500
0.273901 10.854700
0.274304 22.534200
0.274708 16.419400
0.275111 37.402000
0.275514 7.984200
0.275918 26.243900
0.276321 20.281100
0.276724 15.059800
0.277128 8.543300
0.277531 13.237300
0.277935 45.730200
0.278338 89.976100
0.278741 30.131700
0.279145 87.281000
0.279548 9.344910
0.279952 37.410200
0.280355 9.185310
0.280758 10.724200
0.281162 58.689900
0.281565 44.585500
0.281969 24.504700
0.282372 4.915810
0.282775 16.603800
0.283179 51.133100
0.283582 13.988200
0.283985 33.190400
0.284389 2.049600
0.284792 16.753000
0.285196 11.030300
0.285599 56.147700
0.286002 40.793200
0.286406 6.521680
0.287213 25.064100
0.287616 77.026900
0.288019 10.407000
0.288423 11.553800
0.288826 55.341500
0.289230 74.336500
0.289633 12.108600
0.290036 75.922500
0.290440 12.207500
0.290843 8.753800
0.291246 46.815000
0.291650 22.129900
0.292053 8.211170
0.292457 1.999030
0.292860 8.498120
0.293263 17.678100
0.293667 7.080340
0.294070 4.042150
0.294474 12.714200
0.294877 50.787000
0.295280 69.181800
0.295684 19.278400
0.296087 11.726400
0.296491 12.836200
0.296894 16.466800
0.297297 27.579100
0.297701 26.045400
0.298104 5.259180
0.298507 6.857430
0.298911 20.755300
0.299314 22.111900
0.299718 14.773700
0.300121 27.477300
0.300524 29.529600
0.300928 2.942750
0.301331 27.946000
0.301735 43.163300
0.302138 5.494070
0.302541 68.993300
0.302945 24.347400
0.303348 14.752900
0.303752 53.154700
0.304155 10.723000
0.304558 9.597120
0.304962 39.631100
0.305365 31.376400
0.305768 7.598010
0.306172 41.503400
0.306575 32.151100
0.306979 21.082900
0.307382 2.792030
0.307785 17.781500
0.308189 9.432160
0.308592 6.628340
0.308996 52.557900
0.309399 12.523500
0.309802 7.570740
0.310206 12.899600
0.310609 54.789100
0.311013 20.094700
0.311416 42.732000
0.311819 1.686790
0.312223 51.220800
0.312626 6.936790
0.313029 27.676600
0.313433 5.429770
0.313836 51.701900
0.314240 2.495380
0.314643 49.228000
0.315046 3.629210
0.315450 22.845400
0.315853 16.582700
0.316257 32.386900
0.316660 9.981200
0.317063 20.179400
0.317467 16.918600
0.317870 13.518100
0.318273 14.706600
0.318677 49.634900
0.319080 12.631400
0.319484 9.135380
0.319887 13.461000
0.320290 6.255960
0.320694 41.253900
0.321097 15.797700
0.321501 25.894300
0.321904 10.697700
0.322307 24.662300
0.322711 33.497700
0.323114 61.575500
0.323518 71.663500
0.323921 19.668400
0.324324 7.675190
0.324728 33.271100
0.325131 55.772700
0.325534 19.402600
0.325938 37.112300
0.326341 19.971600
0.326745 23.026700
0.327148 10.673300
0.327551 26.388000
0.327955 24.948600
0.328358 31.952500
0.328762 41.658900
0.329165 63.640600
0.329568 50.390400
0.329972 88.828000
0.330375 5.946130
0.330779 6.328850
0.331182 3.359790
0.331585 8.415000
0.331989 47.391300
0.332392 45.151700
0.332795 15.638200
0.333199 18.924600
0.333602 40.610500
0.334006 5.881060
0.334409 11.398300
0.334812 8.679340
0.335216 1.927260
0.335619 46.609500
0.336023 23.115900
0.336426 9.738170
0.336829 40.062900
0.337233 8.292890
0.337636 7.456990
0.338040 5.976930
0.338443 7.731130
0.338846 9.804420
0.339250 25.935400
0.339653 69.654100
0.340056 3.556070
0.340460 8.549240
0.340863 6.523790
0.341267 69.627200
0.341670 22.513600
0.342073 36.327800
0.342477 6.341570
0.342880 30.806300
0.343284 5.550970
0.343687 18.252600
0.344090 60.944500
0.344494 11.248000
0.344897 16.802600
0.345301 20.592100
0.345704 6.949490
0.346107 17.245400
0.346511 13.299400
0.346914 74.720600
0.347317 14.213900
0.347721 34.817400
0.348124 38.804800
0.348528 19.672600
0.348931 25.444400
0.349334 3.740380
0.349738 24.132400
0.350141 39.840300
0.350545 7.049200
0.350948 20.832400
0.351351 6.710320
0.351755 7.680740
0.352158 35.626600
0.352562 2.165830
0.352965 8.855100
0.353368 9.891340
0.353772 5.128280
0.354175 8.341990
0.354578 33.498700
0.354982 41.712400
0.355385 81.577800
0.355789 27.789100
0.356192 7.570780
0.356595 17.015400
0.356999 21.206200
0.357402 22.234600
0.357806 40.210500
0.358209 9.970280
0.358612 19.194000
0.359016 10.570100
0.359419 48.578900
0.359823 43.617200
0.360226 41.899600
0.360629 24.887200
0.361033 9.075720
0.361436 36.876800
0.361839 39.806200
0.362243 30.362600
0.362646 16.680900
0.363050 11.236200
0.363453 19.585500
0.363856 22.703300
0.364260 11.554600
0.364663 45.652500
0.365067 4.078700
0.365470 14.746000
0.365873 44.224300
0.366277 6.238090
0.366680 30.201500
0.367084 2.757320
0.367487 19.006300
0.367890 31.020300
0.368294 23.337300
0.368697 50.173800
0.369100 4.871730
0.369504 9.238410
0.369907 41.642300
0.370311 6.652870
0.370714 13.894700
0.371117 10.402700
0.371521 75.864000
0.371924 61.791000
0.372328 18.075300
0.372731 4.522060
0.373134 39.888900
0.373538 15.452100
0.373941 23.006200
0.374344 63.739700
0.374748 3.506090
0.375151 8.814880
0.375555 2.573950
0.375958 8.772550
0.376361 8.461950
0.376765 13.718900
0.377168 6.967070
0.377572 50.828500
0.377975 5.387820
0.378378 9.710430
0.379185 1.772950
0.379589 32.593800
0.379992 21.977500
0.380395 2.614910
0.380799 35.583800
0.381202 58.943000
0.381605 35.924100
0.382009 9.507310
0.382412 8.616890
0.382816 13.939200
0.383219 22.278300
0.384026 28.037500
0.384429 18.153400
0.384833 4.379480
0.385236 43.346100
0.385639 82.510100
0.386043 1.807870
0.386446 8.625320
0.386850 75.438800
0.387253 36.635700
0.387656 49.654700
0.388060 10.147200
0.388463 6.854840
0.388866 34.029800
0.389270 30.656000
0.389673 49.063900
0.390077 22.725100
0.390480 32.852500
0.390883 40.765900
0.391287 49.863700
0.391690 32.599200
0.392094 4.093660
0.392497 18.595900
0.392900 7.648430
0.393304 32.950100
0.393707 18.653400
0.394111 38.232500
0.394514 54.633800
0.394917 25.034700
0.395321 27.733400
0.395724 27.925700
0.396127 27.633800
0.396531 63.615000
0.396934 66.623300
0.397338 4.606520
0.397741 7.005840
0.398144 10.042800
0.398548 13.939000
0.398951 59.743700
0.399355 1.770470
0.399758 1.963580
0.400161 62.208700
0.400565 36.943500
0.400968 5.301930
0.401372 12.150100
0.401775 2.079500
0.402178 22.453900
0.402582 35.182100
0.402985 47.742300
0.403388 64.050400
0.403792 44.293400
0.404195 5.102360
0.404599 18.227100
0.405002 23.375100
0.405405 7.934520
0.405809 15.520400
0.406212 11.328400
0.406616 7.946330
0.407019 40.535800
0.407422 62.060800
0.407826 43.119900
0.408229 12.345100
0.408633 61.558200
0.409036 10.782900
0.409439 8.714720
0.409843 2.148630
0.410246 25.246700
0.410649 5.288480
0.411053 55.434500
0.411456 11.672200
0.411860 37.603000
0.412263 28.773600
0.412666 27.996600
0.413070 32.090700
0.413473 28.267900
0.413877 8.812620
0.414280 31.245600
0.414683 39.774000
0.415087 8.679780
0.415490 6.079110
0.415894 10.543600
0.416297 17.811900
0.416700 7.698490
0.417104 26.938500
0.417507 18.379800
0.417910 31.951500
0.418314 8.293130
0.418717 92.234500
0.419121 24.198000
0.419524 6.944200
0.419927 4.726020
0.420331 36.000600
0.420734 6.954850
0.421138 32.078500
0.421541 8.041090
0.421944 27.129400
0.422348 21.666800
0.422751 86.518000
0.423154 17.957400
0.423558 9.856950
0.423961 10.059900
0.424365 58.916400
0.424768 23.781200
0.425171 36.552400
0.425575 30.614900
0.425978 5.873310
0.426382 12.657100
0.426785 30.739700
0.427188 26.827700
0.427592 31.808200
0.427995 6.453240
0.428399 32.653700
0.428802 56.473200
0.429205 14.591800
0.429609 29.545600
0.430012 21.308800
0.430415 9.010750
0.430819 57.284100
0.431222 10.140400
0.431626 12.028400
0.432029 11.316000
0.432432 16.872900
0.432836 46.768100
0.433239 39.801500
0.433643 19.356300
0.434046 6.440700
0.434449 17.795400
0.434853 8.033170
0.435256 28.905800
0.435660 12.468100
0.436063 17.381000
0.436466 41.157200
0.436870 14.855700
0.437273 27.830900
0.437676 5.101900
0.438080 56.654100
0.438483 34.418100
0.438887 16.500700
0.439290 10.091500
0.439693 16.054900
0.440097 53.456300
0.440500 19.653700
0.440904 47.244500
0.441307 22.244000
0.441710 22.462100
0.442114 26.413800
0.442921 16.890700
0.443324 6.307820
0.443727 6.486770
0.444131 7.657480
0.444534 18.722500
0.444937 9.554880
0.445341 38.053500
0.445744 15.974500
0.446148 23.741000
0.446551 56.258100
0.446954 6.904520
0.447358 31.818900
0.447761 24.513900
0.448165 15.769800
0.448568 6.702240
0.448971 9.076710
0.449375 27.005000
0.449778 10.841000
0.450182 66.834200
0.450585 12.972100
0.450988 10.010900
0.451392 24.557300
0.451795 35.194100
0.452198 32.115200
0.453409 69.269400
0.453812 8.572870
0.454215 13.047700
0.454619 25.703800
0.455022 29.575800
0.455426 2.850280
0.455829 4.109650
0.456232 17.195900
0.456636 21.393600
0.457039 23.965000
0.457443 67.097000
0.457846 24.688300
0.458249 30.495800
0.458653 55.592900
0.459056 35.210900
0.459459 23.500200
0.459863 15.500200
0.460266 6.502930
0.460670 10.328000
0.461073 22.131100
0.461476 51.450200
0.461880 30.797500
0.462283 26.991500
0.462687 63.280900
0.463090 7.510670
0.463493 13.130700
0.463897 9.504870
0.464300 1.654400
0.464704 16.998400
0.465107 25.279600
0.465510 10.533800
0.465914 17.531700
0.466317 8.303490
0.466720 6.120750
0.467124 25.993800
0.467527 51.750000
0.467931 35.430700
0.468334 25.772700
0.468737 12.120100
0.469141 14.023100
0.469544 13.570300
0.469948 19.042100
0.470351 27.371800
0.470754 31.761000
0.471158 33.721100
0.471561 47.796600
0.471965 21.519200
0.472368 46.554000
0.472771 39.527400
0.473175 35.896600
0.473578 20.202500
0.473981 5.609280
0.474385 36.102200
0.474788 16.318400
0.475192 46.969000
0.475595 7.852000
0.475998 74.412000
0.476402 16.303300
0.476805 14.049300
0.477209 7.932740
0.477612 3.934660
0.478015 30.094200
0.478419 8.971680
0.478822 44.726200
0.479225 10.608600
0.479629 19.852800
0.480032 10.216900
0.480436 42.216600
0.480839 6.553230
0.481242 7.312790
0.481646 40.727100
0.482049 14.875000
0.482453 7.354730
0.482856 69.941900
0.483259 13.930900
0.483663 46.756200
0.484066 10.989900
0.484470 68.343300
0.484873 28.393000
0.485276 22.982700
0.485680 21.801800
0.486083 10.613600
0.486486 45.715900
0.486890 17.481000
0.487293 5.269260
0.487697 54.926400
0.488100 60.951800
0.488503 31.898000
0.488907 8.984320
0.489310 27.656900
0.489714 35.815300
0.490117 14.914700
0.490520 9.970970
0.490924 52.630100
0.491327 7.547120
0.491731 10.577600
0.492134 31.629200
0.492537 17.859400
0.492941 3.579330
0.493344 8.312270
0.493747 36.906800
0.494151 13.197900
0.494554 20.718900
0.494958 18.843400
0.495361 5.774100
0.495764 6.739170
0.496168 17.578000
0.496571 7.592770
0.496975 13.389800
0.497378 12.657700
0.497781 24.072400
0.498185 3.600100
0.498588 19.800400
0.498992 33.084000
0.499395 11.691300
0.499798 8.931610
0.500202 51.125800
0.500605 9.029550
0.501008 33.533000
0.501412 7.090060
0.501815 11.077600
0.502219 10.184700
0.502622 19.480500
0.503025 49.563900
0.503429 20.503300
0.503832 12.911500
0.504236 14.850300
0.504639 7.162820
0.505042 56.625200
0.505446 23.275700
0.505849 19.633300
0.506253 23.163800
0.506656 2.239390
0.507059 56.433200
0.507463 15.015300
0.507866 26.567800
0.508269 10.118700
0.508673 32.514700
0.509076 37.263800
0.509480 7.888150
0.509883 33.734400
0.510286 14.128600
0.510690 19.863200
0.511093 73.669700
0.511497 8.600640
0.511900 25.750000
0.512303 37.268200
0.512707 7.497430
0.513110 13.482100
0.513514 27.282700
0.513917 69.362700
0.514320 71.588200
0.514724 29.333900
0.515127 29.279200
0.515530 38.291300
0.515934 3.815260
0.516337 6.193870
0.516741 3.646650
0.517144 16.384400
0.517547 42.785600
0.517951 12.067300
0.518354 12.470700
0.518758 6.093800
0.519161 17.885400
0.519564 40.644500
0.519968 12.654200
0.520371 8.056890
0.520775 9.463820
0.521178 22.099300
0.521581 4.544860
0.521985 10.853300
0.522388 41.643300
0.522791 34.152600
0.523195 64.702500
0.523598 66.024100
0.524808 67.417800
0.525212 57.807100
0.525615 18.445900
0.526019 9.024900
0.526422 19.478500
0.526825 36.866400
0.527229 6.088700
0.527632 23.136300
0.528035 7.027360
0.528439 19.691200
0.528842 27.938800
0.529246 17.330400
0.529649 13.273800
0.530052 83.121700
0.530456 9.990350
0.530859 31.853700
0.531263 10.505400
0.531666 7.490500
0.532069 34.001400
0.532473 40.626300
0.532876 6.273080
0.533280 10.916500
0.533683 24.007700
0.534086 16.179500
0.534490 27.147800
0.534893 10.265400
0.535296 7.637890
0.535700 25.987700
0.536103 19.730800
0.536507 54.612100
0.536910 54.460600
0.537313 6.851720
0.537717 41.020200
0.538120 8.933780
0.538524 7.159140
0.538927 18.742300
0.539330 74.667000
0.539734 22.858200
0.540137 58.383200
0.540541 10.979400
0.540944 19.065100
0.541347 9.160210
0.541751 26.586700
0.542154 29.683200
0.542557 6.853720
0.542961 11.931700
0.543364 4.209160
0.543768 29.582800
0.544171 19.941400
0.544574 6.270290
0.544978 32.249000
0.545381 3.130820
0.545785 61.952800
0.546188 17.623400
0.546591 30.007500
0.546995 42.338800
0.547398 15.575600
0.547802 12.140600
0.548205 9.886070
0.548608 6.509840
0.549012 29.125300
0.549415 9.438010
0.549818 7.315300
0.550222 32.411700
0.550625 30.852400
0.551029 52.557000
0.551432 19.216600
0.551835 3.910900
0.552239 15.438500
0.552642 13.173600
0.553046 26.642500
0.553449 11.484700
0.553852 28.883700
0.554256 13.181100
0.554659 20.830600
0.555063 7.995750
0.555466 3.155610
0.555869 18.867700
0.556273 59.808500
0.556676 32.821400
0.557079 36.444700
0.557483 7.977090
0.557886 3.763350
0.558290 7.216650
0.558693 6.477590
0.559096 10.913600
0.559500 29.804800
0.559903 34.630700
0.560307 53.872200
0.560710 8.910810
0.561113 18.421900
0.561517 15.677300
0.561920 73.682500
0.562324 11.879300
0.562727 11.769800
0.563130 20.397000
0.563534 19.279000
0.563937 19.541200
0.564340 7.192310
0.564744 29.942300
0.565147 67.257800
0.565551 6.623160
0.565954 22.860000
0.566357 6.505330
0.566761 24.318000
0.567164 7.037710
0.567568 25.471800
0.567971 12.653200
0.568374 2.434650
0.568778 32.430300
0.569181 9.496150
0.569585 85.496600
0.569988 6.427170
0.570391 6.909280
0.570795 6.225390
0.571198 4.255570
0.571601 69.467300
0.572005 5.080520
0.572408 12.105900
0.572812 38.765800
0.573215 17.263600
0.573618 9.317020
0.574022 79.734300
0.574425 17.578400
0.574829 15.653500
0.575232 9.630840
0.575635 31.669500
0.576039 18.735500
0.576442 89.818200
0.576846 1.779390
0.577249 9.425650
0.577652 26.306200
0.578056 50.073000
0.578459 26.435500
0.578862 64.210100
0.579266 36.894500
0.579669 22.748900
0.580073 5.084260
0.580476 58.334500
0.580879 8.783170
0.581283 21.663200
0.581686 11.428000
0.582090 10.520400
0.582493 19.552500
0.582896 20.041000
0.583300 11.149600
0.583703 4.934680
0.584106 42.506400
0.584510 3.319520
0.584913 19.070700
0.585317 7.416450
0.585720 27.012800
0.586123 32.965000
0.586527 70.307500
0.586930 30.837800
0.587334 6.745360
0.587737 24.666600
0.588140 19.203200
0.588544 2.991320
0.588947 65.874300
0.589351 5.496570
0.589754 2.056250
0.590157 38.887000
0.590561 19.348100
0.590964 17.348700
0.591367 25.020100
0.591771 29.779500
0.592174 24.922300
0.592578 33.611000
0.592981 6.732700
0.593384 4.215530
0.593788 7.310850
0.594191 4.976360
0.594595 16.225500
0.594998 8.979090
0.595401 5.472250
0.595805 24.267400
0.596208 3.792960
0.596612 33.271000
0.597015 19.388500
0.597418 23.400700
0.597822 27.917500
0.598225 11.476100
0.598628 13.753400
0.599032 69.444700
0.599435 13.842200
0.599839 74.768300
0.600242 18.625100
0.600645 70.531800
0.601049 6.211610
0.601452 28.862800
0.601856 5.558200
0.602259 25.975200
0.602662 40.550900
0.603066 10.309200
0.603469 20.564000
0.603873 44.942800
0.604276 13.915100
0.604679 17.609900
0.605083 6.046720
0.605486 28.561800
0.605889 23.645700
0.606293 26.062300
0.606696 21.207700
0.607100 18.919700
0.607503 7.988250
0.607906 23.265700
0.608310 6.922760
0.608713 46.384800
0.609117 41.337700
0.609520 5.813590
0.609923 23.839800
0.610327 16.199100
0.610730 21.421500
0.611134 31.751000
0.611537 6.454680
0.611940 29.529300
0.612344 27.733300
0.612747 30.708900
0.613150 10.960100
0.613554 47.900600
0.613957 20.129800
0.614361 36.695000
0.614764 30.849200
0.615167 44.090100
0.615571 29.376600
0.615974 35.868800
0.616378 5.988750
0.616781 17.014500
0.617184 10.584200
0.617588 7.625530
0.617991 49.103900
0.618395 9.359230
0.618798 40.379100
0.619201 21.671300
0.619605 3.210540
0.620008 23.078300
0.620411 6.863520
0.620815 30.340600
0.621218 93.429100
0.621622 18.599100
0.622025 25.667200
0.622428 8.213700
0.622832 16.927300
0.623235 9.230820
0.623639 11.332600
0.624042 87.624000
0.624445 14.125000
0.624849 17.821600
0.625252 6.847980
0.625656 64.137000
0.626059 7.613910
0.626462 8.720010
0.626866 13.874900
0.627269 10.187300
0.627672 7.925420
0.628076 6.511760
0.628479 22.633300
0.628883 21.321500
0.629286 4.940240
0.629689 10.637300
0.630093 28.989100
0.630496 9.175640
0.630900 49.093700
0.631303 31.159700
0.631706 14.602100
0.632110 23.645800
0.632513 21.127600
0.632916 20.877400
0.633320 31.273300
0.633723 14.784700
0.634127 3.175110
0.634530 51.193400
0.634933 17.575600
0.635337 2.963860
0.635740 40.288000
0.636144 27.778200
0.636547 9.000740
0.636950 3.268640
0.637354 26.311900
0.637757 8.598750
0.638161 31.886300
0.638564 36.111300
0.638967 8.671010
0.639371 47.546900
0.639774 9.757890
0.640177 9.523110
0.640581 7.674630
0.640984 24.789700
0.641388 10.334700
0.641791 14.424100
0.642194 57.113600
0.642598 42.777200
0.643001 13.435400
0.643405 25.370600
0.643808 10.687300
0.644211 23.766100
0.644615 7.845830
0.645018 69.200400
0.645422 28.860100
0.645825 14.810700
0.646228 22.075300
0.646632 4.168880
0.647035 30.395300
0.647438 9.688850
0.647842 9.242550
0.648245 7.900530
0.648649 20.798300
0.649052 67.138300
0.649455 1.823590
0.649859 20.170400
0.650262 5.917760
0.650666 23.973000
0.651069 93.048200
0.651472 17.587900
0.651876 12.003400
0.652279 10.045400
0.652683 32.599400
0.653086 57.106000
0.653489 11.719500
0.653893 19.485700
0.654296 15.553200
0.654699 5.036270
0.655103 26.013400
0.655506 15.187100
0.655910 26.741000
0.656313 48.070800
0.656716 11.055100
0.657120 13.370200
0.657523 29.379500
0.657927 11.129600
0.658330 10.349700
0.658733 39.660800
0.659137 8.061810
0.659540 8.149260
0.659944 48.489200
0.660347 9.213010
0.660750 65.161600
0.661154 18.552700
0.661557 7.010080
0.661960 29.951700
0.662364 39.964300
0.662767 4.724760
0.663171 5.631680
0.663574 39.220300
0.663977 9.171050
0.664381 4.794330
0.664784 22.254600
0.665188 14.261600
0.665591 20.053100
0.665994 20.562900
0.666398 8.551040
0.666801 21.047500
0.667205 29.344700
0.667608 27.267400
0.668011 44.123500
0.668415 6.307590
0.668818 75.189200
0.669221 17.888900
0.669625 13.306700
0.670028 3.638690
0.670432 71.620100
0.670835 11.295300
0.671238 11.989300
0.671642 6.589050
0.672045 23.745300
0.672449 13.008400
0.672852 12.868400
0.673255 5.390590
0.673659 10.001100
0.674062 5.714630
0.674466 5.363300
0.674869 26.691300
0.675272 25.711100
0.675676 46.355300
0.676079 41.238900
0.676482 17.082900
0.676886 20.051000
0.677289 44.164600
0.677693 22.918100
0.678096 25.770100
0.678499 11.001300
0.679306 67.121200
0.679710 4.417250
0.680113 46.550500
0.680516 7.891140
0.680920 7.291710
0.681323 27.932100
0.681727 1.756160
0.682130 49.298900
0.682533 33.883800
0.682937 13.347000
0.683340 44.198900
0.683743 11.513500
0.684147 24.463900
0.684550 24.274100
0.684954 30.024200
0.685357 7.793800
0.685760 46.081700
0.686164 34.747300
0.686567 73.968500
0.686971 44.368600
0.687374 5.506350
0.687777 8.268880
0.688181 7.271570
0.688584 39.133400
0.688987 30.873400
0.689391 8.962210
0.689794 6.014240
0.690198 87.466900
0.690601 16.089800
0.691004 55.986200
0.691408 19.441200
0.691811 16.605000
0.692215 1.791030
0.692618 12.199000
0.693021 35.020300
0.693425 52.009600
0.693828 20.470000
0.694232 20.833200
0.694635 13.369800
0.695038 36.737400
0.695442 89.858500
0.695845 33.740800
0.696248 6.488730
0.696652 26.544500
0.697055 5.640020
0.697459 10.625200
0.697862 1.215040
0.698265 6.063410
0.698669 11.277500
0.699072 13.796600
0.699476 37.620400
0.699879 5.752920
0.700282 7.990010
0.700686 28.745300
0.701089 24.942700
0.701493 42.841400
0.701896 11.322800
0.702299 9.842120
0.702703 1.681900
0.703106 10.883300
0.703509 95.986100
0.703913 7.574930
0.704316 6.652040
0.704720 26.412300
0.705123 96.015900
0.705526 28.026000
0.705930 12.635000
0.706333 73.850800
0.706737 5.786860
0.707140 15.958400
0.707543 28.760800
0.707947 15.700100
0.708350 9.962480
0.708754 8.508300
0.709157 39.620800
0.709560 6.234720
0.709964 2.550810
0.710367 8.227920
0.710770 46.491500
0.711174 42.611200
0.711577 4.119880
0.711981 4.055790
0.712384 33.928900
0.712787 48.960700
0.713191 9.409940
0.713594 7.114040
0.713998 23.603500
0.714401 14.124700
0.714804 8.905400
0.715208 3.742770
0.715611 93.358100
0.716015 78.905500
0.716418 72.204100
0.716821 8.574930
0.717225 12.962900
0.717628 35.022400
0.718031 20.319100
0.718435 10.763300
0.718838 17.669300
0.719242 36.818500
0.719645 22.679000
0.720048 28.841400
0.720452 29.424100
0.720855 10.759800
0.721259 21.854500
0.721662 35.469500
0.722065 8.182310
0.722469 6.402740
0.722872 4.564940
0.723276 40.755500
0.723679 7.573070
0.724082 15.521900
0.724486 1.756230
0.724889 15.219000
0.725292 19.287100
0.725696 23.570500
0.726099 54.652500
0.726503 16.059600
0.726906 62.549600
0.727309 47.897200
0.727713 66.895100
0.728116 4.247110
0.728520 22.897900
0.728923 14.596100
0.729326 23.195800
0.729730 13.106900
0.730133 24.262300
0.730537 61.779600
0.730940 15.473400
0.731343 51.854800
0.731747 34.720300
0.732150 25.174400
0.732553 55.764700
0.732957 21.950900
0.733360 8.638490
0.733764 8.762110
0.734167 5.561920
0.734570 22.545600
0.734974 71.772300
0.735377 8.326960
0.735781 10.396100
0.736184 25.894600
0.736587 27.875100
0.736991 52.986400
0.737394 18.442600
0.737797 27.028400
0.738201 8.647830
0.738604 26.752200
0.739008 18.460900
0.739411 80.637800
0.739814 40.877700
0.740218 8.801820
0.740621 7.963090
0.741025 9.811100
0.741428 15.112000
0.741831 15.536900
0.742235 36.329600
0.742638 13.730000
0.743042 7.818820
0.743445 7.474830
0.743848 15.473900
0.744252 17.762900
0.745058 7.409500
0.745462 27.952300
0.745865 23.274700
0.746269 74.419900
0.746672 25.943000
0.747075 37.313800
0.747479 9.889200
0.747882 43.478500
0.748286 20.006200
0.748689 83.217700
0.749092 12.885500
0.749496 39.876900
0.749899 11.491600
0.750303 11.201700
0.750706 4.603480
0.751109 26.395000
0.751513 7.756200
0.751916 37.526300
0.752319 17.802400
0.752723 24.053800
0.753126 12.144800
0.753530 50.199200
0.753933 9.216480
0.754336 28.571700
0.754740 4.028310
0.755143 7.539050
0.755547 15.587600
0.755950 8.119480
0.756353 34.990300
0.756757 88.097100
0.757160 6.840270
0.757564 3.801540
0.757967 5.237950
0.758370 33.790500
0.758774 20.070800
0.759177 2.841070
0.759580 48.871600
0.759984 6.463530
0.760387 9.569500
0.760791 12.353000
0.761194 7.700150
0.761597 13.786200
0.762001 3.490740
0.762404 55.186800
0.762808 3.312720
0.763211 8.784540
0.763614 6.258690
0.764018 18.476300
0.764421 70.350400
0.764825 12.817400
0.765228 3.946060
0.765631 31.564000
0.766035 15.004800
0.766438 13.956300
0.766841 20.871000
0.767245 62.055600
0.767648 25.916200
0.768052 38.770900
0.768455 32.677200
0.768858 12.885700
0.769262 19.324200
0.769665 38.492200
0.770069 29.573400
0.770472 42.475100
0.770875 12.075600
0.771279 20.125500
0.771682 53.903000
0.772086 66.164000
0.772489 30.480600
0.772892 17.968900
0.773296 11.979700
0.773699 17.390900
0.774102 8.812090
0.774506 11.372400
0.774909 9.002450
0.775313 5.994160
0.775716 13.837300
0.776119 33.316500
0.776523 6.557710
0.776926 36.252000
0.777330 8.527650
0.777733 2.802300
0.778136 53.405100
0.778540 5.674520
0.778943 35.198700
0.779347 28.814700
0.779750 8.808820
0.780153 22.896100
0.780557 45.229500
0.780960 60.524400
0.781363 9.317490
0.781767 7.041160
0.782170 32.709200
0.782574 17.890800
0.782977 12.959400
0.783380 27.814900
0.783784 5.069680
0.784187 33.350000
0.784591 7.248960
0.784994 1.917990
0.785397 17.475100
0.785801 59.849000
0.786204 3.928180
0.786608 5.498770
0.787011 12.547700
0.787414 9.398990
0.787818 11.673000
0.788221 35.425900
0.788624 20.787900
0.789028 11.233500
0.789431 45.626000
0.789835 28.410700
0.790238 2.505560
0.790641 40.321000
0.791045 14.826100
0.791448 15.515600
0.791852 2.574800
0.792255 6.569600
0.792658 17.828300
0.793062 10.306900
0.793465 10.388300
0.793868 35.131800
0.794272 23.176100
0.794675 16.361300
0.795079 75.327200
0.795482 15.252500
0.795885 20.482400
0.796289 21.173800
0.796692 12.752600
0.797096 13.754800
0.797499 29.169900
0.797902 56.291900
0.798306 26.424400
0.798709 17.369200
0.799113 4.474450
0.799516 17.432300
0.799919 5.719930
0.800323 23.446200
0.800726 24.502800
0.801129 32.218600
0.801533 71.521200
0.801936 33.225800
0.802340 7.908180
0.802743 11.731900
0.803146 28.832300
0.803550 14.256900
0.803953 4.998430
0.804357 17.873600
0.804760 12.217400
0.805163 7.596490
0.805567 7.238540
0.805970 15.720200
0.806374 8.717240
0.806777 25.287600
0.807180 8.684480
0.807584 12.217700
0.807987 26.131200
0.808390 8.058810
0.809197 9.805800
0.809601 7.374810
0.810004 35.444400
0.810407 20.414000
0.810811 6.629150
0.811214 3.220040
0.811618 22.245700
0.812021 31.344600
0.812424 47.975900
0.812828 27.705700
0.813231 22.339900
0.813635 39.784400
0.814038 9.264420
0.814441 17.422700
0.814845 5.504180
0.815248 2.981520
0.815651 49.452100
0.816055 51.237700
0.816458 5.724300
0.816862 26.589000
0.817265 8.462940
0.817668 90.456800
0.818072 12.964900
0.818475 13.322900
0.818879 24.771000
0.819282 28.448400
0.819685 87.245600
0.820089 96.742300
0.820492 48.409100
0.820896 3.737390
0.821299 44.209000
0.821702 12.953900
0.822106 30.033900
0.822509 46.929600
0.822912 57.260200
0.823316 1.728070
0.823719 31.007300
0.824123 5.766160
0.824526 9.646450
0.824929 30.880800
0.825333 27.774100
0.825736 66.113100
0.826140 8.742950
0.826543 44.169800
0.826946 8.876540
0.827350 19.989700
0.827753 39.089600
0.828157 15.006200
0.828560 10.521700
0.828963 10.625900
0.829367 7.587070
0.829770 55.493400
0.830173 17.298200
0.830577 33.269400
0.830980 19.139900
0.831384 20.498500
0.831787 57.508600
0.832190 63.665200
0.832594 63.747500
0.832997 15.235500
0.833401 33.202000
0.833804 33.342200
0.834207 52.001400
0.834611 50.242900
0.835014 33.409800
0.835418 28.430700
0.835821 7.644770
0.836224 33.394500
0.836628 11.550500
0.837031 3.024590
0.837434 9.057810
0.837838 18.862000
0.838241 25.026300
0.838645 1.990480
0.839048 5.966990
0.839451 5.132040
0.839855 22.387300
0.840258 28.879500
0.840662 32.985800
0.841065 27.113600
0.841468 79.739400
0.841872 39.755400
0.842275 14.464800
0.842678 36.589200
0.843082 17.851100
0.843485 12.612500
0.843889 13.023500
0.844292 22.379300
0.844695 1.844060
0.845099 8.892960
0.845502 38.616200
0.845906 25.060500
0.846309 41.873600
0.846712 10.158200
0.847116 18.444500
0.847519 10.249600
0.847923 10.156100
0.848326 28.906800
0.848729 10.077400
0.849133 10.701000
0.849536 15.013000
0.849939 9.645050
0.850343 40.378400
0.850746 17.854500
0.851150 46.161100
0.851553 19.658700
0.851956 9.312970
0.852360 8.205790
0.852763 29.269700
0.853167 34.019400
0.853570 48.870000
0.853973 17.380500
0.854377 73.789900
0.854780 16.467600
0.855184 39.345200
0.855587 35.640200
0.855990 70.543200
0.856394 15.748900
0.856797 7.941270
0.857200 24.841400
0.857604 13.094900
0.858007 51.628400
0.858411 17.443400
0.858814 2.746530
0.859217 39.148300
0.859621 4.899620
0.860024 31.346700
0.860428 19.352400
0.860831 35.646700
0.861234 42.305300
0.861638 9.593230
0.862041 6.489550
0.862445 62.858100
0.862848 17.266500
0.863251 9.304670
0.863655 41.972000
0.864058 22.094800
0.864461 9.985330
0.864865 17.866300
0.865268 7.807190
0.865672 38.860900
0.866075 50.748500
0.866478 13.727900
0.866882 5.382220
0.867285 4.417310
0.867689 7.912310
0.868092 13.000700
0.868495 64.489500
0.868899 17.326800
0.869302 43.263500
0.869706 38.524200
0.870109 18.602400
0.870512 53.145100
0.870916 31.420600
0.871319 48.817400
0.871722 19.703400
0.872126 7.794360
0.872529 27.994500
0.872933 3.681350
0.873336 3.657040
0.873739 5.637680
0.874143 11.771700
0.874546 10.259200
0.874950 45.244200
0.875353 21.779600
0.875756 51.690900
0.876160 8.336930
0.876563 31.633600
0.876967 9.425200
0.877370 7.474780
0.877773 24.530200
0.878177 12.892900
0.878580 16.283900
0.878983 6.386710
0.879387 16.779400
0.879790 47.115300
0.880194 31.740700
0.880597 35.926600
0.881000 11.584000
0.881404 21.469300
0.881807 41.367500
0.882211 52.233800
0.882614 9.897230
0.883017 47.974900
0.883421 37.247300
0.883824 8.625220
0.884228 8.725210
0.884631 41.962200
0.885034 19.857100
0.885438 13.903000
0.885841 2.649490
0.886244 5.679660
0.886648 49.216100
0.887051 19.383200
0.887455 10.179500
0.887858 9.662830
0.888261 17.364200
0.888665 3.725450
0.889068 31.419000
0.889472 7.086090
0.889875 10.979900
0.890278 74.509200
0.890682 20.193700
0.891085 30.007100
0.891489 31.372200
0.891892 11.676700
0.892295 8.445090
0.892699 31.792000
0.893102 6.164150
0.893505 36.128800
0.893909 7.960540
0.894312 11.330300
0.894716 8.178400
0.895119 13.280700
0.895522 28.941800
0.895926 32.303200
0.896329 23.473700
0.896733 25.997600
0.897136 9.796100
0.897539 75.653500
0.897943 8.589970
0.898346 9.563790
0.898749 20.328100
0.899153 10.537400
0.899556 75.440800
0.899960 50.413700
0.900363 8.592870
0.900766 33.364100
0.901170 28.484500
0.901573 67.482900
0.901977 18.497100
0.902380 6.458280
0.902783 10.901900
0.903187 13.099200
0.903590 7.176910
0.903994 41.716900
0.904397 6.457700
0.904800 28.327400
0.905204 17.755900
0.905607 5.936310
0.906010 14.873900
0.906414 70.703200
0.906817 19.981600
0.907221 24.358800
0.907624 18.570500
0.908027 18.659100
0.908431 9.937040
0.908834 46.444900
0.909238 7.655940
0.909641 9.896410
0.910044 60.852100
0.910448 49.131100
0.910851 9.069010
0.911255 1.769960
0.911658 9.654910
0.912061 8.280630
0.912465 32.616400
0.912868 18.678500
0.913271 6.153870
0.913675 6.166370
0.914078 10.523300
0.914482 8.592900
0.914885 19.113500
0.915288 24.180000
0.915692 33.888000
0.916095 52.212100
0.916499 7.390570
0.916902 14.677800
0.917305 13.636300
0.917709 12.331700
0.918112 17.235700
0.918516 53.899000
0.918919 15.366200
0.919322 13.460200
0.919726 70.614800
0.920129 5.810590
0.920532 8.656600
0.920936 5.068960
0.921339 9.877170
0.921743 11.219000
0.922146 35.458500
0.922549 8.678670
0.922953 7.055540
0.923356 13.209000
0.923760 43.349000
0.924163 32.489000
0.924566 21.049200
0.924970 34.108200
0.925373 7.211920
0.925777 64.190700
0.926180 40.342200
0.926583 7.904220
0.926987 28.411900
0.927390 19.523300
0.927793 12.404300
0.928197 7.574280
0.928600 12.771800
0.929004 2.996300
0.929407 52.757000
0.929810 11.480500
0.930214 53.669600
0.930617 14.989300
0.931021 15.116000
0.931424 9.060320
0.931827 5.421800
0.932231 32.461600
0.932634 9.021580
0.933038 14.068300
0.933441 50.261700
0.933844 11.473400
0.934248 13.457600
0.934651 18.957100
0.935054 22.092500
0.935458 5.282410
0.935861 56.741100
0.936265 12.925400
0.936668 4.570510
0.937071 8.566030
0.937475 6.367260
0.937878 38.968400
0.938282 37.135800
0.938685 15.172400
0.939088 25.266100
0.939492 59.884000
0.939895 19.055600
0.940299 15.964500
0.940702 18.509800
0.941105 2.477620
0.941509 30.028800
0.941912 14.299300
0.942315 9.919480
0.942719 11.654000
0.943122 15.141700
0.943526 45.976000
0.943929 42.879200
0.944332 32.426400
0.944736 10.006600
0.945139 34.437200
0.945543 12.787400
0.945946 18.273600
0.946349 25.991900
0.946753 6.174510
0.947156 60.291500
0.947559 17.448200
0.947963 66.941800
0.948366 14.159800
0.948770 19.673900
0.949173 14.804200
0.949576 4.406470
0.949980 21.567800
0.950383 20.076300
0.950787 11.471900
0.951190 49.954500
0.951593 36.523100
0.951997 23.227900
0.952400 5.015630
0.952804 53.667100
0.953207 6.728060
0.953610 46.581200
0.954014 64.705700
0.954417 44.430800
0.954820 13.532400
0.955224 12.627100
0.955627 21.034900
0.956031 4.013560
0.956434 6.346840
0.956837 38.130900
0.957241 4.163330
0.957644 24.430400
0.958048 14.321500
0.958451 38.086500
0.958854 12.172900
0.959258 43.269000
0.959661 6.912660
0.960065 22.185400
0.960468 49.104300
0.960871 64.552300
0.961275 39.951700
0.961678 10.404800
0.962081 59.589000
0.962485 11.575000
0.962888 32.546900
0.963292 8.197420
0.963695 11.985000
0.964098 8.081070
0.964502 3.233220
0.964905 82.557700
0.965309 31.980900
0.965712 13.451900
0.966115 75.613300
0.966519 95.950300
0.966922 20.972800
0.967326 4.375110
0.967729 14.116500
0.968132 11.890600
0.968536 33.063000
0.968939 20.118400
0.969342 38.001900
0.969746 77.613500
0.970149 11.336000
0.970553 9.429920
0.970956 6.446550
0.971359 2.789260
0.971763 40.517300
0.972166 42.637100
0.972570 8.716040
0.972973 24.491000
0.973376 35.652200
0.973780 11.436500
0.974183 19.805900
0.974587 55.801100
0.974990 49.437100
0.975393 32.222900
0.975797 8.994860
0.976200 22.596100
0.976603 12.880900
0.977007 13.044800
0.977410 59.372300
0.977814 8.650780
0.978217 6.205760
0.978620 31.960300
0.979024 34.164600
0.979427 3.607130
0.979831 6.850930
0.980234 25.398100
0.980637 14.901800
0.981041 5.755510
0.981444 30.224600
0.981848 23.754800
0.982251 10.026000
0.982654 36.912500
0.983058 35.472800
0.983461 5.975600
0.983864 38.315400
0.984268 26.822400
0.984671 17.385000
0.985075 44.630000
0.985478 44.761200
0.985881 36.557900
0.986285 1.177870
0.986688 6.233630
0.987092 58.654600
0.987495 10.631800
0.987898 7.979030
0.988302 27.880000
0.988705 3.821200
0.989109 52.538700
0.989512 10.682500
0.989915 11.171200
0.990319 21.585900
0.990722 13.142100
0.991125 24.387100
0.991529 2.603940
0.991932 23.603400
0.992336 31.988200
0.992739 9.884770
0.993142 33.139400
0.993546 41.232400
0.993949 21.211000
0.994353 66.303700
0.994756 39.825600
0.995159 4.409800
0.995563 60.078400
0.995966 22.533300
0.996370 69.741500
0.996773 18.863300
0.997176 19.492300
0.997580 23.333200
0.997983 19.061100
0.998386 24.967000
0.998790 2.156530
0.999193 40.802900
0.999597 15.394400
1.000000 6.172660
