0.000490 29.155600
0.000981 30.325900
0.001471 7.369410
0.001962 28.097400
0.002452 6.800640
0.002943 53.110900
0.003433 4.174530
0.003923 5.275340
0.004414 10.973100
0.004904 5.187230
0.005395 18.202600
0.005885 49.494500
0.006376 40.972600
0.006866 28.284600
0.010790 9.958660
0.011280 4.663220
0.011770 10.037100
0.012261 6.973380
0.012751 44.998200
0.013242 10.056700
0.013732 51.787400
0.014223 55.713600
0.014713 11.800100
0.015204 5.407090
0.015694 35.015400
0.016184 6.737050
0.016675 8.376350
0.017165 13.907300
0.017656 5.898780
0.018146 52.272600
0.018637 23.478500
0.019127 18.509400
0.019617 32.717500
0.020108 84.426800
0.020598 14.812500
0.021089 13.665800
0.021579 8.005810
0.022070 42.946100
0.022560 19.693200
0.023051 60.986000
0.023541 35.719700
0.024031 6.512510
0.024522 31.880400
0.025012 2.204050
0.025503 44.156700
0.025993 8.113410
0.026484 20.315200
0.046591 8.389800
0.047082 33.629100
0.047572 8.216590
0.048063 16.197000
0.048553 6.100460
0.049044 8.834910
0.049534 69.612000
0.050025 20.777300
0.050515 41.185500
0.051005 76.102600
0.051496 20.045700
0.051986 26.331400
0.052477 19.023800
0.052967 46.798100
0.053458 27.382400
0.053948 3.271980
0.054438 15.197500
0.054929 18.425600
0.055419 28.741200
0.055910 18.818000
0.056400 4.000720
0.056891 12.145000
0.057381 7.599700
0.057872 6.266020
0.058362 38.205700
0.058852 5.471580
0.059343 20.737000
0.059833 5.525210
0.060324 35.067600
0.060814 54.265800
0.061305 2.688340
0.061795 39.430700
0.062285 18.052200
0.062776 30.816300
0.066209 8.324900
0.066699 35.478300
0.067190 23.138700
0.067680 43.578800
0.068171 29.677800
0.068661 20.980400
0.069152 36.095100
0.069642 27.746100
0.072094 9.805800
0.072585 81.414100
0.073075 9.118470
0.073565 17.287800
0.074056 45.428900
0.074546 30.732100
0.075037 28.672000
0.075527 74.737500
0.076018 15.352800
0.076508 7.379220
0.076999 39.145400
0.077489 44.218300
0.077979 55.602400
0.078470 7.463850
0.078960 6.137420
0.079451 13.903700
0.079941 10.930000
0.080432 22.700200
0.080922 16.745300
0.081412 17.527100
0.081903 14.109400
0.082393 44.279000
0.082884 10.162900
0.083374 3.792490
0.083865 2.961330
0.084355 8.776500
0.084846 28.493200
0.085336 28.057200
0.085826 30.174300
0.086317 8.039340
0.086807 21.272600
0.087298 50.362600
0.087788 9.945950
0.088279 26.223700
0.088769 42.974100
0.089259 68.048500
0.089750 20.729700
0.090240 46.524200
0.090731 15.788900
0.091221 31.745600
0.091712 8.799540
0.092202 35.125400
0.092692 11.334200
0.093183 6.615570
0.093673 17.766100
0.094164 9.133360
0.094654 53.728500
0.095145 8.581140
0.095635 56.944000
0.096126 5.598980
0.096616 9.197680
0.097106 21.451500
0.097597 11.716400
0.098087 20.428800
0.098578 13.603700
0.099068 33.446400
0.099559 8.792650
0.100049 9.647520
0.100539 46.193200
0.101030 51.821700
0.101520 4.866980
0.102011 34.589400
0.102501 8.492930
0.102992 3.008550
0.103482 21.919700
0.103973 8.631090
0.104463 23.631200
0.104953 22.249700
0.105444 6.521370
0.105934 54.697000
0.106425 82.326700
0.106915 7.852220
0.107406 14.526600
0.107896 12.159900
0.108386 4.050210
0.108877 3.705410
0.109367 5.539870
0.109858 22.477800
0.110348 8.018470
0.110839 31.560600
0.111329 1.279260
0.111820 22.479600
0.112310 53.521300
0.112800 17.239300
0.113291 21.984100
0.113781 34.700600
0.114272 18.534000
0.114762 30.001900
0.115253 23.357800
0.115743 17.288500
0.116233 10.839700
0.116724 15.308700
0.117214 1.650840
0.117705 6.266650
0.118195 25.750600
0.118686 6.796010
0.119176 29.727400
0.119667 67.097100
0.120157 31.206300
0.120647 8.230040
0.121138 15.319900
0.121628 26.667000
0.122119 10.570600
0.122609 9.543090
0.123100 54.839200
0.123590 8.152910
0.124080 21.452100
0.124571 11.007800
0.125061 20.748700
0.125552 6.519080
0.126042 31.156900
0.126533 10.135700
0.127023 37.572300
0.127513 4.307810
0.128004 5.133120
0.135851 9.691900
0.136341 7.208640
0.136832 25.464100
0.137322 66.764800
0.137813 49.574400
0.138303 10.730100
0.138794 15.719500
0.139284 39.196200
0.139774 21.666400
0.140265 55.299600
0.140755 7.261350
0.141246 7.459680
0.141736 4.781390
0.142227 6.735000
0.142717 21.437000
0.143207 23.781900
0.143698 4.877540
0.144188 7.595000
0.144679 22.176700
0.145169 26.713200
0.145660 41.935900
0.146150 31.017100
0.146641 7.607690
0.147131 14.825300
0.147621 11.353900
0.148112 27.920200
0.148602 41.776100
0.149093 54.704300
0.149583 3.496150
0.150074 15.007900
0.150564 40.887100
0.151054 6.359400
0.151545 50.640200
0.152035 46.996400
0.152526 23.756200
0.153016 8.649740
0.153507 4.863580
0.153997 3.215200
0.154487 29.230400
0.154978 12.263900
0.155468 23.559200
0.155959 35.138500
0.156449 41.545200
0.156940 9.415910
0.157430 13.550600
0.157921 18.831600
0.158411 28.313000
0.158901 18.125400
0.159392 40.902700
0.159882 20.249100
0.160373 15.530600
0.160863 18.940900
0.161354 5.157350
0.161844 5.323830
0.162334 12.272600
0.162825 4.009390
0.163315 25.400000
0.163806 1.656490
0.164296 45.430000
0.164787 35.607600
0.165277 23.014900
0.165768 52.049800
0.166258 36.025900
0.166748 14.290700
0.167239 64.947100
0.167729 9.001660
0.168220 52.973000
0.168710 23.626200
0.173615 58.116000
0.174105 36.973500
0.174595 6.654450
0.175086 17.047400
0.175576 62.836100
0.176067 9.923180
0.176557 25.435700
0.177048 28.629600
0.177538 69.535700
0.178028 38.491800
0.178519 21.858900
0.179009 59.954100
0.179500 6.615260
0.179990 28.216500
0.180481 11.966700
0.180971 27.024900
0.181462 12.044600
0.181952 13.190200
0.182442 5.850060
0.182933 21.833600
0.183423 10.155600
0.183914 24.922200
0.184404 7.299030
0.184895 7.242050
0.185385 14.954900
0.185875 24.867600
0.186366 78.601800
0.186856 15.168100
0.187347 29.841000
0.187837 9.811210
0.188328 67.121200
0.188818 10.474900
0.189308 45.978400
0.189799 17.472100
0.190289 11.688800
0.190780 5.915500
0.191270 38.499600
0.191761 8.058360
0.192251 6.602710
0.192742 9.387710
0.193232 31.059000
0.193722 8.756390
0.194213 21.343300
0.194703 8.530670
0.195194 15.620200
0.195684 5.056110
0.196175 31.056900
0.196665 82.759700
0.197155 83.559800
0.197646 1.777790
0.198136 12.844300
0.198627 81.164500
0.199117 36.056300
0.199608 7.638890
0.200098 63.220300
0.200589 20.943000
0.201079 6.424970
0.201569 10.754100
0.202060 28.076600
0.202550 8.429200
0.203041 36.644700
0.203531 3.917400
0.204022 26.197800
0.204512 46.034600
0.205002 4.859030
0.205493 42.503000
0.205983 21.580500
0.206474 8.534300
0.206964 11.890400
0.207455 21.507600
0.207945 48.203900
0.208436 7.732940
0.208926 20.052100
0.209416 34.597000
0.209907 53.922600
0.210397 16.768100
0.210888 9.361830
0.211378 17.818800
0.211869 24.170400
0.212359 4.475110
0.212849 7.558000
0.213340 36.550100
0.213830 42.370600
0.214321 32.855200
0.214811 9.941600
0.215302 21.958300
0.215792 10.868200
0.216282 2.227420
0.216773 20.662200
0.217263 20.912800
0.217754 25.656800
0.218244 1.659620
0.218735 35.865000
0.219225 26.357300
0.219716 4.612850
0.220206 9.578450
0.220696 43.715900
0.221187 13.074700
0.221677 18.009400
0.222168 35.048700
0.222658 8.767650
0.223149 16.468800
0.223639 46.288000
0.224129 15.777100
0.224620 16.705800
0.225110 45.387700
0.225601 6.920290
0.226091 30.222200
0.226582 18.339300
0.227072 62.677800
0.227563 38.911800
0.228053 5.803010
0.228543 12.913600
0.229034 6.786330
0.229524 5.967430
0.230015 10.342300
0.230505 29.067400
0.230996 14.788000
0.231486 6.909740
0.231976 37.951300
0.232467 38.071200
0.232957 11.245100
0.233448 14.117900
0.233938 17.625800
0.234429 7.916290
0.238843 59.483000
0.239333 18.773100
0.239823 48.465600
0.240314 47.670500
0.240804 7.950280
0.241295 30.769000
0.241785 44.271800
0.242276 4.839630
0.242766 25.296500
0.243256 18.112200
0.243747 59.073800
0.244237 6.644800
0.244728 34.631500
0.245218 44.156000
0.245709 16.579400
0.246199 42.766500
0.246690 21.197200
0.247180 49.522800
0.247670 7.011660
0.248161 58.102100
0.248651 34.743800
0.249142 28.440500
0.249632 43.035300
0.250123 34.569100
0.250613 8.418350
0.251103 6.883370
0.251594 61.768500
0.252084 31.749600
0.252575 17.078600
0.253065 28.322800
0.253556 20.469000
0.254046 9.208660
0.254537 34.377000
0.255027 25.892100
0.255517 3.671730
0.256008 4.854450
0.256498 10.387100
0.256989 15.766000
0.257479 28.180500
0.257970 6.885770
0.258460 92.233300
0.258950 16.304900
0.259441 25.335100
0.259931 29.223400
0.260422 1.674570
0.260912 9.632390
0.261403 24.237900
0.261893 16.091200
0.262384 8.954920
0.262874 15.468500
0.263364 14.137900
0.263855 1.917980
0.264345 23.083900
0.264836 20.518400
0.265326 4.212980
0.265817 19.891100
0.266307 66.899900
0.266797 44.060500
0.267288 6.371320
0.267778 9.203120
0.268269 22.380500
0.268759 6.112840
0.269250 7.652280
0.269740 63.653100
0.270231 14.455800
0.270721 15.445600
0.271211 38.646200
0.271702 36.290800
0.272192 25.229400
0.272683 13.677600
0.273173 15.225100
0.273664 34.616700
0.274154 19.848700
0.274644 56.326500
0.275135 14.129000
0.275625 29.825300
0.276116 57.188200
0.276606 36.770400
0.277097 8.033970
0.277587 23.614800
0.278077 30.030900
0.278568 10.549500
0.279058 15.516200
0.279549 7.442170
0.280039 52.479500
0.280530 64.897100
0.281020 4.147910
0.281511 7.781250
0.282001 53.314700
0.282491 25.105900
0.282982 57.480000
0.283472 15.727700
0.283963 34.009300
0.284453 15.877300
0.284944 7.777090
0.285434 18.239500
0.285924 16.422300
0.286415 40.009100
0.286905 19.937400
0.287396 35.019500
0.287886 58.326800
0.288377 54.773300
0.288867 69.262900
0.289358 21.317300
0.289848 42.664300
0.290338 39.018300
0.290829 41.947000
0.291319 15.390000
0.291810 60.079800
0.292300 7.515640
0.292791 4.068380
0.293281 14.721800
0.293771 9.961830
0.294262 72.422200
0.294752 39.640100
0.295243 4.657610
0.295733 37.920900
0.296224 27.110300
0.296714 24.329400
0.297205 7.481560
0.297695 23.041800
0.298185 12.860300
0.298676 63.571700
0.299166 4.783100
0.299657 3.268660
0.300147 19.938500
0.300638 7.934640
0.301128 30.723300
0.301618 20.989800
0.302109 23.947800
0.302599 10.039400
0.303090 5.785910
0.303580 20.015300
0.304071 9.286450
0.304561 64.064100
0.305051 2.790330
0.305542 9.323470
0.306032 24.934000
0.306523 18.751800
0.307013 9.050400
0.307504 18.725800
0.307994 11.335100
0.308485 37.916100
0.308975 14.342400
0.309465 11.895800
0.309956 17.682200
0.310446 10.625600
0.310937 21.511700
0.311427 31.799300
0.311918 59.088900
0.312408 7.122990
0.312898 4.275080
0.313389 10.239100
0.313879 30.663600
0.314370 15.872300
0.314860 28.841100
0.315351 4.017780
0.315841 16.964600
0.316332 13.310600
0.316822 15.004500
0.317312 17.326400
0.317803 34.522400
0.318293 22.444800
0.318784 13.753400
0.319274 25.307300
0.319765 26.392600
0.320255 9.403860
0.320745 1.699780
0.321236 2.685240
0.321726 19.618900
0.322217 72.404300
0.322707 16.373400
0.323198 68.201800
0.323688 10.346300
0.324179 18.049800
0.324669 58.926500
0.325159 12.352300
0.325650 10.720500
0.326140 41.511800
0.326631 4.816740
0.327121 9.312420
0.327612 7.228590
0.328102 51.454000
0.328592 14.742300
0.329083 10.909300
0.329573 5.087190
0.330064 26.734200
0.330554 35.693900
0.331045 43.199600
0.331535 24.374500
0.332026 95.520100
0.332516 17.743700
0.333006 38.756300
0.333497 39.007400
0.333987 57.674500
0.334478 9.900530
0.334968 17.312300
0.335459 9.722140
0.335949 26.014000
0.336439 3.967310
0.336930 1.611870
0.337420 12.242100
0.337911 33.472400
0.338401 20.914000
0.338892 31.189600
0.339382 9.053350
0.339872 49.963800
0.340363 16.857000
0.340853 6.184120
0.341344 8.037480
0.341834 12.424400
0.342325 6.705320
0.342815 51.673000
0.343306 44.415900
0.343796 5.064550
0.344286 9.902180
0.344777 18.736400
0.345267 14.790800
0.345758 13.466700
0.346248 11.487800
0.346739 7.657360
0.347229 4.142030
0.347719 12.761200
0.348210 7.187240
0.348700 68.264000
0.349191 35.653300
0.349681 15.607900
0.350172 67.483900
0.350662 20.058800
0.351153 8.444640
0.351643 71.699600
0.352133 2.905490
0.352624 21.558000
0.353114 25.655800
0.353605 28.119900
0.354095 6.238230
0.354586 6.507590
0.355076 7.226390
0.355566 3.347450
0.356057 10.940800
0.356547 56.895800
0.357038 7.813030
0.357528 18.810800
0.358019 5.474770
0.358509 15.531700
0.359000 17.174300
0.359490 31.565500
0.359980 5.903150
0.360471 8.662270
0.360961 20.817600
0.361452 7.781290
0.361942 16.698700
0.362433 39.968900
0.362923 31.236400
0.364885 11.312900
0.365375 10.528100
0.365866 39.320200
0.366356 4.735040
0.366846 14.560800
0.367337 9.827230
0.367827 3.722560
0.368318 57.171600
0.368808 38.519700
0.369299 47.437700
0.369789 10.170100
0.370280 7.485860
0.370770 13.239200
0.371260 14.591900
0.371751 1.829180
0.372241 39.922400
0.372732 4.213620
0.373222 35.264000
0.373713 56.361500
0.374203 5.462980
0.374693 5.831210
0.375184 9.105000
0.375674 19.407200
0.376165 23.689600
0.376655 12.915100
0.377146 17.436000
0.377636 61.569500
0.378127 25.511700
0.378617 33.986300
0.379107 10.169700
0.379598 34.666300
0.380088 22.780300
0.380579 26.907100
0.381069 75.620000
0.381560 15.673300
0.382050 21.258500
0.382540 11.896900
0.383031 22.330500
0.383521 45.964300
0.384012 55.973900
0.384502 22.110000
0.384993 53.115000
0.385483 17.838900
0.385974 15.936200
0.386464 46.598700
0.386954 22.464900
0.387445 29.722800
0.387935 18.959400
0.388426 53.089500
0.388916 5.010580
0.389407 16.503400
0.389897 1.821490
0.390387 8.004310
0.390878 29.039300
0.391368 14.300600
0.391859 6.258480
0.392349 15.138900
0.392840 27.158300
0.393330 4.337830
0.393821 4.168820
0.394311 20.755500
0.394801 20.903700
0.395292 25.746000
0.395782 71.108100
0.396273 4.968020
0.396763 61.095900
0.397744 67.417800
0.398234 21.585700
0.398725 26.072300
0.399215 25.978700
0.399706 64.623600
0.400196 24.084500
0.400687 9.360120
0.401177 25.568900
0.401667 3.520450
0.402158 40.230400
0.402648 13.014000
0.403139 26.062100
0.403629 60.033600
0.404120 30.022600
0.404610 14.438900
0.405101 43.249800
0.405591 7.552420
0.406081 13.585400
0.406572 8.048110
0.407062 59.467400
0.407553 18.146000
0.408043 35.310800
0.408534 43.569500
0.409024 52.708400
0.409514 13.181000
0.410005 10.021500
0.410495 11.498900
0.410986 29.477600
0.411476 19.062300
0.411967 69.674100
0.412457 4.151490
0.412948 2.065610
0.413438 5.608180
0.413928 78.131300
0.414419 5.691020
0.414909 6.454510
0.415400 70.954500
0.415890 62.203800
0.416381 13.531400
0.416871 20.127000
0.417361 6.899670
0.417852 25.332400
0.418342 12.184800
0.418833 37.743100
0.419323 14.888700
0.419814 18.192500
0.420304 16.502600
0.420795 60.123500
0.421285 6.237040
0.421775 82.296300
0.422266 28.059300
0.422756 26.770300
0.423247 30.409300
0.423737 36.300300
0.424228 44.291600
0.424718 17.859700
0.425208 6.633750
0.425699 19.295800
0.426189 56.751600
0.426680 38.416200
0.427170 21.139100
0.427661 9.621300
0.428151 38.358500
0.428641 19.061100
0.429132 16.408100
0.429622 15.456500
0.430113 27.287200
0.430603 24.285800
0.431094 36.182500
0.431584 9.341830
0.432075 10.395200
0.432565 13.097300
0.433055 34.222000
0.433546 5.732250
0.434036 12.249200
0.434527 6.556300
0.435017 5.928910
0.435508 11.941500
0.435998 31.034200
0.436488 10.391600
0.436979 11.105500
0.437469 3.673780
0.437960 15.380500
0.438450 85.223800
0.438941 14.374500
0.439431 18.847500
0.439922 8.948270
0.440412 32.255100
0.440902 16.536700
0.441393 19.070500
0.441883 27.257400
0.442374 23.308400
0.442864 53.262000
0.443355 7.868640
0.443845 22.005500
0.444335 7.354760
0.444826 79.983400
0.445316 8.241340
0.445807 59.507800
0.446297 5.488910
0.446788 25.069200
0.447278 43.826100
0.447769 15.186900
0.448259 2.436480
0.448749 36.605800
0.449240 16.607900
0.449730 26.281500
0.450221 10.353600
0.450711 44.018000
0.451202 80.868400
0.451692 25.398600
0.452182 8.610320
0.452673 21.276900
0.453163 8.455710
0.453654 17.381300
0.454144 14.209500
0.454635 6.903420
0.455125 39.767300
0.455615 16.833700
0.456106 44.045600
0.456596 29.497300
0.457087 14.107400
0.457577 27.786700
0.458068 13.410100
0.458558 16.408800
0.459049 7.751590
0.459539 20.562200
0.460029 15.359500
0.460520 27.063700
0.461010 5.705930
0.461501 17.577800
0.461991 26.416800
0.462482 12.886400
0.462972 12.242500
0.463462 4.496660
0.463953 5.583910
0.464443 55.769700
0.464934 4.865690
0.465424 7.377310
0.465915 7.130780
0.466405 7.753890
0.466896 3.002850
0.467386 5.131920
0.467876 26.470600
0.468367 17.143700
0.468857 17.092600
0.469348 10.896200
0.469838 18.000900
0.470329 20.958000
0.470819 10.352400
0.471309 6.533010
0.471800 5.729840
0.472290 9.801590
0.472781 16.156200
0.473271 55.469600
0.473762 12.184900
0.474252 8.503820
0.474743 44.368600
0.475233 6.921160
0.475723 22.327600
0.476214 57.537300
0.476704 10.645900
0.477195 4.291660
0.477685 24.994700
0.478176 27.838400
0.478666 36.910900
0.479156 45.152600
0.479647 13.068000
0.480137 71.845200
0.480628 17.661300
0.481118 78.376700
0.481609 39.445100
0.482099 12.545500
0.482590 79.742200
0.483080 22.989100
0.483570 46.404100
0.484061 24.070800
0.484551 8.497110
0.485042 28.539800
0.485532 8.448600
0.486023 8.636870
0.486513 9.911580
0.487003 47.683700
0.487494 13.168500
0.487984 1.741840
0.488475 2.735230
0.488965 5.920660
0.489456 60.303600
0.489946 7.340890
0.490436 22.520800
0.490927 5.511420
0.491417 8.804980
0.491908 41.126700
0.492398 87.304300
0.492889 18.628400
0.493379 37.583000
0.493870 20.284200
0.494360 27.745800
0.494850 33.796100
0.495341 49.819800
0.495831 20.539900
0.496322 30.988200
0.496812 37.619600
0.497303 23.747100
0.497793 8.339010
0.498283 24.792200
0.498774 3.742720
0.499264 13.306100
0.499755 15.733700
0.500245 22.426400
0.500736 45.076200
0.501226 43.797200
0.501717 55.935900
0.502207 16.687900
0.502697 22.765900
0.503188 23.919800
0.503678 56.741000
0.504169 10.924000
0.504659 73.108300
0.505150 1.735970
0.505640 83.554200
0.506130 37.369200
0.506621 3.661570
0.507111 18.821600
0.507602 9.306370
0.508092 26.407800
0.508583 12.783900
0.509073 51.038300
0.509564 13.749400
0.510054 46.991900
0.510544 23.440200
0.511035 22.771700
0.511525 14.247000
0.512016 5.275530
0.512506 35.725300
0.512997 11.234000
0.513487 3.835240
0.513977 14.175200
0.514468 59.845800
0.514958 49.214600
0.515449 29.500600
0.515939 78.061400
0.516430 15.144300
0.516920 42.581900
0.517410 17.886100
0.517901 47.911900
0.518391 21.158000
0.518882 5.252520
0.519372 7.195230
0.519863 4.671220
0.520353 56.967100
0.520844 6.345380
0.521334 40.568300
0.521824 63.231500
0.522315 16.124600
0.522805 11.036300
0.523296 9.700650
0.523786 40.560800
0.524277 36.509500
0.524767 24.035500
0.525257 19.318100
0.525748 53.721300
0.526238 13.150800
0.526729 53.451500
0.527219 13.434900
0.527710 7.050400
0.528200 9.754910
0.528691 10.325700
0.529181 15.867300
0.529671 42.865500
0.530162 5.571200
0.530652 20.341600
0.531143 20.211300
0.531633 76.534400
0.532124 25.579300
0.532614 12.250200
0.533104 7.635360
0.533595 23.832400
0.534085 37.592400
0.534576 74.846500
0.535066 8.845290
0.535557 13.624500
0.536047 17.520000
0.536538 18.979600
0.537028 13.724300
0.537518 18.312000
0.538009 12.354400
0.538499 60.882700
0.538990 68.069400
0.539480 18.280500
0.539971 22.913500
0.540461 19.147200
0.540951 17.266900
0.541442 18.600400
0.541932 19.819800
0.542423 15.406900
0.542913 10.475800
0.543404 35.770300
0.543894 7.306320
0.544385 10.504600
0.544875 6.826730
0.545365 67.599000
0.545856 14.438000
0.546346 1.703090
0.546837 13.018400
0.547327 50.565400
0.547818 4.981760
0.548308 4.633870
0.548798 1.472340
0.549289 51.694200
0.549779 3.156860
0.550270 6.585560
0.550760 48.373400
0.551251 15.528500
0.551741 33.447200
0.552231 10.164600
0.552722 8.907880
0.553212 10.951500
0.553703 23.962300
0.554193 71.917400
0.554684 20.537900
0.555174 15.330400
0.555665 9.264140
0.556155 29.340000
0.556645 91.069200
0.557136 5.409710
0.557626 31.965400
0.558117 8.568470
0.558607 57.144400
0.559098 55.299300
0.559588 7.834650
0.560078 13.726400
0.560569 31.132300
0.561059 5.300960
0.561550 26.695600
0.562040 26.165900
0.562531 7.580690
0.563021 23.652400
0.563512 6.492630
0.564002 5.647870
0.564492 16.153200
0.564983 56.119100
0.565473 8.553020
0.565964 13.966500
0.566454 23.477200
0.566945 49.508700
0.567435 23.504200
0.567925 18.507900
0.568416 4.830700
0.568906 28.275200
0.569397 84.091900
0.569887 1.668700
0.570378 26.535000
0.570868 21.930800
0.571359 9.798270
0.571849 89.196100
0.572339 21.862100
0.572830 25.661500
0.573320 9.189940
0.573811 4.255280
0.574301 34.287700
0.574792 28.859300
0.575282 14.420200
0.575772 64.999900
0.576263 6.935250
0.576753 18.334600
0.577244 6.271380
0.577734 17.146500
0.578225 18.815700
0.578715 24.403500
0.579205 24.126000
0.579696 9.525610
0.580186 20.761200
0.580677 40.651800
0.581167 21.077900
0.581658 21.797500
0.582148 87.881500
0.582639 11.463600
0.583129 7.787180
0.583619 6.676450
0.584110 19.603300
0.584600 10.351400
0.585091 7.085650
0.585581 32.661400
0.586072 10.411900
0.586562 7.778430
0.587052 56.101500
0.587543 70.717800
0.588033 12.622000
0.588524 86.527800
0.589014 8.202570
0.589505 8.271730
0.589995 29.742800
0.590486 35.502900
0.590976 7.584690
0.591466 21.032700
0.591957 6.969470
0.592447 14.036700
0.592938 33.230800
0.593428 30.897800
0.593919 39.919000
0.594409 24.196600
0.594899 28.314200
0.595390 13.973100
0.595880 8.565020
0.596371 28.117400
0.596861 4.855200
0.597352 50.349200
0.597842 7.372190
0.598333 20.583200
0.598823 46.197500
0.599313 19.938700
0.599804 21.849000
0.600294 7.409500
0.600785 13.705500
0.601275 21.359500
0.601766 14.062200
0.602256 9.642510
0.602746 43.951800
0.603237 44.883700
0.603727 8.358650
0.604218 50.231400
0.604708 25.732700
0.605199 22.450300
0.605689 31.135800
0.606179 72.907800
0.606670 29.276600
0.607160 18.218400
0.607651 73.795200
0.608141 6.039170
0.608632 51.981600
0.609122 22.646600
0.609613 19.920800
0.610103 11.280900
0.610593 1.686500
0.611084 12.590500
0.611574 33.749800
0.612065 35.273900
0.612555 17.491200
0.613046 87.763500
0.613536 23.340500
0.614026 20.008300
0.614517 56.392800
0.615007 14.019500
0.615498 9.113770
0.615988 11.579200
0.616479 55.637800
0.616969 15.544600
0.617460 6.510850
0.617950 8.955350
0.618440 39.580000
0.618931 19.388400
0.619421 59.197100
0.619912 49.032300
0.620402 12.926400
0.620893 4.732300
0.621383 5.282810
0.621873 80.970500
0.622364 6.956350
0.622854 6.517230
0.623345 9.717200
0.623835 27.295400
0.624326 35.989600
0.624816 25.663900
0.625307 8.329920
0.625797 27.236000
0.626287 7.984380
0.626778 34.349200
0.627268 12.131400
0.627759 7.343660
0.628249 27.712900
0.628740 12.580300
0.629230 9.489690
0.629720 17.142600
0.630211 60.209600
0.630701 68.402500
0.631192 18.044900
0.631682 48.321500
0.632173 8.231410
0.632663 42.752500
0.633154 35.903800
0.633644 8.982410
0.634134 12.097600
0.634625 8.186390
0.635115 7.657920
0.635606 8.229660
0.636096 11.684500
0.636587 3.346290
0.637077 21.274200
0.637567 4.462160
0.638058 16.450400
0.638548 29.012700
0.639039 10.360000
0.639529 5.291730
0.640020 27.699600
0.640510 16.353300
0.641000 2.694180
0.641491 9.526420
0.641981 9.633930
0.642472 9.985700
0.642962 81.920600
0.643453 3.437320
0.643943 25.849600
0.644434 6.793200
0.644924 5.804930
0.645414 33.368800
0.645905 51.803400
0.646395 9.333680
0.646886 4.397450
0.647376 27.330600
0.647867 48.133100
0.648357 28.476000
0.648847 18.828700
0.649338 8.493430
0.649828 47.677100
0.650319 30.022800
0.650809 6.068640
0.651300 4.577130
0.651790 3.296770
0.652281 59.443100
0.652771 12.573400
0.653261 61.371700
0.653752 28.692900
0.654242 10.533700
0.654733 35.969600
0.655223 82.440300
0.655714 26.187000
0.656204 7.791770
0.656694 28.081300
0.657185 33.026500
0.657675 37.926900
0.658166 42.684100
0.658656 16.674700
0.659147 6.957000
0.659637 27.026700
0.660128 25.787000
0.660618 11.528300
0.661108 27.313700
0.661599 9.383380
0.662089 12.760000
0.662580 22.310900
0.663070 18.278500
0.663561 13.341400
0.664051 3.291580
0.664541 12.213500
0.665032 29.234200
0.665522 38.955900
0.666013 8.332550
0.666503 9.093100
0.666994 54.812400
0.667484 17.250300
0.667974 53.904500
0.668465 42.338100
0.668955 35.679500
0.669446 54.030700
0.669936 67.186700
0.670427 1.683780
0.670917 38.058400
0.671408 22.703600
0.671898 36.936300
0.672388 32.923300
0.672879 1.772950
0.673369 47.065200
0.673860 6.093580
0.674350 7.738280
0.674841 60.280300
0.675331 6.503120
0.675821 7.294850
0.676312 1.835490
0.676802 22.005700
0.677293 45.429900
0.677783 3.394110
0.678274 1.963840
0.678764 20.358900
0.679255 19.180700
0.679745 8.734280
0.680235 21.205700
0.680726 21.702300
0.681216 53.170900
0.681707 37.702600
0.682197 26.856400
0.682688 5.030850
0.683178 19.429900
0.683668 24.214700
0.684159 6.642800
0.684649 6.435690
0.685140 27.873600
0.685630 13.846500
0.686121 7.709190
0.686611 63.885800
0.687102 23.211500
0.687592 15.632500
0.688082 7.011640
0.688573 38.145400
0.689063 23.660400
0.689554 7.645210
0.690044 24.075500
0.690535 44.488000
0.691025 55.635200
0.691515 29.907100
0.692006 13.948300
0.692496 54.295500
0.692987 51.796000
0.693477 1.773790
0.693968 32.398500
0.694458 18.462300
0.694949 10.325000
0.695439 7.009670
0.695929 7.559060
0.696420 14.666000
0.696910 54.488500
0.697401 66.211400
0.697891 51.921000
0.698382 17.110200
0.698872 79.485000
0.699362 13.101700
0.699853 30.937000
0.700343 5.890440
0.700834 74.582700
0.701324 40.014900
0.701815 5.667790
0.702305 8.289670
0.702795 9.746910
0.703286 16.336500
0.703776 3.048400
0.704267 28.992400
0.704757 40.526900
0.705248 6.616640
0.705738 49.503800
0.706229 17.929400
0.706719 41.968500
0.707209 49.076500
0.707700 23.895100
0.708190 13.133200
0.708681 22.568600
0.709171 34.448700
0.709662 2.854160
0.710152 29.053400
0.710642 2.634880
0.711133 15.733800
0.711623 5.560890
0.712114 53.549600
0.712604 50.309300
0.713095 7.010120
0.713585 12.643800
0.714076 8.453540
0.714566 21.492900
0.715056 25.437900
0.715547 20.971100
0.716037 47.998100
0.716528 9.731720
0.717018 15.440700
0.717509 12.429600
0.717999 7.680890
0.718489 21.337600
0.718980 17.232600
0.719470 16.126700
0.719961 60.859700
0.720451 41.915400
0.720942 54.740500
0.721432 39.090300
0.721923 32.057400
0.722413 22.642200
0.722903 30.128900
0.723394 2.179940
0.723884 5.732980
0.724375 65.727400
0.724865 4.783930
0.725356 11.154400
0.725846 13.750500
0.726336 21.098000
0.726827 39.616600
0.727317 4.840960
0.727808 13.595400
0.728298 7.334580
0.728789 2.755360
0.729279 18.598100
0.729769 43.683000
0.730260 34.198200
0.730750 12.209500
0.731241 1.901110
0.731731 7.651300
0.732222 40.272400
0.732712 23.336600
0.733203 10.297300
0.733693 7.051920
0.734183 5.862240
0.734674 14.351200
0.735164 6.432630
0.735655 7.354530
0.736145 5.688790
0.736636 10.125300
0.737126 5.736490
0.737616 15.102200
0.738107 35.762300
0.738597 12.858400
0.739088 5.326620
0.739578 30.517700
0.740069 32.636600
0.740559 36.807900
0.741050 24.280500
0.741540 19.518100
0.742030 29.268700
0.742521 27.459000
0.743011 11.546000
0.743502 9.933010
0.743992 16.314400
0.744483 10.393400
0.744973 14.872300
0.745463 40.720200
0.745954 34.066300
0.746444 49.274800
0.746935 5.428230
0.747425 16.797400
0.747916 16.025400
0.748406 3.113280
0.748897 11.462800
0.749387 9.225350
0.749877 8.964950
0.750368 50.878600
0.750858 17.272100
0.751349 59.244800
0.751839 13.432400
0.752330 11.018800
0.752820 10.569500
0.753310 38.486400
0.753801 12.522800
0.754291 3.796930
0.754782 48.483700
0.755272 29.334900
0.755763 10.798200
0.756253 9.879710
0.756744 21.773500
0.757234 15.783400
0.757724 11.833400
0.758215 23.214800
0.758705 9.182480
0.759196 87.374100
0.759686 6.483410
0.760177 23.011800
0.760667 13.951800
0.761157 19.292400
0.761648 23.486700
0.762138 9.509200
0.762629 66.992600
0.763119 67.756000
0.763610 5.704580
0.764100 8.042440
0.764590 6.015680
0.765081 7.874230
0.765571 10.857500
0.766062 26.397000
0.766552 35.368200
0.767043 39.661600
0.767533 22.062000
0.768024 3.479200
0.768514 7.385610
0.769004 46.471200
0.769495 6.839360
0.769985 31.429200
0.770476 27.523400
0.770966 4.559630
0.771457 3.850590
0.771947 17.009400
0.772437 41.681600
0.772928 6.510430
0.773418 17.086100
0.773909 30.193400
0.774399 12.874300
0.774890 15.883900
0.775380 10.164300
0.775871 29.731500
0.776361 16.294800
0.776851 33.916800
0.777342 11.511500
0.777832 17.235500
0.778323 13.402900
0.778813 6.006040
0.779304 11.588400
0.779794 20.271700
0.780284 84.614200
0.780775 25.666800
0.781265 9.492270
0.781756 28.925900
0.782246 46.525000
0.782737 10.199200
0.783227 8.487210
0.783718 5.538120
0.784208 3.754830
0.784698 43.072700
0.785189 24.671600
0.785679 17.095700
0.786170 19.045500
0.786660 14.277100
0.787151 24.488300
0.787641 21.528700
0.788131 15.039000
0.788622 4.547070
0.789112 69.925200
0.789603 21.059300
0.790093 12.955200
0.790584 50.544100
0.791074 53.783000
0.791564 11.866400
0.792055 7.389290
0.792545 9.523600
0.793036 48.449000
0.793526 20.200500
0.794017 5.172510
0.794507 23.301700
0.794998 36.097100
0.795488 25.001800
0.795978 17.972200
0.796469 35.992100
0.796959 7.834150
0.797450 76.157000
0.797940 8.183070
0.798431 53.240500
0.798921 96.644900
0.799411 9.599810
0.799902 28.856800
0.800392 20.180200
0.800883 23.710000
0.801373 38.311100
0.801864 6.771980
0.802354 7.532150
0.802845 20.246500
0.803335 40.675800
0.803825 55.164400
0.804316 26.155000
0.804806 18.660200
0.805297 23.933400
0.805787 17.148100
0.806278 16.877500
0.806768 45.469100
0.807258 8.075830
0.807749 14.104000
0.808239 21.280500
0.808730 4.773910
0.809220 58.920800
0.809711 5.208220
0.810201 60.331800
0.810692 30.764200
0.811182 7.478700
0.811672 28.900400
0.812163 34.531700
0.812653 20.971400
0.813144 26.709700
0.813634 7.604140
0.814125 30.092200
0.814615 20.431600
0.815105 83.425500
0.815596 6.498080
0.816086 19.520700
0.816577 39.151500
0.817067 10.682400
0.817558 6.718040
0.818048 12.039500
0.818538 4.091670
0.819029 19.924400
0.819519 53.719500
0.820010 24.094000
0.820500 30.753100
0.820991 18.331900
0.821481 40.260900
0.821972 29.920300
0.822952 69.269400
0.823443 6.913670
0.823933 4.075960
0.824424 10.664700
0.824914 21.447200
0.825405 18.576000
0.825895 6.963910
0.826385 25.206600
0.826876 64.697900
0.827366 7.548170
0.827857 5.502770
0.828347 20.657700
0.828838 10.050400
0.829328 22.429400
0.829819 14.013500
0.830309 45.153500
0.830799 9.918600
0.831290 34.228200
0.831780 62.207600
0.832271 22.041300
0.832761 17.338100
0.833252 4.445300
0.833742 24.320900
0.834232 8.990010
0.835213 11.657400
0.835704 29.183000
0.836194 7.879530
0.836685 6.806180
0.837175 31.110600
0.837666 6.399620
0.838156 48.786300
0.838646 6.334610
0.839137 48.034300
0.839627 7.456100
0.840118 7.991600
0.840608 18.145900
0.841099 20.828800
0.841589 9.638270
0.842079 38.242000
0.842570 22.059800
0.843060 36.995200
0.843551 54.992600
0.844041 4.225100
0.844532 15.484200
0.845022 23.024200
0.845513 23.358900
0.846003 7.112200
0.846493 14.942500
0.846984 34.611400
0.847474 12.555400
0.847965 6.748820
0.848455 48.067700
0.848946 4.198020
0.849436 16.727700
0.849926 22.139500
0.850417 24.378300
0.850907 19.961500
0.851398 11.538700
0.851888 8.854610
0.852379 21.623500
0.852869 12.966500
0.853359 10.134600
0.853850 79.635000
0.854340 9.193960
0.854831 25.560500
0.855321 12.476800
0.855812 29.684200
0.856302 61.658800
0.856793 9.158670
0.857283 19.972400
0.857773 7.905710
0.858264 1.675580
0.858754 33.490000
0.859245 63.972000
0.859735 11.664100
0.860226 15.175100
0.860716 44.157800
0.861206 14.366800
0.861697 29.861300
0.862187 26.627800
0.862678 59.674200
0.863168 9.546870
0.863659 9.671900
0.864149 11.381300
0.864640 11.130600
0.865130 58.239200
0.865620 20.800200
0.866111 48.960300
0.866601 35.570200
0.867092 27.180600
0.867582 11.982600
0.868073 70.088300
0.868563 46.737900
0.869053 64.199200
0.869544 9.185150
0.870034 8.742960
0.870525 6.457440
0.871015 7.481990
0.871506 18.767300
0.871996 40.924300
0.872487 7.581300
0.872977 49.381000
0.873467 3.906580
0.873958 3.590410
0.874448 11.315700
0.874939 26.477800
0.875429 6.521970
0.875920 44.467800
0.876410 5.064850
0.876900 29.218600
0.877391 15.363300
0.877881 44.809800
0.878372 54.673700
0.878862 9.111360
0.879353 57.856800
0.879843 19.288600
0.880333 24.036400
0.880824 38.929000
0.881314 31.512000
0.881805 6.505320
0.882295 26.174500
0.882786 27.761200
0.883276 36.059200
0.883767 31.875000
0.884257 68.427800
0.884747 44.544500
0.885238 51.848000
0.885728 13.373300
0.886219 30.275500
0.886709 5.170660
0.887200 64.986600
0.887690 16.868600
0.888180 7.871820
0.888671 22.362700
0.889161 19.372800
0.889652 39.565100
0.890142 7.207370
0.890633 22.846500
0.891123 5.241860
0.891614 17.971400
0.892104 9.874950
0.892594 18.120400
0.893085 46.057600
0.893575 21.168500
0.894066 14.318300
0.894556 3.064080
0.895047 60.989700
0.895537 9.273600
0.896027 26.109100
0.896518 12.722400
0.897008 12.086800
0.897499 51.670500
0.897989 15.242900
0.898480 8.881830
0.898970 87.784300
0.899461 30.242300
0.899951 7.017800
0.900441 11.835000
0.900932 64.468500
0.901422 15.955200
0.901913 10.030700
0.902403 53.150000
0.902894 4.574650
0.903384 46.741500
0.903874 71.545800
0.904365 15.720100
0.904855 6.236700
0.905346 4.439550
0.905836 33.859000
0.906327 17.364500
0.906817 31.016400
0.907308 29.361100
0.907798 19.842200
0.908288 39.774300
0.908779 48.030200
0.909269 21.329800
0.909760 4.575410
0.910250 79.197400
0.910741 33.244600
0.911231 27.488800
0.911721 47.849600
0.912212 6.467880
0.912702 17.392900
0.913193 12.004000
0.913683 12.885900
0.914174 25.598500
0.914664 12.705600
0.915154 5.496460
0.915645 47.855100
0.916135 16.785200
0.916626 58.355500
0.917116 50.028300
0.917607 5.790020
0.918097 14.347100
0.918588 38.056300
0.919078 27.183300
0.919568 14.291800
0.920059 9.318200
0.920549 59.216700
0.921040 12.275000
0.921530 27.345300
0.922021 40.231700
0.922511 12.096100
0.923001 28.047100
0.923492 54.215800
0.923982 22.022700
0.924473 52.002500
0.924963 21.831400
0.925454 9.897240
0.925944 6.708980
0.926435 4.328900
0.926925 18.720000
0.927415 8.279200
0.927906 43.407700
0.928396 20.095100
0.928887 24.802000
0.929377 46.674600
0.929868 9.553030
0.930358 64.112900
0.930848 32.042400
0.931339 7.837400
0.931829 27.141100
0.932320 4.561360
0.932810 41.064100
0.933301 35.280100
0.933791 16.444300
0.934282 20.575600
0.934772 4.319500
0.935262 32.400500
0.935753 37.985300
0.936243 15.100100
0.936734 13.847000
0.937224 13.487600
0.937715 11.313400
0.938205 33.826100
0.938695 29.460800
0.939186 8.142910
0.939676 65.209600
0.940167 22.311500
0.940657 60.019700
0.941148 42.066500
0.941638 44.991900
0.942128 67.113000
0.942619 7.030240
0.943109 4.431350
0.943600 47.370400
0.944090 62.140900
0.944581 2.758870
0.945071 13.829100
0.945562 31.136000
0.946052 6.711550
0.946542 10.638300
0.947033 17.826700
0.947523 40.672800
0.948014 29.185200
0.948504 72.752700
0.948995 48.744800
0.949485 2.793800
0.949975 48.688600
0.950466 9.411910
0.950956 28.467100
0.951447 10.149500
0.951937 65.607400
0.952428 16.671700
0.952918 46.931900
0.953409 20.504300
0.953899 24.607300
0.954389 65.984000
0.954880 39.072800
0.955370 5.433480
0.955861 20.926900
0.956351 37.458400
0.956842 12.280100
0.957332 32.187000
0.957822 19.796400
0.958313 11.189600
0.958803 16.984100
0.959294 1.644370
0.959784 13.883700
0.960275 36.822500
0.960765 10.076300
0.961256 7.907980
0.961746 10.772100
0.962236 19.515000
0.962727 5.759290
0.963217 12.712000
0.963708 3.049900
0.964198 23.598600
0.964689 9.987290
0.965179 21.977700
0.965669 42.568200
0.966160 34.445200
0.966650 13.203000
0.967141 37.984300
0.967631 15.135500
0.968122 16.030600
0.968612 7.962100
0.969103 10.063800
0.969593 7.608500
0.970083 37.606400
0.970574 98.676800
0.971064 5.357850
0.971555 16.458700
0.972045 26.267800
0.972536 22.868500
0.973026 9.492620
0.973516 8.982570
0.974007 47.528300
0.974497 19.979400
0.974988 3.170730
0.975478 28.839900
0.975969 28.261700
0.976459 15.787700
0.976949 5.012030
0.977440 17.012800
0.977930 8.359870
0.978421 34.368900
0.978911 8.140290
0.979402 22.537200
0.979892 20.926400
0.980383 34.246600
0.980873 60.765900
0.981363 12.115700
0.981854 5.686870
0.982344 53.876200
0.982835 33.789800
0.983325 7.077640
0.983816 32.031400
0.984306 16.416400
0.984796 5.746130
0.985287 12.671000
0.985777 18.581200
0.986268 10.315700
0.986758 33.808300
0.987249 17.753500
0.987739 13.032500
0.988230 68.154500
0.988720 9.184900
0.989210 7.965300
0.989701 13.682600
0.990191 23.580400
0.990682 23.026300
0.991172 68.457700
0.991663 48.890900
0.992153 33.290500
0.992643 18.076500
0.993134 31.796100
0.993624 8.923000
0.994115 34.968200
0.994605 39.980000
0.995096 27.700800
0.995586 51.330100
0.996077 7.525610
0.996567 24.684700
0.997057 14.652300
0.997548 19.479200
0.998038 8.494750
0.998529 5.478100
0.999019 7.896360
0.999510 34.408600
1.000000 17.120800
