0.000195 29.240800
0.000390 12.901200
0.014417 9.691900
0.014611 20.115300
0.014806 47.470100
0.015001 6.774830
0.015196 2.309390
0.015391 16.175700
0.015585 5.233240
0.015780 9.452700
0.015975 18.673900
0.025716 59.483000
0.025911 25.269100
0.026106 5.612280
0.026300 5.042860
0.026495 45.010800
0.026690 6.440500
0.026885 24.232300
0.027080 15.596100
0.027274 10.557100
0.027469 11.684900
0.027664 24.424400
0.027859 56.736600
0.028054 10.930300
0.028249 17.355200
0.028443 6.976490
0.028638 15.108400
0.028833 40.753100
0.029028 41.692200
0.029223 8.977850
0.029417 47.659600
0.029612 48.055400
0.029807 9.175560
0.030002 5.353740
0.030197 15.353400
0.030392 40.090800
0.030586 56.495500
0.030781 18.791800
0.030976 14.285500
0.031171 28.809100
0.031366 39.720900
0.031560 3.524580
0.031755 7.342990
0.051042 8.389800
0.051237 16.451800
0.051432 22.189700
0.051627 10.123000
0.051822 33.322200
0.052016 68.025000
0.052211 12.357600
0.052406 49.307100
0.052601 32.255500
0.052796 10.122500
0.052990 22.951900
0.053185 3.671510
0.053380 24.174000
0.053575 7.420410
0.053770 19.839300
0.053965 2.284610
0.054159 33.897700
0.054549 12.926300
0.054744 23.081000
0.054939 7.901650
0.055133 13.592500
0.055328 7.087710
0.055523 11.820000
0.055913 12.423500
0.056108 15.727800
0.056302 31.501500
0.056497 15.491900
0.056692 8.981950
0.056887 29.933600
0.057082 7.246750
0.057276 64.693200
0.057471 24.049800
0.057666 21.296200
0.057861 52.268700
0.058056 16.872700
0.058445 19.811400
0.058640 29.322600
0.058835 15.923300
0.059030 50.398300
0.059225 7.287510
0.059419 7.965960
0.059614 54.334000
0.059809 10.301400
0.060004 11.193100
0.060199 76.132200
0.060394 15.039600
0.060588 18.798400
0.060783 3.037090
0.060978 9.818670
0.061173 13.125700
0.061368 49.041500
0.061562 7.358250
0.061757 28.816300
0.061952 36.246500
0.062147 7.861080
0.062342 18.257000
0.062537 30.945800
0.062731 62.715900
0.062926 22.644000
0.063121 5.543120
0.063316 17.211800
0.063511 8.057090
0.063705 61.419200
0.063900 40.090300
0.064095 24.739600
0.064290 23.637800
0.064485 4.748320
0.064680 17.850800
0.064874 28.749600
0.065069 10.619900
0.065264 31.384600
0.065459 31.632900
0.065654 14.452600
0.065848 31.128100
0.066043 68.247200
0.066238 55.193300
0.066433 8.736150
0.066628 32.091900
0.066823 7.709380
0.067017 21.824400
0.067212 24.225200
0.067407 15.934100
0.067602 71.560600
0.067797 4.321890
0.067991 6.622260
0.068186 23.197800
0.068381 4.947110
0.068576 61.448000
0.068771 1.657020
0.068966 16.261600
0.069160 20.199500
0.069355 14.628600
0.069550 18.290200
0.069745 26.093800
0.069940 8.756310
0.070134 30.581100
0.070329 24.907500
0.070524 31.109600
0.070719 12.090600
0.070914 8.390790
0.071109 5.488030
0.071303 27.312700
0.071498 10.277200
0.071693 53.888400
0.076758 58.116000
0.076953 62.641500
0.077148 17.557300
0.077343 6.780270
0.077538 26.396700
0.077732 63.527100
0.077927 22.834300
0.078122 7.913710
0.078317 16.251900
0.078512 46.075500
0.078706 57.834100
0.078901 14.847900
0.079096 14.411800
0.079291 46.094200
0.079486 42.020300
0.079680 30.835100
0.079875 13.537900
0.080070 13.785600
0.080265 72.243300
0.080460 8.241640
0.080655 1.847590
0.080849 18.158700
0.081044 10.473900
0.081239 20.107600
0.081434 4.557810
0.081629 11.189800
0.081823 8.107990
0.082018 52.279500
0.082213 20.564100
0.082408 16.646900
0.082603 3.632540
0.082798 44.711500
0.082992 22.734500
0.083187 11.859700
0.083382 6.297760
0.083577 54.540600
0.083772 10.045900
0.083966 14.692600
0.084161 5.820510
0.084356 16.637200
0.084551 6.059340
0.084746 21.694300
0.084941 43.001900
0.085135 10.924600
0.085330 32.334800
0.085525 13.631900
0.085720 60.008700
0.085915 21.805000
0.086109 7.716830
0.086304 7.411590
0.086499 6.062030
0.086694 76.623200
0.086889 28.148100
0.087084 7.719910
0.087278 33.958200
0.087473 48.428200
0.087668 39.596700
0.087863 20.658700
0.088058 8.699940
0.088252 51.572500
0.088447 47.967000
0.088642 65.097700
0.088837 19.874100
0.089032 25.826700
0.089227 56.284500
0.089421 83.332600
0.089616 28.134200
0.089811 51.870800
0.090006 3.475350
0.090201 65.059900
0.090395 33.123600
0.090590 14.815200
0.090785 19.159000
0.090980 20.749000
0.091175 42.771800
0.091370 4.645550
0.091564 9.854250
0.091759 5.996440
0.091954 6.541730
0.092149 51.488900
0.092344 7.845920
0.092538 10.457500
0.092733 28.974500
0.092928 5.024970
0.093123 21.086200
0.093318 5.686680
0.093513 11.955900
0.093707 6.060570
0.093902 32.712800
0.094097 63.435400
0.094292 26.870400
0.094487 19.436300
0.094681 5.977750
0.094876 53.096000
0.095071 24.806100
0.095266 16.136000
0.095461 52.338700
0.095656 13.740900
0.095850 40.458400
0.096045 41.667900
0.096240 19.765300
0.096435 9.694680
0.096630 27.673400
0.096824 55.770000
0.097019 28.988700
0.097214 16.149400
0.097409 31.720400
0.097604 4.511080
0.097799 19.597600
0.097993 7.523820
0.098188 20.480300
0.098383 27.824800
0.098578 15.317700
0.098773 27.957900
0.098967 22.651700
0.099162 9.699050
0.099357 14.362000
0.099552 19.446600
0.099747 45.100200
0.099942 14.592300
0.100136 9.772390
0.100331 26.398900
0.100526 18.878100
0.100721 49.355300
0.100916 75.292800
0.101110 39.284400
0.101305 17.643500
0.101500 9.553920
0.101695 62.348900
0.101890 32.438400
0.102085 7.467180
0.102279 22.868100
0.102474 14.855900
0.102669 81.197200
0.102864 25.186600
0.103059 80.465700
0.103253 36.523600
0.103838 67.121200
0.104033 10.661700
0.104228 1.538400
0.104422 20.570000
0.104617 35.222900
0.104812 87.448400
0.105007 6.541970
0.105202 9.108130
0.105396 8.995470
0.105591 8.018420
0.105786 47.017700
0.105981 31.567900
0.106176 25.134300
0.106371 29.320900
0.106565 5.647130
0.106760 7.081180
0.106955 43.699800
0.107150 5.388700
0.107345 12.147900
0.107539 60.697100
0.107734 29.784900
0.107929 28.851400
0.108124 44.160400
0.108319 54.896600
0.108514 18.847400
0.108708 17.983200
0.108903 32.751500
0.109098 26.264100
0.109293 7.275080
0.109488 19.929200
0.109682 9.463100
0.109877 21.031600
0.110072 1.809050
0.110267 10.225000
0.110462 17.819900
0.110657 20.369300
0.110851 14.127500
0.111046 17.884800
0.111241 36.302400
0.111436 26.607300
0.111631 10.101300
0.111825 7.162360
0.112020 32.764500
0.112215 22.549800
0.112410 38.958800
0.112605 44.589900
0.112800 16.923200
0.112994 13.077200
0.113189 13.616000
0.113384 53.424100
0.113579 43.818100
0.113774 6.166490
0.113968 19.228300
0.114163 6.689340
0.114358 8.998810
0.114553 18.413400
0.114748 19.005700
0.114943 13.285100
0.115137 11.563700
0.115332 26.604500
0.115527 22.049800
0.115722 37.824400
0.115917 6.031810
0.116111 17.764600
0.116306 8.807110
0.116501 20.265600
0.116696 51.162100
0.116891 7.964530
0.117086 9.696170
0.117280 36.707400
0.117475 4.749150
0.117670 21.661200
0.117865 8.936650
0.118060 24.557300
0.118254 41.790200
0.118449 86.479500
0.118644 11.923800
0.122151 9.958660
0.122346 46.745700
0.122540 69.529000
0.122735 6.344710
0.122930 89.780500
0.123125 15.268000
0.123320 9.693270
0.123515 8.641000
0.123709 94.392100
0.123904 30.443900
0.124099 41.434900
0.124294 44.672700
0.124489 4.854920
0.124683 50.004000
0.124878 50.462700
0.125073 12.809200
0.125268 5.228010
0.125463 74.203200
0.125658 4.586370
0.125852 13.580500
0.126047 3.436020
0.126242 8.072330
0.126437 3.901740
0.126632 11.670200
0.126826 26.215400
0.127021 6.698300
0.127216 31.106200
0.127411 6.059820
0.127606 10.533500
0.127801 9.362810
0.127995 59.731700
0.128190 67.681700
0.128385 41.793500
0.128580 30.849600
0.128775 59.256700
0.128969 19.717100
0.129164 4.649560
0.129359 58.873000
0.129554 22.352800
0.129749 47.023200
0.129944 13.255000
0.130138 9.291300
0.130333 12.283000
0.130528 7.737700
0.130723 51.942400
0.130918 17.951400
0.131112 9.731490
0.131307 82.436500
0.131502 4.478990
0.131697 26.487800
0.131892 20.494700
0.132086 36.602000
0.132281 62.210500
0.132476 7.254170
0.132671 13.517500
0.132866 34.573800
0.133061 17.461400
0.133255 10.212300
0.133450 54.748100
0.133645 39.022100
0.133840 19.157600
0.134035 29.466700
0.134229 48.632000
0.134424 5.217440
0.134619 7.291410
0.134814 41.302200
0.135009 48.289300
0.135204 7.933530
0.135398 63.141100
0.135593 8.456150
0.135788 15.763900
0.135983 11.328800
0.136178 5.165420
0.136372 29.423700
0.136567 69.522100
0.136762 6.824020
0.136957 35.728600
0.137152 10.589000
0.137347 17.267000
0.137541 15.640000
0.137736 6.748580
0.137931 5.647100
0.138126 22.470700
0.138321 17.557200
0.138515 48.024600
0.138710 52.268100
0.138905 17.387800
0.139100 9.001840
0.139295 44.484300
0.139490 62.896400
0.139684 22.726000
0.139879 71.053400
0.140074 5.679950
0.140269 11.893900
0.140464 15.072900
0.140658 27.706300
0.140853 8.592410
0.141048 4.732130
0.141243 44.956500
0.141438 10.685500
0.141633 39.767900
0.141827 45.885600
0.142022 32.343300
0.142217 25.506700
0.142412 44.255600
0.142607 9.709600
0.142801 30.477400
0.142996 27.383800
0.143191 8.863210
0.143386 73.640800
0.143581 7.540030
0.143776 32.676700
0.143970 34.800800
0.144165 8.807470
0.144360 7.006840
0.144555 73.896600
0.144750 37.411400
0.144944 61.652900
0.145139 11.889000
0.145334 30.059500
0.145529 5.939270
0.145724 44.890200
0.145919 8.232030
0.146113 28.421200
0.146308 21.461100
0.146503 18.494000
0.146698 18.629200
0.146893 24.202900
0.147087 12.160500
0.147282 38.901400
0.147477 39.224300
0.147672 72.087800
0.147867 33.800600
0.148062 11.794800
0.148256 19.562100
0.148451 26.863900
0.148646 47.640900
0.148841 7.372490
0.149036 24.568700
0.149230 55.965200
0.149425 4.692390
0.149620 34.890600
0.149815 12.222100
0.150010 45.456100
0.150205 48.136500
0.150399 21.794800
0.150594 23.388600
0.150789 5.317940
0.150984 6.559550
0.151179 38.218800
0.151373 31.369500
0.151568 49.226700
0.151763 6.226180
0.151958 36.645600
0.152153 26.361900
0.152348 20.640600
0.152542 29.851200
0.152737 86.817400
0.152932 81.730900
0.153127 5.191000
0.153322 10.380600
0.153516 73.198900
0.153711 4.156060
0.153906 3.074570
0.154101 33.293800
0.154296 2.307360
0.154491 11.195200
0.154685 40.814600
0.154880 22.373700
0.155075 27.322500
0.155270 29.590500
0.155465 63.112100
0.156244 9.509200
0.156439 13.011300
0.156634 18.541300
0.156828 10.054600
0.157218 26.456100
0.157413 45.054200
0.157608 40.263400
0.157802 13.571500
0.157997 5.429610
0.158192 42.113400
0.158387 10.506100
0.158582 2.838250
0.158777 35.459500
0.158971 76.290500
0.159166 18.992900
0.159361 17.071000
0.159556 29.914800
0.159751 5.818570
0.159945 17.785000
0.160140 5.989470
0.160335 5.522200
0.160530 2.701700
0.160725 28.480000
0.160920 20.380100
0.161114 6.030150
0.161309 12.942500
0.161504 63.258400
0.161699 13.653800
0.161894 46.231100
0.162088 48.943900
0.162283 10.359500
0.162478 38.594300
0.162673 53.433300
0.162868 32.441200
0.163063 42.260200
0.163257 76.126300
0.163452 6.730860
0.163647 18.535500
0.166180 11.312900
0.166374 39.343700
0.166569 3.704190
0.166764 55.121100
0.166959 25.989400
0.167154 12.863400
0.167349 13.772300
0.167543 6.472930
0.167738 23.795800
0.167933 8.157390
0.168128 10.679700
0.168323 1.816150
0.168517 20.400100
0.168712 54.590000
0.168907 21.356300
0.169102 30.282700
0.169297 28.047600
0.169492 14.770700
0.169686 44.409800
0.169881 14.790200
0.170076 33.021000
0.170271 9.951260
0.170466 10.128900
0.170660 14.263900
0.170855 50.844800
0.171050 24.387900
0.171245 72.613800
0.171440 27.941700
0.171635 30.064000
0.171829 14.142200
0.172024 28.927500
0.172219 20.716300
0.172414 19.860700
0.172609 31.239400
0.172803 38.258000
0.172998 65.750800
0.173193 10.030100
0.173388 11.253100
0.173583 27.653700
0.173778 49.610800
0.173972 19.909800
0.174167 15.428800
0.174362 21.576600
0.174557 82.692300
0.174752 7.523030
0.174946 22.975800
0.175141 30.564900
0.175336 9.391230
0.175531 10.338100
0.175726 19.326800
0.175921 36.404300
0.176115 33.562600
0.176310 7.296360
0.176505 9.621630
0.176700 7.327330
0.176895 7.787380
0.177089 4.447050
0.177284 5.544360
0.177479 14.347300
0.177674 46.033800
0.177869 16.211200
0.178064 52.277400
0.178258 5.195580
0.178453 74.072600
0.178648 25.846600
0.178843 32.387200
0.179038 55.765000
0.179232 10.432700
0.179427 27.574100
0.179622 53.016200
0.179817 88.932900
0.180012 9.500780
0.180207 5.361790
0.180401 33.287300
0.180596 25.431400
0.180791 62.493900
0.180986 18.183600
0.181181 20.514400
0.181375 26.215800
0.181570 10.314400
0.181765 15.725400
0.181960 29.988600
0.182155 28.146000
0.182350 2.979290
0.182544 6.415060
0.182739 10.329100
0.182934 29.812300
0.183129 4.998230
0.183324 13.315700
0.183518 9.983310
0.183713 2.707120
0.183908 6.592470
0.184103 9.626880
0.184298 14.267500
0.184492 24.189800
0.184687 4.765900
0.184882 31.088800
0.185077 47.225500
0.185272 52.586200
0.185467 5.797520
0.185661 45.847200
0.185856 19.103900
0.186051 9.443960
0.186246 64.626900
0.186441 9.880230
0.186635 7.581360
0.186830 42.598100
0.187025 24.568100
0.187220 20.387300
0.187415 6.048200
0.187610 8.229340
0.187804 65.655200
0.187999 35.408000
0.188194 12.644200
0.188389 16.456500
0.188584 68.011000
0.188778 49.435000
0.188973 31.855800
0.189168 30.994900
0.189363 7.052620
0.189558 18.358900
0.189753 38.014300
0.189947 7.139640
0.190142 4.878660
0.190337 34.474100
0.190532 66.167600
0.190727 1.531300
0.190921 89.946100
0.191116 44.730900
0.191311 18.569500
0.191506 22.049900
0.191701 4.200930
0.191896 17.858600
0.192285 7.902860
0.192480 10.136100
0.192675 77.278600
0.192870 7.636210
0.193064 4.982940
0.193259 6.022270
0.193454 7.725090
0.193649 23.557100
0.193844 14.856700
0.194039 26.556900
0.194233 19.632400
0.194428 5.666730
0.194623 22.684400
0.194818 49.953800
0.195013 28.713200
0.195207 72.177400
0.195402 6.801990
0.195597 9.629930
0.195792 12.831300
0.195987 9.309780
0.196182 7.512770
0.196376 6.289170
0.196571 7.594210
0.196766 6.700130
0.196961 33.716400
0.197156 20.416100
0.197350 1.925860
0.197545 30.709700
0.197740 42.478500
0.197935 6.985150
0.198130 14.313800
0.198325 7.499790
0.198519 36.387700
0.198714 5.014910
0.198909 67.297900
0.199104 37.352500
0.199299 8.477800
0.199493 13.074400
0.199688 37.352100
0.199883 15.905100
0.200078 22.650500
0.200273 79.336800
0.201831 8.324900
0.202026 14.829600
0.202221 14.739500
0.202416 32.056000
0.202611 9.722510
0.202805 9.548970
0.203000 34.586300
0.203195 3.871220
0.203390 40.529000
0.203585 14.042800
0.203779 3.591310
0.203974 12.620100
0.204169 16.133100
0.204364 18.950200
0.204559 3.979380
0.204754 18.305600
0.204948 6.726020
0.205143 17.571500
0.205338 60.331300
0.205533 14.075300
0.205728 12.961400
0.205922 50.592800
0.206117 8.437560
0.206312 19.369400
0.206507 30.283500
0.206702 13.515700
0.206897 2.569650
0.207091 49.279500
0.207286 35.742000
0.207481 11.543100
0.207676 24.753000
0.207871 21.747300
0.208065 5.318630
0.208260 35.001100
0.208455 16.187200
0.208650 9.418380
0.208845 68.745900
0.209040 61.164000
0.209234 26.536600
0.209429 8.158870
0.209624 33.437200
0.209819 7.130930
0.210014 19.256600
0.210208 13.948300
0.210403 49.514000
0.210598 14.756800
0.210793 31.013000
0.210988 60.093800
0.211183 23.848900
0.211377 20.562600
0.211572 19.880300
0.211767 37.288600
0.211962 16.881100
0.212157 80.368900
0.212351 24.327100
0.212546 48.488200
0.212741 27.183500
0.212936 59.324200
0.213131 41.822300
0.213326 62.004700
0.213520 26.718100
0.213715 4.855160
0.213910 39.073300
0.214105 25.876700
0.214300 14.523000
0.214494 7.567530
0.214689 44.663400
0.214884 37.871700
0.215079 45.968200
0.215274 12.766100
0.215469 33.929400
0.215663 3.783250
0.215858 61.179200
0.216053 22.204100
0.216248 26.306800
0.216443 4.595660
0.216637 13.878300
0.216832 18.375900
0.217027 77.994000
0.217222 62.919100
0.217417 8.018320
0.217612 5.268190
0.217806 33.517200
0.218001 19.604400
0.218196 4.367090
0.218391 45.322500
0.218586 12.715500
0.218975 12.389500
0.219170 36.197500
0.219365 3.617600
0.219560 12.764800
0.219755 11.469600
0.219949 15.127200
0.220144 11.646700
0.220339 52.917300
0.220534 7.074970
0.220729 17.013400
0.220923 6.206470
0.221118 6.743190
0.221313 52.857600
0.221508 74.518900
0.221703 88.160600
0.221898 24.819200
0.222092 17.705600
0.222287 7.395630
0.222482 9.600640
0.222677 31.832500
0.222872 18.784900
0.223066 38.415400
0.223261 8.720630
0.223456 17.016900
0.223651 90.729000
0.223846 5.913350
0.224041 38.567900
0.224235 22.557400
0.224430 5.859980
0.224625 35.073300
0.224820 37.193800
0.225015 5.710230
0.225209 22.904000
0.225404 12.870500
0.225599 53.477300
0.225794 38.484700
0.225989 32.099800
0.226184 23.095100
0.226378 65.029300
0.226573 40.587600
0.226768 24.772100
0.226963 2.350330
0.227158 9.614770
0.227352 24.912200
0.227547 10.637600
0.227742 10.030400
0.227937 18.460700
0.228132 3.757070
0.228327 23.564300
0.228521 18.179300
0.228716 66.903500
0.228911 3.645740
0.229106 1.638140
0.229301 12.531600
0.229495 14.378200
0.229690 30.358600
0.229885 7.332000
0.230080 10.529800
0.230275 12.707200
0.230470 19.618000
0.230664 22.513500
0.230859 50.933400
0.231054 9.743480
0.231249 24.728100
0.231444 3.979810
0.231638 47.738800
0.231833 33.408400
0.232028 18.240800
0.232223 37.040800
0.232418 9.843990
0.232613 3.613440
0.232807 16.900500
0.233002 6.125910
0.233197 42.081200
0.233392 75.292000
0.233587 61.553800
0.233781 20.119400
0.233976 11.393200
0.234171 24.112300
0.234366 50.137600
0.234561 5.955180
0.234756 29.412000
0.234950 11.476000
0.235145 20.714400
0.235340 8.726630
0.235535 2.104210
0.235730 35.397300
0.235924 3.287630
0.236314 11.588400
0.236509 10.410000
0.236704 25.728900
0.236898 36.855900
0.237093 41.365600
0.237288 9.042790
0.237483 18.992500
0.237678 34.543400
0.237873 40.740800
0.238067 30.035200
0.238262 10.424600
0.238457 20.091400
0.238652 19.393400
0.238847 7.150450
0.239041 20.647400
0.239236 9.075260
0.239431 38.198400
0.239626 11.199100
0.239821 5.465630
0.240016 34.662300
0.240210 9.307430
0.240405 10.515500
0.240600 14.232500
0.240795 9.062090
0.240990 11.140000
0.241184 10.437000
0.241379 44.079900
0.241574 30.833700
0.241769 35.038100
0.241964 24.466700
0.242159 1.869960
0.242353 13.637500
0.242548 32.186600
0.242743 7.243710
0.242938 2.534770
0.243133 5.768450
0.243327 54.090600
0.243522 49.526400
0.243717 7.989770
0.243912 21.103600
0.244107 23.334700
0.244302 3.822610
0.244496 24.355700
0.244691 59.531300
0.244886 6.967360
0.245081 29.773700
0.245276 2.160800
0.245470 20.065500
0.245665 11.769900
0.245860 38.371000
0.246055 36.805700
0.246250 10.349200
0.246445 26.362300
0.246639 27.367600
0.246834 78.133600
0.247029 7.178980
0.247224 14.144400
0.247419 34.966600
0.247613 17.414800
0.247808 8.447380
0.248003 23.479600
0.248198 36.374100
0.248393 43.814600
0.248588 10.347200
0.248782 41.728500
0.248977 7.457850
0.249172 9.272560
0.249367 31.004200
0.249562 20.047400
0.249756 9.705440
0.249951 4.727420
0.250146 57.555800
0.250341 33.622500
0.250536 86.625800
0.250731 69.168800
0.250925 61.997800
0.251120 8.523360
0.251315 14.341500
0.251510 39.609800
0.251705 46.017100
0.251899 13.629700
0.252094 19.480800
0.252289 25.190300
0.252484 8.308870
0.252679 9.326430
0.252874 6.769680
0.253068 48.701000
0.253263 11.307700
0.253458 62.597900
0.253653 10.148800
0.253848 9.342790
0.254042 20.647100
0.254237 9.378850
0.254432 9.471270
0.254627 8.133070
0.254822 48.834300
0.255017 23.846700
0.255211 7.055070
0.255406 4.113900
0.255601 14.188500
0.255796 7.789930
0.255991 56.657000
0.256185 8.729740
0.256380 48.328400
0.256575 25.060800
0.256770 8.657550
0.256965 17.038300
0.257160 7.528030
0.257354 9.192970
0.257549 45.672500
0.257744 32.494300
0.257939 11.216300
0.258134 9.674650
0.258328 44.474600
0.258523 30.613500
0.258718 16.737200
0.258913 17.549700
0.259108 5.241220
0.259303 8.742130
0.259497 16.894900
0.259692 7.813290
0.259887 6.900760
0.260082 12.396100
0.260277 63.781700
0.260471 19.552900
0.260861 4.956790
0.261056 29.474800
0.261251 32.302600
0.261446 27.207400
0.261640 36.330100
0.261835 62.104300
0.262030 27.880900
0.262225 7.617940
0.262420 8.927960
0.262614 6.784090
0.262809 18.342700
0.263004 9.942190
0.263199 5.528220
0.263394 25.703900
0.263589 73.204200
0.263783 57.816600
0.263978 6.860390
0.264173 9.786170
0.264368 5.819600
0.264563 52.185000
0.264757 6.945620
0.264952 40.445600
0.265147 15.500600
0.265342 28.590700
0.265537 27.453300
0.265732 36.697600
0.265926 43.175500
0.266121 15.113500
0.266316 7.342740
0.266511 8.569790
0.266706 85.871100
0.266900 2.268430
0.267095 44.953800
0.267290 32.442200
0.267485 32.747500
0.267680 15.972800
0.267875 8.140100
0.268069 14.616700
0.268264 35.720100
0.268459 15.223000
0.268654 44.780200
0.268849 5.475090
0.269043 47.526800
0.269238 40.570900
0.269433 25.650600
0.269628 67.007100
0.269823 35.904200
0.270018 4.622430
0.270212 26.809200
0.270407 15.432400
0.270602 8.293210
0.270797 25.539400
0.270992 36.749300
0.271186 13.150500
0.271381 12.616600
0.271576 18.471600
0.271771 9.549250
0.271966 30.457900
0.272161 19.115700
0.272355 8.187140
0.272550 43.963500
0.272745 10.529900
0.272940 18.983300
0.273135 29.944900
0.273329 17.614500
0.273524 53.737000
0.273719 34.847400
0.273914 52.407700
0.274109 42.610100
0.274304 6.068670
0.274498 8.477890
0.274693 6.025100
0.274888 1.936630
0.275083 14.501700
0.275278 67.798900
0.275472 23.934600
0.275667 15.554900
0.275862 11.698800
0.276057 5.317570
0.276252 62.127900
0.276447 21.573100
0.276641 10.318100
0.276836 24.548400
0.277226 34.730100
0.277421 17.778000
0.277615 4.538470
0.277810 6.637350
0.278005 27.175900
0.278200 7.438280
0.278395 10.040100
0.278590 47.877100
0.278784 9.647550
0.278979 66.731400
0.279174 24.593500
0.279369 28.535900
0.279564 3.062710
0.279758 6.565380
0.279953 46.279100
0.280148 24.770600
0.280343 67.620100
0.280538 5.588960
0.280733 55.998300
0.280927 2.212600
0.281122 7.576600
0.281317 29.592200
0.281512 20.435700
0.281707 8.623170
0.281901 17.891400
0.282096 38.644700
0.282291 6.863250
0.282486 13.831500
0.282681 22.903700
0.282876 12.713300
0.283070 18.190800
0.283265 16.043600
0.283460 26.465700
0.283655 13.784600
0.283850 14.611000
0.284044 9.427030
0.284239 53.011300
0.284434 36.772500
0.284629 13.636000
0.284824 7.726860
0.285019 13.328900
0.285213 7.296080
0.285408 70.036100
0.285603 17.765200
0.285798 16.698100
0.285993 23.518200
0.286187 43.445600
0.286382 22.005900
0.286577 25.125200
0.286772 34.843100
0.286967 34.672200
0.287162 19.905800
0.287356 64.349400
0.287551 51.145600
0.287746 3.729900
0.287941 13.121100
0.288136 13.033100
0.288915 1.772950
0.289110 2.076110
0.289305 54.743200
0.289499 61.912900
0.289694 8.235170
0.289889 23.469000
0.290084 20.430100
0.290279 29.453300
0.290473 56.422000
0.290668 22.133700
0.290863 3.993010
0.291058 38.939300
0.291253 21.079600
0.291447 13.833200
0.291642 52.622100
0.291837 29.546000
0.292032 11.354900
0.292227 20.314300
0.292422 10.120900
0.292616 30.968600
0.292811 32.477000
0.293006 38.639600
0.293201 37.514900
0.293396 21.245600
0.293590 25.262500
0.293785 34.848700
0.293980 42.419800
0.294175 7.075670
0.294370 24.037900
0.294565 29.990800
0.294759 15.526700
0.294954 36.221400
0.295149 20.789100
0.295344 3.400340
0.295539 10.858400
0.295733 11.768700
0.295928 49.402300
0.296123 64.280700
0.296318 46.790800
0.296513 6.181710
0.296708 68.740500
0.296902 6.898080
0.297097 7.258040
0.297292 40.503400
0.297487 20.941400
0.297682 88.748100
0.297876 18.929300
0.298071 16.356700
0.298266 64.813800
0.298461 3.117370
0.298656 7.193540
0.298851 8.231580
0.299045 30.251900
0.299240 61.559800
0.299435 8.229890
0.299630 10.477200
0.299825 4.782290
0.300019 15.859300
0.300214 61.787400
0.300409 41.571800
0.300604 22.455000
0.300799 38.807400
0.300994 33.348700
0.301188 75.715600
0.301383 67.905400
0.301578 23.868800
0.301773 31.352500
0.301968 29.379800
0.302162 1.709090
0.302357 4.651130
0.302552 39.270000
0.302747 70.576200
0.302942 18.695100
0.303137 6.259590
0.303331 8.932130
0.303526 55.282700
0.303721 10.482300
0.303916 5.030690
0.304111 4.118620
0.304305 9.951090
0.304500 7.510810
0.304695 7.512070
0.304890 7.844730
0.305085 16.087800
0.305280 42.479600
0.305474 8.166520
0.305669 15.076500
0.305864 31.202700
0.306059 33.580900
0.306254 6.791640
0.306448 44.431100
0.306643 23.139900
0.306838 7.933120
0.307033 17.099700
0.307228 10.043900
0.307423 5.663650
0.307617 8.717790
0.307812 45.620300
0.308007 14.827700
0.308202 14.495100
0.308397 10.970800
0.308591 31.724300
0.308786 29.360800
0.308981 8.516290
0.309176 3.780690
0.309371 26.331200
0.309566 16.092200
0.309760 57.900400
0.309955 10.481100
0.310150 33.668400
0.310345 5.352200
0.310540 35.622900
0.310734 10.080800
0.310929 8.512600
0.311124 62.322700
0.311319 18.198100
0.311514 31.696600
0.311709 6.395880
0.311903 65.874100
0.312098 3.057080
0.312293 33.111700
0.312488 7.742920
0.312683 32.707800
0.312877 50.213500
0.313072 31.981900
0.313267 10.128100
0.313462 29.960200
0.313657 37.690000
0.313852 55.474500
0.314046 31.146800
0.314241 5.731140
0.314436 7.577400
0.314631 10.024900
0.314826 6.759450
0.315020 10.100000
0.315215 26.744400
0.315410 5.764180
0.315605 7.871790
0.315800 27.612500
0.315995 16.876000
0.316189 34.392200
0.316384 7.077160
0.316579 10.954000
0.316774 23.113700
0.316969 51.934300
0.317163 9.900480
0.317358 14.295400
0.317553 7.493310
0.317748 14.558100
0.317943 56.937300
0.318138 19.089400
0.318332 34.431700
0.318527 27.698100
0.318722 32.342200
0.318917 22.678100
0.319112 22.845600
0.319306 17.876700
0.319501 43.997700
0.319696 11.280100
0.319891 67.121400
0.320086 17.157800
0.320281 35.405600
0.320475 29.148500
0.320670 26.140300
0.320865 4.830070
0.321060 51.982000
0.321255 27.115600
0.321449 23.913000
0.321644 29.660000
0.321839 18.546900
0.322034 17.684900
0.322229 26.889300
0.322424 59.900500
0.322618 52.931000
0.322813 9.136680
0.323008 46.629700
0.323203 41.296500
0.323398 24.387400
0.323592 38.427000
0.323787 15.930900
0.323982 31.798400
0.324177 6.253030
0.324372 31.150100
0.324567 6.644510
0.324761 14.811000
0.324956 23.670600
0.325151 13.690000
0.325346 37.173400
0.325541 18.473800
0.325735 37.528700
0.325930 25.889600
0.326125 22.104100
0.326320 50.001500
0.326515 52.312600
0.326710 14.531500
0.326904 60.954500
0.327099 29.553400
0.327294 14.093000
0.327489 42.652600
0.327684 33.951000
0.327878 13.054900
0.328073 9.217950
0.328268 23.700800
0.328463 31.641200
0.328658 10.852900
0.328853 9.937730
0.329047 5.598400
0.329242 30.708400
0.329437 12.483400
0.329632 18.819200
0.329827 19.771700
0.330021 7.042520
0.330216 9.640160
0.330411 12.846500
0.330606 28.153400
0.330801 9.171920
0.330996 46.545200
0.331190 19.220900
0.331385 9.856370
0.331580 22.744900
0.331775 53.898600
0.331970 95.030100
0.332164 6.961850
0.332359 28.602000
0.332554 9.352410
0.332749 6.315440
0.332944 67.912000
0.333139 41.663200
0.333333 38.306700
0.333528 39.015900
0.333723 5.301710
0.333918 14.545900
0.334113 2.253450
0.334307 5.382530
0.334502 7.646390
0.334697 11.253600
0.334892 21.763200
0.335087 52.653800
0.335282 5.698250
0.335476 5.847770
0.335671 14.982800
0.335866 39.345100
0.336061 52.222200
0.336256 22.944600
0.336450 6.373630
0.336645 22.238600
0.336840 43.939100
0.337035 7.657680
0.337230 56.989000
0.337425 9.138090
0.337619 10.149200
0.337814 7.412920
0.338009 7.956830
0.338204 64.525100
0.338399 10.150400
0.338593 27.756900
0.338788 11.730800
0.338983 85.296600
0.339178 8.373420
0.339373 59.563600
0.339568 13.500400
0.339762 18.675700
0.339957 9.248800
0.340152 59.561700
0.340347 20.927300
0.340542 43.664700
0.340736 6.735240
0.340931 20.674400
0.341126 5.940080
0.341321 50.597000
0.341516 3.034930
0.341711 19.630400
0.341905 35.324200
0.342100 24.282500
0.342295 24.398300
0.342490 24.813600
0.342685 39.439300
0.342879 34.274600
0.343074 53.090100
0.343269 32.188600
0.343464 41.474800
0.343659 23.868700
0.343853 7.512530
0.344048 36.537500
0.344243 56.647300
0.344438 55.301400
0.344633 43.706200
0.344828 1.764410
0.345022 64.369700
0.345217 2.198670
0.345412 9.785880
0.345607 12.287500
0.345802 21.941100
0.345996 10.884500
0.346191 62.655100
0.346386 7.975890
0.346581 12.193600
0.346776 27.725000
0.346971 12.578400
0.347165 53.995800
0.347360 5.823390
0.347555 10.132600
0.347750 15.173900
0.347945 6.266750
0.348139 22.982800
0.348334 46.806700
0.348529 22.989900
0.348724 17.179600
0.348919 50.641700
0.349114 9.609220
0.349308 4.728450
0.349503 11.422400
0.349698 21.365600
0.349893 27.044800
0.350088 13.678300
0.350282 4.043550
0.350477 14.586000
0.350867 8.776500
0.351062 43.391400
0.351257 16.371000
0.351451 7.376770
0.351646 15.274200
0.351841 31.540600
0.352036 5.133410
0.352231 10.889100
0.352425 10.089200
0.352620 27.800700
0.352815 30.995200
0.353010 16.020900
0.353205 25.789200
0.353400 16.539600
0.353594 8.380970
0.353789 31.036300
0.353984 54.754200
0.354179 29.632100
0.354374 26.274500
0.354568 8.202060
0.354763 21.178500
0.354958 66.599600
0.355153 14.765700
0.355348 12.793800
0.355543 21.280300
0.355737 43.527300
0.355932 38.845400
0.356127 88.548000
0.357491 9.805800
0.357686 74.065600
0.357880 24.149500
0.358075 12.068500
0.358270 14.411300
0.358465 26.065200
0.358660 36.181800
0.358854 45.424100
0.359049 43.208700
0.359244 29.957200
0.359439 8.194670
0.359634 14.178100
0.359829 26.058700
0.360023 33.620800
0.360218 29.488400
0.360413 63.887000
0.360608 39.229500
0.360803 23.960700
0.360997 19.056600
0.361192 3.318200
0.361387 44.283400
0.361582 15.126800
0.361777 52.696400
0.361972 13.697600
0.362166 32.612700
0.362361 5.708680
0.362556 26.493300
0.362751 32.649500
0.362946 21.049200
0.363140 32.711400
0.363335 80.908000
0.363530 8.193180
0.363725 9.578550
0.363920 34.635600
0.364115 14.596300
0.364309 8.804000
0.364504 8.905020
0.364699 26.025900
0.364894 60.758700
0.365089 46.235700
0.365283 9.615380
0.365478 15.689000
0.365673 20.118900
0.365868 61.147400
0.366063 30.400100
0.366258 26.719500
0.366452 22.655800
0.366647 19.115600
0.366842 27.152500
0.367037 24.975600
0.367232 7.287140
0.367426 52.529700
0.367621 13.949300
0.367816 2.255110
0.368011 62.092200
0.368206 7.725750
0.368401 13.573800
0.368595 40.385200
0.368790 5.596710
0.368985 14.317500
0.369180 17.620700
0.369375 13.245100
0.369569 7.631590
0.369764 21.910500
0.369959 61.590100
0.370154 73.550800
0.370349 84.152100
0.370544 80.193600
0.370738 49.035300
0.370933 27.922600
0.371128 5.831880
0.371323 50.355100
0.371518 29.032700
0.371712 31.271500
0.371907 5.501060
0.372102 48.095100
0.372297 4.156310
0.372492 77.217600
0.372687 5.677090
0.372881 5.345530
0.373076 66.224500
0.373271 82.762000
0.373466 8.685560
0.373661 37.499000
0.373855 45.633200
0.374050 10.688900
0.374245 14.864700
0.374440 17.027700
0.374635 22.354500
0.375024 14.706400
0.375219 12.900700
0.375414 13.851400
0.375609 9.059120
0.375804 14.897400
0.375998 61.294000
0.376193 7.925370
0.376388 42.326200
0.376583 9.280470
0.376778 7.459710
0.376973 23.179200
0.377167 13.044500
0.377362 14.657100
0.377557 22.871100
0.377752 28.316800
0.377947 8.840750
0.378141 36.546300
0.378336 2.616880
0.378531 35.282300
0.378726 11.180700
0.378921 5.218840
0.379116 8.346730
0.379310 27.236300
0.379505 36.043100
0.379700 43.432200
0.379895 27.197400
0.380090 26.771100
0.380284 71.006200
0.380479 10.867300
0.380674 8.361140
0.380869 11.329900
0.381064 10.507000
0.381259 5.775920
0.381453 6.714970
0.381648 2.569140
0.381843 16.285300
0.382038 4.190780
0.382233 26.033500
0.382427 19.562700
0.382622 42.889400
0.382817 14.425800
0.383012 14.084000
0.383207 15.271200
0.383402 36.958500
0.383596 20.789800
0.383791 53.198200
0.383986 7.005490
0.384181 4.322930
0.384376 18.013800
0.384570 46.950500
0.384765 7.366060
0.384960 29.545400
0.385155 27.975300
0.385350 24.845300
0.385545 28.001700
0.385739 33.011000
0.385934 14.844900
0.386129 35.657700
0.386324 56.018700
0.386519 12.851900
0.386713 29.362100
0.386908 3.528850
0.387103 1.746770
0.387298 36.404600
0.387493 9.802080
0.387688 22.700600
0.387882 26.921900
0.388077 48.219000
0.388272 63.687500
0.388467 30.049000
0.388662 35.448200
0.388856 8.445000
0.389051 5.517110
0.389246 32.224500
0.389441 12.846100
0.389636 9.032060
0.389831 40.451700
0.390025 53.394800
0.390220 63.331000
0.390415 17.860900
0.390610 15.913300
0.390805 7.216270
0.390999 32.634600
0.391194 34.638200
0.391389 5.110210
0.391584 20.690100
0.391779 49.858300
0.391974 35.288600
0.392168 5.068930
0.392363 22.519900
0.392558 17.921200
0.392753 60.596000
0.392948 12.378600
0.393142 15.093800
0.393337 10.341500
0.393532 25.066700
0.393727 25.270300
0.393922 8.969740
0.394117 62.079800
0.394311 6.665880
0.394506 23.157200
0.394701 11.291400
0.394896 11.638800
0.395091 4.604110
0.395285 15.379500
0.395480 32.795600
0.395675 5.424050
0.395870 23.402600
0.396065 19.933600
0.396259 34.837800
0.397039 7.409500
0.397234 7.296770
0.397428 14.508400
0.397623 31.185300
0.397818 41.845000
0.398013 40.750800
0.398208 40.380200
0.398402 62.390300
0.398597 5.213870
0.398792 42.876600
0.398987 89.087900
0.399182 10.132700
0.399377 12.818500
0.399571 43.528200
0.399766 74.785200
0.399961 62.916700
0.400156 17.635900
0.400351 50.499100
0.400545 6.166060
0.400740 12.764900
0.400935 21.968000
0.401130 34.679300
0.401325 10.254900
0.401520 16.916100
0.401714 32.795200
0.401909 7.432710
0.402104 19.738100
0.402299 10.195900
0.402494 60.950600
0.402688 25.934300
0.402883 42.845600
0.403078 23.094000
0.403273 7.399490
0.403468 21.474500
0.403663 50.189100
0.403857 48.024100
0.404052 57.858900
0.404247 10.391300
0.404442 36.802300
0.404637 12.545700
0.404831 7.256040
0.405026 13.962900
0.405221 24.122400
0.405416 29.278800
0.405611 24.868300
0.405806 55.206800
0.406000 12.877800
0.406195 59.282100
0.406390 6.400890
0.406585 40.772400
0.406780 25.199300
0.406974 7.695730
0.407169 5.770140
0.407364 18.488900
0.407559 67.592700
0.407754 44.583700
0.407949 14.203200
0.408143 43.408500
0.408338 28.195800
0.408533 24.795100
0.408728 22.194500
0.408923 40.848700
0.409117 13.913800
0.409312 24.218900
0.409507 30.324800
0.409702 39.875600
0.409897 8.876040
0.410092 34.324100
0.410286 22.620600
0.410481 5.853470
0.410676 8.836210
0.410871 11.438100
0.411066 8.401400
0.411260 3.880250
0.411455 22.325400
0.411650 18.451400
0.411845 25.974300
0.412040 27.785600
0.412235 14.530900
0.412429 37.404500
0.412624 22.085600
0.412819 12.722900
0.413014 31.414400
0.413209 42.581200
0.413403 23.773300
0.413598 9.999270
0.413793 1.773100
0.413988 6.509920
0.414183 44.641600
0.414378 46.842700
0.414572 14.963300
0.414767 5.457870
0.414962 55.406000
0.415157 4.959010
0.415352 20.805100
0.415546 24.061200
0.415741 56.392000
0.415936 59.724300
0.416131 7.790520
0.416326 13.205800
0.416521 8.085870
0.416715 9.655980
0.416910 22.005200
0.417105 42.972100
0.417300 12.616500
0.417495 5.451190
0.417689 8.078540
0.417884 20.409800
0.418079 75.565600
0.418274 7.561950
0.418469 42.389700
0.418664 9.945950
0.418858 20.122900
0.419053 21.522600
0.419248 19.827900
0.419443 7.563530
0.419638 4.042900
0.419832 22.817000
0.420027 10.484700
0.420222 8.759640
0.420417 19.565900
0.420612 31.753400
0.420807 69.265000
0.421001 5.045930
0.421196 4.712480
0.421391 23.339900
0.421586 14.634800
0.421781 24.533700
0.421975 17.546400
0.422170 73.782200
0.422365 12.867200
0.422560 29.051300
0.422755 17.323000
0.422950 33.759300
0.423144 32.064000
0.423339 28.512700
0.423534 10.621100
0.423729 52.614600
0.423924 18.833800
0.424118 30.875700
0.424313 20.074500
0.424508 9.555740
0.424703 12.610400
0.424898 9.132000
0.425093 7.159700
0.425287 66.204900
0.425482 2.502430
0.425677 7.002160
0.425872 83.853300
0.426067 12.639300
0.426261 1.809080
0.426456 34.098600
0.426651 8.369170
0.426846 9.601970
0.427041 12.507400
0.427430 7.896340
0.427625 12.630400
0.427820 5.196690
0.428015 10.790400
0.428210 53.458200
0.428404 65.164900
0.428599 2.211490
0.428794 14.055000
0.428989 33.593500
0.429184 6.614030
0.429379 7.757670
0.429573 52.996400
0.429768 7.885420
0.429963 24.685000
0.430158 9.903460
0.430353 17.222800
0.430547 21.861700
0.430742 5.988820
0.430937 61.484300
0.431132 23.957600
0.431327 9.497110
0.431522 29.642200
0.431716 10.903200
0.431911 5.961680
0.432106 33.722100
0.432301 63.203600
0.432496 3.681390
0.432690 32.567600
0.432885 10.780400
0.433080 9.662060
0.433470 48.711300
0.433665 6.126190
0.433859 35.630300
0.434054 36.102700
0.434249 13.363100
0.434444 3.675100
0.434639 28.588400
0.434833 3.031180
0.435028 57.738300
0.435223 49.175000
0.435418 5.822050
0.435613 1.800420
0.435808 11.109300
0.436002 33.484300
0.436197 7.792640
0.436392 52.951400
0.436587 17.838900
0.436782 30.156400
0.436976 7.606060
0.437171 68.257000
0.437366 62.785300
0.437561 7.124450
0.437756 30.340300
0.437951 17.433300
0.438145 9.688380
0.438340 36.090600
0.438535 5.490830
0.438730 1.805960
0.438925 18.236400
0.439119 5.816860
0.439314 6.202200
0.439509 26.610000
0.439704 4.617920
0.439899 9.578020
0.440094 36.773700
0.440288 47.463300
0.440483 12.952400
0.440678 31.812000
0.440873 65.423400
0.441068 17.552300
0.441262 32.877300
0.441457 21.914600
0.441847 15.674100
0.442042 10.265400
0.442237 22.379300
0.442431 16.856900
0.442626 17.434300
0.442821 9.373440
0.443016 16.018400
0.443211 14.361300
0.443405 7.297710
0.443600 8.389360
0.443795 9.745010
0.443990 7.012840
0.444185 37.084400
0.444380 63.730700
0.444574 14.755000
0.444769 22.871800
0.444964 8.249570
0.445354 21.135500
0.445548 12.818100
0.445743 26.055300
0.445938 6.944100
0.446133 7.318430
0.446328 23.508900
0.446523 6.441430
0.446717 32.775900
0.446912 9.714570
0.447107 7.695640
0.447302 19.336700
0.447497 19.392000
0.447691 29.712100
0.447886 3.279590
0.448081 41.624300
0.448276 65.742100
0.448471 24.884000
0.448665 49.092500
0.448860 20.719300
0.449055 13.335300
0.449250 3.788110
0.449445 16.627300
0.449640 16.950300
0.449834 46.179500
0.450029 8.329430
0.450224 4.243940
0.450419 22.529900
0.450614 8.897610
0.450808 17.177800
0.451003 30.835900
0.451198 32.096800
0.451393 60.603300
0.451588 8.296810
0.451783 15.338100
0.451977 26.280000
0.452172 26.216900
0.452367 11.763800
0.452562 10.936700
0.452757 11.028000
0.452951 20.186300
0.453146 6.960940
0.453341 10.424300
0.453536 15.278100
0.453731 88.495000
0.453926 1.849710
0.454120 10.989000
0.454315 14.424900
0.454510 13.758200
0.454705 40.595700
0.454900 67.942400
0.455094 18.259000
0.455289 33.984700
0.455484 8.701270
0.455679 18.883600
0.455874 9.180010
0.456069 28.677800
0.456263 58.546600
0.456458 39.823800
0.456653 9.604190
0.456848 10.603800
0.457043 40.700100
0.457237 34.277300
0.457432 11.396700
0.457627 52.096300
0.457822 8.007750
0.458017 49.268300
0.458212 8.569260
0.458406 8.664790
0.458601 18.718300
0.458796 37.973800
0.458991 47.062200
0.459186 42.791200
0.459380 7.174270
0.459575 45.364800
0.459770 11.891600
0.459965 47.084600
0.460160 13.454700
0.460355 28.107400
0.460549 6.640340
0.460744 32.688800
0.460939 50.764500
0.461134 33.477200
0.461329 23.524100
0.461523 17.724800
0.461718 18.187700
0.461913 42.510000
0.462108 20.465600
0.462303 26.333400
0.462498 73.054900
0.462692 4.245310
0.462887 21.073300
0.463082 11.481100
0.463277 17.381800
0.463472 22.199900
0.463666 7.516950
0.463861 23.993200
0.464056 8.424400
0.464251 42.987300
0.464446 21.766100
0.464641 12.860700
0.464835 3.958000
0.465030 12.021600
0.465225 11.883400
0.465420 11.954100
0.465615 7.495760
0.465809 6.842400
0.466004 34.313500
0.466199 12.340800
0.466394 56.356500
0.466589 40.682000
0.466784 29.728100
0.466978 17.989300
0.467173 59.224600
0.467368 87.019300
0.467563 18.314100
0.467758 20.664300
0.467952 7.140270
0.468147 25.448100
0.468342 10.665500
0.468537 9.308380
0.468732 9.067430
0.468927 9.230760
0.469121 11.645800
0.469316 27.493600
0.469511 82.841700
0.469706 16.415600
0.469901 10.737600
0.470095 20.973500
0.470290 2.595910
0.470485 27.986200
0.470680 27.380800
0.470875 21.719800
0.471070 84.028200
0.471264 35.974200
0.471459 40.643700
0.471654 2.423870
0.471849 22.914600
0.472044 3.821700
0.472238 49.591100
0.472433 35.942600
0.472628 5.324870
0.472823 19.118200
0.473018 42.870500
0.473213 5.239430
0.473407 45.301300
0.473602 25.300000
0.473797 68.343800
0.473992 5.378960
0.474187 3.536380
0.474381 28.362700
0.474576 36.639400
0.474771 21.881000
0.474966 3.942330
0.475161 21.299100
0.475356 30.523800
0.475550 6.365210
0.475745 13.965300
0.475940 6.359090
0.476135 68.994000
0.476330 13.908500
0.476524 6.536470
0.476719 73.359100
0.476914 45.232500
0.477109 65.062000
0.477304 35.611900
0.477499 22.870900
0.477693 5.382080
0.477888 53.619300
0.478083 33.362800
0.478278 11.311800
0.478473 9.644090
0.478667 69.041100
0.478862 47.478100
0.479057 26.508600
0.479252 35.532900
0.479447 14.030300
0.479642 5.315160
0.479836 7.597660
0.480031 15.819300
0.480226 8.876790
0.480421 15.871000
0.480616 1.968160
0.480810 19.470200
0.481005 17.283900
0.481200 27.549300
0.481395 41.899300
0.481590 32.044300
0.481785 6.987920
0.481979 49.580400
0.482174 8.169290
0.482369 17.462000
0.482564 38.226100
0.482759 12.814700
0.482953 54.953800
0.483148 9.022900
0.483343 27.789500
0.483538 13.520000
0.483733 9.972110
0.483928 12.774900
0.484122 6.946500
0.484317 9.768650
0.484512 50.713800
0.484707 8.949440
0.484902 7.697480
0.485096 17.059100
0.485291 12.917000
0.485486 13.108600
0.485681 11.484000
0.485876 18.383200
0.486071 22.956700
0.486265 30.061200
0.486460 28.306200
0.486655 8.671850
0.486850 16.548200
0.487045 68.160000
0.487239 26.605700
0.487434 4.532470
0.487629 9.933260
0.487824 23.594600
0.488019 41.118000
0.488214 7.527340
0.488408 17.883100
0.488603 10.820600
0.488798 6.821030
0.488993 44.197200
0.489188 33.043700
0.489382 9.351410
0.489577 98.260900
0.489772 44.017100
0.489967 17.363900
0.490162 16.405600
0.490357 33.878500
0.490551 23.692500
0.490746 18.317600
0.490941 3.715110
0.491136 18.960300
0.491331 45.670400
0.491525 16.512000
0.491720 3.157660
0.491915 7.520500
0.492110 14.000000
0.492305 46.877200
0.492500 25.062600
0.492694 29.698700
0.492889 11.454100
0.493084 27.175600
0.493279 68.072600
0.493474 4.597650
0.493668 38.578900
0.493863 36.954600
0.494058 26.089300
0.494253 6.764610
0.494448 14.299000
0.494643 4.347770
0.494837 35.383600
0.495032 31.403400
0.495227 15.966000
0.495422 35.068500
0.495617 44.338800
0.495811 6.329700
0.496006 19.506800
0.496201 25.559300
0.496396 50.129800
0.496591 41.634000
0.496786 9.353690
0.496980 12.805600
0.497175 27.339900
0.497370 83.414500
0.497565 15.903700
0.497760 7.689830
0.497954 35.333800
0.498149 10.902800
0.498344 52.799800
0.498539 12.025700
0.498734 61.832400
0.498929 23.060700
0.499123 11.797200
0.499318 43.441900
0.499513 5.275150
0.499708 22.562600
0.499903 16.260400
0.500097 7.075860
0.500292 17.922900
0.500487 36.763000
0.500682 35.543600
0.500877 27.863700
0.501071 22.049400
0.501266 7.355200
0.501461 24.782600
0.501656 4.502190
0.501851 48.018100
0.502046 31.508900
0.502240 5.537990
0.502435 40.062800
0.502630 9.372130
0.502825 18.415900
0.503020 8.495880
0.503214 36.756400
0.503409 8.886750
0.503604 2.189070
0.503799 4.086690
0.503994 77.502200
0.504189 37.220700
0.504383 27.705300
0.504578 34.473300
0.504773 9.254340
0.504968 65.531100
0.505163 20.917500
0.505357 55.247900
0.505552 32.528800
0.505747 14.752900
0.505942 13.293900
0.506137 10.026700
0.506332 15.364500
0.506526 36.342100
0.506721 24.778400
0.506916 41.159300
0.507111 9.728710
0.507306 58.009900
0.507500 42.849000
0.507695 20.223400
0.507890 15.023800
0.508085 21.157600
0.508280 70.800900
0.508475 75.088500
0.508669 45.163100
0.508864 22.806200
0.509059 51.147300
0.509254 14.269300
0.509449 33.956500
0.509643 45.510800
0.511007 67.417800
0.511202 9.193000
0.511397 20.755600
0.511592 13.303300
0.511786 14.614100
0.511981 67.537500
0.512176 28.980900
0.512371 43.751800
0.512566 29.788000
0.512761 7.100420
0.512955 59.635000
0.513150 59.564900
0.513345 20.491400
0.513540 12.048500
0.513735 73.923000
0.513929 23.139100
0.514124 11.788200
0.514319 22.580700
0.514514 27.384100
0.514709 28.121300
0.514904 3.371570
0.515098 12.047500
0.515293 10.329900
0.515488 7.011990
0.515683 51.982700
0.515878 26.178900
0.516072 38.651700
0.516267 33.568200
0.516462 4.669230
0.516657 55.544800
0.516852 9.288290
0.517047 29.072400
0.517241 4.577440
0.517436 7.932440
0.517631 26.118600
0.517826 59.066000
0.518021 18.227700
0.518215 20.461500
0.518410 4.191470
0.518605 5.914210
0.518800 50.852100
0.518995 9.395510
0.519190 7.300510
0.519384 1.901740
0.519579 29.437800
0.519774 28.493400
0.519969 3.617840
0.520164 39.653900
0.520358 39.125400
0.520553 32.615500
0.520748 2.386330
0.521138 25.992200
0.521333 2.937360
0.521527 2.106310
0.521722 8.012120
0.521917 12.999100
0.522112 12.971700
0.522307 32.656600
0.522501 16.333200
0.522696 13.636800
0.522891 21.223300
0.523086 7.334020
0.523281 23.820200
0.523476 36.187800
0.523670 7.482850
0.523865 13.613000
0.524060 14.678600
0.524255 10.267900
0.524450 57.072200
0.524644 7.689700
0.524839 44.304100
0.525034 11.055400
0.525229 9.248400
0.525424 26.166900
0.525619 23.113500
0.525813 11.791000
0.526008 5.370610
0.526203 8.075830
0.526398 57.949200
0.526593 18.170400
0.526787 5.401410
0.526982 21.581700
0.527177 8.355070
0.527372 6.663510
0.527567 10.187100
0.527762 14.688600
0.527956 4.665000
0.528151 3.364790
0.528346 14.338700
0.528541 19.670000
0.528736 31.153200
0.528930 37.485900
0.529125 32.582700
0.529320 48.482300
0.529515 58.260000
0.529710 46.885500
0.529905 6.231270
0.530099 4.692000
0.530294 63.455900
0.530489 2.940930
0.530684 38.407300
0.530879 7.894610
0.531073 18.855300
0.531268 15.547100
0.531463 49.669800
0.531658 3.419700
0.531853 9.363930
0.532048 10.179600
0.532242 5.070650
0.532437 7.697590
0.532632 17.245500
0.532827 19.098200
0.533022 31.424100
0.533216 19.074700
0.533411 35.530900
0.533606 63.423600
0.533801 4.815490
0.533996 74.183500
0.534191 41.515600
0.534385 31.821600
0.534580 23.347700
0.534775 19.852400
0.534970 57.107900
0.535165 10.300900
0.535359 17.156500
0.535554 43.766900
0.535749 8.301370
0.535944 8.118870
0.536139 22.026600
0.536334 10.081800
0.536528 58.358900
0.536723 21.523200
0.536918 14.991400
0.537113 10.286300
0.537308 3.289150
0.537502 28.400000
0.537697 20.651300
0.537892 33.110400
0.538087 25.115800
0.538282 8.083790
0.538477 7.275950
0.538671 2.568670
0.538866 63.281500
0.539061 14.276200
0.539256 22.779700
0.539451 5.814720
0.539645 35.138900
0.539840 24.478000
0.540035 3.293730
0.540230 42.939200
0.540425 35.668300
0.540620 26.443000
0.540814 58.265600
0.541009 16.248200
0.541204 47.113500
0.541399 90.317700
0.541594 5.883310
0.541788 41.991500
0.541983 17.113900
0.542178 31.074500
0.542373 10.790600
0.542568 5.578930
0.542763 18.705800
0.542957 8.975600
0.543152 16.085800
0.543347 87.691800
0.543542 56.973500
0.543737 23.665300
0.543931 5.533960
0.544126 10.793100
0.544321 41.320000
0.544516 20.756300
0.544711 18.206100
0.544906 21.180000
0.545100 14.713100
0.545295 6.254950
0.545490 14.632300
0.545685 4.639400
0.545880 61.244100
0.546074 4.181870
0.546269 24.664200
0.546464 23.892900
0.546659 14.763900
0.546854 10.156300
0.547049 6.174040
0.547243 31.091600
0.547438 18.554100
0.547633 47.133600
0.547828 80.081100
0.548023 6.586680
0.548217 10.600000
0.548412 12.570900
0.548607 30.993700
0.548802 5.889560
0.548997 20.965900
0.549192 11.184100
0.549386 6.364180
0.549581 23.899300
0.549776 18.470400
0.549971 29.947800
0.550166 58.086200
0.550360 24.359600
0.550555 39.389000
0.550750 15.165500
0.550945 52.211000
0.551140 18.696900
0.551335 20.092500
0.551529 39.159000
0.551724 15.261700
0.551919 4.195280
0.552114 6.337670
0.552309 5.770530
0.552503 7.379920
0.552698 20.992600
0.552893 15.368800
0.553088 36.347000
0.553283 35.870800
0.553477 9.244290
0.553672 33.843100
0.553867 56.947700
0.554062 6.363530
0.554257 11.573200
0.554452 46.588100
0.554646 48.759700
0.554841 14.815100
0.555036 34.423800
0.555231 3.106010
0.555426 36.425900
0.555620 6.424490
0.555815 15.471500
0.556010 8.464400
0.556205 63.204300
0.556400 19.500800
0.556595 13.316300
0.556789 11.088200
0.556984 10.955300
0.557179 9.710520
0.557374 63.145700
0.557569 21.011600
0.557763 8.084490
0.557958 9.200980
0.558153 9.758890
0.558348 66.924600
0.558543 38.488000
0.558738 22.477500
0.558932 34.147100
0.559127 8.676100
0.559322 30.679400
0.559517 6.853410
0.559712 33.414700
0.559906 9.549570
0.560101 13.701000
0.560296 15.722200
0.560491 8.437360
0.560686 8.495980
0.560881 87.019000
0.561075 30.899300
0.561270 21.717200
0.561465 15.187900
0.561660 35.496900
0.561855 6.611350
0.562049 40.064800
0.562244 8.760310
0.562439 48.804500
0.562634 33.719000
0.562829 39.251900
0.563024 94.424000
0.563218 41.866600
0.563413 2.259530
0.563608 58.776800
0.563803 59.557900
0.563998 49.178300
0.564192 8.727050
0.564387 40.372700
0.564582 38.280400
0.564777 52.888300
0.564972 25.456100
0.565167 42.872200
0.565361 8.841630
0.565556 40.395700
0.565751 38.745300
0.565946 13.791900
0.566141 52.998600
0.566335 8.562860
0.566530 71.349000
0.566725 8.047130
0.566920 8.047510
0.567115 6.869810
0.567310 36.231600
0.567504 8.585380
0.567699 44.542800
0.567894 55.228400
0.568089 12.659000
0.568284 28.646000
0.568478 20.793500
0.568673 15.224700
0.568868 57.861400
0.569063 15.331100
0.569258 10.699900
0.569647 59.868300
0.569842 5.225140
0.570037 31.766000
0.570232 23.269700
0.570427 9.965290
0.570621 23.370700
0.570816 7.145040
0.571011 27.888900
0.571206 49.011200
0.571401 9.198980
0.571596 23.771600
0.571790 39.330100
0.572180 20.811000
0.572375 8.237210
0.572570 9.294710
0.572764 31.065000
0.572959 4.257660
0.573154 13.707200
0.573349 35.488600
0.573544 11.980600
0.573739 39.294600
0.573933 9.068920
0.574128 1.680460
0.574323 30.698800
0.574518 44.817200
0.574713 44.293000
0.574907 16.186700
0.575102 18.260900
0.575297 32.348800
0.575492 18.998000
0.575687 17.543600
0.575882 18.535100
0.576076 6.046250
0.576271 15.722900
0.576466 18.063900
0.576661 14.532900
0.576856 7.140320
0.577050 8.957130
0.577245 44.585500
0.577440 4.367650
0.577635 4.544690
0.577830 20.524100
0.578025 14.366700
0.578219 60.628000
0.578414 17.896700
0.578609 16.230400
0.578804 17.789500
0.578999 6.700630
0.579193 70.984900
0.579388 10.095100
0.579583 29.086000
0.579778 32.353400
0.579973 14.497200
0.580168 93.716000
0.580362 18.542000
0.580557 8.899440
0.580752 3.620710
0.580947 7.578300
0.581142 27.959000
0.581336 10.896700
0.581531 1.667480
0.581726 33.735000
0.581921 9.553560
0.582116 17.308400
0.582311 31.135400
0.582505 25.548900
0.582700 1.709620
0.582895 94.771200
0.583090 22.620700
0.583285 55.633100
0.583479 67.645300
0.583674 39.591600
0.583869 21.397400
0.584064 49.108400
0.584259 8.988770
0.584454 7.533040
0.584648 19.307100
0.584843 6.561920
0.585038 8.979550
0.585233 15.566600
0.585428 28.423800
0.585622 21.003900
0.585817 14.386200
0.586012 24.688300
0.586207 59.046100
0.586402 10.047600
0.586597 55.589100
0.586791 9.777210
0.586986 26.059400
0.587181 27.499100
0.587376 29.319300
0.587571 9.197970
0.587765 69.289300
0.587960 6.594630
0.588155 5.953140
0.588350 55.406700
0.588545 27.727000
0.588740 3.978380
0.588934 5.601860
0.589129 25.360400
0.589324 42.387700
0.589519 10.158700
0.589714 18.841100
0.589908 15.662200
0.590103 1.636160
0.590298 16.695900
0.590493 3.344570
0.590688 77.816000
0.590883 32.116100
0.591077 12.315400
0.591272 34.214800
0.591467 9.208850
0.591662 5.110650
0.591857 35.849300
0.592051 21.365500
0.592246 34.329800
0.592441 11.016300
0.592636 52.053000
0.592831 20.689400
0.593026 6.772460
0.593220 63.882300
0.593415 8.682360
0.593610 11.037800
0.593805 28.304900
0.594000 19.380600
0.594194 7.417350
0.594389 5.818560
0.594584 36.072700
0.594779 6.302960
0.594974 50.137300
0.595169 21.289100
0.595363 11.360100
0.595558 10.749000
0.595753 23.228900
0.595948 7.802320
0.596143 7.486130
0.596337 7.096600
0.596532 41.775200
0.596727 27.910900
0.596922 43.029400
0.597117 6.499770
0.597312 22.143100
0.597506 7.340700
0.597701 8.794380
0.597896 14.254200
0.598091 61.366400
0.598286 10.992100
0.598480 48.311300
0.598675 13.893400
0.598870 21.473000
0.599065 44.388000
0.599260 9.141630
0.599455 18.570800
0.599649 22.320200
0.599844 11.312000
0.600039 33.220400
0.600234 27.423300
0.600429 9.789900
0.600623 17.518900
0.600818 66.904300
0.601013 15.476200
0.601208 50.336100
0.601403 53.277600
0.601598 8.460250
0.601792 13.793900
0.601987 24.062400
0.602182 5.870190
0.602377 61.119000
0.602572 23.812500
0.602766 30.347000
0.602961 92.554700
0.603156 7.053240
0.603351 68.306700
0.603546 50.815200
0.603741 16.690800
0.603935 64.259800
0.604130 18.615500
0.604325 52.684400
0.604520 8.477310
0.604715 32.054600
0.604909 42.105700
0.605104 34.484300
0.605299 13.704900
0.605494 44.635600
0.605689 8.006480
0.605883 50.067800
0.606078 15.475900
0.606273 24.872300
0.606468 11.320100
0.606663 59.269800
0.606858 10.145300
0.607052 6.144530
0.607247 5.092890
0.607442 31.552100
0.607637 9.556100
0.607832 7.343630
0.608026 7.219840
0.608221 12.365900
0.608416 6.844150
0.608611 13.654700
0.608806 6.445330
0.609001 10.053900
0.609195 18.733700
0.609390 42.596000
0.609585 17.747500
0.609780 10.113300
0.609975 38.350400
0.610169 12.012800
0.610364 6.251390
0.610559 54.318300
0.610754 5.327960
0.610949 47.874300
0.611144 55.727400
0.611338 25.080900
0.611533 43.500800
0.611728 44.301600
0.611923 22.255800
0.612118 9.749930
0.612312 22.215400
0.612507 72.325500
0.612702 10.752700
0.612897 66.065100
0.613092 69.588900
0.613287 8.692220
0.613481 5.381120
0.613676 76.153000
0.613871 7.978470
0.614066 38.266900
0.614261 8.982620
0.614455 3.975610
0.614650 6.256920
0.614845 26.623300
0.615040 9.572810
0.615235 24.376100
0.615430 76.153100
0.615624 12.884100
0.615819 40.452700
0.616014 17.371100
0.616209 27.901600
0.616404 24.016300
0.616598 19.596900
0.616793 30.562800
0.616988 3.945880
0.617183 25.831500
0.617378 16.691100
0.617573 14.433200
0.617767 17.633400
0.617962 24.641800
0.618157 30.382400
0.618352 9.434960
0.618547 38.532400
0.618741 15.247900
0.618936 26.845200
0.619131 22.267100
0.619326 14.566200
0.619521 7.768170
0.619716 24.352600
0.619910 19.570000
0.620105 12.804300
0.620300 50.262100
0.620495 11.720700
0.620690 16.076200
0.620884 21.073800
0.621079 23.451600
0.621274 10.854300
0.621469 37.208600
0.621664 26.750800
0.621859 11.066400
0.622053 10.138200
0.622248 41.029800
0.622443 37.244200
0.622638 5.967820
0.622833 39.851500
0.623027 35.649200
0.623222 25.653900
0.623417 8.638310
0.623612 71.843400
0.623807 9.329000
0.624002 24.293600
0.624196 53.442800
0.624391 47.279800
0.624586 27.071100
0.624781 8.482080
0.624976 6.602250
0.625170 16.607700
0.625365 34.985400
0.625560 4.104010
0.625755 14.982400
0.625950 27.102300
0.626145 17.201100
0.626339 25.505200
0.626534 27.120300
0.626729 52.707000
0.626924 73.014400
0.627119 2.797140
0.627313 14.209000
0.627508 17.849000
0.627703 5.695900
0.627898 10.050700
0.628093 4.225280
0.628288 26.778400
0.628482 48.324500
0.628677 26.196300
0.628872 32.646100
0.629067 29.137200
0.629262 13.631200
0.629456 42.777800
0.629651 24.491600
0.629846 79.419600
0.630041 47.161000
0.630236 33.489700
0.630431 8.496360
0.630625 7.601100
0.630820 22.942600
0.631015 56.252400
0.631210 23.672200
0.631405 10.186000
0.631599 24.937100
0.631794 17.479700
0.631989 60.389600
0.632184 41.482500
0.632379 1.726710
0.632574 23.270400
0.632768 6.544520
0.632963 7.007230
0.633158 74.322300
0.633353 20.131100
0.633548 26.844500
0.633742 4.893660
0.633937 7.812090
0.634132 33.577500
0.634327 35.060900
0.634522 69.120500
0.634717 22.729300
0.634911 10.409700
0.635106 21.676400
0.635301 1.740260
0.635496 6.592950
0.635691 41.022000
0.635885 1.851090
0.636080 33.283800
0.636275 16.425100
0.636470 11.823100
0.636665 10.477600
0.636860 6.020360
0.637054 24.395600
0.637249 16.968500
0.637444 27.563900
0.637639 30.365200
0.637834 18.406000
0.638028 5.117680
0.638223 8.727590
0.638418 10.684000
0.638613 25.429600
0.638808 78.061000
0.639003 5.557610
0.639197 40.328100
0.639392 11.631800
0.639587 17.353000
0.639782 7.029610
0.639977 13.603400
0.640171 39.857500
0.640366 21.048500
0.640561 1.810670
0.640756 29.789700
0.640951 56.679800
0.641146 44.116600
0.641340 24.639100
0.641535 32.653000
0.641730 62.609000
0.641925 6.691380
0.642120 30.308700
0.642314 27.237900
0.642509 60.666500
0.642704 16.756700
0.642899 65.834500
0.643094 53.959800
0.643289 23.846200
0.643483 9.043240
0.643678 4.458820
0.643873 49.974300
0.644068 7.383580
0.644263 28.586800
0.644457 43.078600
0.644652 6.296220
0.644847 78.412300
0.645042 8.153350
0.645237 50.752400
0.645432 26.364700
0.645626 14.821900
0.645821 3.455820
0.646016 76.196000
0.646211 20.224900
0.646406 27.709000
0.646600 11.249500
0.646795 19.265400
0.646990 8.140160
0.647185 47.777900
0.647380 5.598830
0.647575 22.386400
0.647769 12.915600
0.647964 8.317200
0.648159 56.824400
0.648354 59.945900
0.648549 7.874290
0.648743 53.896300
0.648938 55.888200
0.649133 23.715100
0.649328 5.058060
0.649523 15.486100
0.649718 29.121400
0.649912 56.796000
0.650107 15.737900
0.650302 28.332700
0.650497 22.148000
0.650692 8.774390
0.650886 6.540800
0.651081 9.753710
0.651276 33.108000
0.651471 22.632300
0.651666 3.953530
0.651861 3.139090
0.652055 27.285800
0.652250 50.840800
0.652445 26.586300
0.652640 16.319100
0.652835 54.278800
0.653029 18.782000
0.653224 1.788520
0.653419 58.470600
0.653614 69.652800
0.653809 12.907900
0.654004 43.335300
0.654198 8.720620
0.654393 60.995100
0.654588 66.309500
0.654783 29.233900
0.654978 5.102760
0.655172 86.177600
0.655367 18.547300
0.655562 26.726600
0.655757 7.693410
0.655952 29.940500
0.656147 12.442900
0.656341 23.484400
0.656536 7.740410
0.656731 9.150690
0.656926 61.868600
0.657121 34.235100
0.657315 5.045600
0.657510 65.733600
0.657705 28.323300
0.657900 24.361000
0.658095 7.429870
0.658289 6.218130
0.658484 60.503000
0.658679 23.593700
0.658874 2.872010
0.659069 17.256200
0.659264 12.422400
0.659458 55.672300
0.659653 23.911400
0.659848 2.256270
0.660043 24.995800
0.660238 9.563410
0.660432 5.591380
0.660627 7.418590
0.660822 13.878100
0.661017 6.169490
0.661212 6.375110
0.661407 4.695230
0.661601 30.624100
0.661796 3.274690
0.661991 20.824200
0.662186 8.434810
0.662381 14.838800
0.662575 4.901680
0.662770 14.773300
0.662965 25.709800
0.663160 30.990000
0.663355 32.978300
0.663550 28.855100
0.663744 34.925300
0.663939 8.755850
0.664134 43.352600
0.664329 9.848020
0.664524 23.611900
0.664718 32.910700
0.664913 10.648400
0.665108 35.463700
0.665303 22.113800
0.665498 13.027700
0.665693 69.428900
0.665887 24.581100
0.666082 66.816400
0.666277 29.507100
0.666472 9.326480
0.666667 8.436670
0.666861 34.319200
0.667056 12.070600
0.667251 48.286600
0.667446 33.219800
0.667641 33.761500
0.667836 21.529500
0.668030 17.425600
0.668225 54.969100
0.668420 4.819270
0.668615 38.483200
0.668810 6.531060
0.669004 49.635400
0.669199 10.101500
0.669394 11.716100
0.669589 53.616900
0.669784 40.258700
0.669979 19.540700
0.670173 3.350850
0.670368 14.928800
0.670563 11.275400
0.670758 5.271490
0.670953 33.268000
0.671147 77.875500
0.671342 11.831700
0.671537 5.401440
0.671732 72.865500
0.671927 15.704500
0.672122 2.921600
0.672316 8.274300
0.672511 17.946500
0.672706 70.161800
0.672901 15.614800
0.673290 23.825800
0.673485 9.972250
0.673680 34.258800
0.673875 11.279400
0.674070 9.892310
0.674265 13.322600
0.674459 9.034550
0.674654 47.176900
0.674849 1.642100
0.675044 19.902500
0.675239 11.096200
0.675433 7.046600
0.675628 24.138200
0.675823 24.157500
0.676018 4.379660
0.676213 6.525810
0.676408 60.784700
0.676602 13.591900
0.676797 22.203300
0.676992 29.519200
0.677187 12.021000
0.677382 23.039600
0.677576 21.176400
0.677771 58.975200
0.677966 8.167190
0.678161 15.959200
0.678356 45.918200
0.678551 22.148700
0.678745 18.753800
0.678940 5.443560
0.679135 23.200000
0.679330 29.522100
0.679525 43.960900
0.679719 14.083000
0.679914 27.905700
0.680109 17.450300
0.680304 23.707400
0.680499 4.651600
0.680694 36.002600
0.680888 2.864660
0.681083 56.332200
0.681278 71.334700
0.681473 11.459000
0.681668 4.143510
0.681862 12.589600
0.682057 16.289000
0.682252 6.391120
0.682447 9.274760
0.682642 60.535600
0.682837 8.614860
0.683031 75.498600
0.683226 12.671500
0.683421 31.866100
0.683616 10.985200
0.683811 13.456200
0.684005 4.753720
0.684200 7.931340
0.684395 65.643200
0.684590 15.415300
0.684785 13.276000
0.684980 13.468500
0.685174 26.931500
0.685369 13.437100
0.685564 20.972700
0.685759 75.794200
0.685954 37.423100
0.686148 19.235100
0.686343 9.150680
0.686538 29.224300
0.686733 50.114400
0.686928 32.967600
0.687123 3.953470
0.687317 4.707620
0.687512 2.507220
0.687707 18.546200
0.687902 16.158700
0.688097 31.570900
0.688681 11.149800
0.688876 26.098600
0.689071 10.107100
0.689266 46.159500
0.689460 4.064220
0.689655 4.760160
0.689850 25.224700
0.690045 56.720200
0.690240 17.959600
0.690434 50.840100
0.690629 17.754700
0.690824 21.684600
0.691019 18.614800
0.691214 5.703620
0.691409 67.955800
0.691603 16.568200
0.691798 33.436000
0.691993 51.568300
0.692188 8.820280
0.692383 35.987900
0.692577 4.142690
0.692772 16.899100
0.692967 62.207700
0.693162 5.289590
0.693357 15.480700
0.693552 17.828700
0.693746 7.579440
0.693941 57.626500
0.694136 24.452500
0.694331 30.791200
0.694526 36.921600
0.694720 31.482900
0.694915 19.991000
0.695110 57.232900
0.695305 39.182900
0.695500 70.804200
0.695695 1.769260
0.695889 7.782130
0.696084 38.306300
0.696279 5.188180
0.696474 3.523320
0.696669 14.503100
0.696863 35.750500
0.697058 17.564000
0.697253 51.486100
0.697448 18.105100
0.697643 3.195470
0.697838 28.249600
0.698032 32.808600
0.698227 35.071200
0.698422 8.953460
0.698617 44.549000
0.698812 34.400600
0.699006 17.895700
0.699201 37.882900
0.699396 76.502900
0.699591 56.607700
0.699786 17.861200
0.699981 5.851100
0.700175 12.399300
0.700370 24.707600
0.700565 68.059300
0.700760 6.317830
0.700955 8.806060
0.701149 12.321800
0.701344 7.562660
0.701539 20.170900
0.701734 41.269700
0.701929 48.649100
0.702124 38.096900
0.702318 11.699700
0.702513 9.621300
0.702708 8.294360
0.702903 9.652690
0.703098 26.540200
0.703292 17.020700
0.703487 7.872940
0.703682 11.837300
0.703877 19.994500
0.704072 14.056400
0.704267 20.885600
0.704461 8.170140
0.704656 29.999200
0.704851 11.356200
0.705046 20.729600
0.705241 14.308900
0.705435 16.247800
0.705630 38.803700
0.705825 16.296400
0.706020 18.801100
0.706215 39.217000
0.706410 16.627700
0.706604 9.153310
0.706799 8.422220
0.706994 9.593200
0.707189 15.440000
0.707384 27.326400
0.707578 36.276900
0.707773 21.784700
0.707968 6.179890
0.708163 17.182700
0.708358 18.809800
0.708553 32.657900
0.708747 22.992600
0.708942 74.340100
0.709137 16.956100
0.709332 74.079400
0.709527 4.527210
0.709721 30.454100
0.709916 25.083600
0.710111 3.845820
0.710306 6.631380
0.710501 15.775200
0.710695 27.618500
0.710890 40.197200
0.711085 8.892610
0.711280 52.331700
0.711475 38.569200
0.711670 32.925700
0.711864 12.138700
0.712059 23.925900
0.712254 22.277800
0.712449 5.394300
0.712644 32.847800
0.712838 6.735520
0.713033 59.961200
0.713228 36.662200
0.713423 44.243300
0.713618 32.919800
0.713813 28.108500
0.714007 47.369000
0.714202 5.235470
0.714397 61.489700
0.714592 6.604310
0.714787 14.793600
0.714981 43.526800
0.715176 37.263900
0.715371 15.783700
0.715566 10.946200
0.715761 53.795500
0.715956 33.635900
0.716150 5.224430
0.716345 47.659100
0.716540 15.286000
0.716735 6.907940
0.716930 64.201800
0.717124 22.209000
0.717319 28.451100
0.717514 69.311600
0.717709 5.106060
0.717904 39.482800
0.718099 22.191500
0.718293 8.159790
0.718488 27.978000
0.718683 25.239700
0.718878 10.979200
0.719073 2.516350
0.719267 7.795050
0.719462 18.317700
0.719657 3.776570
0.719852 9.437410
0.720047 26.079600
0.720242 37.270100
0.720436 15.801300
0.720631 27.283300
0.720826 88.775100
0.721021 7.703180
0.721216 8.465160
0.721410 23.749200
0.721605 25.886000
0.721800 26.112400
0.721995 7.609550
0.722190 53.308600
0.722385 21.576700
0.722579 74.827500
0.722774 12.557300
0.722969 25.885600
0.723164 7.176660
0.723359 5.680340
0.723553 10.322300
0.723748 86.910300
0.723943 36.224000
0.724138 15.631300
0.724333 11.034000
0.724528 15.146000
0.724722 28.956100
0.724917 28.204300
0.725112 26.611000
0.725307 44.362800
0.725502 26.854100
0.725696 3.947100
0.725891 11.507600
0.726086 5.548810
0.726281 69.350800
0.726476 3.612420
0.726671 67.115300
0.726865 2.317710
0.727060 6.199670
0.727255 25.180000
0.727450 9.324800
0.727645 35.975600
0.727839 15.812600
0.728034 18.966600
0.728229 11.619200
0.728424 29.106400
0.728619 46.868100
0.728814 13.105600
0.729008 7.833710
0.729203 25.241900
0.729398 16.275900
0.729593 7.327940
0.729788 30.405600
0.729982 12.343800
0.730177 13.932800
0.730372 7.043230
0.730567 16.099900
0.730762 30.210600
0.730957 40.776100
0.731151 8.927670
0.731346 34.951300
0.731541 69.185500
0.731736 55.105100
0.731931 52.756100
0.732125 9.526450
0.732320 34.067800
0.732515 9.850710
0.732710 1.843710
0.732905 9.203650
0.733100 7.707990
0.733294 4.952650
0.733489 34.136400
0.733684 2.986220
0.733879 7.596030
0.734074 25.522500
0.734268 31.009700
0.734463 9.325930
0.734658 20.278100
0.734853 8.145570
0.735048 8.998250
0.735243 17.708600
0.735437 29.007900
0.735632 8.568290
0.735827 33.141300
0.736022 27.448300
0.736217 63.206300
0.736411 9.272990
0.736606 42.478000
0.736801 40.666700
0.736996 35.362600
0.737191 8.964840
0.737386 2.818880
0.737580 7.966070
0.737775 9.776110
0.737970 6.140770
0.738165 39.115300
0.738360 4.068020
0.738554 14.023800
0.738749 33.157200
0.738944 13.466800
0.739139 25.491500
0.739334 3.091430
0.739529 48.781300
0.739723 4.476080
0.739918 6.791360
0.740113 34.450600
0.740308 25.441100
0.740503 41.148900
0.740697 6.047750
0.740892 6.006660
0.741087 63.833100
0.741282 3.769350
0.741477 2.445120
0.741672 27.005500
0.741866 6.062230
0.742061 13.886400
0.742256 42.476600
0.742451 68.832900
0.742646 28.326700
0.742840 10.789400
0.743035 8.466050
0.743230 14.409200
0.743425 3.847010
0.743620 23.032600
0.743815 10.852200
0.744009 8.899970
0.744204 29.922900
0.744399 9.706670
0.744594 13.577500
0.744789 62.707100
0.744983 17.691600
0.745178 13.955600
0.745373 8.562480
0.745568 29.182500
0.745763 3.815590
0.745958 8.381340
0.746152 46.253100
0.746347 17.377900
0.746542 73.845800
0.746737 3.701480
0.746932 29.980900
0.747126 8.591990
0.747321 7.805010
0.747516 40.349800
0.747711 10.040000
0.747906 61.300100
0.748101 61.079000
0.748295 10.400900
0.748490 6.461960
0.748685 48.620200
0.748880 17.707300
0.749075 21.098500
0.749269 44.424900
0.749464 42.983600
0.749659 57.836800
0.749854 8.821840
0.750049 22.556100
0.750244 8.151560
0.750438 8.193610
0.750633 15.179700
0.750828 22.691800
0.751023 20.712600
0.751218 18.669600
0.751412 7.902780
0.751607 12.175900
0.751802 23.669200
0.751997 74.991200
0.752192 29.836900
0.752387 33.364200
0.752581 80.629300
0.752776 15.934700
0.752971 55.134700
0.753166 10.095600
0.753361 31.305900
0.753555 32.750200
0.753750 19.011100
0.753945 38.776800
0.754140 39.667500
0.754335 1.782790
0.754530 50.911600
0.754724 10.832400
0.754919 32.583200
0.755114 71.213500
0.755309 12.283400
0.755504 52.751200
0.755698 6.403010
0.755893 5.249680
0.756088 52.718700
0.756283 14.230500
0.756478 16.259200
0.756673 25.704800
0.756867 14.464300
0.757062 11.097500
0.757257 45.813400
0.757452 13.779600
0.757647 25.744200
0.757841 36.514800
0.758036 9.124450
0.758231 72.169600
0.758426 7.853860
0.758621 22.566600
0.758816 34.693700
0.759010 52.627800
0.759205 8.958830
0.759400 26.999200
0.759595 17.286800
0.759790 25.748700
0.759984 13.765900
0.760179 12.829200
0.760374 7.489290
0.760569 7.128420
0.760764 24.517900
0.760959 17.781200
0.761153 7.145290
0.761348 46.721700
0.761543 5.181330
0.761738 14.209600
0.761933 31.113900
0.762127 19.724200
0.762322 28.902700
0.762517 44.568200
0.762712 8.500180
0.762907 8.790820
0.763102 13.012400
0.763296 33.224400
0.763491 11.337000
0.763686 24.966700
0.763881 9.831490
0.764076 33.605400
0.764270 24.582700
0.764465 24.608000
0.764660 26.108500
0.764855 61.300600
0.765050 6.946420
0.765244 1.859970
0.765439 51.252400
0.765634 33.346000
0.765829 4.582830
0.766024 28.303300
0.766219 21.732900
0.766413 16.560500
0.766608 28.937400
0.766803 11.501600
0.766998 10.055500
0.767193 41.870900
0.767387 57.909000
0.767582 3.330750
0.767777 46.245100
0.767972 14.705900
0.768167 26.601400
0.768362 11.059700
0.768556 3.585120
0.768751 62.597500
0.768946 17.515100
0.769141 31.451500
0.769336 54.127600
0.769530 2.384260
0.769725 42.805400
0.769920 17.097900
0.770115 83.520200
0.770310 23.912900
0.770505 21.464400
0.770699 4.791560
0.770894 12.007400
0.771089 8.953060
0.771284 3.457990
0.771479 13.094800
0.771673 51.111300
0.771868 27.201400
0.772063 7.001100
0.772258 4.206970
0.772453 52.999500
0.772648 31.096500
0.772842 57.256500
0.773037 35.560800
0.773232 10.516800
0.773427 33.035000
0.773622 29.376000
0.773816 5.778720
0.774011 41.321600
0.774206 22.843900
0.774401 66.739800
0.774596 6.807560
0.774791 25.390200
0.774985 27.041600
0.775180 9.241470
0.775375 16.524500
0.775570 24.699200
0.775765 26.867400
0.775959 26.375800
0.776154 11.165400
0.776349 26.729600
0.776544 31.354400
0.776739 3.998350
0.776934 79.840900
0.777128 26.589500
0.777323 18.016100
0.777518 28.459800
0.777713 14.852100
0.777908 10.899100
0.778102 32.788500
0.778297 3.590520
0.778492 32.449700
0.778687 22.999400
0.778882 12.069800
0.779077 25.270800
0.779271 50.379000
0.779466 45.686800
0.779661 16.039400
0.779856 7.236130
0.780051 37.935400
0.780245 13.041900
0.780440 15.124100
0.780635 55.017400
0.780830 11.086200
0.781025 3.978110
0.781220 34.699800
0.781414 21.497900
0.781609 35.583400
0.781804 47.232300
0.781999 11.465900
0.782194 80.038300
0.782388 8.195650
0.782583 15.327900
0.782778 12.993600
0.782973 65.364800
0.783168 12.164600
0.783363 32.993700
0.783557 76.485600
0.783752 31.893100
0.783947 8.616200
0.784142 4.006240
0.784337 31.718100
0.784531 7.103170
0.784726 57.283000
0.784921 20.450400
0.785116 15.342200
0.785311 10.016500
0.785506 31.419500
0.785700 13.092400
0.785895 35.761700
0.786090 21.352600
0.786285 47.833300
0.786480 8.962900
0.786674 58.729900
0.786869 8.230640
0.787064 5.372270
0.787259 8.080060
0.787454 27.191600
0.787649 9.487220
0.787843 6.312180
0.788038 66.881300
0.788233 21.538400
0.788428 33.327800
0.788623 19.778900
0.788817 10.227000
0.789012 47.574600
0.789207 18.381600
0.789402 12.858200
0.789597 12.511800
0.789792 13.884500
0.789986 6.783930
0.790181 32.491600
0.790376 71.349200
0.790571 37.284000
0.790766 48.306900
0.790960 63.414900
0.791155 14.509300
0.791350 42.254400
0.791545 26.467600
0.791740 6.238640
0.791935 10.148400
0.792129 14.031700
0.792324 17.561500
0.792519 26.956500
0.792714 4.397850
0.792909 9.195770
0.793103 5.596630
0.793298 24.827900
0.793493 10.868100
0.793688 23.278000
0.793883 40.164300
0.794078 8.334150
0.794272 5.507920
0.794467 17.116500
0.794662 3.236760
0.794857 27.737900
0.795052 10.535200
0.795246 3.293360
0.795441 16.642300
0.795636 23.108500
0.795831 25.151300
0.796026 41.522400
0.796221 24.310200
0.796415 23.222400
0.796610 1.708040
0.796805 61.220300
0.797000 23.992300
0.797195 29.422600
0.797389 36.464500
0.797584 25.644800
0.797779 64.265000
0.797974 52.451800
0.798169 31.627800
0.798364 6.794860
0.798558 54.016100
0.798753 10.047400
0.798948 34.133400
0.799143 39.190300
0.799338 9.524040
0.799532 46.102900
0.799727 7.044980
0.799922 14.461100
0.800117 29.347000
0.800312 33.674600
0.800507 14.968100
0.800701 55.891900
0.800896 5.822900
0.801091 9.288740
0.801286 23.549100
0.801481 61.973100
0.801675 30.462300
0.801870 3.086110
0.802065 37.793000
0.802260 9.261260
0.802455 24.221800
0.802650 9.150140
0.802844 30.427800
0.803039 7.468100
0.803234 13.289500
0.803429 55.782900
0.803624 46.651800
0.803818 20.545200
0.804013 19.920700
0.804208 36.970000
0.804403 49.073800
0.804598 52.298800
0.804793 30.767300
0.804987 35.801800
0.805182 14.432100
0.805377 46.529100
0.805572 55.700000
0.805767 8.605930
0.805961 11.564700
0.806156 3.019060
0.806351 17.363800
0.806546 14.222200
0.806741 4.569120
0.806936 37.078600
0.807130 32.593100
0.807325 22.778400
0.807520 16.831100
0.807715 27.766100
0.807910 16.661200
0.808104 95.534900
0.808299 67.623800
0.808494 40.000000
0.808689 27.581200
0.808884 8.395850
0.809079 9.546470
0.809273 32.186100
0.809468 9.395710
0.809663 2.111030
0.809858 29.822600
0.810053 58.007400
0.810247 36.010300
0.810442 6.409540
0.810637 14.667800
0.810832 19.320400
0.811027 21.150900
0.811222 16.881700
0.811416 8.186250
0.811611 36.309600
0.811806 3.523390
0.812001 15.104700
0.812196 3.289120
0.812390 20.196400
0.812585 16.920000
0.812780 9.145140
0.812975 90.143300
0.813170 14.316900
0.813365 7.010170
0.813559 13.868100
0.813754 48.545100
0.813949 44.106900
0.814144 42.514900
0.814339 27.264600
0.814533 13.271200
0.814728 9.255400
0.814923 21.453900
0.815118 77.596400
0.815313 33.939200
0.815508 19.736100
0.815702 35.217900
0.815897 18.033800
0.816092 72.610900
0.816287 10.407900
0.816482 23.427100
0.816676 15.872800
0.816871 10.827900
0.817066 15.889600
0.817261 16.155000
0.817456 37.705400
0.817650 16.565000
0.817845 10.328100
0.818040 22.947100
0.818235 28.109700
0.818430 23.462200
0.818625 9.770040
0.818819 12.239200
0.819014 39.875900
0.819209 23.804100
0.819404 3.646440
0.819599 9.209840
0.819793 8.704960
0.819988 13.061800
0.820183 76.281000
0.820378 8.079840
0.820573 51.045600
0.820768 30.054900
0.820962 17.461800
0.821157 12.744400
0.821352 14.837300
0.821547 5.437360
0.821742 11.754800
0.821936 8.262910
0.822131 19.337300
0.822326 41.038500
0.822521 82.195000
0.822716 7.203520
0.822911 34.848500
0.823105 18.197400
0.823300 8.393120
0.823495 7.550110
0.823690 9.723660
0.823885 30.887900
0.824079 3.196930
0.824274 20.779800
0.824469 20.754600
0.824664 17.732900
0.824859 8.937130
0.825054 13.809300
0.825248 12.021300
0.825443 26.987800
0.825638 10.758000
0.825833 35.389200
0.826028 5.725590
0.826222 34.690400
0.826417 28.313000
0.826612 14.383400
0.826807 4.554710
0.827002 45.927300
0.827197 27.746500
0.827391 2.813410
0.827586 29.606300
0.827781 8.440190
0.827976 13.762200
0.828171 8.702820
0.828365 15.022400
0.828560 43.311200
0.828755 45.184500
0.828950 29.786800
0.829145 84.173800
0.829340 5.840350
0.829534 26.815200
0.829729 9.740800
0.829924 19.617600
0.830119 39.207900
0.830314 31.859100
0.830508 21.508600
0.830703 37.017000
0.830898 15.645300
0.831093 12.474800
0.831288 22.119700
0.831483 15.825300
0.831677 29.500400
0.831872 38.974100
0.832067 8.847880
0.832262 46.399200
0.832457 3.636920
0.832651 79.037600
0.832846 17.691900
0.833041 42.520500
0.833236 27.947200
0.833431 8.590730
0.833626 6.876640
0.833820 2.669280
0.834015 50.644700
0.834210 4.356830
0.834405 28.524900
0.834600 20.884600
0.834794 31.057300
0.834989 50.168200
0.835184 15.659600
0.835379 45.781500
0.835574 1.722260
0.835769 16.946600
0.835963 39.128200
0.836158 6.293520
0.836353 3.659090
0.836548 21.247400
0.836743 25.816400
0.836937 10.587900
0.837132 88.597500
0.837327 12.518800
0.837522 10.988300
0.837717 17.204100
0.837912 50.618600
0.838106 42.623700
0.838301 6.812900
0.838496 49.960100
0.838691 28.339500
0.838886 18.851100
0.839080 8.275910
0.839275 7.755850
0.839470 30.699000
0.839665 8.493060
0.839860 30.274800
0.840055 60.462300
0.840249 12.687100
0.840444 29.857700
0.840639 11.875800
0.840834 13.973300
0.841029 4.283400
0.841223 13.127800
0.841418 59.491000
0.841613 35.943700
0.841808 16.167000
0.842003 11.122100
0.842198 24.790000
0.842392 23.938400
0.842587 9.675510
0.842782 19.264000
0.842977 4.011190
0.843172 17.367400
0.843366 75.672100
0.843561 21.410500
0.843756 11.328600
0.843951 35.235100
0.844146 82.739100
0.844341 34.450000
0.844535 10.104900
0.844730 18.711200
0.844925 41.399300
0.845120 76.968300
0.845315 12.628500
0.845509 56.515400
0.845704 6.941120
0.845899 24.524100
0.846094 3.139100
0.846289 40.068200
0.846484 61.860200
0.846678 11.197100
0.846873 18.930100
0.847068 16.021300
0.847263 34.388100
0.847458 16.143900
0.847652 10.619400
0.847847 4.218750
0.848042 12.007600
0.848237 5.038800
0.848432 8.075040
0.848627 43.852500
0.848821 35.741500
0.849016 58.793900
0.849211 6.743800
0.849406 18.209800
0.849601 22.804000
0.849795 7.898780
0.849990 20.321800
0.850185 11.929300
0.850380 6.977970
0.850575 23.667100
0.850770 9.444880
0.850964 6.554170
0.851159 13.496600
0.851354 18.923100
0.851549 20.328400
0.851744 70.832300
0.851938 47.812300
0.852133 44.945200
0.852328 13.911400
0.852523 10.198600
0.852718 21.877900
0.852913 36.204300
0.853107 4.266410
0.853302 11.657400
0.853497 7.868580
0.853692 77.245900
0.853887 8.161770
0.854081 11.001900
0.854276 9.479150
0.854471 7.566760
0.854666 44.040000
0.854861 29.318500
0.855056 28.445500
0.855250 2.762000
0.855445 13.986400
0.855640 41.217200
0.855835 66.299700
0.856030 8.785500
0.856224 47.868200
0.856419 20.321600
0.856614 25.518800
0.856809 4.633380
0.857004 15.699200
0.857199 9.652850
0.857393 12.019700
0.857588 12.944300
0.857783 57.723200
0.857978 7.475730
0.858173 55.670600
0.858367 32.422900
0.858562 20.233300
0.858757 5.176650
0.858952 40.445000
0.859147 19.867900
0.859342 50.783600
0.859536 36.759100
0.859731 40.143200
0.859926 5.080590
0.860121 38.430800
0.860316 20.204500
0.860510 54.786200
0.860705 8.874890
0.860900 13.184300
0.861095 28.040000
0.861290 52.216100
0.861485 34.865400
0.861679 10.797000
0.861874 24.170300
0.862069 29.798200
0.862264 21.682600
0.862459 8.594530
0.862653 27.871900
0.862848 69.269400
0.863043 50.016800
0.863238 52.838300
0.863433 14.207700
0.863628 44.552400
0.863822 13.917900
0.864017 67.402400
0.864212 33.156800
0.864407 65.986400
0.864602 7.272290
0.864796 4.499640
0.864991 28.307100
0.865186 65.417800
0.865381 23.840700
0.865576 20.016500
0.865771 9.877910
0.865965 22.622200
0.866160 33.111400
0.866355 12.634300
0.866550 7.679240
0.866745 6.696150
0.866939 9.374310
0.867134 13.143300
0.867329 40.250600
0.867524 18.142600
0.867719 35.502400
0.867914 19.934300
0.868108 71.617900
0.868303 2.129340
0.868498 3.345270
0.868693 14.655700
0.868888 8.258150
0.869082 79.659800
0.869277 28.095000
0.869472 7.073900
0.869667 37.993000
0.869862 5.250390
0.870056 23.484100
0.870251 52.463100
0.870446 10.324500
0.870641 28.430300
0.870836 23.787900
0.871031 35.398000
0.871225 5.916360
0.871420 15.857600
0.871615 6.258130
0.871810 22.678200
0.872005 36.907800
0.872199 31.895500
0.872394 46.726900
0.872589 23.931700
0.872784 9.332260
0.872979 8.695530
0.873174 20.218000
0.873368 7.872240
0.873563 12.470700
0.873758 41.802300
0.873953 11.142300
0.874148 59.734300
0.874342 21.086000
0.874537 27.302400
0.874732 5.570960
0.874927 18.389800
0.875122 1.679490
0.875317 15.413300
0.875511 51.696800
0.875706 8.574920
0.875901 29.549700
0.876096 9.342910
0.876291 11.119300
0.876485 17.128600
0.876680 8.957460
0.876875 9.862650
0.877070 9.858380
0.877265 14.866300
0.877460 8.182410
0.877654 23.255300
0.877849 7.171640
0.878044 48.180500
0.878239 41.971800
0.878434 53.266500
0.878628 26.285300
0.878823 47.463900
0.879018 9.942750
0.879213 19.601600
0.879408 6.186630
0.879603 65.237800
0.879797 27.275200
0.879992 5.942720
0.880187 20.162200
0.880382 47.656800
0.880577 72.408000
0.880771 42.136800
0.880966 73.580600
0.881161 73.255000
0.881356 59.750500
0.881551 49.568800
0.881746 25.416800
0.881940 6.431160
0.882135 22.161300
0.882330 20.307100
0.882525 23.762900
0.882720 8.258840
0.882914 12.855300
0.883109 18.328200
0.883304 8.031980
0.883499 10.736100
0.883694 3.093270
0.883889 15.650300
0.884083 14.802900
0.884278 5.841310
0.884473 6.174000
0.884668 6.424770
0.884863 17.796100
0.885057 44.798300
0.885252 5.198690
0.885447 14.344300
0.885642 25.488000
0.885837 44.455100
0.886032 28.112600
0.886226 19.092900
0.886421 7.585090
0.886616 46.452500
0.886811 25.640300
0.887006 17.094200
0.887200 78.276300
0.887395 16.368400
0.887590 4.557170
0.887785 10.003000
0.887980 17.755600
0.888175 20.384700
0.888369 8.190180
0.888564 30.776900
0.888759 15.758400
0.888954 8.919400
0.889149 16.458500
0.889343 11.861300
0.889538 15.502900
0.889733 34.960300
0.889928 11.557600
0.890123 3.100410
0.890318 16.028200
0.890512 11.781100
0.890707 12.161200
0.890902 6.079800
0.891097 37.853700
0.891292 8.880810
0.891486 12.008100
0.891681 35.101000
0.891876 38.425700
0.892071 13.349400
0.892266 57.222900
0.892461 9.742620
0.892655 21.165100
0.892850 20.940300
0.893045 40.083500
0.893240 26.390600
0.893435 19.958300
0.893629 18.841700
0.893824 20.078800
0.894019 42.873500
0.894214 7.196890
0.894409 17.317500
0.894604 8.569250
0.894798 6.170340
0.894993 93.364800
0.895188 17.626800
0.895383 6.402970
0.895578 21.727800
0.895772 49.263100
0.895967 6.166850
0.896162 41.737600
0.896357 25.565600
0.896552 55.235300
0.896747 34.481800
0.896941 2.220000
0.897136 5.713230
0.897331 11.370300
0.897526 20.840900
0.897721 5.432900
0.897915 41.536300
0.898110 47.720000
0.898305 22.715700
0.898500 43.445700
0.898695 7.405000
0.898890 8.036540
0.899084 3.683380
0.899279 15.359900
0.899474 7.245160
0.899669 89.737000
0.899864 5.490650
0.900058 7.427550
0.900253 9.974860
0.900448 29.262500
0.900643 7.216830
0.900838 34.198500
0.901033 25.060900
0.901227 7.619970
0.901422 9.376080
0.901617 33.524400
0.901812 1.702380
0.902007 75.499700
0.902201 18.001300
0.902396 11.287900
0.902786 73.162300
0.902981 66.469600
0.903176 18.642500
0.903370 30.703500
0.903565 64.941400
0.903760 6.085510
0.903955 22.982300
0.904150 12.958800
0.904344 14.700300
0.904539 5.279190
0.904734 27.357000
0.904929 9.526640
0.905124 6.108000
0.905319 30.156300
0.905513 7.214840
0.905708 54.212000
0.905903 28.574600
0.906098 11.818600
0.906293 18.375300
0.906487 22.486800
0.906682 51.379500
0.906877 22.312900
0.907072 20.693000
0.907267 32.681600
0.907462 39.422100
0.907656 7.255740
0.907851 9.819580
0.908046 7.056700
0.908241 23.395100
0.908436 10.152600
0.908630 48.486000
0.908825 16.147100
0.909020 18.843200
0.909215 46.948600
0.909410 35.133200
0.909605 17.041500
0.909799 70.352600
0.909994 57.414700
0.910189 42.608500
0.910384 87.810100
0.910579 21.211700
0.910773 16.697700
0.910968 44.193200
0.911163 30.255500
0.911358 17.439800
0.911553 17.793300
0.911748 46.873200
0.911942 3.057390
0.912137 26.863400
0.912332 10.314200
0.912527 61.056300
0.912722 13.218200
0.912916 3.020540
0.913111 12.863300
0.913306 5.448540
0.913501 9.712540
0.913696 16.989300
0.913891 8.652220
0.914085 23.158700
0.914280 79.868800
0.914475 6.138840
0.914670 41.624800
0.914865 43.053600
0.915059 23.481200
0.915254 23.559100
0.915449 1.744840
0.915644 18.877300
0.915839 10.989300
0.916034 12.113800
0.916228 7.233290
0.916423 20.238500
0.916618 36.135900
0.916813 14.306500
0.917008 44.953300
0.917202 45.250100
0.917397 3.526040
0.917592 10.874600
0.917787 25.720100
0.917982 21.860000
0.918177 19.502900
0.918371 29.562500
0.918566 16.889500
0.918761 24.504800
0.918956 25.223600
0.919151 8.695990
0.919345 9.262450
0.919540 30.690700
0.919735 5.122970
0.919930 55.916000
0.920125 57.350300
0.920320 39.671500
0.920514 64.895000
0.920709 28.074900
0.920904 21.106900
0.921099 3.089580
0.921294 18.390100
0.921488 36.713000
0.921683 21.134000
0.921878 6.663400
0.922073 23.075400
0.922268 75.420700
0.922462 26.999800
0.922657 28.567400
0.922852 34.020500
0.923047 22.718500
0.923242 22.219400
0.923437 37.455300
0.923631 20.008500
0.923826 30.741300
0.924021 26.281100
0.924216 35.945600
0.924411 13.683300
0.924605 2.799820
0.924800 34.058400
0.924995 2.258200
0.925190 41.522900
0.925385 10.236000
0.925580 4.438610
0.925774 23.384200
0.925969 30.029500
0.926164 14.413100
0.926359 27.911000
0.926554 18.994400
0.926748 49.747400
0.926943 13.025700
0.927138 9.926800
0.927333 18.729500
0.927528 49.553700
0.927723 13.574200
0.927917 28.399200
0.928112 3.042910
0.928307 8.873540
0.928502 26.988300
0.928697 17.608600
0.928891 44.133200
0.929086 23.165800
0.929281 45.100100
0.929476 15.999000
0.929671 9.109900
0.929866 8.239330
0.930060 11.707500
0.930255 23.092400
0.930450 16.096200
0.930645 18.159300
0.930840 20.410000
0.931034 17.183100
0.931229 43.173700
0.931424 8.836310
0.931619 32.978500
0.931814 22.400900
0.932009 19.136100
0.932203 6.907820
0.932398 26.604800
0.932593 24.376800
0.932788 28.362100
0.932983 6.709590
0.933177 51.573600
0.933372 5.978530
0.933567 14.659100
0.933762 6.340900
0.933957 35.579700
0.934152 18.179200
0.934346 10.344000
0.934541 1.909540
0.934736 53.463700
0.934931 70.150000
0.935126 35.242800
0.935320 18.269400
0.935515 13.153700
0.935710 47.122100
0.935905 7.681620
0.936100 13.541100
0.936295 25.297500
0.936489 15.188500
0.936684 22.269600
0.936879 30.757300
0.937074 2.326720
0.937269 7.413690
0.937463 39.994600
0.937658 45.896200
0.937853 49.673100
0.938048 18.138700
0.938243 14.609100
0.938438 32.371100
0.938632 4.931070
0.938827 38.295600
0.939022 5.336430
0.939217 38.307100
0.939412 24.291200
0.939606 7.644900
0.939801 21.698800
0.939996 32.410900
0.940191 4.318270
0.940386 9.668800
0.940581 36.678600
0.940775 24.211800
0.940970 37.059700
0.941165 7.157420
0.941360 28.943000
0.941555 49.432000
0.941749 48.455300
0.941944 8.854030
0.942139 77.531400
0.942334 37.998200
0.942529 7.423270
0.942724 15.047500
0.942918 20.213100
0.943113 5.754170
0.943308 1.164580
0.943503 16.058800
0.943698 6.326730
0.943892 6.621960
0.944087 42.921500
0.944282 42.976500
0.944477 16.039000
0.944672 19.299000
0.944867 10.981500
0.945061 7.293290
0.945256 17.996600
0.945451 14.966800
0.945646 23.391100
0.945841 10.109200
0.946035 9.947000
0.946230 42.900300
0.946425 9.116700
0.946620 16.181600
0.946815 6.000810
0.947010 2.719390
0.947204 7.356700
0.947399 54.451200
0.947594 8.963290
0.947789 22.390700
0.947984 35.662600
0.948178 70.044600
0.948373 6.998470
0.948568 24.162700
0.948763 23.919600
0.948958 63.486100
0.949153 6.427090
0.949347 21.821600
0.949542 87.876900
0.949737 6.120280
0.949932 34.797800
0.950127 18.293200
0.950321 21.856300
0.950516 22.880700
0.950711 6.946610
0.950906 41.795400
0.951101 24.892200
0.951296 29.421700
0.951490 71.750000
0.951685 15.830600
0.951880 4.368420
0.952075 64.033200
0.952270 11.586700
0.952464 23.115700
0.952659 63.018600
0.952854 7.203180
0.953049 19.428900
0.953244 25.417500
0.953439 9.839000
0.953633 7.637890
0.953828 66.202800
0.954023 7.377980
0.954218 6.611070
0.954413 5.661330
0.954607 34.272600
0.954802 87.267000
0.954997 8.668160
0.955192 31.921900
0.955387 13.211300
0.955582 15.067900
0.955776 19.028100
0.955971 20.889300
0.956166 32.609100
0.956361 8.798900
0.956556 8.174450
0.956750 32.855700
0.956945 71.172100
0.957140 28.412200
0.957335 6.973080
0.957530 23.374700
0.957725 11.015000
0.957919 21.620100
0.958114 17.977500
0.958309 53.671000
0.958504 8.439250
0.958699 36.014800
0.958893 36.314900
0.959088 45.149600
0.959283 32.966100
0.959478 13.834200
0.959673 16.969300
0.959868 20.842900
0.960062 6.267070
0.960257 59.319600
0.960452 19.143100
0.960647 18.576600
0.960842 78.810900
0.961036 6.815610
0.961231 17.452400
0.961426 6.219620
0.961621 15.105800
0.961816 16.027700
0.962011 18.491200
0.962205 10.058100
0.962400 11.413100
0.962595 17.747800
0.962790 34.588700
0.962985 35.216700
0.963179 2.435770
0.963374 19.378700
0.963569 6.673380
0.963764 32.188200
0.963959 16.417100
0.964154 7.094240
0.964348 29.276100
0.964543 2.798800
0.964738 24.915500
0.964933 2.175860
0.965128 84.132600
0.965322 13.733900
0.965517 31.481200
0.965712 28.679000
0.965907 19.984200
0.966102 5.720650
0.966297 6.519590
0.966491 4.195150
0.966686 34.168800
0.966881 18.965500
0.967076 21.244200
0.967271 8.056690
0.967465 4.857100
0.967660 25.637500
0.967855 73.704300
0.968050 9.395400
0.968245 27.029400
0.968440 34.723200
0.968634 38.167400
0.968829 72.353400
0.969024 57.047600
0.969219 12.595500
0.969414 40.132700
0.969608 13.657100
0.969803 37.096400
0.969998 6.034670
0.970193 58.368500
0.970388 82.764100
0.970583 68.490900
0.970777 58.484500
0.970972 13.088700
0.971167 4.168320
0.971362 13.877300
0.971557 4.439240
0.971751 20.908400
0.971946 10.846500
0.972141 11.736600
0.972336 11.082600
0.972531 80.829300
0.972726 3.795020
0.972920 12.646200
0.973115 54.502900
0.973310 7.319090
0.973505 9.722520
0.973700 13.699300
0.973894 39.921900
0.974089 17.033100
0.974284 19.542800
0.974479 37.903200
0.974674 5.112550
0.974868 25.882600
0.975063 9.690250
0.975258 27.999000
0.975453 16.176300
0.975648 62.587000
0.975843 34.688700
0.976037 23.548400
0.976232 6.778710
0.976427 15.119700
0.976622 5.327850
0.976817 7.243660
0.977011 2.403720
0.977206 10.199400
0.977401 5.077370
0.977596 39.177200
0.977791 1.877770
0.977986 14.851000
0.978180 12.538700
0.978375 29.828400
0.978570 5.198670
0.978765 8.735610
0.978960 20.506300
0.979154 17.873400
0.979349 9.699420
0.979544 14.589900
0.979739 2.399010
0.979934 10.067600
0.980129 52.208000
0.980323 8.035200
0.980518 14.253200
0.980713 16.146400
0.980908 19.118600
0.981103 35.604100
0.981297 7.147650
0.981492 85.218600
0.981687 42.664900
0.981882 39.842100
0.982077 20.502100
0.982272 43.551100
0.982466 6.217190
0.982661 30.017100
0.982856 13.933500
0.983051 4.767700
0.983246 9.089020
0.983440 23.562200
0.983635 34.600600
0.983830 17.641100
0.984025 17.149700
0.984220 16.469600
0.984415 5.448480
0.984609 48.875100
0.984804 5.797300
0.984999 4.618190
0.985194 29.850500
0.985389 7.899760
0.985583 8.527450
0.985778 41.840500
0.985973 38.368900
0.986168 5.218350
0.986363 72.290500
0.986558 21.915900
0.986752 8.840960
0.986947 20.449900
0.987142 29.146000
0.987337 65.511500
0.987532 5.713310
0.987726 26.368400
0.987921 31.601900
0.988116 31.569200
0.988311 68.099500
0.988506 12.348300
0.988701 6.621200
0.988895 37.166700
0.989090 15.598300
0.989285 15.684200
0.989480 8.266120
0.989675 14.595700
0.989869 18.566400
0.990064 11.445500
0.990259 54.733100
0.990454 27.408500
0.990649 65.522300
0.990844 47.056400
0.991038 19.458500
0.991233 13.950100
0.991428 61.984200
0.991623 23.763000
0.991818 9.085170
0.992012 92.760500
0.992207 5.095490
0.992402 14.714400
0.992597 21.176600
0.992792 36.023100
0.992987 9.846240
0.993181 6.081760
0.993376 21.577200
0.993571 27.918100
0.993766 6.929830
0.993961 3.813160
0.994155 2.594940
0.994350 14.862400
0.994545 7.438940
0.994740 7.863800
0.994935 1.726580
0.995130 85.350400
0.995324 6.604160
0.995519 11.470400
0.995714 13.426600
0.995909 23.295400
0.996104 20.752800
0.996298 66.955000
0.996493 78.354000
0.996688 8.012890
0.996883 25.195800
0.997078 3.202800
0.997273 32.890900
0.997467 17.049000
0.997662 7.300930
0.997857 3.836730
0.998052 18.759600
0.998247 43.506000
0.998441 4.064390
0.998636 13.059900
0.998831 55.475800
0.999026 33.849400
0.999221 5.304600
0.999416 5.884200
0.999610 36.204200
0.999805 27.811100
1.000000 16.420600
