0.000406 39.263700
0.000812 6.714820
0.001218 18.366100
0.001624 9.729270
0.002030 63.152700
0.002436 39.414200
0.002842 17.839600
0.003248 68.280800
0.003654 20.022800
0.004060 10.277600
0.004466 24.005700
0.004872 24.532400
0.005278 4.557620
0.005684 11.323900
0.006090 71.176900
0.006496 21.045500
0.006902 19.519300
0.007714 7.409500
0.008120 8.080210
0.008526 55.948400
0.008932 72.094100
0.009338 7.211310
0.009744 38.523800
0.025173 9.691900
0.025579 62.292800
0.025985 9.509200
0.026391 6.105590
0.026797 62.268800
0.027203 56.248900
0.027609 35.759000
0.028015 21.033400
0.028421 6.131310
0.028827 39.675700
0.029233 19.208400
0.029639 32.492200
0.030045 7.591710
0.030451 18.413000
0.030857 9.945950
0.031263 3.894230
0.031669 27.423500
0.032075 8.214140
0.032481 26.772000
0.032887 19.675200
0.033293 69.203000
0.033699 6.578650
0.034105 7.993170
0.034511 20.687400
0.034917 4.542030
0.035323 23.561800
0.035729 10.484400
0.036135 8.376610
0.036541 37.910000
0.036947 57.367400
0.037353 41.355800
0.037759 47.198300
0.038165 34.331700
0.038571 12.029300
0.038977 46.961900
0.039383 23.302500
0.039789 9.187540
0.040195 23.385100
0.040601 16.187000
0.041007 10.736500
0.041413 33.174600
0.041819 65.725800
0.042225 6.866010
0.042631 34.906200
0.043037 51.303300
0.043443 24.604300
0.043849 10.932300
0.044255 6.527300
0.044661 26.550800
0.045067 10.199900
0.045473 22.956700
0.045879 32.708500
0.046285 6.807340
0.046691 55.955000
0.047097 26.270500
0.066991 8.389800
0.067397 5.319380
0.067803 14.111100
0.068210 5.939770
0.068616 15.646400
0.069022 53.607300
0.069428 63.990500
0.069834 6.711610
0.070240 24.592300
0.070646 7.475370
0.071052 21.791400
0.071458 8.869030
0.071864 1.673810
0.072270 10.154700
0.072676 24.293000
0.073082 8.814610
0.073488 36.154900
0.073894 24.234700
0.074300 7.047030
0.074706 30.037400
0.075112 20.720000
0.083638 59.483000
0.084044 14.256300
0.084450 9.971520
0.084856 10.422200
0.085262 7.590150
0.085668 6.357340
0.086074 9.749050
0.086480 16.996600
0.086886 11.177600
0.087292 37.964800
0.087698 74.933000
0.088104 8.448960
0.088510 50.024500
0.088916 11.333300
0.089322 27.066200
0.089728 7.266860
0.090134 13.785000
0.090540 9.061140
0.090946 7.530470
0.091352 13.805300
0.091758 17.783100
0.092164 13.622000
0.092570 19.162600
0.092976 39.538900
0.093382 38.410100
0.093788 17.117000
0.094194 11.331300
0.094600 30.488100
0.095006 2.788730
0.095412 3.366980
0.095818 14.007500
0.096224 21.535000
0.096630 18.939200
0.097036 48.909700
0.097442 19.171600
0.097848 96.366300
0.098254 26.229800
0.098660 70.593700
0.099066 5.219820
0.099472 58.251900
0.099878 12.917900
0.100284 25.645500
0.100690 32.023500
0.101096 14.926200
0.101502 32.038900
0.101908 3.091870
0.102314 56.596800
0.102720 24.242000
0.103126 31.059400
0.103532 9.567980
0.103938 13.143800
0.104344 13.847000
0.104750 3.880140
0.105156 50.934300
0.105562 2.929490
0.105968 23.491000
0.106374 16.301800
0.106780 27.110200
0.107186 22.923500
0.107592 7.692320
0.107998 74.321300
0.108404 4.534730
0.108810 5.180960
0.109216 38.942400
0.109622 7.088580
0.110028 60.646300
0.110434 3.553430
0.110840 11.695200
0.115307 58.116000
0.115713 13.774900
0.116119 6.521150
0.116525 29.426600
0.116931 46.577200
0.117337 33.522100
0.117743 5.202910
0.118149 43.833900
0.118555 70.590300
0.118961 8.481100
0.119367 13.061100
0.119773 10.187300
0.120179 68.925700
0.120585 39.591400
0.120991 22.852400
0.121397 7.958240
0.121803 15.068100
0.122209 66.620900
0.122615 22.037900
0.123021 37.298100
0.123427 35.572300
0.123833 6.150870
0.124239 25.044800
0.124645 13.270000
0.125051 33.290900
0.125457 48.205400
0.125863 74.930900
0.126269 38.032700
0.126675 18.722000
0.127081 1.977080
0.127487 5.067410
0.127893 4.195690
0.128299 18.914200
0.128705 33.925700
0.129111 8.464200
0.129517 5.338200
0.129923 39.201000
0.130329 11.420100
0.130735 3.667570
0.131141 2.259700
0.131547 46.918000
0.131953 53.164000
0.132359 22.528800
0.132765 35.799300
0.133171 14.397400
0.133577 24.254600
0.133983 51.393800
0.134389 34.036800
0.134795 19.797100
0.135201 20.259000
0.135607 7.186670
0.136013 10.198600
0.136419 38.212400
0.136825 55.580100
0.137231 3.434520
0.137637 22.622300
0.138043 40.290300
0.138449 24.134200
0.138855 1.730360
0.139261 82.332800
0.139667 7.465780
0.140073 7.779470
0.140479 40.496200
0.140885 29.476700
0.141291 30.385500
0.141697 8.077740
0.142103 15.217400
0.142915 1.772950
0.143321 25.793400
0.143727 24.506800
0.144133 45.370200
0.144539 57.056800
0.144945 6.792200
0.145351 27.655200
0.145757 9.464090
0.146163 61.074100
0.146569 7.721010
0.146975 17.775800
0.147381 11.834800
0.147787 32.572600
0.148193 6.630350
0.148599 10.307500
0.149005 7.375210
0.149411 11.698500
0.149817 4.235460
0.150223 10.730600
0.150629 9.737330
0.151035 5.641620
0.151441 23.722700
0.151847 12.312700
0.152253 15.235200
0.152659 14.198900
0.153065 23.660000
0.153471 66.621500
0.153877 5.448400
0.154283 4.833200
0.154689 12.790700
0.155095 1.743250
0.155501 66.799200
0.155907 15.084400
0.156313 16.547400
0.156719 28.377500
0.157125 8.392180
0.157531 13.713200
0.157937 45.440200
0.158343 22.589800
0.158749 1.928740
0.159156 9.320170
0.159562 18.074800
0.159968 8.309560
0.160374 27.851000
0.160780 15.797100
0.161186 19.961000
0.161592 26.513600
0.161998 4.554500
0.162404 79.181900
0.162810 27.790300
0.163216 21.826400
0.163622 1.758430
0.164028 6.896020
0.164434 78.126300
0.164840 5.561470
0.165246 9.650830
0.165652 36.304000
0.166058 4.927550
0.166464 39.578300
0.166870 36.421900
0.167276 14.185300
0.167682 8.439280
0.168088 32.838400
0.168494 32.032700
0.168900 13.009100
0.169306 75.531500
0.169712 11.677200
0.170118 8.427200
0.170524 2.988380
0.170930 13.620900
0.171336 13.863000
0.171742 44.719900
0.172148 28.859200
0.172554 44.102500
0.172960 43.986400
0.173366 8.263260
0.173772 10.337300
0.174178 72.136600
0.174990 37.948500
0.175396 41.764100
0.175802 13.211200
0.176208 30.374300
0.176614 23.655100
0.177020 50.550700
0.177426 28.021000
0.177832 61.691400
0.178238 5.286350
0.178644 29.300400
0.179050 24.997900
0.179456 12.536500
0.179862 11.706500
0.180268 14.975300
0.180674 56.175200
0.181080 46.641600
0.181486 16.275600
0.181892 15.693800
0.182298 6.723600
0.182704 7.175010
0.183110 26.760000
0.183516 16.160300
0.183922 8.484880
0.184328 28.937200
0.184734 2.561530
0.185140 31.288700
0.185546 14.059700
0.185952 27.840000
0.186358 41.743300
0.186764 9.022510
0.187170 21.314400
0.187576 29.218900
0.187982 6.104160
0.188388 22.242400
0.188794 34.116800
0.189200 7.806360
0.189606 29.023500
0.190012 16.385200
0.192448 67.417800
0.192854 47.818900
0.193260 13.179300
0.193666 21.496500
0.194072 8.831160
0.194478 3.112860
0.194884 64.751800
0.195290 9.904680
0.195696 18.124500
0.196102 5.525560
0.196508 24.272800
0.201380 9.958660
0.201786 26.577400
0.202192 36.910300
0.202598 19.022600
0.203004 6.454780
0.203410 21.737200
0.203816 26.516400
0.204222 60.004600
0.204629 40.747200
0.205035 17.769300
0.205441 6.802540
0.205847 33.918100
0.206253 8.531770
0.206659 76.450900
0.207065 26.463200
0.209501 8.324900
0.209907 49.140300
0.210313 9.441920
0.210719 9.840990
0.211125 9.394560
0.211531 11.136600
0.211937 24.907100
0.212343 7.191690
0.212749 9.528960
0.213155 47.110600
0.213561 15.415100
0.213967 34.601800
0.214373 18.549400
0.214779 34.341700
0.215185 7.046340
0.215591 2.630170
0.215997 21.400200
0.216403 23.798100
0.216809 30.016000
0.217215 73.363000
0.217621 7.512860
0.218027 55.101400
0.218433 23.399000
0.218839 22.260200
0.220057 69.529000
0.220463 5.793100
0.220869 17.078700
0.221275 8.875050
0.221681 51.882900
0.222087 17.187400
0.222493 4.437550
0.222899 52.734200
0.223711 22.070400
0.224117 20.687100
0.224523 27.452500
0.224929 16.031900
0.225335 6.722830
0.225741 10.086300
0.226147 18.181200
0.226553 34.156100
0.226959 52.999100
0.227365 9.588070
0.227771 8.755470
0.228177 24.655600
0.228583 15.747600
0.228989 26.162100
0.229395 24.749300
0.229801 49.405900
0.230207 28.476500
0.230613 35.114000
0.231019 15.905000
0.231425 14.404300
0.231831 11.661100
0.232237 72.848200
0.232643 7.682020
0.233049 31.230500
0.233455 22.857700
0.233861 43.281400
0.234267 8.646440
0.234673 81.051800
0.235079 33.634000
0.235485 32.375900
0.235891 15.766300
0.236297 58.253800
0.236703 15.058900
0.237109 9.796700
0.237515 13.671800
0.237921 17.209100
0.238327 31.088200
0.238733 46.012300
0.239139 23.916700
0.239545 10.206100
0.239951 9.535180
0.240357 58.755900
0.240763 18.058700
0.241169 34.626000
0.241575 15.377600
0.241981 23.286900
0.242387 16.049600
0.242793 21.972100
0.243199 81.821100
0.243605 21.531800
0.244011 3.238110
0.244417 52.581600
0.244823 8.130090
0.245229 23.872200
0.245635 2.111920
0.246041 18.269100
0.246447 71.011200
0.246853 41.094200
0.247259 27.130600
0.247665 7.455130
0.248071 2.628860
0.248477 9.480060
0.248883 1.500550
0.249289 9.204520
0.249695 8.148540
0.250102 22.475300
0.250508 20.001700
0.250914 41.227600
0.251320 35.327100
0.251726 58.441200
0.252132 43.191200
0.252538 44.928400
0.252944 15.650400
0.253350 32.727500
0.253756 9.014800
0.254162 47.794800
0.254568 44.942200
0.254974 7.037890
0.255380 6.337000
0.255786 1.734020
0.256192 38.092100
0.256598 6.569600
0.257004 11.573000
0.257410 23.920600
0.257816 6.505360
0.258222 21.969500
0.258628 14.963100
0.259034 73.192300
0.259440 67.630900
0.259846 67.947600
0.260252 42.309800
0.260658 10.886800
0.261064 35.759700
0.261470 6.997080
0.261876 19.817300
0.262282 18.153100
0.262688 42.595400
0.263094 21.721400
0.263500 16.203000
0.263906 21.461800
0.264312 8.540860
0.264718 34.444500
0.265124 12.760500
0.265530 27.479300
0.265936 10.038800
0.266342 20.527800
0.266748 29.438200
0.267154 19.845600
0.267560 61.362600
0.267966 13.614800
0.268372 7.266310
0.268778 5.822960
0.269184 39.878800
0.269590 26.849300
0.269996 8.428170
0.270402 59.259800
0.270808 45.445500
0.271214 34.776200
0.271620 12.892400
0.272026 21.049400
0.272432 44.289500
0.272838 13.046800
0.273244 77.007800
0.273650 56.874500
0.274056 15.222500
0.274462 15.899900
0.274868 14.235000
0.275274 22.540400
0.275680 4.959410
0.276086 5.631750
0.276492 25.180500
0.276898 27.816200
0.277304 15.116400
0.277710 40.927900
0.278116 42.592700
0.278522 69.540900
0.278928 29.622900
0.279334 66.319100
0.279740 41.936900
0.280146 8.953600
0.280552 2.566130
0.280958 51.422500
0.281364 13.983100
0.281770 18.502400
0.282176 24.635300
0.282582 18.932300
0.282988 8.481180
0.283394 16.119100
0.283800 16.312600
0.284206 25.090200
0.284612 23.275100
0.285018 11.323500
0.285424 42.042000
0.285830 11.586400
0.286236 10.946100
0.286642 28.275000
0.287048 29.729600
0.287454 47.946400
0.287860 9.919780
0.288266 5.508080
0.288672 40.977700
0.289078 27.635300
0.289484 38.406100
0.289890 9.767330
0.290296 19.629400
0.290702 31.492200
0.291108 37.721000
0.291514 9.168750
0.291920 7.183140
0.292326 7.912790
0.292732 4.018710
0.293138 6.789010
0.293544 43.147100
0.293950 30.057400
0.294356 6.957990
0.294762 90.181900
0.295168 78.091700
0.295575 39.848900
0.295981 29.642300
0.296387 65.436700
0.296793 37.572200
0.297199 21.990700
0.297605 5.910620
0.298011 60.293100
0.298417 41.115100
0.298823 39.535200
0.299229 7.761570
0.299635 33.825800
0.300041 9.486650
0.300447 15.887900
0.300853 60.988800
0.301259 38.719500
0.301665 8.845440
0.302071 14.910900
0.302477 59.092900
0.302883 9.209930
0.303289 64.021500
0.303695 10.580300
0.304101 16.325000
0.304507 7.457210
0.304913 32.330200
0.305319 29.866400
0.305725 30.751700
0.306131 23.328200
0.306537 72.782100
0.306943 19.500300
0.307349 15.695200
0.307755 43.031200
0.308161 43.114300
0.308567 11.644200
0.308973 31.141200
0.309379 20.596800
0.309785 5.754660
0.310191 13.257900
0.310597 4.913880
0.311003 9.702370
0.311409 28.233500
0.311815 69.058300
0.312221 57.286700
0.312627 6.830630
0.313033 17.209900
0.313439 16.007200
0.313845 13.318400
0.314251 13.507800
0.314657 46.163400
0.315063 6.448280
0.315469 44.770500
0.315875 52.437800
0.316281 9.048110
0.316687 15.590400
0.317093 22.983400
0.317499 29.859900
0.317905 43.997000
0.318311 23.872800
0.318717 17.833800
0.319123 23.188800
0.319529 10.568600
0.319935 40.369900
0.320341 21.816300
0.320747 29.432300
0.321153 4.397470
0.321559 77.315000
0.321965 10.769900
0.322371 7.736010
0.322777 5.679690
0.323183 9.313790
0.323589 32.440300
0.323995 19.710000
0.324401 40.486200
0.324807 64.531500
0.325213 14.173800
0.325619 12.386400
0.326025 8.474350
0.326431 17.054000
0.326837 70.769100
0.327243 77.146600
0.327649 16.368900
0.328055 9.657720
0.328461 15.749400
0.328867 10.661700
0.329273 30.769700
0.329679 27.046200
0.330085 47.184300
0.330491 6.013420
0.330897 8.496050
0.331303 45.655100
0.331709 44.535500
0.332115 11.646300
0.332521 6.001790
0.332927 71.459300
0.333333 26.240000
0.333739 20.094000
0.334145 10.407100
0.334551 19.949600
0.334957 26.599400
0.335363 74.296600
0.335769 16.646600
0.336175 34.061700
0.336581 6.737020
0.336987 9.888270
0.337393 14.719400
0.337799 6.198260
0.338205 52.001500
0.338611 54.822200
0.339017 13.529700
0.339423 13.770500
0.339829 20.085600
0.340235 31.429100
0.340641 8.097950
0.341048 58.498000
0.341454 3.506300
0.341860 10.232100
0.342266 28.030800
0.342672 6.260420
0.343078 4.375320
0.343484 16.112100
0.343890 11.935100
0.344296 30.377200
0.344702 26.889000
0.345108 30.875200
0.345514 72.976000
0.345920 17.675600
0.346326 45.746000
0.346732 9.811800
0.347138 8.163400
0.347544 28.469800
0.347950 21.701600
0.348356 56.001000
0.348762 10.862400
0.349168 9.526310
0.349574 16.092300
0.349980 16.273600
0.350386 8.478130
0.350792 9.433600
0.351198 6.864980
0.351604 9.640760
0.352010 8.255550
0.352416 7.884860
0.352822 24.344000
0.353228 41.988400
0.353634 56.454200
0.354040 3.815480
0.354446 64.853000
0.354852 9.521960
0.355258 28.730600
0.355664 45.876000
0.356070 41.183000
0.356476 3.528760
0.356882 5.646860
0.357288 1.949090
0.357694 47.653000
0.358100 9.992400
0.358506 7.620200
0.358912 40.541100
0.359318 24.492900
0.359724 23.851900
0.360130 38.179900
0.360536 8.515110
0.360942 7.559890
0.361348 22.891300
0.361754 42.920500
0.362160 17.000600
0.362566 9.052730
0.362972 8.453410
0.363378 4.219380
0.363784 9.370900
0.364190 10.825100
0.364596 9.845180
0.365002 38.759500
0.365408 4.162740
0.365814 5.659410
0.366220 28.963100
0.366626 13.787900
0.367032 21.309700
0.367438 7.853330
0.367844 17.877900
0.368250 48.477300
0.368656 9.530690
0.369062 8.007010
0.369468 5.003460
0.369874 20.517100
0.370280 18.418700
0.370686 8.155820
0.371092 4.312990
0.371498 28.105900
0.371904 10.308100
0.372310 13.408800
0.372716 9.081740
0.373122 7.365190
0.373528 30.214700
0.373934 24.077100
0.374340 16.670100
0.374746 44.746500
0.375152 9.734760
0.375558 9.332540
0.375964 31.263800
0.376370 22.808300
0.376776 12.630400
0.377182 7.106060
0.377588 10.761300
0.377994 31.282300
0.378400 30.857900
0.378806 11.513600
0.379212 41.735000
0.379618 4.097720
0.380024 20.909000
0.380430 10.297600
0.380836 31.284400
0.381242 9.142280
0.381648 27.932000
0.382054 12.576200
0.382460 29.879600
0.382866 6.717060
0.383272 10.767500
0.383678 40.933800
0.384084 3.113450
0.384490 7.482260
0.384896 49.695900
0.385302 19.131300
0.385708 15.749200
0.386114 43.599200
0.386521 4.042180
0.386927 20.748600
0.387333 34.122100
0.387739 10.388900
0.388145 26.150700
0.388551 15.008200
0.388957 16.410100
0.389363 29.600900
0.389769 4.864930
0.390175 8.814160
0.390581 42.121700
0.390987 36.176500
0.391393 14.941900
0.391799 42.811200
0.392205 54.555500
0.392611 58.261700
0.393017 12.956600
0.393423 17.076700
0.393829 8.193770
0.394235 48.723400
0.394641 21.866400
0.395047 8.551700
0.395453 15.841300
0.395859 95.117700
0.396265 1.703930
0.396671 12.560300
0.397077 17.524600
0.397483 72.421000
0.397889 22.245800
0.398295 44.629600
0.398701 5.744690
0.399107 15.171500
0.399513 9.676000
0.399919 15.799500
0.400325 8.734360
0.400731 19.367000
0.401137 21.022300
0.401543 55.964400
0.401949 11.103600
0.402355 4.529970
0.402761 53.406300
0.403167 8.034710
0.403573 9.848080
0.403979 7.337180
0.404385 39.054200
0.404791 11.668000
0.405197 74.512700
0.405603 59.518600
0.406009 5.239130
0.406415 10.120900
0.406821 7.488900
0.407227 14.234700
0.407633 33.192900
0.408039 28.789900
0.408445 68.678800
0.408851 7.643220
0.409257 9.580240
0.409663 31.377200
0.410069 5.386440
0.410475 16.482900
0.410881 20.250600
0.411287 30.369900
0.411693 21.915500
0.412099 15.307100
0.412505 42.373300
0.412911 35.464500
0.413317 29.430000
0.413723 10.676500
0.414129 56.063700
0.414535 22.669100
0.414941 15.191200
0.415347 72.216500
0.417377 9.805800
0.417783 53.438100
0.418189 5.305180
0.418595 5.058670
0.419001 15.410000
0.419407 41.126200
0.419813 20.349900
0.420219 25.273300
0.420625 31.398800
0.421031 11.998600
0.421437 13.798000
0.421843 16.543900
0.422249 1.773110
0.422655 59.695700
0.423061 16.726500
0.423467 2.310460
0.423873 25.279700
0.424279 28.364400
0.424685 35.596100
0.425091 47.671000
0.425497 4.124240
0.425903 13.823000
0.426309 12.275800
0.426715 16.790900
0.427121 9.843130
0.427527 46.500600
0.427933 26.496800
0.428339 3.721670
0.428745 9.751380
0.429151 16.420200
0.429557 8.128030
0.429963 6.777760
0.430369 7.588490
0.430775 25.974400
0.431181 7.824820
0.431587 14.486500
0.431994 6.937470
0.432400 41.916200
0.432806 20.322100
0.433212 38.990400
0.433618 21.249500
0.434024 27.199200
0.434430 5.861630
0.434836 20.260000
0.435242 20.836500
0.435648 59.105000
0.436054 5.862540
0.436460 12.548700
0.436866 11.291100
0.437272 5.518160
0.437678 17.716600
0.438084 4.423630
0.438490 6.535720
0.438896 11.766200
0.439302 57.938000
0.439708 39.676300
0.440114 17.313100
0.440520 7.917030
0.440926 45.189800
0.441332 15.457600
0.441738 21.138300
0.442144 8.135840
0.442550 8.380630
0.442956 16.495100
0.443362 11.774200
0.443768 80.688000
0.444174 9.034700
0.444580 94.741600
0.444986 32.340200
0.445392 32.053900
0.445798 8.720650
0.446204 5.204780
0.446610 77.545300
0.447016 16.783100
0.447422 25.887700
0.447828 12.516300
0.448234 33.060200
0.448640 3.820830
0.449046 17.631600
0.449452 9.131310
0.449858 34.336400
0.450264 22.456100
0.450670 17.205400
0.451076 27.773300
0.451482 74.328700
0.451888 16.767300
0.452294 27.224700
0.452700 9.431520
0.453106 3.587010
0.453512 62.716100
0.453918 21.900700
0.454324 27.839900
0.454730 11.079500
0.455136 38.502600
0.455542 67.121200
0.455948 8.666580
0.456354 5.395690
0.456760 13.205700
0.457166 32.835800
0.457572 26.288400
0.457978 33.128700
0.458384 7.499360
0.458790 5.531820
0.459196 22.369000
0.459602 19.303200
0.460008 22.427400
0.460414 4.754980
0.460820 32.025600
0.461226 14.824300
0.461632 39.708400
0.462038 9.325080
0.462444 5.003750
0.462850 66.745400
0.463256 7.782570
0.463662 9.086240
0.464068 55.846700
0.464474 15.442000
0.464880 29.186200
0.465286 13.638900
0.465692 50.358900
0.466098 20.973900
0.466504 8.663060
0.466910 9.133590
0.467316 39.367700
0.467722 46.057800
0.468128 24.607900
0.468534 44.948800
0.468940 30.512700
0.469346 13.996200
0.469752 17.384100
0.470158 17.808000
0.470564 9.626690
0.470970 19.923900
0.471376 3.731330
0.471782 5.387720
0.472188 19.982000
0.472594 13.470600
0.473000 38.780800
0.473406 2.600650
0.473812 33.837400
0.474218 13.971700
0.474624 3.835560
0.475030 15.126900
0.475436 11.962500
0.475842 24.514200
0.476248 12.571300
0.476654 10.260200
0.477060 66.751600
0.477467 3.416530
0.477873 9.195930
0.478279 5.516430
0.478685 69.072200
0.479091 47.830700
0.479497 64.244600
0.479903 18.761700
0.480309 17.993200
0.480715 9.171590
0.481121 41.723000
0.481527 52.467200
0.481933 31.645000
0.482339 16.553600
0.482745 8.738980
0.483151 54.605200
0.483557 13.888900
0.483963 21.738800
0.484369 16.241600
0.484775 2.159330
0.485181 11.722300
0.485587 8.897300
0.485993 7.114530
0.486399 27.774000
0.486805 19.523100
0.487211 40.914000
0.487617 44.908400
0.488023 40.584000
0.488429 46.823600
0.488835 7.514790
0.489241 16.951700
0.489647 18.488200
0.490459 10.589700
0.490865 66.310200
0.491271 1.145570
0.491677 11.703100
0.492083 4.773000
0.492489 44.564800
0.492895 4.516580
0.493301 38.662000
0.493707 6.717370
0.494113 22.033600
0.494519 4.148510
0.494925 8.291510
0.495331 11.430300
0.495737 11.769500
0.496143 2.753460
0.496549 39.499000
0.496955 15.243700
0.497361 17.600000
0.497767 35.379400
0.498173 56.883400
0.498579 9.725010
0.498985 38.420800
0.499391 65.578100
0.499797 41.138800
0.500203 17.421600
0.500609 5.575110
0.501015 34.987300
0.501421 19.573100
0.501827 2.666630
0.502233 14.683200
0.502639 16.812400
0.503045 38.098300
0.503451 13.437400
0.503857 22.462500
0.504263 11.345900
0.504669 68.816200
0.505075 6.469090
0.505481 18.489100
0.505887 4.173840
0.506293 50.000700
0.506699 4.504550
0.507105 42.665700
0.507511 15.867800
0.507917 26.492600
0.508323 12.560500
0.508729 62.910600
0.509135 20.238100
0.509541 8.841280
0.509947 77.018700
0.510353 67.431800
0.510759 28.602300
0.511165 38.883100
0.511571 11.918800
0.511977 28.768200
0.512383 8.900920
0.512789 15.284100
0.513195 25.491800
0.513601 20.418000
0.514007 24.340500
0.514413 46.423600
0.514819 16.312700
0.515225 8.299500
0.515631 8.172710
0.516037 10.747200
0.516443 7.631710
0.516849 23.890000
0.517255 8.452700
0.517661 26.107500
0.518067 9.441440
0.518473 29.593600
0.518879 16.884200
0.519285 27.051200
0.519691 11.343500
0.520097 7.021790
0.520503 95.327800
0.520909 4.420340
0.521315 7.790370
0.521721 37.874100
0.522127 13.677100
0.522533 15.360800
0.522940 38.119200
0.523346 30.341100
0.523752 6.270630
0.524158 20.830400
0.524564 39.443400
0.524970 6.487740
0.525376 36.064900
0.525782 18.035900
0.526188 64.284500
0.526594 68.011900
0.527000 17.295500
0.527406 47.803000
0.527812 27.336300
0.528218 12.090400
0.528624 13.908800
0.529030 3.187670
0.529436 30.146400
0.529842 44.240800
0.530248 12.212600
0.530654 22.719100
0.531060 3.377080
0.531466 7.669550
0.531872 15.944800
0.532278 68.970400
0.532684 23.548600
0.533090 64.395900
0.533496 9.017420
0.533902 89.464400
0.534308 19.544400
0.534714 30.526500
0.535120 2.116900
0.535526 7.173730
0.535932 56.363500
0.536338 10.441000
0.536744 11.625600
0.537150 11.968900
0.537556 9.573830
0.537962 10.213900
0.538368 16.684200
0.538774 4.485130
0.539180 9.434790
0.539586 27.517100
0.539992 25.381000
0.540398 17.204100
0.540804 19.859500
0.541210 40.069800
0.541616 7.405950
0.542022 21.364500
0.542428 85.433100
0.542834 22.028000
0.543240 3.098890
0.543646 74.436900
0.544052 53.712600
0.544458 4.937180
0.544864 75.114700
0.545270 6.975530
0.545676 31.803000
0.546082 24.523100
0.546488 27.001200
0.546894 23.426600
0.547300 60.247800
0.547706 66.363900
0.548112 8.060130
0.548518 50.389000
0.548924 22.319400
0.549330 18.694400
0.549736 8.856090
0.550142 38.778800
0.550548 60.717600
0.550954 14.223800
0.551360 57.382200
0.551766 25.738300
0.552172 8.165790
0.552578 22.210900
0.552984 17.227600
0.553390 42.458800
0.553796 23.009300
0.554202 11.143100
0.554608 26.322100
0.555014 16.248900
0.555420 6.463010
0.555826 25.543900
0.556232 2.187430
0.556638 24.945000
0.557044 9.197450
0.557450 23.376500
0.557856 41.190700
0.558262 53.506300
0.558668 7.512070
0.559074 8.758750
0.559480 4.392290
0.559886 66.176500
0.560292 3.709260
0.560698 30.686900
0.561104 16.962300
0.561510 13.725500
0.561916 6.357410
0.562322 3.510200
0.562728 8.446540
0.563134 10.023200
0.563540 69.200400
0.563946 9.352240
0.564352 8.169050
0.564758 72.162400
0.565164 6.571360
0.565570 45.161000
0.565976 6.814640
0.566382 17.286200
0.566788 26.798500
0.567194 41.114900
0.567600 9.138000
0.568006 38.149300
0.568413 23.036000
0.568819 48.273400
0.569225 11.622600
0.569631 24.292400
0.570037 4.315220
0.570443 7.361340
0.570849 11.531900
0.571255 15.591200
0.571661 11.873900
0.572067 40.676600
0.572473 7.976550
0.572879 49.049400
0.573285 3.710760
0.573691 20.257000
0.574097 70.479900
0.574503 30.724500
0.574909 10.772600
0.575315 16.805800
0.575721 11.345800
0.576127 62.777500
0.576533 7.355260
0.576939 33.514700
0.577345 22.142200
0.577751 48.362300
0.578157 13.007700
0.578563 5.305120
0.578969 23.057300
0.579375 9.108790
0.579781 10.362800
0.580187 15.248500
0.580593 16.778600
0.580999 22.812000
0.581405 35.331800
0.581811 28.488800
0.582217 86.598100
0.582623 6.123450
0.583029 6.525230
0.583435 4.219850
0.583841 2.860270
0.584247 9.108710
0.584653 20.091900
0.585059 16.395500
0.585465 24.095100
0.585871 10.535600
0.586277 9.419230
0.586683 6.584130
0.587089 23.937500
0.587495 30.309900
0.587901 10.504500
0.588307 24.121500
0.588713 7.802140
0.589119 3.688360
0.589525 9.591970
0.589931 20.359700
0.590337 6.660820
0.590743 17.743500
0.591149 70.502400
0.591555 5.701110
0.591961 24.329500
0.592367 11.851200
0.592773 15.245900
0.593179 52.819600
0.593585 43.893800
0.593991 6.905790
0.594397 36.112600
0.594803 14.686700
0.595209 11.616900
0.595615 37.286700
0.596021 21.465400
0.596427 43.838400
0.596833 44.855200
0.597239 27.204000
0.597645 12.753600
0.598051 15.990100
0.598457 6.638250
0.598863 21.131900
0.599269 6.993300
0.599675 23.939300
0.600081 24.744500
0.600487 22.396600
0.600893 32.325700
0.601299 6.419340
0.601705 44.156700
0.602111 11.860800
0.602517 6.499530
0.602923 28.964400
0.603329 20.125500
0.603735 5.809330
0.604141 10.066900
0.604547 42.284900
0.604953 14.970500
0.605359 54.662300
0.605765 5.831250
0.606171 7.422500
0.606577 9.673070
0.606983 4.623190
0.607389 8.082800
0.607795 6.442260
0.608201 6.270660
0.608607 23.103400
0.609013 18.247900
0.609419 18.106300
0.609825 81.846200
0.610231 26.051900
0.610637 4.884780
0.611043 31.564000
0.611449 16.158100
0.611855 8.033230
0.612261 16.193500
0.612667 38.082500
0.613073 26.212000
0.613479 18.383500
0.613886 15.067400
0.614292 42.806000
0.614698 6.919070
0.615104 2.182870
0.615510 6.489410
0.615916 21.877000
0.616322 8.079490
0.616728 10.441700
0.617134 12.997500
0.617540 36.347100
0.617946 8.263960
0.618352 12.015300
0.618758 19.502900
0.619164 6.987670
0.619570 62.391300
0.619976 7.176310
0.620382 37.699700
0.620788 56.130000
0.621194 12.660700
0.621600 29.432500
0.622006 15.459300
0.622412 24.189100
0.622818 54.641700
0.623224 21.981600
0.623630 22.149600
0.624036 12.515100
0.624442 8.165920
0.624848 29.610800
0.625254 9.556870
0.625660 16.687200
0.626066 18.892600
0.626472 58.558100
0.626878 26.176100
0.627284 4.476770
0.627690 65.588200
0.628096 32.920100
0.628502 6.040160
0.628908 58.023400
0.629314 1.686850
0.629720 29.275100
0.630126 29.025000
0.630532 14.393600
0.630938 22.534000
0.631344 8.673160
0.631750 15.971800
0.632156 34.299500
0.632562 47.326000
0.632968 44.759100
0.633374 42.992200
0.633780 48.957100
0.634186 9.813710
0.634592 7.455320
0.634998 14.706600
0.635404 5.692420
0.635810 45.777600
0.636216 19.889600
0.636622 85.422100
0.637028 35.794700
0.637434 42.070100
0.637840 6.239790
0.638246 36.851400
0.638652 10.053900
0.639058 23.116600
0.639464 14.719500
0.639870 1.450010
0.640276 4.850490
0.640682 19.589600
0.641088 9.784920
0.641494 43.987600
0.641900 6.628860
0.642306 61.618800
0.642712 1.715190
0.643118 59.659800
0.643524 69.080800
0.643930 33.475600
0.644336 31.986600
0.644742 10.370500
0.645148 9.839320
0.645554 28.625100
0.645960 38.463400
0.646366 63.983600
0.646772 16.226500
0.647178 57.187700
0.647584 13.775500
0.647990 4.783350
0.648396 7.408540
0.648802 81.364700
0.649208 17.952400
0.649614 25.088900
0.650020 10.447000
0.650426 8.011060
0.650832 35.072000
0.651238 36.119500
0.651644 30.915500
0.652050 29.753200
0.652456 1.762770
0.652862 9.336710
0.653268 85.586400
0.653674 13.520800
0.654080 18.614400
0.654486 34.426700
0.654892 3.866250
0.655298 31.857100
0.655704 48.667400
0.656110 16.992500
0.656516 38.190700
0.656922 22.472500
0.657328 15.308200
0.657734 71.330600
0.658140 10.740300
0.658546 8.640650
0.658952 5.043790
0.659359 38.507600
0.659765 86.780400
0.660171 27.837700
0.660577 16.219900
0.660983 32.318200
0.661389 7.570540
0.661795 7.564520
0.662201 19.165800
0.662607 47.467600
0.663013 54.242800
0.663419 44.231100
0.663825 54.211000
0.664231 21.423700
0.664637 7.255840
0.665043 5.697140
0.665449 12.946200
0.665855 8.389080
0.666261 32.239800
0.666667 6.191870
0.667073 16.480400
0.667479 82.138000
0.667885 36.785700
0.668291 8.750290
0.668697 22.080800
0.669103 14.050700
0.669509 15.385100
0.669915 44.011900
0.670321 21.522700
0.670727 18.020600
0.671133 13.259700
0.671539 3.015910
0.671945 13.344300
0.672351 48.545200
0.672757 18.825700
0.673163 8.170090
0.673569 16.714800
0.673975 8.382370
0.674381 47.920800
0.675193 41.817300
0.675599 39.340800
0.676005 17.807600
0.676411 71.744400
0.676817 24.741700
0.677223 5.491910
0.677629 21.004700
0.678035 9.391770
0.678441 15.114800
0.678847 23.391000
0.679253 10.091900
0.679659 20.532600
0.680065 50.684200
0.680471 30.287200
0.680877 25.778500
0.681283 25.036000
0.681689 7.894970
0.682095 25.786300
0.682501 17.914400
0.682907 12.746800
0.683313 56.122400
0.683719 7.154720
0.684125 48.427400
0.684531 41.252600
0.684937 7.798700
0.685343 14.968400
0.685749 4.434100
0.686155 5.618100
0.686561 8.670230
0.686967 70.388300
0.687373 23.998400
0.688185 8.776500
0.688591 19.723400
0.688997 6.752110
0.689403 16.654800
0.689809 10.029500
0.690215 8.148950
0.690621 59.933800
0.691027 16.878400
0.691433 15.595500
0.691839 55.518000
0.692245 41.748500
0.692651 32.611400
0.693057 38.716300
0.693463 15.977400
0.693869 6.115170
0.694275 5.823650
0.694681 69.838100
0.695087 35.622600
0.695493 24.569900
0.695899 2.315140
0.696305 25.310500
0.696711 71.617700
0.697117 11.923600
0.697523 11.429200
0.697929 24.997400
0.698335 24.456700
0.698741 7.589380
0.699553 11.312900
0.699959 7.888700
0.700365 21.262800
0.700771 9.685480
0.701177 30.269600
0.701583 33.640900
0.701989 47.826000
0.702395 48.049200
0.702801 9.956470
0.703207 9.736300
0.703613 17.206900
0.704019 36.066800
0.704425 82.659700
0.704832 9.583990
0.705238 12.121300
0.705644 39.277000
0.706050 20.680300
0.706456 14.252500
0.706862 18.793000
0.707268 12.431600
0.707674 14.847900
0.708080 72.343300
0.708486 14.336300
0.708892 11.581300
0.709298 17.047700
0.709704 54.671000
0.710110 31.285300
0.710516 29.726200
0.710922 6.325370
0.711328 8.385790
0.711734 11.789700
0.712140 6.810680
0.712546 34.021800
0.712952 30.119000
0.713358 5.862010
0.713764 32.372400
0.714170 7.390410
0.714576 16.783200
0.714982 38.250300
0.715388 8.645430
0.715794 29.549000
0.716200 19.568900
0.716606 4.184160
0.717012 50.533600
0.717418 9.162310
0.717824 7.459510
0.718230 15.926200
0.718636 5.777970
0.719042 14.783000
0.719448 5.268540
0.719854 2.811710
0.720260 25.168200
0.720666 8.865070
0.721072 17.841300
0.721478 40.667700
0.721884 33.776400
0.722290 8.894090
0.722696 66.424800
0.723102 8.568540
0.723508 11.224300
0.723914 2.407960
0.724320 9.748250
0.724726 31.112300
0.725132 6.348910
0.725538 10.104000
0.725944 16.792300
0.726350 3.946170
0.726756 38.263400
0.727162 19.396600
0.727568 18.983800
0.727974 30.791900
0.728380 18.329200
0.728786 32.035000
0.729192 25.485000
0.729598 23.935200
0.730004 8.284840
0.730410 8.857980
0.730816 69.269400
0.731222 44.499300
0.731628 29.890400
0.732034 17.230100
0.732440 45.263800
0.732846 54.958300
0.733252 4.909920
0.733658 47.402100
0.734064 3.652430
0.734470 16.896200
0.734876 10.580500
0.735282 6.474720
0.735688 12.635700
0.736094 31.109000
0.736500 71.051300
0.736906 21.087200
0.737312 36.793500
0.737718 13.171600
0.738124 53.588900
0.738530 15.975600
0.738936 39.627100
0.739342 5.619430
0.739748 10.214800
0.740154 64.875000
0.740560 12.318100
0.740966 51.544900
0.741372 4.658500
0.741778 42.304200
0.742184 50.268200
0.742590 2.780290
0.742996 14.721300
0.743402 16.027500
0.743808 23.874600
0.744214 18.255100
0.744620 19.045900
0.745026 39.962000
0.745432 10.044000
0.745838 18.153300
0.746244 58.780400
0.746650 19.156700
0.747056 6.682330
0.747462 29.722500
0.747868 25.306800
0.748274 9.373520
0.748680 7.314680
0.749086 7.091630
0.749492 6.616780
0.749898 3.724680
0.750305 35.529400
0.750711 22.276500
0.751117 21.898800
0.751523 27.009700
0.751929 53.536400
0.752335 26.886300
0.752741 15.567500
0.753147 14.942300
0.753553 9.221920
0.753959 35.846200
0.754365 5.325530
0.754771 18.737800
0.755177 10.812900
0.755583 78.930400
0.755989 16.218900
0.756395 74.321400
0.756801 4.314890
0.757207 18.235700
0.757613 56.515000
0.758019 33.751200
0.758425 35.132700
0.758831 5.948180
0.759237 59.138100
0.759643 3.813580
0.760049 48.443300
0.760455 22.274500
0.760861 40.831600
0.761267 55.991400
0.761673 21.262100
0.762079 30.765000
0.762485 57.724400
0.762891 55.563700
0.763297 34.327000
0.763703 2.483120
0.764515 11.247100
0.764921 5.809740
0.765327 41.075100
0.765733 20.185500
0.766139 61.461700
0.766545 15.531800
0.766951 3.122450
0.767357 2.185360
0.767763 10.707500
0.768169 11.823400
0.768575 63.225800
0.768981 11.292600
0.769387 11.626100
0.769793 10.982600
0.770199 32.875400
0.770605 8.429900
0.771011 26.965700
0.771417 56.415000
0.771823 8.312150
0.772229 7.562940
0.772635 6.180180
0.773041 13.137100
0.773447 17.873100
0.773853 25.236000
0.774259 39.276000
0.774665 11.492100
0.775071 44.441800
0.775477 65.217600
0.775883 18.010900
0.776289 5.775610
0.776695 16.558300
0.777101 38.339100
0.777507 3.724370
0.777913 16.680700
0.778319 52.166900
0.778725 30.645800
0.779131 57.890600
0.779537 3.437860
0.779943 27.132700
0.780349 7.403300
0.780755 24.759200
0.781161 14.242200
0.781567 41.306600
0.781973 6.898060
0.782379 13.946400
0.782785 56.284700
0.783191 32.221100
0.783597 7.111230
0.784003 10.883100
0.784409 14.556600
0.784815 27.085700
0.785221 33.603800
0.785627 43.270400
0.786033 67.668400
0.786439 5.312130
0.786845 5.206890
0.787251 64.216500
0.787657 35.138200
0.788063 40.089300
0.788469 5.238290
0.788875 7.826380
0.789281 10.785400
0.789687 24.761600
0.790093 22.957400
0.790499 5.810660
0.790905 46.445600
0.791311 14.108400
0.791717 12.166400
0.792123 40.249500
0.792529 4.771700
0.792935 12.660400
0.793341 37.790500
0.793747 31.259200
0.794153 41.481000
0.794559 58.161700
0.794965 23.453500
0.795371 34.335300
0.795778 20.307000
0.796184 45.715800
0.796590 13.126800
0.796996 18.046300
0.797402 10.639400
0.797808 6.670840
0.798214 49.099600
0.798620 24.277900
0.799026 24.727500
0.799432 17.349300
0.799838 20.723500
0.800244 7.003260
0.800650 8.635230
0.801056 30.464100
0.801462 13.653900
0.801868 6.790340
0.802274 11.383800
0.802680 30.805900
0.803086 24.019600
0.803492 21.992200
0.803898 38.634500
0.804304 22.149400
0.804710 22.703500
0.805116 34.306400
0.805522 5.021630
0.805928 9.926620
0.806334 10.482500
0.806740 24.089000
0.807146 5.680900
0.807552 43.060400
0.807958 14.231600
0.808364 26.799800
0.808770 91.826700
0.809176 5.614500
0.809582 12.727300
0.809988 26.684100
0.810394 24.504800
0.810800 4.070860
0.811206 6.784780
0.811612 17.875600
0.812018 7.574540
0.812424 30.169800
0.812830 10.361600
0.813236 11.167000
0.813642 20.593700
0.814048 22.745300
0.814454 11.835900
0.814860 13.936800
0.815266 19.372100
0.815672 8.981200
0.816078 12.144500
0.816484 29.900900
0.816890 35.088800
0.817296 10.754800
0.817702 2.826120
0.818108 7.598810
0.818514 11.011100
0.818920 3.656970
0.819326 27.174100
0.819732 16.207700
0.820138 18.863800
0.820544 8.547950
0.820950 15.921900
0.821356 51.542800
0.821762 47.485600
0.822168 27.367400
0.822574 12.777100
0.822980 7.348890
0.823386 22.803000
0.823792 20.492000
0.824198 5.479260
0.824604 41.430900
0.825010 20.773600
0.825416 82.772200
0.825822 7.766370
0.826228 22.895100
0.826634 10.061800
0.827040 75.424400
0.827446 6.516070
0.827852 37.027500
0.828258 8.419520
0.828664 5.049220
0.829070 28.882600
0.829476 15.933200
0.829882 6.946980
0.830288 11.585500
0.830694 38.356200
0.831100 43.765900
0.831506 55.888800
0.831912 17.307000
0.832318 14.576000
0.832724 29.376600
0.833130 4.862810
0.833536 12.680300
0.833942 53.374800
0.834348 25.577000
0.834754 38.483800
0.835160 26.028300
0.835566 9.174090
0.835972 43.481400
0.836378 66.510600
0.836784 49.773700
0.837190 10.461700
0.837596 17.986700
0.838002 26.793300
0.838408 23.635100
0.838814 37.725500
0.839220 33.288100
0.839626 42.321600
0.840032 55.170400
0.840438 45.781500
0.840844 29.461300
0.841251 50.106700
0.841657 30.149700
0.842063 7.936820
0.842469 68.216700
0.842875 5.160710
0.843281 46.904300
0.843687 8.231470
0.844093 32.411100
0.844499 4.811450
0.844905 30.755100
0.845311 21.967400
0.845717 24.478800
0.846123 28.936100
0.846529 4.840450
0.846935 22.449400
0.847341 10.917900
0.847747 57.562500
0.848153 49.331200
0.848559 43.106700
0.848965 25.430300
0.849371 22.848100
0.849777 47.793400
0.850183 19.802900
0.850589 36.720000
0.850995 39.165900
0.851401 16.413500
0.851807 12.268600
0.852213 67.400900
0.852619 30.475200
0.853025 6.880340
0.853431 72.386300
0.853837 36.386200
0.854243 28.469600
0.854649 1.586570
0.855055 60.337900
0.855461 12.429600
0.855867 14.772600
0.856273 11.935300
0.856679 31.037000
0.857085 10.648800
0.857491 25.005600
0.857897 18.746000
0.858303 50.510400
0.858709 17.002700
0.859115 31.412300
0.859521 6.818460
0.859927 19.724900
0.860333 10.021700
0.860739 1.165090
0.861145 4.523030
0.861551 49.341000
0.861957 82.896100
0.862363 16.053600
0.862769 26.437700
0.863175 45.092000
0.863581 15.421700
0.863987 48.028500
0.864393 13.155600
0.864799 8.110760
0.865205 23.447400
0.865611 36.747200
0.866017 5.708490
0.866423 37.348200
0.866829 7.385290
0.867235 6.658670
0.867641 7.284060
0.868047 11.123200
0.868453 17.314500
0.868859 8.234320
0.869265 8.218620
0.869671 10.643900
0.870077 13.174800
0.870483 30.982500
0.870889 4.110440
0.871295 7.089590
0.871701 33.951900
0.872107 70.913400
0.872513 19.325100
0.872919 16.558700
0.873325 55.544900
0.873731 54.184100
0.874137 17.245200
0.874543 4.852040
0.874949 21.359200
0.875355 2.990730
0.875761 4.828800
0.876167 45.452700
0.876573 49.887800
0.876979 20.564100
0.877385 51.330200
0.877791 19.373200
0.878197 58.328000
0.878603 5.822560
0.879009 18.787300
0.879415 26.617600
0.879821 16.270900
0.880227 62.040400
0.880633 24.080700
0.881039 15.535300
0.881445 4.118550
0.881851 8.245270
0.882257 5.311530
0.882663 57.187000
0.883069 79.390300
0.883475 23.063400
0.883881 6.826840
0.884287 40.630600
0.884693 27.626300
0.885099 25.249100
0.885505 10.133200
0.885911 5.859480
0.886317 8.157510
0.886724 59.396700
0.887130 1.975730
0.887536 51.595000
0.887942 6.323750
0.888348 6.968030
0.888754 13.496800
0.889160 17.993100
0.889566 18.096700
0.889972 40.144500
0.890378 4.933700
0.890784 20.671800
0.891190 22.666700
0.891596 16.363800
0.892002 25.624400
0.892408 8.658740
0.892814 72.104300
0.893220 29.130700
0.893626 8.214730
0.894032 24.031300
0.894438 19.021800
0.894844 8.730760
0.895250 34.087600
0.895656 18.286900
0.896062 6.088480
0.896468 22.095300
0.896874 9.275060
0.897280 34.646000
0.897686 13.339400
0.898092 31.272400
0.898498 16.730700
0.898904 12.697600
0.899310 6.648310
0.899716 42.112400
0.900122 13.700400
0.900528 37.980800
0.900934 40.821600
0.901340 19.669000
0.901746 6.286550
0.902152 6.056360
0.902558 12.936900
0.902964 31.474400
0.903370 22.390600
0.903776 28.644300
0.904182 27.011100
0.904588 15.526200
0.904994 7.280810
0.905400 4.697500
0.905806 7.855560
0.906212 24.227400
0.906618 5.709440
0.907024 29.471800
0.907430 25.801000
0.907836 12.218800
0.908242 30.773100
0.908648 7.642840
0.909054 11.881700
0.909460 8.699450
0.909866 1.646180
0.910272 27.011400
0.910678 55.193700
0.911084 21.863800
0.911490 14.559800
0.911896 29.210700
0.912302 25.971400
0.912708 9.862340
0.913114 17.713700
0.913520 33.788300
0.913926 8.923230
0.914332 5.377840
0.914738 23.074700
0.915144 14.294500
0.915550 41.693200
0.915956 5.104020
0.916362 30.762100
0.916768 89.691700
0.917174 22.036200
0.917580 18.957900
0.917986 19.426800
0.918392 58.724500
0.918798 36.327400
0.919204 6.290590
0.919610 10.189100
0.920016 8.521770
0.920422 25.189800
0.920828 5.593870
0.921234 58.060800
0.921640 6.817170
0.922046 25.338100
0.922452 16.338200
0.922858 20.701800
0.923264 8.114680
0.923670 27.230500
0.924076 11.370400
0.924482 15.270700
0.924888 12.432600
0.925294 27.824100
0.925700 32.804800
0.926106 49.081900
0.926512 18.367600
0.926918 5.920880
0.927324 5.549830
0.927730 16.159800
0.928136 9.991440
0.928542 44.383300
0.928948 17.957700
0.929354 5.734950
0.929760 11.133000
0.930166 38.388600
0.930572 7.736440
0.930978 13.877400
0.931384 15.311300
0.931790 40.160100
0.932197 8.384800
0.932603 7.639800
0.933009 15.600500
0.933415 29.383800
0.933821 19.744200
0.934227 24.934100
0.934633 7.423480
0.935039 21.588700
0.935445 11.063000
0.935851 18.283200
0.936257 15.794000
0.936663 29.629500
0.937069 23.521600
0.937475 59.631700
0.937881 12.083300
0.938287 4.346060
0.938693 34.481800
0.939099 34.793700
0.939505 32.979000
0.939911 23.328900
0.940317 17.028900
0.940723 38.962300
0.941129 13.744200
0.941535 12.020000
0.941941 22.736200
0.942347 21.730800
0.942753 23.022600
0.943159 22.916100
0.943565 10.817500
0.943971 28.452100
0.944377 17.604400
0.944783 38.243800
0.945189 31.166700
0.945595 13.864600
0.946001 77.190700
0.946407 14.444100
0.946813 9.002920
0.947219 26.812100
0.947625 8.191330
0.948031 38.610700
0.948437 22.202500
0.948843 21.953800
0.949249 14.212400
0.949655 59.095900
0.950061 14.571100
0.950467 31.874300
0.950873 24.650400
0.951279 2.365010
0.951685 35.992200
0.952091 19.251200
0.952497 49.845100
0.952903 58.126000
0.953309 15.163900
0.953715 53.047600
0.954121 41.945700
0.954527 21.275000
0.954933 6.424710
0.955339 20.409000
0.955745 5.344100
0.956151 5.140960
0.956557 8.723080
0.956963 17.998600
0.957369 20.185000
0.957775 9.342390
0.958181 20.773200
0.958587 55.359700
0.958993 1.728490
0.959399 36.943900
0.959805 35.753000
0.960211 41.681600
0.960617 19.833200
0.961023 26.264700
0.961429 55.193100
0.961835 50.280900
0.962241 58.521600
0.962647 31.724300
0.963053 23.306700
0.963459 6.791660
0.963865 19.620300
0.964271 1.714310
0.964677 20.679500
0.965083 42.050300
0.965489 11.048900
0.965895 16.804400
0.966301 49.121000
0.966707 13.882400
0.967113 25.316600
0.967519 13.117100
0.967925 26.555500
0.968331 10.644400
0.968737 66.831000
0.969143 8.687390
0.969549 21.263100
0.969955 19.384000
0.970361 8.957040
0.970767 15.565400
0.971173 11.852700
0.971579 49.766300
0.971985 18.735100
0.972391 29.593400
0.972797 23.807900
0.973203 24.883500
0.973609 65.721800
0.974015 10.807300
0.974421 18.372900
0.974827 38.306300
0.975233 67.388100
0.975639 58.948200
0.976045 39.036200
0.976451 71.271200
0.976857 3.679350
0.977263 13.228300
0.977670 8.954260
0.978076 47.896900
0.978482 27.038700
0.978888 38.898200
0.979294 12.662700
0.979700 6.946270
0.980106 35.254100
0.980512 10.648300
0.980918 3.590810
0.981324 20.484200
0.981730 10.401500
0.982136 39.070000
0.982542 21.011300
0.982948 59.504300
0.983354 43.026700
0.983760 34.600300
0.984166 33.184900
0.984572 3.092720
0.984978 4.760270
0.985384 5.937940
0.985790 17.872500
0.986196 34.814200
0.986602 17.876500
0.987008 9.252240
0.987414 5.821700
0.987820 26.890400
0.988226 21.536200
0.988632 15.575400
0.989038 16.746800
0.989444 18.401700
0.989850 14.084100
0.990256 53.987300
0.990662 51.627600
0.991068 36.650700
0.991474 64.401500
0.991880 45.013000
0.992286 76.406400
0.992692 37.660700
0.993098 46.578000
0.993504 26.574800
0.993910 5.920980
0.994316 5.232440
0.994722 14.880100
0.995128 6.272520
0.995534 74.442500
0.995940 10.105100
0.996346 17.225400
0.996752 16.121000
0.997158 5.670730
0.997564 12.900400
0.997970 27.551900
0.998376 18.505000
0.998782 18.362200
0.999188 16.076100
0.999594 10.748700
1.000000 17.618900
