0.000666 66.879000
0.001332 49.440600
0.001999 13.665800
0.002665 8.183590
0.003331 22.941800
0.003997 43.690300
0.004664 13.121800
0.005330 22.069000
0.005996 47.680300
0.006662 27.497300
0.010660 58.116000
0.011326 11.499500
0.011992 49.002800
0.012658 6.484970
0.013324 34.187500
0.013991 21.164300
0.014657 24.404600
0.015323 4.308070
0.015989 12.552800
0.016656 8.179680
0.017322 4.666120
0.017988 24.207300
0.018654 24.482900
0.019320 45.704700
0.019987 42.120400
0.020653 57.657300
0.021319 53.596500
0.021985 8.167670
0.022652 18.411300
0.023318 16.497800
0.023984 41.993300
0.024650 51.782400
0.025316 33.048600
0.025983 14.829000
0.026649 9.628900
0.027315 15.294000
0.027981 5.093300
0.028648 76.142800
0.029314 70.230200
0.029980 11.457300
0.030646 21.653800
0.031312 7.020200
0.031979 9.367970
0.032645 21.577500
0.033311 15.040500
0.033977 39.032400
0.034644 12.243300
0.035310 6.475230
0.035976 59.095700
0.036642 73.817100
0.037308 43.915300
0.037975 21.460600
0.038641 11.156900
0.050633 9.691900
0.051299 10.950200
0.053298 8.324900
0.053964 9.476340
0.054630 19.367500
0.055296 11.116100
0.055963 24.124200
0.056629 28.612200
0.067955 8.389800
0.068621 21.492000
0.069287 31.115700
0.069953 4.712960
0.070620 17.510600
0.071286 9.444640
0.071952 6.317790
0.072618 6.766870
0.073284 4.959870
0.073951 11.980800
0.074617 12.003300
0.075283 32.538700
0.075949 8.936110
0.076616 86.298700
0.077282 25.056800
0.077948 78.626500
0.078614 20.189900
0.079280 31.212200
0.079947 47.741500
0.080613 45.461700
0.081279 29.179500
0.081945 45.701400
0.082612 35.927500
0.083278 6.015980
0.083944 24.649000
0.084610 1.694670
0.085276 16.660200
0.085943 20.090000
0.086609 6.473430
0.087275 50.382100
0.087941 55.000500
0.088608 7.979080
0.089274 22.974700
0.089940 8.532700
0.090606 39.726500
0.091272 28.883400
0.091939 31.229500
0.092605 8.361580
0.093271 47.175600
0.093937 66.046200
0.094604 43.349900
0.095270 58.829200
0.095936 72.089600
0.096602 6.990110
0.097268 6.391890
0.097935 25.504300
0.098601 5.137410
0.099267 21.477800
0.099933 15.808100
0.100600 20.772500
0.101266 3.646310
0.101932 12.339900
0.102598 22.250900
0.103264 11.463200
0.103931 3.358700
0.104597 9.178100
0.105263 24.518600
0.105929 28.128600
0.106596 24.480900
0.107262 12.433500
0.107928 46.586400
0.108594 17.476500
0.109260 5.465750
0.109927 18.228200
0.110593 34.210200
0.111259 10.124100
0.111925 45.399000
0.112592 26.606600
0.122585 59.483000
0.123251 22.769800
0.123917 54.209300
0.124584 21.002700
0.125250 3.136450
0.125916 9.962670
0.126582 35.785300
0.127249 42.820200
0.127915 5.102680
0.128581 4.429100
0.129247 7.835920
0.129913 5.232140
0.130580 39.133900
0.131246 38.065300
0.131912 27.421400
0.132578 24.294900
0.133245 35.765200
0.133911 17.014900
0.134577 5.493070
0.135243 13.739100
0.135909 24.939100
0.136576 74.379400
0.137242 29.524200
0.138574 4.238110
0.139241 16.990200
0.139907 14.687900
0.140573 42.990900
0.141239 43.111900
0.141905 13.158900
0.142572 8.260130
0.143238 54.323300
0.143904 8.773090
0.144570 14.029200
0.145237 6.507000
0.145903 10.520700
0.146569 9.205940
0.147235 36.316300
0.147901 21.199200
0.148568 24.072800
0.149234 39.795500
0.149900 14.589200
0.150566 11.618600
0.151233 59.185300
0.151899 9.518420
0.152565 10.663900
0.153231 15.408500
0.153897 17.450100
0.154564 10.401000
0.155230 5.019870
0.155896 1.773040
0.156562 74.103700
0.157229 48.062700
0.157895 40.726800
0.158561 41.474500
0.159227 4.847420
0.159893 14.922800
0.160560 27.753900
0.161226 11.331200
0.161892 9.512730
0.162558 17.937300
0.163225 6.721760
0.163891 3.732340
0.164557 9.596870
0.165223 18.412600
0.165889 29.894900
0.166556 42.566700
0.167222 19.341900
0.167888 1.704400
0.168554 11.932800
0.169221 51.539200
0.169887 42.812700
0.170553 19.275200
0.171219 7.181750
0.171885 45.096300
0.172552 53.423900
0.173218 42.321900
0.173884 1.657940
0.174550 11.295700
0.175217 7.712790
0.175883 9.164060
0.176549 10.170400
0.177215 39.102300
0.177881 27.496100
0.178548 50.960200
0.179214 26.357700
0.179880 51.286300
0.180546 31.914900
0.181213 55.959300
0.181879 9.651160
0.182545 68.032200
0.183211 16.304400
0.183877 16.694300
0.184544 15.165900
0.185210 17.118200
0.185876 21.305200
0.186542 16.181300
0.187209 79.236700
0.187875 46.220600
0.188541 6.490280
0.189207 5.434660
0.189873 18.106900
0.190540 36.137300
0.191206 20.840300
0.191872 60.068500
0.192538 4.033670
0.193205 56.773700
0.193871 45.774700
0.194537 26.184500
0.195203 3.382170
0.195869 68.546900
0.196536 5.843240
0.197202 29.562100
0.197868 22.468600
0.198534 11.632000
0.199201 6.289140
0.199867 11.216200
0.200533 38.652600
0.201199 33.914000
0.201865 45.734800
0.202532 33.597200
0.203198 35.834100
0.203864 51.940400
0.204530 6.124960
0.205197 7.179800
0.205863 5.790400
0.206529 10.202400
0.207195 19.525600
0.207861 16.995300
0.208528 40.908000
0.209194 16.255800
0.209860 37.209300
0.210526 7.124380
0.211193 4.683170
0.211859 13.633900
0.212525 20.963900
0.213191 15.710100
0.213857 18.070800
0.214524 6.903530
0.215190 5.356770
0.215856 8.582900
0.216522 7.829950
0.217189 91.489400
0.217855 69.200400
0.218521 1.772950
0.219187 73.626500
0.219853 13.363900
0.220520 69.484600
0.221186 49.976200
0.221852 27.745600
0.222518 14.936500
0.223185 10.184800
0.223851 9.169870
0.224517 3.764470
0.225183 7.168020
0.225849 38.982600
0.226516 28.748500
0.227182 37.235600
0.227848 14.695700
0.228514 52.671900
0.229181 8.295440
0.229847 6.884040
0.230513 17.829700
0.231179 5.786280
0.231845 34.180300
0.232512 8.809830
0.233178 5.260280
0.233844 27.033200
0.234510 48.613400
0.235177 55.049700
0.235843 2.273440
0.236509 7.582910
0.237175 57.889900
0.237841 4.772420
0.238508 41.845600
0.239174 44.455100
0.239840 14.641900
0.240506 31.019300
0.241173 23.774200
0.241839 22.747300
0.242505 12.775800
0.243171 15.947400
0.243837 46.006800
0.244504 9.789780
0.245170 65.637800
0.245836 18.001900
0.246502 5.450310
0.247169 25.358400
0.247835 9.840650
0.248501 13.424800
0.249167 3.382190
0.249833 57.542200
0.250500 23.962700
0.251166 75.266700
0.251832 13.184800
0.252498 69.868700
0.253165 12.041300
0.253831 7.572500
0.254497 6.239070
0.255163 47.112100
0.255829 21.966700
0.256496 9.078760
0.257162 11.684700
0.257828 8.986150
0.258494 18.423700
0.261825 67.417800
0.262492 45.466300
0.263158 67.226300
0.263824 8.438080
0.264490 8.662810
0.265157 57.575000
0.265823 31.992500
0.266489 12.659900
0.267155 20.626800
0.267821 52.379400
0.268488 27.660800
0.269154 45.977400
0.269820 38.668800
0.270486 67.996300
0.271153 53.708200
0.271819 8.892060
0.272485 11.172500
0.273151 20.919100
0.273817 18.743900
0.274484 7.031260
0.275150 15.576000
0.275816 33.666200
0.276482 30.690600
0.277149 16.006800
0.277815 30.520300
0.278481 9.289920
0.279147 8.419590
0.279813 6.330250
0.280480 63.107200
0.281146 16.985100
0.281812 38.100900
0.282478 8.583210
0.287142 9.958660
0.287808 11.956600
0.288474 11.456000
0.289141 20.574700
0.289807 37.079400
0.290473 21.864800
0.291139 60.027900
0.291805 36.527100
0.292472 33.401600
0.293138 27.511300
0.293804 20.770500
0.294470 2.180140
0.295137 68.909800
0.295803 4.947120
0.296469 18.173300
0.297135 27.898100
0.299134 7.409500
0.299800 52.503700
0.301133 28.225400
0.301799 32.016500
0.302465 4.537100
0.303131 8.524220
0.303797 11.320600
0.304464 22.369100
0.305130 71.575300
0.305796 29.166100
0.306462 9.156150
0.307129 11.225800
0.307795 15.511000
0.308461 2.932960
0.309127 23.195100
0.309793 9.799180
0.310460 13.376300
0.311126 6.651220
0.311792 3.780500
0.312458 50.105000
0.313125 16.637500
0.313791 3.790690
0.314457 11.050200
0.315123 8.665770
0.315789 18.746600
0.316456 7.410770
0.317122 22.320100
0.317788 32.609800
0.318454 24.588600
0.319121 12.570400
0.319787 11.225900
0.320453 17.649600
0.321119 17.480500
0.321785 4.384440
0.322452 61.949200
0.323118 6.832070
0.323784 10.144300
0.324450 26.703600
0.325117 22.019100
0.325783 1.718670
0.326449 36.617700
0.327115 14.805100
0.327781 13.695300
0.328448 22.720000
0.329114 11.235100
0.329780 46.050700
0.330446 43.593300
0.331113 9.621300
0.331779 4.949160
0.332445 16.768000
0.333111 13.364200
0.334444 9.805800
0.335110 22.285500
0.335776 32.132100
0.336442 5.749190
0.337109 11.028900
0.337775 50.345200
0.338441 15.517200
0.339107 11.132700
0.339773 75.039000
0.340440 32.932600
0.341106 10.640900
0.341772 5.259860
0.342438 6.571100
0.343105 92.656900
0.343771 8.525020
0.344437 32.737500
0.345103 3.148230
0.345769 19.287500
0.346436 20.050300
0.347102 27.174400
0.347768 22.861200
0.348434 49.469200
0.349101 37.300500
0.349767 4.885720
0.350433 47.035300
0.351099 50.733100
0.351765 29.827500
0.352432 9.511560
0.353098 25.882800
0.353764 33.135300
0.354430 19.374700
0.355097 5.817190
0.355763 37.962300
0.356429 8.440510
0.357095 18.146500
0.357761 9.382210
0.358428 43.503700
0.359094 31.648700
0.359760 55.715500
0.360426 9.744730
0.361093 42.283200
0.361759 52.153000
0.362425 13.724200
0.363091 11.789300
0.363757 73.804600
0.364424 10.043400
0.365090 35.679100
0.365756 34.892400
0.366422 17.761200
0.367089 11.107700
0.367755 6.403970
0.368421 32.688600
0.369087 34.717700
0.369753 5.605040
0.370420 3.146780
0.371086 33.286600
0.371752 23.670100
0.372418 9.704230
0.373085 11.521700
0.373751 49.851600
0.374417 27.545800
0.375083 72.021300
0.375750 16.026800
0.376416 25.504600
0.377082 49.270200
0.377748 14.401000
0.378414 7.583070
0.379081 12.684500
0.379747 15.867500
0.380413 43.120900
0.381079 21.104700
0.381746 5.775300
0.382412 29.506400
0.383078 28.973500
0.383744 7.922010
0.384410 41.093800
0.385077 63.436500
0.385743 44.428300
0.386409 14.143800
0.387075 5.142700
0.387742 17.477100
0.388408 23.087200
0.389074 33.845600
0.389740 6.943220
0.390406 25.382700
0.391073 3.032900
0.391739 20.252600
0.392405 35.513500
0.393071 27.023200
0.393738 36.617300
0.394404 32.710700
0.395070 8.393360
0.395736 26.915500
0.396402 16.291300
0.397069 43.509000
0.397735 13.960400
0.398401 4.942500
0.399067 17.148800
0.399734 16.406000
0.400400 11.657400
0.401066 10.145400
0.401732 5.393220
0.402398 5.197960
0.403065 10.575000
0.403731 40.309300
0.404397 44.554600
0.405063 38.700700
0.405730 50.297900
0.406396 21.837400
0.407062 30.426100
0.407728 36.247500
0.408394 5.950990
0.409061 55.930800
0.409727 22.382100
0.410393 20.617200
0.411059 13.865300
0.411726 10.412000
0.412392 22.150000
0.413058 16.287500
0.413724 20.725300
0.414390 15.953600
0.415057 5.200600
0.415723 44.176800
0.416389 22.542300
0.417055 6.792860
0.417722 66.001200
0.418388 21.773500
0.419054 6.835720
0.419720 3.199550
0.420386 13.139500
0.421053 25.660900
0.421719 22.029100
0.422385 20.362400
0.423051 10.049500
0.423718 17.535400
0.424384 11.410600
0.425050 16.175100
0.425716 11.111000
0.426382 18.016300
0.427049 28.521600
0.427715 21.476700
0.428381 48.493400
0.429047 10.100300
0.429714 19.360500
0.430380 18.624400
0.431046 31.235400
0.431712 12.677600
0.432378 37.023500
0.433045 47.803400
0.433711 12.381100
0.434377 13.875100
0.435043 59.498900
0.435710 38.495100
0.436376 5.813980
0.437042 56.652900
0.437708 14.038500
0.438374 38.301000
0.439041 31.833600
0.439707 14.963000
0.440373 9.895710
0.441039 53.351900
0.441706 8.936700
0.442372 18.307100
0.443038 14.756100
0.443704 32.019900
0.444370 7.556730
0.445037 16.136100
0.445703 12.994000
0.446369 5.829000
0.447035 4.829020
0.447702 23.415900
0.448368 17.733400
0.449034 58.723400
0.449700 90.416800
0.450366 5.401230
0.451033 19.158800
0.451699 13.296700
0.452365 9.460580
0.453031 7.902450
0.453698 23.738900
0.454364 9.803900
0.455030 14.742100
0.455696 11.272000
0.456362 14.120600
0.457029 66.566300
0.457695 64.754500
0.458361 7.338350
0.459027 21.462300
0.459694 9.332110
0.460360 17.787700
0.461026 7.508860
0.461692 15.675000
0.462358 63.893200
0.463025 23.445700
0.463691 27.719200
0.464357 13.463000
0.465023 20.882700
0.465690 22.961500
0.466356 86.400700
0.467022 24.476800
0.467688 15.036300
0.468354 63.187800
0.469021 6.344880
0.469687 57.337600
0.470353 30.779700
0.471019 13.337100
0.471686 9.835250
0.472352 82.741000
0.473018 10.159400
0.473684 9.646060
0.474350 5.509770
0.475017 5.923500
0.475683 23.405000
0.476349 4.963470
0.477015 18.241000
0.477682 28.031900
0.478348 72.662000
0.479014 20.956600
0.479680 5.989010
0.480346 7.643910
0.481013 73.471000
0.481679 29.346400
0.482345 6.362990
0.483011 54.103900
0.483678 4.450180
0.484344 6.128170
0.485010 23.603400
0.485676 55.955400
0.486342 6.526440
0.487009 28.355800
0.487675 8.959760
0.488341 8.208900
0.489007 23.290800
0.489674 54.095500
0.490340 69.065800
0.491006 53.805700
0.491672 10.629200
0.492338 9.198090
0.493005 13.333000
0.493671 23.592600
0.494337 82.391100
0.495003 6.546850
0.495670 25.284800
0.496336 10.912000
0.497002 15.453900
0.497668 35.598400
0.498334 15.353800
0.499001 36.361300
0.499667 34.495100
0.500333 22.989000
0.500999 26.121200
0.501666 46.106500
0.502332 7.231960
0.502998 15.342700
0.503664 9.049360
0.504997 11.312900
0.505663 9.546700
0.506329 15.146800
0.506995 15.359700
0.507662 7.592020
0.508328 27.397600
0.508994 80.930200
0.509660 11.753800
0.510326 20.845000
0.510993 9.215280
0.511659 14.858300
0.512325 16.166300
0.512991 7.075320
0.513658 4.447320
0.514324 25.278700
0.514990 6.115870
0.515656 20.231400
0.516322 7.788820
0.516989 8.728680
0.517655 14.576900
0.518321 63.941700
0.518987 20.872900
0.519654 11.205300
0.520320 49.258400
0.520986 4.386830
0.521652 30.931600
0.522318 5.833860
0.522985 43.983300
0.523651 8.698780
0.524317 2.929630
0.524983 22.248000
0.525650 22.992200
0.526316 5.454210
0.526982 20.417200
0.527648 5.683080
0.528314 64.439900
0.528981 46.413800
0.529647 28.825800
0.530313 3.593310
0.530979 13.469800
0.531646 52.877400
0.532312 44.309800
0.532978 4.282810
0.533644 17.557000
0.534310 9.075400
0.534977 19.907700
0.535643 11.648100
0.536309 52.954200
0.536975 9.300310
0.537642 24.443700
0.538308 10.852100
0.538974 45.306200
0.539640 15.412100
0.540306 55.524300
0.540973 31.429000
0.541639 27.115500
0.542305 5.183970
0.542971 35.432700
0.543638 17.126900
0.544304 7.817630
0.544970 22.121800
0.545636 9.654570
0.546302 10.201000
0.546969 16.634400
0.547635 15.178400
0.548301 6.286300
0.548967 10.042900
0.549634 13.786500
0.550300 57.046200
0.550966 14.240600
0.551632 38.890900
0.552298 27.911100
0.552965 31.873700
0.553631 23.048200
0.554297 10.435700
0.554963 6.583590
0.555630 22.462600
0.556296 13.581900
0.556962 4.449390
0.557628 11.198100
0.558294 6.758540
0.558961 16.081700
0.559627 47.604500
0.560293 26.650000
0.560959 18.223800
0.561626 79.834800
0.562292 18.095900
0.562958 8.600410
0.563624 29.155900
0.564290 63.525000
0.564957 6.624880
0.565623 15.908200
0.566289 20.827200
0.566955 47.992400
0.567622 30.889300
0.568288 21.906500
0.568954 55.504900
0.569620 12.386100
0.570286 19.268100
0.570953 20.457600
0.571619 24.674900
0.572285 43.578800
0.572951 58.243300
0.573618 14.675000
0.574284 3.881510
0.574950 42.577300
0.575616 10.539800
0.576282 11.540600
0.576949 5.239720
0.577615 12.852900
0.578281 17.444400
0.578947 63.131800
0.579614 19.485000
0.580280 34.293300
0.580946 2.543720
0.581612 37.053600
0.582278 17.635800
0.582945 16.124100
0.583611 18.949100
0.584277 10.392500
0.584943 50.280300
0.585610 17.901400
0.586276 26.925100
0.586942 5.540100
0.587608 7.547690
0.588274 7.761430
0.588941 19.587100
0.589607 5.861450
0.590273 30.090100
0.590939 30.264400
0.591606 60.028200
0.592272 15.221500
0.592938 64.815300
0.593604 6.385140
0.594270 32.935400
0.594937 19.292800
0.595603 25.805000
0.596269 3.168720
0.596935 17.785500
0.597602 6.609690
0.598268 8.740900
0.598934 13.458000
0.599600 26.541900
0.600266 7.513820
0.600933 24.277100
0.601599 3.917590
0.602265 1.120300
0.602931 10.218700
0.603598 23.623700
0.604264 30.906500
0.604930 4.347560
0.605596 14.319200
0.606262 10.628100
0.606929 27.424200
0.607595 26.498900
0.608261 22.795600
0.608927 14.730600
0.609594 49.141300
0.610260 15.015400
0.610926 26.136700
0.611592 24.535600
0.612258 7.234860
0.612925 5.876900
0.613591 12.158600
0.614257 1.783190
0.614923 24.050900
0.615590 13.894300
0.616256 23.556600
0.616922 10.721100
0.617588 43.388800
0.618254 12.057200
0.618921 22.481000
0.619587 10.405900
0.620253 9.945950
0.620919 4.991980
0.621586 34.130500
0.622252 15.504200
0.622918 28.949100
0.623584 7.707690
0.624250 8.986320
0.624917 8.587800
0.625583 13.711200
0.626249 21.611000
0.626915 30.171800
0.627582 9.277380
0.628248 39.849800
0.628914 49.370500
0.629580 83.243600
0.630247 25.739200
0.630913 6.502670
0.631579 34.846700
0.632245 7.170590
0.632911 14.810100
0.633578 43.289100
0.634244 49.589900
0.634910 26.275400
0.635576 4.881020
0.636243 10.904400
0.636909 8.512050
0.637575 39.060100
0.638241 12.189800
0.638907 25.061900
0.639574 5.391730
0.640240 15.634000
0.640906 12.326400
0.641572 15.013400
0.642239 2.155680
0.642905 19.788100
0.643571 63.283700
0.644237 77.110700
0.644903 42.822800
0.645570 22.947000
0.646236 19.772700
0.646902 70.676500
0.647568 22.811800
0.648235 13.710300
0.648901 5.675710
0.649567 4.591860
0.650233 6.222120
0.650899 29.084400
0.651566 17.101000
0.652232 21.951100
0.652898 44.083800
0.653564 1.730670
0.654231 76.918300
0.654897 18.302800
0.655563 4.911070
0.656229 22.106600
0.656895 75.149300
0.657562 21.134600
0.658228 37.910400
0.658894 39.451900
0.659560 13.571500
0.660227 6.878370
0.660893 8.111630
0.661559 6.511600
0.662225 46.225400
0.662891 67.841200
0.663558 48.510400
0.664224 3.272720
0.664890 11.031100
0.665556 48.518700
0.666223 30.658500
0.666889 5.119510
0.667555 22.664000
0.668221 5.606020
0.668887 9.643030
0.669554 18.387400
0.670220 1.700770
0.670886 46.523800
0.671552 10.574400
0.672219 8.633370
0.672885 26.256700
0.673551 8.559200
0.674217 19.134000
0.674883 19.810600
0.675550 16.014200
0.676216 31.441600
0.676882 7.328230
0.677548 21.654800
0.678215 40.995900
0.678881 27.653700
0.679547 19.388100
0.680213 7.628990
0.680879 30.470000
0.681546 23.974000
0.682212 23.573900
0.682878 6.467700
0.683544 20.695700
0.684211 32.559000
0.684877 48.519200
0.685543 8.121100
0.686209 6.764840
0.686875 11.081300
0.687542 9.910920
0.688208 17.219000
0.688874 13.951600
0.689540 19.443700
0.690207 36.245200
0.690873 2.909510
0.691539 10.495800
0.692205 55.273500
0.692871 29.831700
0.693538 31.505100
0.694204 12.926500
0.694870 19.537400
0.695536 10.174000
0.696203 4.949330
0.696869 11.362600
0.697535 44.903500
0.698201 46.706600
0.698867 24.925000
0.699534 12.520900
0.700200 11.902900
0.700866 10.935800
0.701532 34.207100
0.702199 9.267450
0.702865 33.360000
0.703531 39.832000
0.704197 24.397500
0.704863 8.647580
0.705530 32.753800
0.706196 14.725800
0.706862 35.161100
0.707528 19.459300
0.708195 23.382000
0.708861 30.447900
0.709527 2.960640
0.710193 28.844100
0.710859 6.955100
0.711526 17.876800
0.712192 3.939160
0.712858 1.737360
0.713524 24.229400
0.714191 39.542700
0.714857 28.495800
0.715523 13.628200
0.716189 26.226800
0.716855 28.819600
0.717522 7.027150
0.718188 1.735200
0.718854 29.045800
0.719520 13.309800
0.720187 8.496620
0.720853 53.479900
0.721519 48.239700
0.722185 31.513300
0.722851 36.247400
0.723518 20.612900
0.724184 13.572300
0.724850 37.321900
0.725516 19.299700
0.726183 35.029900
0.726849 25.360400
0.727515 78.482800
0.728181 43.320700
0.728847 6.519950
0.729514 28.229100
0.730180 18.428300
0.730846 16.645900
0.731512 9.996420
0.732179 37.682400
0.732845 1.750750
0.733511 63.025200
0.734177 3.582490
0.734843 8.932810
0.735510 28.229600
0.736176 8.488530
0.736842 11.085000
0.737508 8.075600
0.738175 2.634180
0.738841 36.264500
0.739507 6.714810
0.740173 52.882600
0.740839 9.955200
0.741506 6.580870
0.742172 21.871300
0.742838 5.016580
0.743504 6.884770
0.744171 29.110600
0.744837 60.800400
0.745503 51.015200
0.746169 17.679600
0.746835 8.296740
0.747502 8.933570
0.748168 11.815200
0.748834 8.605110
0.749500 18.816700
0.750167 69.945000
0.750833 94.603400
0.751499 10.116600
0.752165 14.719700
0.752831 9.131320
0.753498 8.223600
0.754164 22.988400
0.754830 46.193200
0.755496 34.755000
0.756163 21.455500
0.756829 30.801200
0.757495 8.231700
0.758161 39.441600
0.758827 39.632300
0.759494 10.578500
0.760160 40.434900
0.760826 18.664400
0.761492 29.322900
0.762159 18.539000
0.762825 4.337840
0.763491 18.653800
0.764157 38.744100
0.764823 27.612400
0.765490 26.273700
0.766156 15.300800
0.766822 27.670800
0.767488 23.091300
0.768155 45.598400
0.768821 9.834430
0.769487 17.519300
0.770153 10.516400
0.770819 31.873800
0.771486 59.952500
0.772152 32.765000
0.772818 40.169900
0.773484 27.913800
0.774151 1.639260
0.774817 36.765300
0.775483 28.220900
0.776149 8.232450
0.776815 82.884600
0.777482 15.037300
0.778148 7.762340
0.778814 27.433800
0.779480 33.441400
0.780147 5.561120
0.780813 15.426900
0.781479 28.440400
0.782145 9.056190
0.782811 8.453680
0.783478 20.284000
0.784144 67.466600
0.784810 53.409000
0.785476 7.315050
0.786143 5.701620
0.786809 53.263700
0.787475 6.278170
0.788141 43.190600
0.788807 9.376680
0.789474 17.416400
0.790140 83.581900
0.790806 10.693700
0.791472 47.094900
0.792139 33.910800
0.792805 50.620700
0.793471 53.713300
0.794137 7.943560
0.794803 9.600580
0.795470 7.269800
0.796136 23.800300
0.796802 8.966080
0.797468 20.877700
0.798135 17.862500
0.798801 6.185890
0.799467 45.411900
0.800133 13.809200
0.800799 9.751660
0.801466 15.289400
0.802132 10.353300
0.802798 45.624100
0.803464 54.355300
0.804131 44.312200
0.804797 5.324860
0.805463 19.637100
0.806129 7.853240
0.806795 67.121200
0.807462 27.452300
0.808128 5.040500
0.808794 12.695800
0.809460 23.832100
0.810127 19.970000
0.810793 5.908880
0.811459 32.270200
0.812125 25.423500
0.812791 17.959700
0.813458 71.790600
0.814124 18.770800
0.814790 6.775800
0.815456 15.318000
0.816123 66.037000
0.816789 13.492700
0.817455 9.835940
0.818121 30.795100
0.818787 29.906800
0.819454 20.192600
0.820120 16.317800
0.820786 13.947300
0.821452 32.986900
0.822119 30.816500
0.822785 6.665380
0.823451 5.640580
0.824117 8.126670
0.824783 11.996200
0.825450 49.423500
0.826116 23.790600
0.826782 14.678900
0.827448 14.735700
0.828115 5.006030
0.828781 19.247400
0.829447 30.858800
0.830113 16.824600
0.830779 35.205600
0.831446 2.455990
0.832112 2.866950
0.832778 11.083400
0.833444 25.316600
0.834111 14.264000
0.834777 23.871100
0.835443 8.977440
0.836109 24.258800
0.836775 66.225900
0.837442 5.693810
0.838108 14.233400
0.838774 83.639400
0.839440 10.752600
0.840107 65.148400
0.840773 64.765400
0.841439 44.319100
0.842105 67.766500
0.842771 26.088400
0.843438 31.544400
0.844104 7.136730
0.844770 4.042630
0.845436 21.886000
0.846103 37.239600
0.846769 9.961570
0.847435 6.184970
0.848101 33.364000
0.848767 7.045790
0.849434 58.957000
0.850100 7.004460
0.850766 11.369200
0.851432 51.416200
0.852099 8.621360
0.852765 4.164310
0.853431 3.802600
0.854097 5.720770
0.854763 19.530300
0.855430 64.463000
0.856096 6.670380
0.856762 28.009000
0.857428 27.891600
0.858095 24.566100
0.858761 36.836400
0.859427 5.456150
0.860093 15.874400
0.860759 63.023300
0.861426 79.395500
0.862092 15.628100
0.862758 6.468680
0.863424 7.879120
0.864091 35.118700
0.864757 5.416480
0.865423 33.112600
0.866089 41.624800
0.866755 25.312900
0.867422 24.127400
0.868088 6.693020
0.868754 35.215900
0.869420 34.004600
0.870087 4.096550
0.870753 57.970400
0.871419 9.484330
0.872085 54.653800
0.872751 37.769100
0.873418 54.654400
0.874084 13.309100
0.874750 8.643700
0.875416 50.471400
0.876083 18.922600
0.876749 27.567700
0.877415 7.911540
0.878081 75.938000
0.878748 8.542830
0.879414 49.071300
0.880080 32.519600
0.880746 53.637700
0.881412 10.273100
0.882079 35.775800
0.882745 21.151400
0.883411 23.431000
0.884077 19.067800
0.884744 43.355200
0.885410 12.513000
0.886076 23.490300
0.886742 56.234500
0.887408 3.837980
0.888075 11.638900
0.888741 29.494500
0.889407 29.128100
0.890073 35.288500
0.890740 23.287100
0.891406 22.937500
0.892072 3.438510
0.892738 42.457300
0.893404 11.479800
0.894071 9.431130
0.894737 9.481300
0.895403 4.863450
0.896069 8.123010
0.896736 17.970900
0.897402 22.749800
0.898068 24.682400
0.898734 6.270710
0.899400 7.798690
0.900067 55.464600
0.900733 13.896900
0.901399 13.911300
0.902065 16.957700
0.902732 41.444900
0.903398 18.944000
0.904064 15.174900
0.904730 46.346500
0.905396 53.336900
0.906063 61.087200
0.906729 53.742400
0.907395 11.565700
0.908061 10.536600
0.908728 14.507900
0.909394 41.871500
0.910060 21.381700
0.910726 90.364200
0.911392 23.356900
0.912059 44.497500
0.912725 20.213700
0.913391 18.211900
0.914057 9.264220
0.914724 26.550100
0.915390 75.706000
0.916056 20.833400
0.916722 41.706000
0.917388 47.021800
0.918055 28.772300
0.918721 14.531300
0.919387 8.658920
0.920053 22.609000
0.920720 8.062810
0.921386 36.848400
0.922052 36.217600
0.922718 19.326700
0.923384 6.070670
0.924051 6.937720
0.924717 5.409710
0.925383 11.716500
0.926049 13.409800
0.926716 26.934700
0.927382 35.392600
0.928048 35.875500
0.928714 15.571800
0.929380 21.053000
0.930047 24.751100
0.930713 8.980520
0.931379 24.149600
0.932045 9.160260
0.932712 21.764500
0.933378 10.179300
0.934044 42.266400
0.934710 16.803600
0.935376 39.091800
0.936043 53.371200
0.936709 81.199600
0.937375 16.849300
0.938041 1.796220
0.938708 5.378370
0.939374 6.050910
0.940040 29.961100
0.940706 36.898700
0.941372 23.133900
0.942039 14.029300
0.942705 86.558400
0.943371 53.599900
0.944037 9.235230
0.944704 19.636700
0.945370 49.522200
0.946036 48.254300
0.946702 15.700800
0.947368 12.528600
0.948035 61.362400
0.948701 8.728800
0.949367 18.713700
0.950033 30.837000
0.950700 59.899400
0.951366 7.975750
0.952032 15.538800
0.952698 9.142770
0.953364 16.622400
0.954031 9.085440
0.954697 8.342370
0.955363 72.666800
0.956029 37.644400
0.956696 8.155910
0.957362 8.297700
0.958028 4.120020
0.958694 11.233100
0.959360 2.146930
0.960027 68.580900
0.960693 98.439700
0.961359 14.018100
0.962025 6.558060
0.962692 53.172600
0.963358 18.293500
0.964024 11.102300
0.964690 24.581900
0.965356 18.127200
0.966023 21.405300
0.966689 15.713700
0.967355 62.161600
0.968021 7.152540
0.968688 10.112900
0.969354 40.320200
0.970020 30.754900
0.970686 20.736100
0.971352 16.518500
0.972019 52.301200
0.972685 2.380060
0.973351 29.297200
0.974017 7.331580
0.974684 9.036280
0.975350 5.727930
0.976016 8.037370
0.976682 19.137100
0.977348 20.572600
0.978015 37.501000
0.978681 9.764340
0.979347 82.052600
0.980013 16.433100
0.980680 19.106400
0.981346 18.472400
0.982012 34.283200
0.982678 22.604200
0.983344 24.679400
0.984011 33.789400
0.984677 23.452300
0.985343 44.980000
0.986009 6.093580
0.986676 8.061300
0.987342 6.741050
0.988008 10.821400
0.988674 2.279570
0.989340 39.785600
0.990007 15.659200
0.990673 20.834200
0.991339 60.243400
0.992005 57.397500
0.992672 9.433920
0.993338 67.901300
0.994004 20.364500
0.994670 46.421500
0.995336 33.303400
0.996003 42.123900
0.996669 32.647900
0.997335 9.402710
0.998001 35.694100
0.998668 6.520660
0.999334 28.816300
1.000000 5.913100
