0.000540 44.087900
0.001080 22.412000
0.001620 24.961000
0.002160 23.947800
0.002700 43.313600
0.020518 8.389800
0.021058 6.139010
0.021598 35.294300
0.022138 11.173900
0.022678 34.597700
0.023218 13.379000
0.023758 5.009610
0.024298 4.926660
0.024838 23.173000
0.025378 4.018350
0.025918 7.802050
0.026458 14.802400
0.026998 38.580400
0.027538 28.226900
0.028078 10.039600
0.028618 26.188800
0.029158 6.259230
0.029698 12.853900
0.030238 14.541600
0.030778 39.047400
0.031317 28.429000
0.031857 13.501600
0.032397 54.972300
0.032937 53.544300
0.033477 61.105300
0.034017 16.297300
0.034557 67.010000
0.035097 14.493500
0.035637 5.848800
0.036177 40.470300
0.036717 23.051900
0.038337 9.509200
0.038877 9.945950
0.044816 58.116000
0.045356 7.275220
0.045896 7.632070
0.046436 54.896200
0.046976 22.406800
0.047516 20.367800
0.048056 20.940200
0.048596 41.227200
0.049136 8.011420
0.049676 16.220700
0.050216 9.703860
0.050756 6.998660
0.051296 5.009950
0.051836 44.090900
0.052376 10.602000
0.052916 5.853260
0.053456 37.351400
0.053996 86.318100
0.054536 6.825760
0.055076 73.672900
0.062635 59.483000
0.063175 56.361200
0.063715 2.053340
0.064255 10.788500
0.064795 56.010300
0.065335 10.559100
0.065875 25.685900
0.066415 17.078700
0.066955 26.070300
0.067495 19.221700
0.068035 8.570060
0.068575 74.829500
0.069114 8.111430
0.069654 52.908700
0.070194 68.365600
0.070734 6.762040
0.071274 10.604300
0.071814 23.253900
0.072354 19.324800
0.072894 5.904840
0.073434 16.422700
0.073974 9.398960
0.074514 52.848000
0.075054 54.745400
0.075594 7.649490
0.076134 46.419900
0.076674 21.284900
0.077214 43.602400
0.077754 14.344200
0.078294 15.898100
0.078834 14.120200
0.079374 8.626250
0.079914 12.514800
0.080454 24.422700
0.080994 17.466900
0.081533 31.767800
0.082073 5.537170
0.082613 6.989760
0.083153 13.727200
0.083693 65.091500
0.084233 19.746600
0.084773 13.790700
0.085313 12.135400
0.085853 23.220400
0.086393 15.233400
0.086933 19.312400
0.087473 50.657600
0.088013 34.486800
0.088553 11.165400
0.089093 6.034380
0.089633 44.417000
0.090173 7.837360
0.090713 15.304400
0.091253 2.518670
0.091793 13.764200
0.092333 41.558500
0.092873 5.399930
0.093413 4.736850
0.093952 36.656500
0.094492 55.567700
0.095032 5.814210
0.095572 7.040830
0.096112 31.140500
0.096652 34.547900
0.097192 17.334600
0.097732 49.813900
0.098272 19.410900
0.098812 3.454280
0.099892 10.044500
0.100432 20.569900
0.100972 8.452740
0.101512 10.118800
0.102052 5.757070
0.102592 17.014000
0.103132 37.513400
0.103672 13.359700
0.104212 36.802100
0.104752 17.443900
0.105292 3.917720
0.105832 16.545800
0.106371 15.644900
0.106911 8.639840
0.107451 9.805800
0.107991 33.404500
0.108531 22.847200
0.109071 57.990600
0.109611 3.326910
0.110151 21.244900
0.110691 11.677800
0.111231 9.640570
0.111771 23.403100
0.112311 12.629600
0.112851 6.315090
0.113391 59.147400
0.113931 12.491300
0.114471 4.565930
0.115011 5.606720
0.115551 41.110700
0.116091 18.000200
0.116631 17.629100
0.117171 15.490000
0.117711 14.941300
0.118251 17.580600
0.118790 53.638300
0.119330 84.882600
0.119870 23.342800
0.120410 26.527200
0.120950 25.000300
0.121490 30.376300
0.122030 6.601360
0.122570 4.735070
0.123110 48.313100
0.123650 35.964500
0.124190 11.246300
0.124730 46.329100
0.125270 18.676000
0.125810 61.195700
0.126350 16.670800
0.126890 77.179200
0.127430 38.030100
0.127970 6.594470
0.128510 18.818100
0.129050 34.603100
0.129590 3.680670
0.130130 18.430500
0.130670 14.587600
0.131210 52.327000
0.131749 24.764000
0.132289 13.774700
0.142549 9.691900
0.143089 15.748500
0.143629 18.401000
0.144168 45.968700
0.144708 7.519810
0.145248 8.638860
0.145788 25.755600
0.146328 24.096700
0.146868 31.519900
0.147408 30.383300
0.147948 32.689800
0.148488 14.403300
0.149028 36.691300
0.149568 50.383500
0.150108 27.758700
0.150648 29.175000
0.151188 6.348030
0.151728 37.502700
0.152268 21.217700
0.152808 36.028300
0.153348 24.303300
0.153888 5.334990
0.154428 29.031600
0.154968 37.215400
0.155508 8.302710
0.156048 12.079100
0.156587 17.018000
0.157127 14.735400
0.157667 13.305700
0.158207 30.551200
0.158747 36.702000
0.159287 59.794800
0.159827 19.257100
0.160367 10.878400
0.160907 3.086790
0.161447 28.995500
0.161987 66.838800
0.162527 19.907400
0.163067 68.738900
0.163607 6.517400
0.164147 9.171920
0.164687 13.611600
0.165227 5.001030
0.165767 25.540900
0.166307 14.577100
0.166847 23.778200
0.167387 29.277100
0.167927 15.840600
0.168467 29.537100
0.169546 25.096600
0.170086 4.438420
0.170626 6.200690
0.171166 6.623820
0.171706 26.280100
0.172246 13.158500
0.172786 30.305800
0.173326 7.692440
0.173866 23.413200
0.174406 68.100600
0.174946 16.471800
0.175486 14.861000
0.176026 12.346200
0.176566 10.125300
0.177106 9.503170
0.177646 23.911900
0.178186 33.861200
0.178726 2.020130
0.183045 8.324900
0.183585 20.312500
0.184125 7.369480
0.184665 5.774390
0.185205 32.391700
0.185745 41.650700
0.186285 22.626700
0.186825 60.436800
0.187365 11.049100
0.187905 11.916600
0.188445 16.485900
0.188985 29.610200
0.189525 69.926500
0.190065 49.562000
0.191145 19.644900
0.191685 18.001700
0.192225 50.392900
0.192765 10.174400
0.193305 9.957090
0.193844 29.816300
0.194384 32.314800
0.194924 8.927480
0.195464 18.946800
0.196004 12.195400
0.196544 7.441410
0.197084 76.979000
0.197624 6.506850
0.198164 31.483900
0.198704 5.398780
0.199244 10.372200
0.199784 5.902820
0.200324 47.740100
0.200864 44.231800
0.201404 30.840000
0.201944 11.841700
0.202484 34.167600
0.203024 44.861500
0.203564 9.622360
0.204104 33.271700
0.204644 7.560520
0.205184 32.054000
0.205724 21.035000
0.206263 9.759020
0.206803 3.000320
0.207343 52.103600
0.207883 10.938500
0.208423 19.951100
0.208963 30.074800
0.209503 14.287300
0.210043 6.561620
0.210583 6.189250
0.211123 48.591600
0.214363 67.417800
0.214903 35.978800
0.215443 27.780400
0.215983 67.439800
0.216523 23.840100
0.217063 7.300740
0.217603 28.311900
0.218143 11.847200
0.218683 36.992700
0.219222 47.172000
0.219762 30.917500
0.220302 7.908000
0.220842 31.867900
0.221382 3.888500
0.221922 2.680520
0.222462 11.060000
0.223002 8.201650
0.223542 48.456800
0.224082 24.416100
0.224622 22.142400
0.225162 25.489400
0.227322 67.121200
0.227862 8.779040
0.228402 38.116400
0.228942 12.116800
0.229482 36.144900
0.230022 26.337600
0.230562 16.322900
0.231102 12.155700
0.231641 10.687700
0.232181 8.305400
0.232721 16.938100
0.233261 6.552400
0.233801 9.508430
0.234341 28.691800
0.234881 6.577940
0.235421 29.691800
0.235961 8.122350
0.236501 4.214890
0.237041 36.121000
0.237581 46.482400
0.238121 35.192500
0.238661 9.682410
0.239201 6.732730
0.239741 17.672600
0.240281 11.879800
0.240821 14.917700
0.241361 11.059600
0.241901 13.618600
0.242441 23.597000
0.242981 50.022700
0.244060 17.131200
0.244600 17.981100
0.245140 8.164280
0.245680 19.097500
0.246220 17.251900
0.246760 22.198300
0.247300 6.313010
0.247840 17.112800
0.248380 44.427000
0.248920 22.991600
0.253780 9.958660
0.254320 17.862500
0.254860 18.554900
0.255400 55.682000
0.255940 26.789500
0.256479 12.188600
0.257019 4.033840
0.257559 34.354700
0.258099 37.265400
0.258639 6.819790
0.259179 58.505100
0.259719 29.132400
0.260259 6.690940
0.260799 22.105600
0.261339 77.447000
0.261879 39.421300
0.262419 19.107800
0.262959 4.047310
0.263499 12.080700
0.264039 3.833080
0.264579 41.683400
0.265119 20.571200
0.265659 26.476200
0.266199 7.846270
0.266739 7.706470
0.267279 19.268200
0.267819 14.947400
0.268359 48.853300
0.268898 37.936600
0.269438 45.978200
0.269978 21.636100
0.270518 5.337820
0.271058 34.021500
0.271598 27.138100
0.272138 10.039200
0.272678 14.411400
0.273218 32.619400
0.273758 7.704930
0.274298 37.377200
0.274838 45.422300
0.275378 53.824700
0.275918 45.374800
0.276458 6.631520
0.276998 40.706700
0.277538 49.846500
0.278078 7.825800
0.278618 33.007200
0.279158 11.432900
0.279698 21.908900
0.280238 57.047400
0.280778 15.460500
0.281317 15.114700
0.281857 7.555710
0.282397 22.818500
0.282937 12.078400
0.283477 69.870500
0.284017 15.279000
0.284557 6.434390
0.285097 12.774100
0.285637 41.592000
0.286177 15.531600
0.286717 23.507600
0.287257 37.449900
0.287797 21.286100
0.288337 81.137400
0.288877 5.435390
0.289417 6.609390
0.289957 16.228100
0.290497 35.226700
0.291037 8.868490
0.291577 8.440460
0.292117 11.985500
0.292657 21.278500
0.293197 3.169740
0.293737 22.932900
0.294276 33.166900
0.294816 42.156000
0.295356 11.496600
0.295896 16.627400
0.296436 3.532550
0.296976 38.735600
0.297516 38.597900
0.298056 56.377000
0.298596 9.281190
0.299136 21.909600
0.299676 77.544000
0.300216 39.805000
0.300756 20.627100
0.301296 69.269400
0.301836 28.321300
0.302376 51.029400
0.302916 14.417600
0.303456 9.241110
0.303996 11.464100
0.304536 9.035980
0.305076 4.391760
0.305616 23.048100
0.306156 46.096400
0.306695 24.669100
0.307235 7.115310
0.307775 22.376600
0.308315 9.595710
0.308855 9.793800
0.309395 10.189700
0.309935 64.557500
0.310475 10.289800
0.311015 8.315550
0.311555 64.380100
0.312095 5.861740
0.312635 9.326490
0.313175 9.768510
0.313715 9.663620
0.314255 14.866000
0.314795 6.986220
0.315335 91.156700
0.315875 68.195400
0.316415 15.232900
0.316955 55.892700
0.317495 15.555700
0.318035 50.947400
0.318575 7.370400
0.319114 8.260180
0.319654 23.307100
0.320194 29.158500
0.320734 29.406600
0.321274 17.296000
0.321814 14.726700
0.322354 29.099800
0.322894 48.254900
0.323434 81.022500
0.323974 39.722000
0.324514 11.246600
0.325054 5.083250
0.325594 80.318500
0.326134 65.144800
0.326674 5.763540
0.327214 4.385430
0.327754 3.858560
0.328294 15.351500
0.328834 5.035580
0.329374 24.076300
0.329914 17.310000
0.330454 33.385300
0.330994 11.889400
0.331533 7.334190
0.332073 5.150130
0.332613 38.324100
0.333153 20.971900
0.333693 38.336800
0.334233 33.640400
0.334773 10.136500
0.335313 26.026800
0.335853 10.522300
0.336393 7.798900
0.336933 34.429500
0.337473 17.422400
0.338013 20.665700
0.338553 18.438100
0.339093 7.053640
0.339633 45.483600
0.340173 20.216000
0.340713 28.531800
0.341253 76.127500
0.341793 8.382130
0.342333 34.303500
0.342873 59.862000
0.343413 36.618900
0.343952 18.498200
0.344492 42.286100
0.345032 44.484500
0.345572 29.505900
0.346112 13.878400
0.346652 6.818950
0.347192 9.587400
0.347732 12.955600
0.348272 44.553000
0.348812 21.303600
0.349352 41.054700
0.349892 30.086800
0.350432 8.701270
0.350972 8.302670
0.351512 52.197400
0.352052 54.644200
0.352592 6.069220
0.353132 6.552030
0.353672 10.107200
0.354212 25.637100
0.354752 22.510000
0.355292 11.826400
0.355832 15.966800
0.356371 17.504800
0.356911 12.309500
0.357451 11.402400
0.357991 33.088600
0.358531 13.714700
0.359071 54.967200
0.359611 23.451600
0.360151 12.853700
0.360691 13.100600
0.361231 5.986130
0.361771 6.157720
0.362311 35.752200
0.362851 5.309430
0.363391 36.446800
0.363931 8.352890
0.364471 19.208900
0.365011 10.482300
0.365551 69.569100
0.366091 47.112700
0.366631 21.902300
0.367171 11.731200
0.367711 9.626600
0.368251 5.974910
0.368790 8.915040
0.369330 22.752200
0.369870 26.497200
0.370410 7.811280
0.370950 4.467040
0.371490 4.664240
0.372030 5.227080
0.372570 6.194480
0.373110 46.197600
0.373650 42.134100
0.374190 8.166560
0.374730 32.242000
0.375270 1.637070
0.375810 3.982510
0.376350 11.661400
0.376890 4.856320
0.377430 30.155600
0.377970 32.890100
0.378510 39.869600
0.379050 28.604000
0.379590 2.790570
0.380130 4.543960
0.380670 18.606500
0.381210 17.727900
0.381749 17.801800
0.382289 17.032100
0.382829 42.059700
0.383369 59.983300
0.383909 3.463430
0.384449 20.281500
0.384989 59.577500
0.385529 19.677200
0.386069 8.841010
0.386609 7.817920
0.387149 7.235760
0.387689 6.543640
0.388229 9.555540
0.388769 6.372540
0.389309 18.281400
0.389849 7.196900
0.390389 5.043590
0.390929 6.135310
0.391469 53.417200
0.392009 4.984660
0.392549 55.243300
0.393089 8.227950
0.393629 19.639600
0.394168 22.970000
0.394708 12.669200
0.395248 37.092800
0.395788 36.373400
0.396328 18.202400
0.396868 15.437100
0.397408 37.210700
0.397948 22.756600
0.398488 66.222100
0.399028 67.277200
0.399568 7.214280
0.400108 11.332000
0.400648 21.785100
0.401188 44.122900
0.401728 28.118500
0.402268 39.175600
0.402808 10.652000
0.403348 4.199890
0.403888 10.405200
0.404428 17.824800
0.404968 5.287010
0.405508 27.188900
0.406048 8.636680
0.406587 7.179970
0.407127 8.687260
0.407667 4.539360
0.408207 12.083200
0.408747 24.206500
0.409287 16.535400
0.409827 9.337690
0.410367 26.127800
0.410907 15.381200
0.411447 5.697710
0.411987 24.467300
0.412527 7.391460
0.413067 5.487510
0.413607 16.237900
0.414147 33.569900
0.414687 23.971600
0.415227 21.477800
0.415767 32.987700
0.416307 30.099300
0.416847 9.351570
0.417387 34.156600
0.417927 38.825500
0.418467 8.677030
0.419006 1.685210
0.419546 9.931850
0.420086 19.559500
0.420626 38.513400
0.421166 13.996500
0.421706 21.422200
0.422246 4.498840
0.422786 26.866000
0.423326 73.486500
0.423866 83.169500
0.424406 13.854800
0.424946 1.669460
0.425486 4.394420
0.426026 10.104600
0.426566 2.565100
0.427106 7.369010
0.427646 22.580300
0.428186 33.212000
0.428726 22.496500
0.429266 90.178300
0.429806 27.423100
0.430346 30.819500
0.430886 29.745600
0.431425 17.091400
0.431965 22.749600
0.432505 80.083900
0.433045 26.922900
0.433585 38.224200
0.434125 17.192400
0.434665 9.552030
0.435205 17.232100
0.435745 18.054300
0.436285 4.638080
0.436825 4.886790
0.437365 47.623600
0.437905 47.475700
0.438445 38.800700
0.438985 71.592500
0.439525 7.841870
0.440065 51.943100
0.440605 14.469600
0.441145 10.090200
0.441685 11.200200
0.442225 5.216920
0.442765 58.366500
0.443305 9.790520
0.443844 14.379000
0.444384 34.280400
0.444924 8.949110
0.445464 12.746000
0.446004 26.975800
0.446544 5.158690
0.447084 5.949330
0.447624 25.224500
0.448164 17.635800
0.448704 11.085800
0.449244 48.523000
0.449784 14.088200
0.450324 14.176700
0.450864 6.145750
0.451404 10.770300
0.451944 67.058000
0.452484 22.622600
0.453024 65.939800
0.453564 9.947500
0.454104 43.870600
0.454644 63.422600
0.455184 20.949800
0.455724 54.140600
0.456263 10.185600
0.456803 1.667060
0.457343 13.400700
0.457883 3.020890
0.458423 12.925200
0.458963 7.937600
0.459503 39.906200
0.460043 21.836500
0.460583 4.173600
0.461123 68.521800
0.461663 30.910500
0.462203 28.611600
0.462743 64.129700
0.463283 63.268400
0.463823 30.990100
0.464363 41.430500
0.464903 66.398300
0.465443 30.133700
0.465983 41.848700
0.466523 9.828830
0.467063 67.576500
0.467603 28.243100
0.468143 13.072700
0.468683 52.256800
0.469222 6.312780
0.469762 2.672550
0.470302 16.361000
0.470842 4.558260
0.471382 60.341800
0.471922 9.235230
0.472462 13.058400
0.473002 7.647330
0.473542 5.264140
0.474082 9.081340
0.474622 20.668200
0.475162 7.057310
0.475702 45.759900
0.476242 27.577800
0.476782 7.937670
0.477322 10.868800
0.477862 51.338900
0.478402 20.767500
0.478942 18.780300
0.479482 55.489100
0.480022 9.084540
0.480562 33.431200
0.481102 6.176970
0.481641 8.210180
0.482181 48.439200
0.482721 7.625640
0.483261 32.103300
0.483801 15.899400
0.484341 6.257760
0.484881 20.140600
0.485961 16.034900
0.486501 12.455400
0.487041 7.411910
0.487581 31.325800
0.488121 18.369600
0.488661 10.757700
0.489201 5.392470
0.489741 9.586590
0.490281 8.132900
0.490821 21.893900
0.491361 44.261800
0.491901 4.469020
0.492441 30.754900
0.492981 31.104000
0.493521 26.623400
0.494060 65.785300
0.494600 33.337800
0.495140 34.713900
0.495680 27.063600
0.496220 90.604800
0.496760 18.071500
0.497300 20.514500
0.497840 5.350900
0.498380 5.292010
0.498920 39.882800
0.499460 56.185200
0.500000 17.645000
0.500540 8.834340
0.501080 36.955600
0.501620 21.309400
0.502160 23.727400
0.502700 11.084300
0.503240 25.517100
0.503780 5.071930
0.504320 10.588000
0.504860 26.314400
0.505400 44.731200
0.505940 23.954800
0.506479 30.071400
0.507019 37.415100
0.507559 16.047800
0.508099 21.942800
0.508639 4.124760
0.509179 30.231900
0.509719 23.418600
0.510259 10.361000
0.510799 9.821600
0.511339 14.067700
0.511879 5.286290
0.512419 19.711000
0.512959 18.481400
0.513499 10.201200
0.514039 5.195450
0.514579 7.597300
0.515119 6.380680
0.515659 81.855600
0.516199 50.439000
0.516739 70.682200
0.517279 18.303400
0.517819 18.406300
0.518359 5.726370
0.518898 9.194020
0.519438 32.437000
0.519978 69.516000
0.520518 1.650120
0.521058 24.684400
0.521598 40.596200
0.522138 20.153300
0.522678 27.451000
0.523218 8.579290
0.523758 8.526810
0.524298 17.183400
0.524838 31.456100
0.525378 30.539800
0.525918 12.849000
0.526458 18.540500
0.526998 29.017700
0.527538 45.227000
0.528078 57.934900
0.528618 45.889300
0.529158 48.950600
0.529698 9.999880
0.530238 18.426900
0.530778 14.536100
0.531317 22.257800
0.531857 25.399300
0.532397 64.594300
0.532937 20.793400
0.533477 29.498800
0.534017 20.176100
0.534557 19.047800
0.535097 38.653900
0.535637 34.144900
0.536177 8.416250
0.536717 35.845000
0.537257 14.139600
0.537797 11.519000
0.538337 26.259600
0.538877 4.885810
0.539417 10.865500
0.539957 34.265900
0.540497 9.238930
0.541037 19.686800
0.541577 23.408300
0.542117 8.756780
0.542657 14.897700
0.543197 65.927100
0.543737 8.811330
0.544276 7.792810
0.544816 33.607400
0.545356 7.895490
0.545896 18.569800
0.546436 26.107400
0.546976 37.949400
0.547516 8.787180
0.548056 3.776130
0.548596 39.737700
0.549136 37.440300
0.549676 18.630400
0.550216 19.726500
0.550756 19.852600
0.551296 14.347600
0.551836 48.061100
0.552376 32.344200
0.552916 25.718400
0.553456 91.086600
0.553996 29.455200
0.554536 15.875800
0.555076 12.230700
0.555616 6.288490
0.556156 58.202400
0.556695 32.582100
0.557235 62.653700
0.557775 74.716200
0.558315 19.588800
0.558855 4.938100
0.559395 31.429500
0.559935 9.554090
0.560475 7.995450
0.561015 21.236200
0.561555 10.606800
0.562095 7.802630
0.562635 31.850200
0.563175 29.090000
0.563715 23.830900
0.564255 54.890400
0.564795 21.381500
0.565335 10.686400
0.565875 44.700900
0.566415 67.937600
0.566955 13.784600
0.567495 31.101700
0.568035 15.962900
0.568575 8.425710
0.569114 37.781000
0.569654 28.687400
0.570194 35.435700
0.570734 27.132300
0.571274 28.900200
0.571814 7.044630
0.572354 17.641200
0.572894 10.427700
0.573434 30.152800
0.573974 30.576200
0.574514 78.931700
0.575054 3.501450
0.575594 21.939500
0.576134 20.995700
0.576674 8.138090
0.577214 24.103500
0.577754 12.857900
0.578294 14.170100
0.578834 6.875340
0.579374 9.412070
0.579914 68.112900
0.580454 20.794400
0.580994 31.381700
0.581533 32.982700
0.582073 8.957050
0.582613 30.803600
0.583153 9.020510
0.583693 7.055110
0.584233 13.400800
0.584773 31.862800
0.585313 3.398130
0.585853 36.833500
0.586393 8.787150
0.586933 23.394100
0.587473 35.079200
0.588013 11.189000
0.588553 47.107200
0.589093 23.619400
0.589633 47.109600
0.590173 5.020800
0.590713 55.726100
0.591253 11.368400
0.591793 6.642000
0.592333 9.727630
0.592873 10.926800
0.593413 12.923300
0.593952 16.741300
0.594492 82.187200
0.595032 7.734150
0.595572 7.159110
0.596112 8.019700
0.596652 23.556600
0.597192 6.524970
0.597732 12.225100
0.598272 6.097820
0.598812 6.133950
0.599352 9.739700
0.599892 17.040200
0.600432 9.052290
0.600972 13.122800
0.601512 41.190700
0.602052 32.906900
0.602592 46.702400
0.603132 11.549700
0.603672 7.326890
0.604212 9.492780
0.604752 51.078300
0.605292 31.224000
0.605832 7.717670
0.606371 19.927700
0.606911 45.046800
0.607451 43.180400
0.607991 17.105500
0.608531 5.978690
0.609071 36.354000
0.609611 19.844300
0.610151 12.084800
0.610691 24.770300
0.611231 25.451200
0.611771 4.766280
0.612311 82.319200
0.612851 33.446900
0.613391 19.538600
0.613931 22.585400
0.614471 2.655240
0.615011 12.569000
0.615551 12.100100
0.616091 18.106900
0.616631 6.494820
0.617171 16.958200
0.617711 37.443200
0.618251 23.715800
0.618790 8.800500
0.619330 23.259900
0.619870 1.700160
0.620410 28.743500
0.620950 48.369100
0.621490 23.031600
0.622030 33.150700
0.622570 46.532300
0.623110 6.886240
0.623650 35.780200
0.624190 33.409600
0.624730 17.001900
0.625270 14.260000
0.625810 7.522310
0.627430 11.312900
0.627970 46.775700
0.628510 7.294980
0.629050 85.464200
0.629590 14.111200
0.630130 38.875300
0.630670 5.138540
0.631210 15.102600
0.631749 16.116500
0.632289 6.109980
0.632829 11.537100
0.633369 16.269200
0.633909 17.992100
0.634449 26.081100
0.634989 30.656600
0.635529 6.814760
0.636069 2.945620
0.636609 6.262900
0.637149 11.744100
0.638229 8.776500
0.638769 7.972360
0.639309 56.376800
0.639849 7.507650
0.640389 73.301300
0.640929 23.069400
0.641469 22.686600
0.642009 43.597600
0.642549 5.352260
0.643089 81.584000
0.643629 32.766400
0.644168 7.900960
0.644708 36.486500
0.645248 8.400020
0.645788 82.986500
0.646328 20.713800
0.646868 28.411700
0.647408 4.487040
0.647948 23.002600
0.648488 10.499700
0.649028 31.352800
0.649568 16.349700
0.650108 24.261000
0.650648 43.127700
0.651188 1.743970
0.651728 12.911200
0.652268 13.629600
0.652808 14.139100
0.653348 9.277590
0.653888 24.543800
0.654428 26.168000
0.654968 7.620130
0.655508 27.382500
0.656048 33.271900
0.656587 20.221000
0.657127 17.419700
0.657667 21.975400
0.658207 49.671300
0.658747 31.183700
0.659287 8.709170
0.659827 83.386100
0.660367 9.595050
0.660907 6.814820
0.661447 4.004670
0.661987 13.094800
0.662527 4.251660
0.663067 12.158600
0.663607 5.159950
0.664147 14.599300
0.664687 23.426500
0.665227 4.238080
0.665767 6.576090
0.666307 32.265700
0.666847 26.165600
0.667387 7.309200
0.667927 47.191800
0.668467 35.125600
0.669006 70.552900
0.669546 31.123600
0.670086 27.916900
0.670626 32.625700
0.671166 42.682100
0.671706 27.874900
0.672246 27.022100
0.672786 6.539370
0.673326 46.285900
0.673866 28.307200
0.674406 48.007100
0.674946 33.418900
0.675486 16.936300
0.676026 22.913600
0.676566 46.455600
0.677106 5.527120
0.677646 35.168400
0.678186 17.669100
0.678726 30.803400
0.679266 53.879100
0.679806 68.775700
0.680346 31.385800
0.680886 49.902000
0.681425 10.137200
0.681965 29.209700
0.682505 5.391590
0.683045 13.461800
0.683585 28.422100
0.684125 35.016700
0.684665 8.676620
0.685205 15.859800
0.685745 20.063900
0.686285 28.057700
0.686825 5.117570
0.687365 7.792320
0.687905 9.076640
0.688445 9.560120
0.688985 13.919400
0.689525 9.459330
0.690065 5.654830
0.690605 14.957300
0.691145 39.413200
0.691685 7.320240
0.692225 29.664100
0.692765 47.972000
0.693305 6.424540
0.693844 5.692550
0.694384 19.492100
0.694924 18.024100
0.695464 6.962570
0.696004 7.012880
0.696544 18.961500
0.697084 11.081200
0.697624 37.078100
0.698164 24.239400
0.698704 15.360300
0.699244 42.185100
0.699784 58.256900
0.700324 37.338900
0.700864 6.194370
0.701404 27.291200
0.701944 6.607380
0.702484 16.506200
0.703024 61.090500
0.703564 70.477400
0.704104 1.726220
0.704644 10.658800
0.705184 25.164300
0.705724 22.452300
0.706263 1.795130
0.706803 17.513000
0.707343 19.189400
0.707883 8.737990
0.708423 95.641800
0.708963 6.206520
0.709503 3.699770
0.710043 22.174600
0.710583 25.575900
0.711123 47.277700
0.711663 13.615600
0.712203 18.318300
0.712743 8.081820
0.713283 30.863200
0.713823 46.434500
0.714363 22.399300
0.714903 68.619800
0.715443 22.971700
0.715983 67.018800
0.716523 36.566200
0.717063 9.115280
0.717603 16.231500
0.718143 13.112100
0.718683 25.040300
0.719222 5.679430
0.719762 33.077900
0.720302 23.573600
0.720842 5.530960
0.721382 13.469200
0.721922 5.946190
0.722462 50.629900
0.723002 29.700500
0.723542 56.128200
0.724082 36.742700
0.724622 6.901960
0.725162 1.696750
0.725702 30.787000
0.726242 6.071170
0.726782 31.364600
0.727322 16.978100
0.727862 22.172700
0.728402 8.363040
0.728942 26.899900
0.729482 24.052900
0.730022 17.363400
0.730562 56.960500
0.731102 50.882700
0.731641 1.772950
0.732181 26.060700
0.732721 5.526070
0.733261 58.304900
0.733801 5.484100
0.734341 26.706900
0.734881 34.860200
0.735421 5.045030
0.735961 7.046670
0.736501 56.430300
0.737041 22.529900
0.737581 3.273780
0.738121 90.493800
0.738661 23.470400
0.739201 45.182400
0.739741 76.271900
0.740281 41.290300
0.740821 6.503650
0.741361 27.780300
0.741901 77.799100
0.742441 32.479300
0.742981 72.546600
0.743521 26.828400
0.744060 14.826600
0.744600 4.836220
0.745140 17.916000
0.745680 14.128900
0.746220 8.000500
0.746760 5.233390
0.747300 8.659540
0.747840 6.362010
0.748380 40.548900
0.748920 2.904050
0.749460 12.981200
0.750000 15.986200
0.750540 38.855400
0.751080 8.720460
0.751620 9.053900
0.752160 22.398700
0.752700 14.574000
0.753240 16.050800
0.753780 26.654500
0.754320 14.290000
0.754860 8.777730
0.755400 5.170780
0.755940 6.319540
0.756479 4.094980
0.757019 55.967200
0.757559 23.331000
0.758099 30.322400
0.758639 35.358400
0.759179 8.536410
0.759719 7.377250
0.760259 3.799980
0.760799 28.095200
0.761339 47.391400
0.761879 21.278700
0.762419 26.627100
0.762959 58.868900
0.763499 24.427800
0.764039 59.676600
0.764579 31.257900
0.765119 32.825600
0.765659 15.988000
0.766199 8.575700
0.766739 3.853540
0.767279 15.887700
0.767819 14.332000
0.768359 15.022100
0.768898 75.332500
0.769438 45.022000
0.769978 8.771300
0.770518 54.935500
0.771058 65.147400
0.771598 30.114000
0.772138 32.867800
0.772678 5.091650
0.773218 27.017400
0.773758 13.930800
0.774298 10.308400
0.774838 33.479900
0.775378 7.582620
0.775918 34.470300
0.776458 23.406600
0.776998 5.814920
0.777538 80.591400
0.778078 10.674200
0.778618 48.241000
0.779158 51.158000
0.779698 18.318800
0.780238 75.094800
0.780778 41.607000
0.781317 12.770800
0.781857 4.637150
0.782397 12.443100
0.782937 3.007920
0.783477 7.255380
0.784017 63.868200
0.784557 10.964500
0.785097 41.305200
0.785637 48.791600
0.786177 20.873000
0.786717 8.995340
0.787257 28.817600
0.787797 9.528450
0.788337 28.857700
0.788877 7.890830
0.789417 63.999300
0.789957 14.094600
0.790497 16.082400
0.791037 30.695200
0.791577 10.902400
0.792117 12.764200
0.792657 37.272500
0.793197 54.090800
0.793737 39.995900
0.794276 8.990020
0.794816 92.619000
0.795356 7.984730
0.795896 20.749900
0.796436 3.872430
0.796976 13.191400
0.797516 38.591000
0.798056 6.214420
0.798596 9.094350
0.799136 54.494900
0.799676 11.506200
0.800216 34.773800
0.800756 16.494900
0.801296 6.584230
0.801836 41.199900
0.802376 78.369900
0.802916 43.871700
0.803456 60.603600
0.803996 6.272880
0.804536 47.628400
0.805076 28.895800
0.805616 24.911300
0.806156 20.081900
0.806695 45.732600
0.807235 37.589300
0.807775 43.679100
0.808315 4.974760
0.808855 46.800500
0.809395 12.233000
0.809935 60.000100
0.810475 63.919600
0.811015 31.103300
0.811555 18.313800
0.812095 48.463500
0.812635 7.136750
0.813175 20.649900
0.813715 37.531900
0.814255 58.656200
0.814795 32.112200
0.815335 17.069500
0.815875 13.803100
0.816415 7.084170
0.816955 60.489300
0.817495 12.482900
0.818035 51.261500
0.818575 16.979400
0.819114 23.504900
0.819654 11.458200
0.820194 33.604300
0.820734 7.785320
0.821274 4.660620
0.821814 19.942500
0.822354 49.064600
0.822894 23.799300
0.823434 35.206400
0.823974 9.436620
0.824514 10.592100
0.825054 38.963500
0.825594 15.120900
0.826134 12.849300
0.826674 11.156600
0.827214 32.965700
0.827754 64.475200
0.828294 21.014000
0.828834 8.375700
0.829374 8.439550
0.829914 11.187900
0.830454 12.862300
0.830994 18.867900
0.831533 13.921600
0.832073 39.382300
0.832613 22.555200
0.833153 34.632700
0.833693 14.877900
0.834233 15.238400
0.834773 7.321680
0.835313 43.881000
0.835853 27.419300
0.836393 1.170220
0.836933 15.306200
0.837473 35.117300
0.838013 7.259140
0.838553 13.674600
0.839093 11.356600
0.839633 15.466900
0.840173 14.233400
0.840713 19.866000
0.841253 19.101000
0.841793 16.148600
0.842333 38.166600
0.842873 27.145100
0.843413 15.479700
0.843952 4.198550
0.844492 5.722010
0.845032 81.362800
0.845572 8.113040
0.846112 26.561800
0.846652 22.048200
0.847192 16.582400
0.847732 13.208100
0.848272 3.470930
0.848812 6.931210
0.849352 11.902300
0.849892 6.486690
0.850432 12.735700
0.850972 60.920800
0.851512 13.115600
0.852052 21.098500
0.852592 5.183680
0.853132 26.371500
0.853672 43.217100
0.854212 18.279100
0.854752 53.570600
0.855292 8.779760
0.855832 47.900400
0.856911 5.155130
0.857451 15.113100
0.857991 4.390610
0.858531 9.194700
0.859071 29.281500
0.859611 34.963000
0.860151 7.550530
0.860691 31.902600
0.861231 12.369700
0.861771 14.094100
0.862311 22.554200
0.862851 20.531700
0.863391 9.233910
0.863931 29.637300
0.864471 34.884500
0.865011 18.953700
0.866091 15.451300
0.866631 16.603800
0.867171 3.045570
0.867711 35.194300
0.868251 33.253700
0.868790 10.183000
0.869330 19.089400
0.869870 6.179880
0.870410 10.212900
0.870950 9.223670
0.871490 27.884700
0.872030 25.026200
0.872570 50.746500
0.873110 8.630930
0.873650 5.670640
0.874190 8.061270
0.874730 40.906500
0.875270 16.852100
0.875810 41.217100
0.876350 34.751900
0.876890 58.793700
0.877430 7.948940
0.877970 15.412300
0.878510 23.483000
0.879050 10.950400
0.879590 34.922200
0.880130 37.054300
0.880670 11.776000
0.881210 5.454270
0.881749 46.497300
0.882289 22.395800
0.882829 19.868800
0.883369 38.704100
0.883909 50.293400
0.884449 46.799700
0.884989 14.543200
0.885529 22.816500
0.886069 5.154260
0.886609 43.519600
0.887149 11.659200
0.887689 31.692900
0.888229 11.707700
0.888769 9.157830
0.889309 57.806700
0.889849 23.723700
0.890389 36.799700
0.890929 14.128200
0.891469 9.280180
0.892009 28.992100
0.892549 28.549300
0.893089 10.875200
0.893629 21.329800
0.894168 2.697260
0.894708 30.704900
0.895248 33.170100
0.895788 24.886700
0.896328 3.350450
0.896868 15.780500
0.897408 63.018100
0.897948 8.181820
0.898488 30.248300
0.899028 10.653700
0.899568 27.021600
0.900108 21.214600
0.900648 37.971100
0.901188 15.560200
0.901728 16.005100
0.902268 19.900400
0.902808 16.301600
0.903348 18.620700
0.903888 19.547500
0.904428 20.944300
0.904968 7.792750
0.905508 6.347140
0.906048 17.345500
0.906587 24.986100
0.907127 31.006100
0.907667 15.927700
0.908207 66.411700
0.908747 9.299820
0.909287 17.855500
0.909827 6.879220
0.910367 20.451000
0.910907 52.659900
0.911447 6.678160
0.911987 26.864800
0.912527 14.184300
0.913067 29.467500
0.913607 20.314000
0.914147 14.159400
0.914687 38.545200
0.915227 6.895200
0.915767 7.646670
0.916307 6.687630
0.916847 6.111420
0.917387 18.105100
0.917927 8.973670
0.918467 29.628500
0.919006 35.470300
0.919546 10.536100
0.920086 33.540700
0.920626 27.993400
0.921166 25.139000
0.921706 22.043900
0.922246 45.235900
0.922786 4.758990
0.923326 16.240500
0.923866 17.572400
0.924406 69.993400
0.924946 12.153500
0.925486 9.362910
0.926026 6.132790
0.926566 83.059100
0.927106 7.456880
0.927646 48.700500
0.928186 41.844300
0.928726 33.253500
0.929266 37.404000
0.929806 28.718500
0.930346 19.514900
0.930886 21.489000
0.931425 7.450780
0.931965 42.417800
0.932505 55.019600
0.933045 36.831900
0.933585 9.040560
0.934125 44.920100
0.934665 25.229400
0.935205 8.019990
0.935745 1.902820
0.936285 15.350700
0.936825 15.026500
0.937365 35.981800
0.937905 10.037300
0.938445 21.976200
0.938985 10.517200
0.939525 8.033480
0.940065 7.566220
0.940605 8.509550
0.941145 23.720700
0.941685 20.884100
0.942225 16.076300
0.942765 27.115100
0.943305 38.952400
0.943844 11.565200
0.944384 57.062300
0.944924 15.326100
0.945464 28.484300
0.946004 19.667900
0.946544 45.133700
0.947084 33.982700
0.947624 32.853900
0.948164 7.247070
0.948704 5.655330
0.949244 10.761900
0.949784 49.370000
0.950324 9.403930
0.950864 20.291100
0.951404 4.174780
0.951944 17.734200
0.952484 6.715560
0.953024 22.979300
0.953564 31.176900
0.954104 4.435950
0.954644 17.803600
0.955184 33.800600
0.955724 19.532200
0.956263 73.660500
0.956803 20.124100
0.957343 8.222710
0.957883 48.286300
0.958423 8.620120
0.958963 16.525200
0.959503 4.198370
0.960043 10.025400
0.960583 44.608200
0.961123 18.090900
0.961663 9.030670
0.962203 13.516000
0.962743 16.409600
0.963283 14.350600
0.963823 24.127900
0.964363 40.950300
0.964903 24.530000
0.965443 25.470800
0.965983 10.033400
0.966523 32.018400
0.967063 9.560380
0.967603 77.259400
0.968143 4.300880
0.968683 44.680300
0.969222 10.165700
0.969762 9.502720
0.970302 19.161800
0.970842 2.853570
0.971382 8.249950
0.971922 68.252900
0.972462 19.368800
0.973002 41.618600
0.973542 30.825400
0.974082 9.598260
0.974622 29.613400
0.975162 30.497200
0.975702 14.507900
0.976242 35.128500
0.976782 10.686700
0.977322 12.524300
0.977862 56.658200
0.978402 20.322000
0.978942 1.670680
0.979482 25.463800
0.980022 25.476300
0.980562 5.394130
0.981102 6.732230
0.981641 25.300900
0.982181 17.017700
0.982721 12.730800
0.983261 4.672720
0.983801 7.592080
0.984341 6.043060
0.984881 13.111800
0.985421 40.393800
0.985961 17.120300
0.986501 2.368880
0.987041 43.802600
0.987581 3.938020
0.988121 28.376400
0.988661 31.853200
0.989201 6.372430
0.989741 67.287800
0.990281 22.272200
0.990821 16.570000
0.991361 39.000300
0.991901 43.398700
0.992441 21.007800
0.992981 5.949580
0.993521 10.027300
0.994060 18.731400
0.994600 47.912400
0.995140 35.383200
0.995680 4.856050
0.996220 9.517880
0.996760 10.471700
0.997300 34.224300
0.997840 18.519100
0.998380 56.715400
0.998920 20.324600
0.999460 28.179400
1.000000 2.736960
