0.000968 10.102800
0.001936 92.951600
0.002904 3.835500
0.003872 8.998510
0.004840 40.912600
0.005808 23.171300
0.006776 50.062600
0.007744 15.404600
0.008712 16.539100
0.009681 5.849880
0.010649 4.233610
0.021297 59.483000
0.022265 9.164370
0.023233 8.238790
0.024201 37.536200
0.025169 12.019300
0.026137 39.594500
0.027106 56.336900
0.028074 22.646200
0.029042 34.604100
0.030010 18.858000
0.030978 32.574800
0.041626 9.691900
0.042594 7.048780
0.043562 9.412640
0.044530 50.254900
0.045499 25.479500
0.046467 9.300070
0.047435 11.933000
0.048403 47.457000
0.049371 24.011700
0.050339 7.006380
0.051307 24.445300
0.052275 36.156500
0.053243 58.797700
0.054211 31.877500
0.055179 1.806950
0.082285 8.389800
0.083253 19.210200
0.084221 30.195800
0.085189 14.756000
0.086157 24.893000
0.087125 9.335660
0.088093 21.005600
0.089061 30.595600
0.090029 19.947400
0.090997 22.211300
0.091965 21.318400
0.092933 21.518000
0.093901 3.883180
0.094869 17.168400
0.095837 32.137600
0.096805 21.070400
0.097773 14.000600
0.098742 12.759300
0.099710 7.848180
0.100678 75.230700
0.101646 5.895390
0.102614 5.772160
0.103582 79.014700
0.104550 14.874000
0.105518 10.745700
0.106486 17.779300
0.107454 14.440100
0.108422 45.121200
0.109390 29.520800
0.110358 4.279900
0.111326 8.826360
0.112294 27.739700
0.113262 26.475600
0.114230 27.236500
0.115198 70.016000
0.118103 9.805800
0.119071 25.004300
0.120039 1.701290
0.121007 7.353300
0.121975 38.240700
0.122943 25.861500
0.123911 40.739600
0.124879 8.269440
0.125847 10.845100
0.126815 36.096800
0.127783 10.057100
0.128751 34.669800
0.129719 5.113840
0.130687 21.022300
0.131655 9.976990
0.132623 32.454900
0.133591 20.114200
0.134560 17.234700
0.135528 32.087900
0.136496 6.691220
0.137464 15.603700
0.138432 62.050900
0.139400 34.087500
0.140368 86.373500
0.141336 9.204110
0.142304 3.163670
0.143272 26.441800
0.144240 20.886800
0.145208 29.061700
0.146176 40.794000
0.147144 25.682200
0.148112 11.920100
0.149080 69.759100
0.150048 22.469100
0.151016 5.826580
0.151985 15.562700
0.152953 37.159200
0.153921 15.972400
0.154889 21.628500
0.155857 10.083300
0.156825 60.997400
0.157793 23.679800
0.158761 63.290800
0.159729 48.375200
0.160697 6.051420
0.161665 17.207200
0.162633 8.421670
0.163601 38.637400
0.164569 83.396400
0.165537 13.654700
0.166505 14.086500
0.167473 4.718850
0.168441 27.363500
0.169409 51.420000
0.170378 47.561800
0.171346 13.624200
0.172314 29.366800
0.173282 24.963900
0.174250 29.368900
0.175218 9.842390
0.176186 24.249200
0.177154 28.044600
0.178122 36.209800
0.179090 27.960800
0.180058 62.548600
0.181026 62.941100
0.181994 6.213900
0.182962 18.212600
0.183930 7.067720
0.184898 41.935900
0.185866 34.835300
0.186834 40.739700
0.187803 5.310990
0.188771 5.984700
0.189739 17.775700
0.190707 18.381900
0.191675 16.058400
0.192643 79.764400
0.193611 4.616180
0.196515 9.958660
0.197483 37.973700
0.198451 2.359410
0.199419 17.087300
0.200387 18.373100
0.201355 6.605150
0.202323 16.650100
0.203291 8.594570
0.204259 53.753100
0.205227 26.800400
0.206196 28.538200
0.207164 37.181300
0.208132 55.575700
0.209100 8.410390
0.210068 7.072690
0.211036 30.550500
0.212004 10.856600
0.212972 9.124180
0.213940 41.485200
0.214908 73.434600
0.215876 43.150500
0.216844 11.462900
0.217812 15.913500
0.218780 22.761400
0.219748 27.508200
0.220716 29.559700
0.221684 30.579000
0.222652 3.530700
0.223621 10.007500
0.224589 6.123270
0.225557 1.796520
0.226525 42.940700
0.227493 35.063600
0.228461 27.270300
0.229429 42.686700
0.230397 31.485800
0.231365 12.957900
0.232333 9.276320
0.233301 33.820000
0.234269 16.340600
0.235237 47.070500
0.236205 9.439540
0.237173 13.819100
0.238141 3.362870
0.239109 16.904700
0.240077 6.291970
0.241045 7.068010
0.242014 10.154400
0.242982 9.509200
0.243950 25.039300
0.244918 28.253300
0.245886 66.381600
0.246854 16.676900
0.247822 44.081600
0.248790 81.366100
0.249758 40.457500
0.250726 47.226600
0.251694 28.268600
0.252662 57.778600
0.253630 38.202000
0.254598 8.384410
0.255566 28.085700
0.256534 5.415210
0.257502 7.222790
0.258470 18.917200
0.259439 58.386100
0.260407 42.666100
0.261375 15.791500
0.262343 8.822660
0.263311 3.782990
0.264279 16.314300
0.265247 35.510600
0.266215 46.696100
0.267183 34.962100
0.268151 36.634800
0.269119 32.492700
0.270087 26.362100
0.271055 9.125430
0.272023 5.211650
0.272991 14.880000
0.273959 13.379000
0.274927 57.396500
0.275895 8.049800
0.276864 19.174500
0.277832 32.497100
0.278800 42.784400
0.279768 30.903500
0.280736 1.775670
0.281704 32.939900
0.282672 39.336000
0.283640 46.618100
0.284608 63.933400
0.285576 10.175900
0.286544 14.008300
0.287512 31.340700
0.292352 58.116000
0.293320 31.098200
0.294288 46.935100
0.295257 14.773400
0.296225 32.325500
0.297193 6.385790
0.298161 63.519400
0.299129 60.226400
0.300097 20.520300
0.301065 9.141140
0.302033 44.981200
0.303001 10.898300
0.303969 9.039180
0.304937 1.712780
0.305905 34.082000
0.306873 20.466600
0.307841 34.997100
0.308809 35.215300
0.309777 44.436600
0.310745 5.378720
0.311713 23.111600
0.312682 53.268800
0.313650 15.588200
0.314618 5.956800
0.315586 13.071900
0.316554 33.206900
0.317522 4.479230
0.318490 74.844600
0.319458 9.676100
0.320426 46.037200
0.321394 16.045400
0.322362 4.225400
0.323330 26.394700
0.324298 20.169800
0.325266 37.855600
0.326234 7.391570
0.327202 14.414800
0.328170 30.571500
0.329138 41.111400
0.330106 18.552000
0.331075 16.783300
0.332043 7.186620
0.333011 29.454200
0.333979 63.046000
0.334947 8.815560
0.335915 5.691600
0.336883 15.626200
0.337851 6.230290
0.338819 26.418400
0.339787 21.619300
0.340755 9.524410
0.341723 6.023470
0.342691 8.166410
0.343659 9.851670
0.344627 21.385200
0.345595 9.935730
0.346563 51.783000
0.347531 74.190200
0.348500 17.511800
0.349468 13.410200
0.350436 66.475200
0.351404 6.606250
0.352372 18.559500
0.353340 35.142000
0.354308 8.477280
0.355276 28.700400
0.356244 3.483660
0.357212 11.836900
0.358180 46.244800
0.359148 7.251820
0.360116 32.357100
0.361084 5.917360
0.362052 11.312900
0.363020 38.841300
0.363988 8.825200
0.364956 42.814300
0.365924 6.686760
0.366893 55.612100
0.367861 22.010300
0.368829 9.364400
0.369797 8.319990
0.370765 23.896300
0.371733 16.519500
0.372701 25.366600
0.373669 46.116700
0.374637 13.316100
0.375605 14.014600
0.376573 8.371170
0.377541 39.673100
0.378509 2.357240
0.379477 9.608050
0.380445 10.110900
0.381413 20.057300
0.382381 29.156100
0.383349 28.486900
0.384318 29.747600
0.385286 16.498300
0.386254 44.063800
0.387222 12.624400
0.388190 40.498600
0.389158 40.398500
0.390126 4.545830
0.391094 14.961600
0.392062 8.880350
0.393030 11.266700
0.393998 53.009100
0.394966 16.932700
0.395934 17.956200
0.396902 11.489400
0.397870 9.933410
0.398838 17.925400
0.399806 18.467500
0.400774 19.894400
0.401742 12.483400
0.402711 33.892900
0.403679 67.121200
0.404647 19.149200
0.405615 9.789600
0.406583 3.693550
0.407551 23.740900
0.408519 29.775600
0.409487 32.226600
0.410455 3.775070
0.411423 33.506400
0.412391 23.677100
0.413359 3.051670
0.414327 48.962000
0.415295 25.259000
0.416263 5.145240
0.417231 33.982500
0.418199 40.000100
0.419167 18.351300
0.420136 14.297700
0.421104 14.985200
0.422072 23.643700
0.423040 24.909300
0.424008 12.174600
0.424976 15.445300
0.425944 4.085870
0.426912 48.781500
0.427880 11.364700
0.429816 67.417800
0.430784 4.057200
0.431752 5.456410
0.432720 10.091900
0.433688 16.248800
0.434656 5.635290
0.435624 5.039290
0.436592 9.787170
0.437561 17.287300
0.438529 4.510500
0.439497 22.334000
0.440465 31.272600
0.441433 35.202000
0.442401 64.211800
0.443369 41.168700
0.444337 12.202000
0.445305 12.198900
0.446273 7.803430
0.447241 48.732000
0.448209 19.342200
0.449177 15.414800
0.450145 38.112900
0.451113 16.745000
0.452081 57.881200
0.453049 14.016400
0.454017 32.759400
0.454985 65.121600
0.455954 8.930890
0.456922 52.611000
0.457890 31.705900
0.458858 6.918040
0.459826 18.631600
0.460794 28.611400
0.461762 13.289000
0.462730 25.593900
0.463698 77.055700
0.464666 58.674700
0.465634 15.536500
0.466602 48.918800
0.467570 8.293580
0.468538 5.647440
0.469506 45.817600
0.470474 63.481400
0.471442 9.132370
0.472410 73.508300
0.473379 40.193600
0.474347 35.937900
0.475315 2.912940
0.476283 46.191000
0.477251 24.719400
0.478219 74.284200
0.479187 9.687590
0.480155 42.569000
0.481123 25.108600
0.482091 12.504100
0.483059 3.817900
0.484027 22.864200
0.484995 6.677410
0.485963 31.749200
0.486931 3.140770
0.487899 29.594000
0.488867 5.878050
0.489835 35.784900
0.490803 27.152700
0.491772 37.586600
0.492740 38.408300
0.493708 28.406000
0.494676 13.418600
0.495644 7.975460
0.496612 6.510100
0.497580 4.650610
0.498548 28.919000
0.499516 60.975300
0.500484 5.383410
0.501452 52.019800
0.502420 31.838000
0.503388 26.353600
0.504356 50.924100
0.505324 27.164300
0.506292 7.228420
0.507260 5.977710
0.508228 62.723000
0.509197 7.645990
0.510165 47.344100
0.511133 18.814400
0.512101 36.365500
0.513069 7.649600
0.514037 5.123110
0.515005 26.944600
0.515973 8.356700
0.516941 19.914700
0.517909 10.184900
0.518877 29.021400
0.519845 14.796000
0.520813 11.909500
0.521781 7.702090
0.522749 2.001550
0.523717 86.783900
0.524685 47.385200
0.525653 35.918900
0.526621 35.332500
0.527590 39.619200
0.528558 49.906000
0.529526 17.354000
0.530494 64.837000
0.531462 55.236600
0.532430 23.088400
0.533398 74.985500
0.534366 26.838400
0.535334 4.924260
0.536302 55.474000
0.537270 29.452800
0.538238 21.862900
0.539206 2.811750
0.540174 14.241100
0.541142 13.019400
0.542110 7.651310
0.543078 26.727800
0.544046 11.550200
0.545015 30.556700
0.545983 7.315290
0.546951 22.905400
0.547919 17.526400
0.548887 18.782300
0.549855 29.159500
0.550823 9.505810
0.551791 2.352970
0.552759 1.532110
0.553727 66.191400
0.554695 36.266200
0.555663 20.406000
0.556631 36.666000
0.557599 29.431900
0.558567 14.736700
0.559535 34.206700
0.560503 20.338500
0.561471 34.443100
0.562439 5.910350
0.563408 7.582610
0.564376 18.193000
0.565344 40.445300
0.566312 7.091770
0.567280 10.637600
0.568248 74.435000
0.569216 5.640140
0.570184 5.507040
0.571152 27.733300
0.572120 7.895150
0.573088 28.559800
0.574056 18.333400
0.575024 25.411000
0.575992 9.376730
0.576960 62.719400
0.577928 21.697800
0.578896 7.799080
0.579864 7.508360
0.580833 16.527100
0.581801 50.257300
0.582769 9.011560
0.583737 48.697700
0.584705 25.787600
0.585673 13.362700
0.586641 44.484300
0.587609 13.825300
0.588577 28.216600
0.589545 78.995500
0.590513 48.991800
0.591481 17.974200
0.592449 10.263800
0.593417 47.411200
0.594385 34.722300
0.595353 3.226300
0.596321 83.031700
0.597289 18.144000
0.598258 17.069100
0.599226 24.132000
0.600194 9.552030
0.601162 74.281600
0.602130 21.460200
0.603098 7.941380
0.604066 1.803410
0.605034 6.301010
0.606002 20.831000
0.606970 55.176000
0.607938 32.909600
0.608906 17.715700
0.609874 60.123100
0.610842 54.262700
0.611810 44.702700
0.612778 30.153700
0.613746 21.836600
0.614714 15.173700
0.615682 20.470000
0.616651 20.080300
0.617619 1.843340
0.618587 34.116000
0.619555 19.540900
0.620523 73.342100
0.621491 58.956700
0.622459 37.282700
0.623427 20.210700
0.624395 17.349400
0.625363 66.998400
0.626331 10.464800
0.627299 44.678400
0.628267 45.723700
0.629235 41.826800
0.630203 9.870230
0.631171 6.371190
0.632139 10.031300
0.633107 8.383160
0.634076 49.110300
0.635044 34.451900
0.636012 29.180200
0.636980 84.548400
0.637948 8.731820
0.638916 35.468000
0.639884 26.691600
0.640852 7.968110
0.641820 15.183900
0.642788 11.779400
0.643756 45.801600
0.644724 19.034400
0.645692 16.834000
0.646660 56.510100
0.647628 11.174300
0.648596 15.527800
0.649564 28.959100
0.650532 5.598850
0.651500 8.751020
0.652469 38.491400
0.653437 34.112000
0.654405 5.101560
0.655373 17.094600
0.656341 36.325900
0.657309 26.395200
0.658277 8.070510
0.659245 37.645400
0.660213 2.794160
0.661181 10.104700
0.662149 3.417930
0.663117 31.572100
0.664085 18.420300
0.665053 31.655500
0.666021 31.253800
0.666989 40.817300
0.667957 16.411500
0.668925 20.586100
0.669894 7.130750
0.670862 11.273000
0.671830 7.520940
0.672798 18.718200
0.673766 10.437600
0.674734 15.594700
0.675702 18.709500
0.676670 25.392300
0.677638 58.878200
0.678606 7.222750
0.679574 54.024400
0.680542 51.442400
0.681510 11.657400
0.682478 5.779890
0.683446 2.020200
0.684414 5.942260
0.685382 25.997900
0.686350 14.813300
0.687318 1.772950
0.688287 34.318800
0.689255 19.596400
0.690223 16.536600
0.691191 50.749600
0.692159 42.023000
0.693127 8.654330
0.694095 9.049230
0.695063 30.954700
0.696031 18.824200
0.696999 13.698900
0.697967 25.961600
0.698935 10.611700
0.699903 19.969200
0.700871 66.173900
0.701839 3.149770
0.702807 22.388700
0.703775 21.900900
0.704743 22.736800
0.705712 33.304800
0.706680 9.126360
0.707648 24.801800
0.708616 37.505900
0.709584 35.973700
0.710552 8.796300
0.711520 5.619860
0.712488 18.640300
0.713456 27.378000
0.714424 56.574100
0.715392 6.746940
0.716360 49.807500
0.717328 5.900940
0.718296 8.127440
0.719264 52.333400
0.720232 45.712700
0.721200 51.293700
0.722168 7.782470
0.723136 7.852070
0.724105 5.045600
0.725073 5.389310
0.726041 15.624000
0.727009 13.552600
0.727977 42.913200
0.728945 1.791220
0.729913 23.093500
0.730881 52.688600
0.731849 84.902900
0.732817 12.416000
0.733785 16.933100
0.734753 6.059180
0.735721 5.136270
0.736689 3.994940
0.737657 32.962300
0.738625 37.353200
0.739593 11.348100
0.740561 9.734280
0.741530 15.656200
0.742498 8.940480
0.743466 9.164710
0.744434 21.134800
0.745402 32.582900
0.746370 4.635150
0.747338 32.365100
0.748306 6.020650
0.749274 11.514500
0.750242 23.815900
0.751210 92.948200
0.752178 20.641800
0.753146 9.414580
0.754114 66.370000
0.755082 23.983000
0.756050 11.350200
0.757018 37.058600
0.757986 13.482600
0.758955 28.483500
0.759923 24.666400
0.760891 3.851530
0.761859 21.962300
0.762827 50.188600
0.763795 4.973000
0.764763 71.525900
0.765731 36.314500
0.766699 12.019200
0.767667 5.380200
0.768635 5.989960
0.769603 7.464740
0.770571 13.600000
0.771539 32.129400
0.772507 55.669200
0.773475 32.351300
0.774443 12.498300
0.775411 20.285700
0.776379 8.045030
0.777348 7.726160
0.778316 43.180300
0.779284 36.225100
0.780252 7.566030
0.781220 17.020500
0.782188 9.085980
0.783156 27.470800
0.784124 40.413200
0.785092 46.825300
0.786060 9.240600
0.787028 8.153360
0.787996 3.597340
0.788964 9.502070
0.789932 8.240330
0.790900 18.660000
0.791868 9.628060
0.792836 5.764780
0.793804 18.224900
0.794773 10.992000
0.795741 35.066200
0.796709 12.874900
0.797677 17.679100
0.798645 77.644200
0.799613 9.998670
0.800581 26.366200
0.801549 5.889030
0.802517 38.338000
0.803485 8.550220
0.804453 21.688400
0.805421 36.946300
0.806389 11.066400
0.807357 39.751300
0.808325 28.835600
0.809293 32.035000
0.810261 45.661700
0.811229 21.160200
0.812197 44.083800
0.813166 16.072100
0.814134 10.446900
0.815102 5.256450
0.816070 56.594800
0.817038 9.144440
0.818006 18.354100
0.818974 6.846320
0.819942 18.130300
0.820910 7.393530
0.821878 40.080600
0.822846 75.774900
0.823814 27.399400
0.824782 74.092800
0.825750 42.710400
0.826718 41.682200
0.827686 4.087800
0.828654 72.984900
0.829622 7.478680
0.830591 11.542600
0.831559 20.439200
0.832527 22.068000
0.833495 47.362300
0.834463 15.493000
0.835431 17.842000
0.836399 16.955800
0.837367 54.203500
0.838335 23.674500
0.839303 56.341800
0.840271 20.085200
0.841239 37.311000
0.842207 22.345600
0.843175 6.911940
0.844143 46.008400
0.845111 8.564830
0.846079 14.086800
0.847047 2.468230
0.848015 7.467900
0.848984 8.808730
0.849952 49.200000
0.850920 6.232720
0.851888 23.570200
0.852856 13.127300
0.853824 45.701800
0.854792 40.171600
0.855760 45.777000
0.856728 6.246800
0.857696 32.098500
0.858664 51.714500
0.859632 23.934300
0.860600 4.065960
0.861568 35.591700
0.862536 7.874230
0.863504 7.023090
0.864472 6.852340
0.865440 56.424400
0.866409 13.128000
0.867377 45.963400
0.868345 44.183400
0.869313 39.402800
0.870281 35.216700
0.871249 11.756700
0.872217 36.724000
0.873185 36.087900
0.874153 6.494060
0.875121 17.616900
0.876089 19.530700
0.877057 8.664120
0.878025 12.038400
0.878993 25.330300
0.879961 34.642300
0.880929 12.323800
0.881897 27.414700
0.882865 29.261000
0.883833 49.769100
0.884802 15.940500
0.885770 2.298700
0.886738 15.731800
0.887706 6.942860
0.888674 49.061500
0.889642 34.363000
0.890610 32.479400
0.891578 62.693800
0.892546 26.611300
0.893514 54.388100
0.894482 35.092600
0.895450 36.633700
0.896418 2.490890
0.897386 2.439980
0.898354 77.564100
0.899322 7.119030
0.900290 13.670100
0.901258 27.189600
0.902227 26.656700
0.903195 57.626200
0.904163 20.448800
0.905131 18.556800
0.906099 26.627600
0.907067 12.440100
0.908035 23.605300
0.909003 21.995200
0.909971 46.418300
0.910939 50.314800
0.911907 4.199230
0.912875 34.417000
0.913843 21.368700
0.914811 21.446800
0.915779 7.395170
0.916747 13.671800
0.917715 7.915830
0.918683 65.615300
0.919652 53.580800
0.920620 53.127800
0.921588 31.549400
0.922556 41.027000
0.923524 32.036400
0.924492 23.735600
0.925460 25.507100
0.926428 2.124710
0.927396 24.016500
0.928364 4.329650
0.929332 4.243060
0.930300 54.056100
0.931268 13.662400
0.932236 7.829420
0.933204 42.168900
0.934172 28.256200
0.935140 55.679600
0.936108 15.928400
0.937076 25.221100
0.938045 32.577000
0.939013 32.025800
0.939981 16.543400
0.940949 7.727800
0.941917 8.596620
0.942885 67.713200
0.943853 30.101200
0.944821 20.541400
0.945789 16.276000
0.946757 24.842700
0.947725 13.591900
0.948693 5.583940
0.949661 21.327400
0.950629 49.247900
0.951597 54.045400
0.952565 2.832020
0.953533 34.300100
0.954501 38.133800
0.955470 1.716820
0.956438 16.632600
0.957406 4.572910
0.958374 5.217140
0.959342 33.377400
0.960310 41.104600
0.961278 14.070700
0.962246 13.713200
0.963214 18.785900
0.964182 4.037480
0.965150 8.042220
0.966118 8.817750
0.967086 7.257900
0.968054 6.111300
0.969022 8.365790
0.969990 10.344900
0.970958 29.998100
0.971926 8.128940
0.972894 7.188400
0.973863 26.208100
0.974831 26.270700
0.975799 27.262200
0.976767 79.192200
0.977735 11.216700
0.978703 13.366300
0.979671 22.181500
0.980639 8.151890
0.981607 14.130300
0.982575 48.694600
0.983543 28.491000
0.984511 49.735700
0.985479 7.077790
0.986447 35.314700
0.987415 33.351600
0.988383 13.632800
0.989351 6.683150
0.990319 11.965200
0.991288 8.253020
0.992256 27.583000
0.993224 10.047300
0.994192 49.654100
0.995160 5.615130
0.996128 19.338500
0.997096 27.364000
0.998064 28.403800
0.999032 9.589060
1.000000 21.214400
