0.000210 78.446600
0.000420 27.851500
0.000630 26.516100
0.000840 22.390500
0.001050 33.935400
0.001259 25.534500
0.001469 18.227100
0.001679 15.499400
0.001889 41.104700
0.002099 28.788700
0.002309 39.663300
0.002519 13.386600
0.002729 3.002370
0.002939 51.673400
0.003149 11.114100
0.003359 31.104000
0.003568 8.480690
0.003778 4.210170
0.003988 25.398000
0.004198 7.757430
0.005458 9.509200
0.005668 13.989500
0.005877 40.388600
0.006087 18.675500
0.006297 28.221200
0.006507 7.132460
0.006717 16.549200
0.006927 53.710600
0.007137 6.879360
0.007347 38.638100
0.007557 58.791900
0.007767 21.397600
0.007976 12.596800
0.008186 41.791700
0.008396 7.495130
0.008606 26.271300
0.008816 20.694100
0.009026 27.092000
0.009236 33.821600
0.009446 52.447400
0.009656 30.504100
0.009866 61.513100
0.010076 8.890150
0.010285 9.625290
0.010495 39.384700
0.010705 1.906670
0.010915 13.071900
0.011125 29.003900
0.011335 55.060100
0.011545 11.171900
0.011755 6.370340
0.011965 16.375300
0.012175 30.342400
0.014274 11.312900
0.014484 15.368100
0.014694 69.944300
0.014903 38.015100
0.022670 59.483000
0.022880 25.772200
0.023090 14.313700
0.023300 15.704700
0.023510 60.630200
0.023720 26.521500
0.023929 23.677000
0.024139 30.888500
0.024349 11.273300
0.024559 15.791600
0.024769 5.836760
0.026658 9.805800
0.026868 16.071200
0.027078 3.749060
0.027288 33.610900
0.027498 17.206800
0.027708 21.346700
0.027918 13.565700
0.028128 4.166080
0.028338 18.339500
0.042191 9.691900
0.042401 40.732000
0.042611 18.989100
0.059404 8.389800
0.059614 81.871300
0.060034 12.594900
0.060243 34.582100
0.060453 21.913700
0.060663 17.167200
0.060873 40.988400
0.061083 23.277600
0.061293 8.688500
0.061503 45.606400
0.061713 6.841590
0.061923 15.034900
0.062133 4.417230
0.062343 54.474300
0.062552 6.874280
0.062762 9.632420
0.062972 1.809520
0.063812 67.417800
0.064022 69.384600
0.064232 6.889660
0.064442 32.360900
0.064652 67.607300
0.064861 7.953560
0.065071 6.474490
0.065281 11.309300
0.065491 8.556000
0.065701 5.303290
0.065911 20.739600
0.066121 3.368000
0.066331 12.014300
0.066541 7.498570
0.066751 11.671900
0.066961 8.584540
0.067170 38.595200
0.067380 11.962200
0.067590 14.036100
0.067800 6.747000
0.068010 23.800400
0.068220 26.802300
0.068430 31.438500
0.068640 10.784800
0.068850 22.386800
0.069060 19.966900
0.069270 44.296700
0.069479 75.941100
0.069689 7.004640
0.069899 6.545460
0.070109 5.129130
0.070319 10.250200
0.070529 47.801200
0.070739 6.595750
0.070949 18.418300
0.071159 66.714200
0.071369 10.602500
0.071579 11.376200
0.071788 4.434210
0.071998 26.024700
0.072208 7.918100
0.072418 3.437590
0.072628 34.650500
0.072838 33.591300
0.073048 46.151200
0.073258 51.887700
0.073468 9.553910
0.073678 4.364790
0.073887 18.521700
0.074097 34.633800
0.074307 38.924900
0.074517 7.988950
0.074727 23.532500
0.074937 22.372200
0.075147 11.071600
0.075357 8.455120
0.075567 38.087800
0.075777 92.497800
0.075987 24.798000
0.076196 12.493200
0.076406 12.107200
0.076616 8.903610
0.076826 29.776900
0.077036 5.350580
0.077246 47.378400
0.077456 3.251640
0.077666 54.809700
0.077876 12.178300
0.078086 58.573800
0.078296 85.101300
0.078505 11.923100
0.078715 8.645640
0.078925 27.631600
0.079135 3.258610
0.079345 11.562400
0.079555 20.658100
0.079765 4.997040
0.079975 13.265600
0.080185 23.868800
0.080395 37.490100
0.080605 74.646600
0.080814 36.963600
0.081024 6.292980
0.081234 4.900980
0.081444 23.312300
0.081654 5.049040
0.081864 10.029400
0.082074 8.239050
0.082284 7.264480
0.082494 13.790100
0.082704 8.363100
0.082914 16.769800
0.083123 3.313800
0.083333 33.388900
0.083543 79.158500
0.083753 5.209470
0.083963 41.238600
0.084173 10.718400
0.084383 14.664100
0.084593 64.385300
0.084803 7.594400
0.085013 2.751490
0.085223 23.342900
0.085432 51.632500
0.085642 13.067000
0.085852 8.250600
0.086062 27.377600
0.086272 51.165500
0.086482 5.785450
0.086692 30.912400
0.086902 4.491660
0.087112 35.116900
0.087322 36.320300
0.087531 47.064600
0.087741 5.888110
0.087951 9.659890
0.088161 28.095800
0.088371 12.409200
0.088581 26.445500
0.088791 15.338500
0.089001 25.607600
0.089211 21.070100
0.089421 28.748100
0.089631 21.722500
0.089840 5.590530
0.090050 19.193000
0.090260 29.195100
0.090470 19.578200
0.090680 8.638570
0.090890 1.688790
0.091100 66.540000
0.091310 33.936200
0.091520 67.146600
0.091730 6.362330
0.091940 12.379100
0.092149 76.306500
0.092359 74.175500
0.092569 84.081900
0.092779 11.072900
0.092989 17.109000
0.093199 15.166700
0.093409 32.184600
0.093619 1.819970
0.093829 58.104200
0.094039 52.965500
0.094249 3.917770
0.094458 14.955800
0.094668 57.675400
0.098657 9.958660
0.098866 5.307220
0.099706 9.945950
0.099916 12.436900
0.100126 77.426600
0.100336 7.337990
0.100546 44.575600
0.100756 27.110300
0.100966 3.030580
0.101175 17.756400
0.101385 5.089140
0.101595 13.559900
0.101805 8.311140
0.102015 28.812000
0.102225 15.398800
0.102435 53.646400
0.102645 16.972200
0.102855 18.112000
0.103065 71.613600
0.103275 23.334700
0.103484 20.110500
0.103694 3.370850
0.103904 40.344600
0.104114 6.596730
0.104324 17.970300
0.104534 4.947730
0.104744 1.703770
0.104954 19.478800
0.105164 20.401200
0.105374 11.821100
0.105584 38.430800
0.105793 10.094700
0.106003 33.320300
0.106213 84.770100
0.106423 46.938800
0.106633 48.034300
0.106843 8.071490
0.107053 25.601800
0.107263 13.497900
0.107473 29.687300
0.107683 42.428500
0.107893 7.954070
0.108102 44.081500
0.108312 8.432960
0.108522 11.705300
0.108732 53.746400
0.108942 35.176400
0.109152 16.004100
0.109362 9.938520
0.109572 29.224700
0.109782 21.565900
0.109992 18.928900
0.110202 20.749300
0.110411 57.967300
0.110621 14.615400
0.110831 4.002280
0.111041 5.548650
0.111251 8.556990
0.111461 17.542600
0.111671 9.564960
0.111881 23.511900
0.112091 47.262000
0.112301 7.443620
0.112510 7.969870
0.112720 30.683000
0.112930 6.431050
0.113140 63.979800
0.113350 24.371800
0.113560 34.092800
0.113770 7.345780
0.113980 5.373820
0.114190 46.446100
0.114400 33.511400
0.114610 6.732390
0.114819 22.206300
0.115029 15.912900
0.115239 4.055200
0.115449 51.570900
0.115659 8.754480
0.115869 30.927300
0.116079 60.668500
0.116289 88.870500
0.116499 2.710680
0.116709 7.256210
0.116919 8.792420
0.117128 23.960600
0.117338 17.798800
0.117548 1.855320
0.117758 33.847900
0.117968 9.770550
0.118178 67.964800
0.118388 22.071400
0.118598 38.654900
0.118808 12.486700
0.119018 7.456070
0.119228 35.460200
0.119437 50.440000
0.119647 8.150710
0.119857 79.007700
0.120067 8.541270
0.120277 51.997000
0.120487 4.498390
0.120697 70.023500
0.120907 5.650300
0.121117 17.997000
0.121327 7.633510
0.121537 64.084800
0.121746 8.902710
0.121956 8.147960
0.122166 18.397800
0.122376 50.224500
0.122586 20.114600
0.122796 23.037900
0.123006 13.775900
0.123216 3.674340
0.123426 49.404900
0.123636 32.481400
0.123846 15.188800
0.124055 9.539800
0.124265 61.107400
0.124475 74.534600
0.124685 22.945800
0.124895 12.723500
0.125105 32.843100
0.125315 15.202500
0.125525 5.739660
0.125735 30.677000
0.125945 11.281700
0.126154 29.617200
0.126364 7.851760
0.126574 14.017400
0.126784 19.814200
0.126994 16.644000
0.127204 33.496400
0.127414 19.359400
0.127624 18.569600
0.127834 50.825300
0.128044 36.852300
0.128254 8.381420
0.128463 9.310430
0.128673 23.740200
0.128883 6.487030
0.129093 30.358800
0.129303 73.167600
0.129513 36.746700
0.129723 27.273500
0.129933 9.323030
0.130143 4.919750
0.130353 27.863600
0.130563 88.871400
0.130772 10.110500
0.130982 1.649110
0.131192 8.566730
0.131402 14.369800
0.131612 31.186200
0.131822 65.178900
0.136230 58.116000
0.136440 6.917040
0.136650 15.903500
0.136860 29.381500
0.137070 11.855900
0.137280 51.923700
0.137490 18.907000
0.137699 27.931600
0.137909 8.335070
0.138119 26.882300
0.138329 27.295200
0.138539 12.823400
0.138749 12.780900
0.138959 7.882970
0.139169 12.226100
0.139379 15.555600
0.139589 74.706500
0.139798 6.155510
0.140008 14.194400
0.140218 33.407400
0.140428 16.743300
0.140638 45.031000
0.140848 90.641200
0.141058 9.943310
0.141268 7.646050
0.141478 41.034300
0.141688 54.403600
0.141898 39.462100
0.142107 9.165950
0.142317 50.735800
0.142527 15.372200
0.142737 8.081860
0.142947 38.091700
0.143157 6.348230
0.143367 3.095340
0.143577 24.063700
0.143787 73.704800
0.143997 4.647500
0.144207 7.719120
0.144416 25.951600
0.144626 46.848000
0.144836 13.362900
0.145046 9.249330
0.145256 30.631800
0.145466 13.685300
0.145676 27.448400
0.145886 75.453900
0.146306 30.394500
0.146516 20.723300
0.146725 10.185800
0.146935 96.576100
0.147145 24.183400
0.147355 4.800950
0.147565 46.091600
0.147775 29.482700
0.147985 6.208320
0.148195 53.197800
0.148405 35.644800
0.148615 11.490700
0.149034 45.322400
0.149244 9.270190
0.149454 48.125400
0.149664 20.541100
0.149874 24.297600
0.150084 4.978320
0.150294 79.421000
0.150504 9.143860
0.150714 20.279100
0.150924 15.528600
0.151134 22.109300
0.151343 81.342100
0.151553 66.530200
0.151763 13.787200
0.151973 16.952700
0.152183 25.392200
0.152393 5.308380
0.152603 17.542800
0.152813 13.813300
0.153023 36.310500
0.153233 36.095800
0.153442 9.567310
0.153652 27.413900
0.153862 32.015400
0.154072 22.012500
0.154282 2.890140
0.154492 4.367370
0.154702 19.177000
0.154912 34.749000
0.155122 52.970000
0.155332 10.711300
0.155542 7.267600
0.155751 8.806330
0.155961 18.605500
0.156171 40.086400
0.156381 72.753700
0.156591 9.447980
0.156801 5.246380
0.157011 20.756500
0.157221 6.515310
0.157431 10.534100
0.157641 3.973140
0.157851 8.989920
0.158060 22.050800
0.158270 48.316400
0.158480 6.963490
0.158690 71.137300
0.158900 61.310300
0.159110 5.938610
0.159320 54.623400
0.159530 17.889000
0.159740 21.753200
0.159950 6.263990
0.160160 8.983020
0.160369 19.012100
0.160579 23.269800
0.160789 21.451000
0.160999 20.061600
0.161209 4.113860
0.161419 16.287800
0.161629 56.464300
0.161839 33.831400
0.162049 13.658300
0.162259 4.404100
0.162469 43.491200
0.162678 12.232300
0.162888 22.213000
0.163098 66.194300
0.163308 22.143000
0.163518 45.211100
0.163728 24.275900
0.163938 5.944100
0.164148 22.174200
0.164358 66.078500
0.164568 53.732200
0.164777 42.087200
0.164987 11.164100
0.165197 35.727900
0.165407 10.600900
0.165617 15.546600
0.165827 17.662000
0.166037 17.097300
0.166247 8.109680
0.166457 13.982500
0.166667 48.747900
0.166877 9.025420
0.167086 23.964000
0.167296 13.009000
0.167506 31.181100
0.167716 7.615760
0.167926 22.730800
0.168136 9.017930
0.168346 14.386900
0.168556 7.653230
0.168766 20.388300
0.168976 4.456510
0.169186 5.527250
0.169395 14.023100
0.169605 4.973740
0.169815 70.897500
0.170025 3.104830
0.170235 27.387300
0.170445 9.630540
0.170655 68.143800
0.170865 9.981670
0.171075 8.750490
0.171285 29.533200
0.171495 17.343900
0.171704 19.423000
0.171914 24.352000
0.172124 10.920300
0.172334 3.867290
0.172544 10.980800
0.172754 37.662900
0.172964 8.515710
0.173174 35.396900
0.173384 62.437600
0.173594 25.633300
0.173804 12.119700
0.174013 29.723800
0.174223 34.988500
0.174433 10.381200
0.174643 26.058800
0.174853 9.183530
0.175063 10.933000
0.175273 18.013900
0.175483 34.559900
0.175693 8.233200
0.175903 22.793400
0.176113 10.241800
0.176322 1.793670
0.176532 59.163000
0.176742 29.443700
0.176952 13.506200
0.177162 22.596900
0.177372 21.375100
0.177582 25.066200
0.177792 59.162100
0.178002 27.500200
0.178212 6.061790
0.178421 6.429160
0.178631 25.006700
0.178841 37.762300
0.179471 11.657400
0.179681 36.331300
0.179891 35.564500
0.180101 37.205800
0.180311 8.029480
0.180521 9.369510
0.180730 31.373400
0.180940 4.694170
0.181150 37.637400
0.181360 6.229140
0.181570 6.299550
0.181780 30.337500
0.181990 41.772200
0.182200 19.623500
0.182410 26.459300
0.182620 22.193200
0.182830 42.553300
0.183039 44.282900
0.183249 24.839400
0.183459 23.448500
0.183669 6.437640
0.183879 5.903550
0.184089 7.771970
0.184299 37.682700
0.184509 12.470500
0.184719 12.045900
0.184929 49.204800
0.185139 4.813590
0.185348 29.086500
0.185558 11.056100
0.185768 28.076100
0.185978 19.169400
0.186188 10.089800
0.186398 16.941500
0.186608 2.280900
0.186818 60.035500
0.187028 31.795700
0.187238 19.208900
0.187448 2.839270
0.187657 4.848040
0.187867 65.531200
0.188077 9.930160
0.188287 7.909600
0.188497 28.175300
0.188707 5.452460
0.188917 11.881900
0.189127 15.195100
0.189547 18.730700
0.189757 19.787300
0.189966 28.890200
0.190176 7.105470
0.190386 15.596400
0.190596 34.253200
0.190806 6.753080
0.191016 13.082000
0.191226 5.913420
0.191436 14.852100
0.191646 20.542600
0.191856 7.417450
0.192065 16.163100
0.192275 11.501500
0.192485 14.550800
0.192695 8.373290
0.192905 34.194700
0.193115 4.033100
0.193325 27.474800
0.193535 9.885520
0.193955 28.885500
0.194165 17.589200
0.194374 11.880400
0.194584 5.055320
0.194794 23.246500
0.195004 7.385080
0.195214 5.787550
0.195424 7.431610
0.195634 10.893700
0.195844 9.494120
0.196054 36.629500
0.196264 39.802500
0.196474 8.453100
0.196683 64.935600
0.196893 8.218920
0.197103 29.527800
0.197313 78.088700
0.197523 11.453800
0.197733 57.645900
0.197943 33.872900
0.198153 40.912500
0.198363 24.595400
0.198573 9.790640
0.198783 31.183000
0.198992 44.623700
0.199202 12.893100
0.199412 17.164000
0.199622 67.178300
0.199832 42.300600
0.200042 11.489700
0.200252 46.710000
0.200462 21.658800
0.200672 33.200200
0.200882 15.414800
0.201092 21.682800
0.201301 17.348800
0.201511 15.900500
0.201721 13.241200
0.201931 14.777200
0.202141 20.094000
0.202351 31.797600
0.202561 44.346100
0.202771 22.308700
0.202981 16.299200
0.203191 17.932000
0.203401 45.682100
0.203610 14.394300
0.203820 19.152000
0.204030 11.736900
0.204240 9.947100
0.204450 17.161600
0.204660 5.577970
0.204870 21.743100
0.205080 13.397500
0.205290 12.972900
0.205500 49.408400
0.205709 8.698870
0.205919 20.852600
0.206129 19.272100
0.206339 10.407400
0.206549 17.607200
0.206969 17.252400
0.207179 68.394300
0.207389 38.903900
0.207599 31.340200
0.207809 72.033800
0.208018 5.693500
0.208228 6.923970
0.208438 48.516500
0.208648 13.487700
0.208858 29.256100
0.209068 22.444400
0.209278 9.602890
0.209488 6.732690
0.209698 8.175910
0.209908 43.965300
0.210118 7.080270
0.210327 1.321530
0.210537 45.328000
0.210747 61.960500
0.210957 6.302960
0.211167 39.321400
0.211377 1.575940
0.211587 3.734840
0.211797 19.281200
0.212007 29.063600
0.212217 37.171300
0.212427 17.971800
0.212636 23.264500
0.212846 17.685500
0.213056 7.074120
0.213266 7.851810
0.213476 52.364600
0.213686 11.004800
0.213896 23.479700
0.214106 10.230300
0.214316 8.873560
0.214526 36.491000
0.214736 20.376700
0.214945 13.010700
0.215155 21.763900
0.215365 75.390800
0.215575 55.930400
0.215785 7.523570
0.215995 3.327470
0.216205 5.874930
0.216415 6.996800
0.216625 4.809020
0.216835 72.085600
0.217045 4.781290
0.217254 12.953900
0.217464 6.554470
0.217674 7.410110
0.217884 8.843530
0.218094 70.753400
0.218304 29.351200
0.218514 29.343000
0.218724 25.490900
0.218934 23.724100
0.219144 43.189700
0.219353 10.077400
0.219773 47.369900
0.219983 19.104600
0.220193 52.009900
0.220403 34.133000
0.220613 20.245800
0.220823 16.257800
0.221243 11.981900
0.221453 11.669000
0.221662 38.010600
0.221872 19.372300
0.222082 54.069400
0.222292 4.868900
0.222502 71.766900
0.222712 10.100100
0.222922 28.145300
0.223132 19.080500
0.223342 10.384100
0.223552 56.536400
0.223762 24.191900
0.223971 16.079200
0.224181 79.629100
0.224391 15.544200
0.224601 5.912550
0.224811 36.965600
0.225021 11.079200
0.225231 13.102300
0.225441 10.637900
0.225651 6.395380
0.225861 14.053900
0.226071 24.153500
0.226280 25.565000
0.226490 7.720890
0.226700 9.732040
0.226910 10.049500
0.227120 7.898770
0.227330 38.457300
0.227540 3.537140
0.227750 30.087000
0.227960 16.089300
0.228170 64.910700
0.228380 12.898500
0.228589 59.568900
0.228799 19.198400
0.229009 6.156700
0.229429 39.877300
0.229639 18.186700
0.229849 14.865300
0.230059 21.573800
0.230269 16.588600
0.230479 7.594390
0.230688 73.204800
0.230898 50.502400
0.231108 4.757900
0.231318 3.901960
0.231528 5.779120
0.231738 6.526380
0.231948 45.796700
0.232158 3.905940
0.232368 13.007600
0.232578 43.006800
0.232788 20.911400
0.232997 12.544500
0.233207 14.644100
0.233417 7.959140
0.233627 16.946400
0.233837 34.029500
0.234047 16.684400
0.234257 23.511600
0.234467 16.645000
0.234677 27.026000
0.234887 46.805300
0.235097 11.283600
0.235306 4.301970
0.235516 13.488500
0.235726 41.927300
0.235936 17.506600
0.236146 7.951110
0.236356 35.285100
0.236566 27.433400
0.236776 9.894660
0.236986 16.802500
0.237196 12.512800
0.237406 7.450680
0.237615 4.789540
0.237825 26.691200
0.238035 25.228300
0.238245 4.025740
0.238455 3.426090
0.238665 63.265200
0.238875 21.030000
0.239085 36.485600
0.239295 29.884000
0.239505 28.011200
0.239715 10.406300
0.239924 7.901050
0.240134 14.443200
0.240344 6.720860
0.240554 5.136620
0.240764 20.250800
0.240974 14.186600
0.241184 5.052080
0.241394 6.901740
0.241604 64.192500
0.241814 8.554790
0.242024 1.734940
0.242233 20.919800
0.242443 8.453750
0.242653 48.659000
0.243913 69.269400
0.244123 17.746100
0.244332 12.032200
0.244542 27.111400
0.244752 25.176100
0.244962 4.265980
0.245172 17.213900
0.245382 17.315200
0.245592 7.757720
0.245802 37.544000
0.246012 8.046390
0.246222 8.156710
0.246432 18.135500
0.246641 15.941100
0.246851 42.542400
0.247061 15.839800
0.247271 14.712100
0.247481 1.765730
0.247691 72.367500
0.247901 62.513800
0.248111 41.821000
0.248321 42.082900
0.248531 24.926500
0.248741 10.854400
0.248950 1.590620
0.249160 24.313000
0.249370 23.591900
0.249580 5.274830
0.249790 10.280400
0.250000 2.303320
0.250210 7.741990
0.250420 23.964300
0.250630 75.084400
0.250840 17.238600
0.251050 46.737600
0.251259 10.548000
0.251469 5.706270
0.251679 9.498470
0.251889 65.767600
0.252099 17.688200
0.252309 10.369600
0.252519 6.159370
0.252729 7.870540
0.252939 23.451100
0.253149 10.827700
0.253359 34.330900
0.253568 15.427500
0.253778 18.874100
0.253988 17.565800
0.254198 9.678290
0.254408 30.662800
0.254618 34.542400
0.254828 34.030200
0.255038 7.035430
0.255248 4.080600
0.255458 4.426590
0.255668 42.771000
0.255877 12.955600
0.256087 18.744900
0.256297 11.274000
0.256507 8.671400
0.256717 19.201300
0.256927 5.902970
0.257137 9.999220
0.257347 26.953600
0.257557 7.253390
0.257767 24.538600
0.257976 77.954200
0.258186 8.342630
0.258396 57.518100
0.258606 14.324500
0.258816 6.395920
0.259026 15.301700
0.259236 16.922600
0.259446 6.109110
0.259656 47.973400
0.259866 48.433800
0.260076 34.858700
0.260285 13.052500
0.260495 6.783010
0.260705 13.254500
0.260915 54.334100
0.261125 6.423610
0.261335 21.778400
0.261545 21.093900
0.261755 4.230050
0.261965 5.410750
0.262175 17.853500
0.262385 7.019470
0.262594 52.333100
0.262804 7.755910
0.263014 13.301800
0.263224 16.101200
0.263434 27.580700
0.263644 13.784900
0.263854 67.147300
0.264064 23.835100
0.264274 33.476200
0.264484 2.869430
0.264694 20.887900
0.264903 9.495940
0.265113 5.125930
0.265323 26.479200
0.265533 2.096930
0.265743 42.448400
0.265953 22.059500
0.266163 6.906680
0.266373 42.056200
0.266583 34.189900
0.266793 33.673400
0.267003 14.065500
0.267212 27.527600
0.267422 23.129600
0.267632 7.461760
0.267842 58.755400
0.268052 12.987100
0.268262 5.689770
0.268472 20.084300
0.268682 13.755900
0.268892 25.596100
0.269102 59.777000
0.269312 42.034800
0.269521 4.357880
0.269731 8.527190
0.269941 36.262500
0.270151 32.653800
0.270361 14.451200
0.270571 13.356100
0.270781 19.851700
0.270991 5.725830
0.271201 70.553300
0.271411 31.036400
0.271620 12.482700
0.271830 8.158180
0.272040 30.275000
0.272250 8.934200
0.272460 33.432700
0.272670 17.156400
0.272880 5.717500
0.273090 40.407500
0.273300 11.235400
0.273510 25.802200
0.273720 43.451700
0.273929 10.553800
0.274139 33.652400
0.274349 9.551240
0.274559 29.073000
0.274769 34.705000
0.274979 74.380400
0.275189 52.589300
0.275399 8.559540
0.275609 13.049000
0.275819 13.035100
0.276029 28.687800
0.276238 32.490200
0.276448 40.971300
0.276658 16.787800
0.276868 7.867970
0.277078 47.102100
0.277288 13.730000
0.277498 5.916830
0.277708 53.950000
0.277918 19.917600
0.278128 83.067500
0.278338 16.684700
0.278547 7.198900
0.278757 12.781400
0.278967 73.011100
0.279177 39.629500
0.279387 21.948800
0.279597 45.217000
0.279807 17.514600
0.280017 19.681100
0.280227 18.317500
0.281276 8.324900
0.281486 10.912200
0.281696 5.955710
0.281906 36.086400
0.282116 37.606000
0.282326 4.744700
0.282536 3.962980
0.282746 5.340290
0.282955 9.188300
0.283165 22.233500
0.283375 7.370110
0.283585 20.191900
0.283795 48.663400
0.284005 23.788000
0.284215 1.736660
0.284425 10.594900
0.284635 45.753700
0.284845 16.467200
0.285055 7.348230
0.285264 10.664200
0.285474 11.873300
0.285684 6.144340
0.285894 13.766300
0.286104 9.318150
0.286314 18.775100
0.286524 16.333000
0.286734 15.498100
0.286944 31.734000
0.287154 62.362500
0.287364 3.313100
0.287573 3.358660
0.287783 11.970800
0.287993 9.432670
0.288203 6.232370
0.288413 1.939150
0.288623 49.479500
0.288833 44.081100
0.289043 32.387800
0.289253 88.218100
0.289463 14.760400
0.289673 18.922200
0.289882 16.417700
0.290092 14.263400
0.290302 3.101580
0.290512 42.338400
0.290722 9.301860
0.290932 7.983540
0.291142 21.314300
0.291352 24.111400
0.291562 12.713000
0.291772 36.480800
0.291982 39.873600
0.292191 14.940000
0.292401 53.284800
0.292611 36.186900
0.292821 28.151300
0.293031 34.030400
0.293241 18.633200
0.293451 19.099300
0.293661 8.344130
0.293871 10.258200
0.294081 16.353100
0.294291 6.395320
0.294500 9.018180
0.294710 24.314100
0.294920 26.156200
0.295130 13.070200
0.295340 14.475800
0.295550 66.896900
0.295760 49.517800
0.295970 9.220390
0.296180 35.821500
0.296390 71.619300
0.296599 7.010320
0.296809 56.743300
0.297019 30.354900
0.297229 20.429400
0.297439 8.288930
0.297649 11.494600
0.297859 4.651260
0.298069 20.835600
0.298279 10.771900
0.298489 27.396700
0.298699 91.272900
0.298908 69.529000
0.299118 17.125900
0.299328 58.682800
0.299538 44.531700
0.299748 14.267600
0.299958 22.013400
0.300168 13.116600
0.300378 97.796600
0.300588 5.228210
0.300798 8.730180
0.301008 18.507300
0.301217 21.359100
0.301427 13.959000
0.301637 39.173700
0.301847 6.670530
0.302057 11.846000
0.302267 37.513600
0.302477 22.691700
0.302687 45.862700
0.302897 22.085100
0.303107 8.249700
0.303317 8.025040
0.303526 10.407200
0.303736 5.244810
0.303946 5.550490
0.304156 40.075600
0.304366 13.834200
0.304576 70.668600
0.304786 8.827860
0.304996 16.699200
0.305206 12.566800
0.305416 26.079100
0.305626 31.270500
0.305835 18.471300
0.306045 9.555380
0.306255 19.880900
0.306465 8.141580
0.306675 12.578500
0.306885 5.315120
0.307095 5.964180
0.307305 27.110500
0.307515 11.586000
0.307725 25.410900
0.307935 16.889700
0.308144 55.168800
0.308354 66.753100
0.308564 38.747200
0.308774 34.984300
0.308984 6.465860
0.309194 15.220900
0.309404 31.325600
0.309614 25.323300
0.309824 30.533700
0.310034 69.537300
0.310243 10.816100
0.310453 15.085600
0.310663 6.526680
0.310873 8.744600
0.311083 8.069740
0.311293 64.301300
0.311503 5.223020
0.311713 10.875200
0.311923 25.508100
0.312133 45.771400
0.312343 4.230810
0.312552 8.234940
0.312762 2.096470
0.312972 20.198500
0.313182 9.302290
0.313392 16.891500
0.313602 6.904510
0.313812 55.759500
0.314022 21.722100
0.314232 20.835100
0.314442 42.145800
0.314652 15.154700
0.314861 8.414250
0.315071 74.136900
0.315281 3.073420
0.315491 34.904800
0.315701 8.057130
0.315911 37.291500
0.316121 32.097700
0.316331 41.607600
0.316541 56.861800
0.316751 11.027700
0.316961 18.548100
0.317170 24.159300
0.317380 42.427600
0.317590 39.705600
0.317800 39.655700
0.318010 6.047230
0.318220 52.559500
0.318430 20.447000
0.318640 26.569500
0.318850 3.109080
0.319060 45.077000
0.319270 2.273650
0.319479 53.133000
0.319689 19.071100
0.319899 20.768700
0.320109 8.780070
0.320319 70.181000
0.320529 14.558100
0.320739 17.279600
0.320949 12.227000
0.321159 25.988000
0.321369 20.480900
0.321579 5.753100
0.321788 50.071500
0.321998 38.998000
0.322208 13.190600
0.322418 29.503500
0.322628 23.420800
0.322838 13.437000
0.323048 41.447700
0.323258 21.730600
0.323468 51.384700
0.323678 3.107490
0.323887 5.022970
0.324097 10.934800
0.324307 21.829500
0.324517 25.107900
0.324727 12.002700
0.324937 47.059100
0.325147 59.159400
0.325357 33.127300
0.325567 6.056050
0.325777 3.212520
0.325987 3.247100
0.326196 9.595080
0.326406 7.034740
0.326616 32.465000
0.326826 9.592700
0.327036 25.177200
0.327246 8.713490
0.327456 24.218100
0.327666 8.629270
0.327876 55.206500
0.328086 10.947900
0.328296 32.204400
0.328505 8.272290
0.328715 33.660000
0.328925 28.068400
0.329135 57.235000
0.329345 13.413400
0.329555 14.052100
0.329765 19.519400
0.329975 21.750000
0.330185 14.184500
0.330395 6.819400
0.330605 58.682400
0.330814 12.250500
0.331024 45.734600
0.331234 25.305800
0.331444 31.196000
0.331654 23.985100
0.331864 37.305500
0.332074 38.859000
0.332284 35.977800
0.332494 6.620800
0.332704 37.722300
0.332914 11.376400
0.333123 10.319600
0.333333 8.599160
0.333543 16.809300
0.333753 7.859430
0.333963 24.355600
0.334173 7.983660
0.334383 12.435300
0.334593 9.814390
0.334803 47.199500
0.335013 7.887670
0.335223 18.153700
0.335432 9.508790
0.335642 1.658170
0.335852 33.025200
0.336062 9.918210
0.336272 28.306400
0.336482 39.546700
0.336692 43.670700
0.336902 11.184500
0.337112 66.202900
0.337322 6.777030
0.337531 23.697400
0.337741 50.080300
0.337951 7.807440
0.338161 8.145280
0.338371 24.845900
0.338581 25.388300
0.338791 10.304100
0.339001 42.139500
0.339211 8.395350
0.339421 6.328240
0.339631 6.615750
0.339840 16.935000
0.340050 33.280100
0.340260 41.632400
0.340470 5.298290
0.340680 17.521600
0.340890 2.475340
0.341100 54.517300
0.341310 37.411800
0.341520 8.009650
0.341730 30.880500
0.341940 7.708950
0.342149 28.683900
0.342359 12.074600
0.342569 13.320900
0.342779 43.582300
0.342989 15.823700
0.343199 53.821400
0.343409 12.962100
0.343619 11.131500
0.343829 67.673900
0.344039 19.353700
0.344249 14.805100
0.344458 50.043000
0.344668 12.143100
0.344878 21.540500
0.345088 12.074400
0.345298 28.987900
0.345508 11.593000
0.345718 38.968500
0.345928 18.099000
0.346138 7.517510
0.346348 10.378500
0.346558 6.362520
0.346767 11.041000
0.346977 39.985500
0.347187 28.835200
0.347397 2.832740
0.347607 5.642200
0.347817 64.267100
0.348027 56.099200
0.348237 9.597080
0.348447 7.425040
0.348657 37.854300
0.348866 1.727590
0.349076 13.674900
0.349286 7.177860
0.349496 11.613700
0.349706 28.662500
0.349916 18.738900
0.350126 61.524100
0.350336 7.921690
0.350546 21.906800
0.350756 18.989600
0.350966 28.743800
0.351175 24.754000
0.351385 9.002250
0.351595 23.827800
0.351805 15.080300
0.352015 13.331200
0.352225 14.852000
0.352435 52.241700
0.352645 13.051800
0.352855 44.665400
0.353065 29.168000
0.353275 1.427650
0.353484 51.814600
0.353694 22.637400
0.353904 48.665900
0.354114 5.207090
0.354324 27.607700
0.354534 34.773800
0.354744 4.963210
0.354954 34.626900
0.355164 9.826150
0.355374 10.791400
0.355584 32.767600
0.355793 6.462800
0.356003 10.168100
0.356213 13.028100
0.356423 11.594100
0.356633 27.561100
0.356843 49.550700
0.357053 7.932480
0.357263 35.667700
0.357473 16.205100
0.357683 10.845100
0.357893 17.669000
0.358102 8.652880
0.358312 36.624900
0.358522 18.182300
0.358732 6.679470
0.358942 18.677300
0.359152 10.052700
0.359362 44.444300
0.359572 47.090000
0.359782 18.011500
0.359992 6.998820
0.360202 2.033330
0.360411 7.378760
0.360621 4.962070
0.360831 4.932090
0.361041 10.925400
0.361251 7.020550
0.361461 7.897170
0.361671 31.534700
0.361881 51.503700
0.362091 7.623870
0.362301 56.530200
0.362510 38.631400
0.362720 16.817600
0.362930 70.106000
0.363140 16.349700
0.363350 13.086800
0.363560 3.357350
0.363770 85.351900
0.363980 72.353200
0.364190 12.159700
0.364400 4.849020
0.364610 12.768400
0.364819 15.034300
0.365029 65.895800
0.365239 9.698090
0.365449 10.342300
0.365659 16.180000
0.365869 7.067690
0.366079 14.381800
0.366289 14.427300
0.366499 15.901300
0.366709 86.421400
0.366919 37.313600
0.367128 22.744600
0.367338 9.982820
0.367548 69.059500
0.367758 17.507700
0.367968 65.381400
0.368178 34.032100
0.368388 6.918570
0.368598 61.995300
0.368808 21.839300
0.369018 7.816040
0.369228 53.192400
0.369437 24.025600
0.369647 76.163600
0.369857 37.877500
0.370067 20.186700
0.370277 7.323270
0.370487 21.757800
0.370697 25.014300
0.370907 12.801100
0.371117 57.651500
0.371327 3.683390
0.371537 8.815510
0.371746 59.328200
0.371956 43.135500
0.372166 63.038700
0.372376 30.160500
0.372586 8.776500
0.372796 24.920100
0.373006 33.635500
0.373216 55.736700
0.373426 54.520400
0.373636 9.523380
0.373846 50.412900
0.374055 36.172000
0.374265 66.156100
0.374475 7.786770
0.374685 25.631500
0.374895 15.875800
0.375105 2.314050
0.375315 58.806600
0.375525 7.193470
0.375735 40.781500
0.375945 20.595500
0.376154 19.589000
0.376364 20.799800
0.376574 17.645500
0.376784 37.045100
0.376994 66.732400
0.377204 19.427700
0.377414 11.384900
0.377624 44.983700
0.377834 83.297300
0.378044 18.941300
0.378254 25.620700
0.378463 15.650700
0.378673 6.228660
0.378883 11.204700
0.379093 11.695100
0.379303 7.419970
0.379513 12.047100
0.379723 46.554200
0.379933 13.659800
0.380143 17.596100
0.380353 29.725400
0.380563 22.091600
0.380772 8.703970
0.380982 24.266400
0.381192 12.497600
0.381402 6.270810
0.381612 51.772600
0.381822 9.577550
0.382032 2.755990
0.382242 19.508400
0.382452 25.046800
0.382662 40.053400
0.382872 65.178400
0.383081 10.771700
0.383291 68.810500
0.383501 43.923700
0.383711 84.811500
0.383921 13.160700
0.384131 6.936570
0.384341 61.831700
0.384551 23.848700
0.384761 11.247100
0.384971 18.905700
0.385181 8.863710
0.385390 32.490000
0.385600 14.662700
0.385810 49.348800
0.386020 29.326000
0.386230 44.688200
0.386440 65.250800
0.386650 9.064810
0.386860 16.033700
0.387070 8.112210
0.387280 21.019200
0.387490 28.278300
0.387699 42.229800
0.387909 7.285340
0.388119 13.872600
0.388329 58.752700
0.388539 23.006700
0.388749 39.349800
0.388959 26.324300
0.389169 26.337300
0.389379 6.749070
0.389589 34.907800
0.389798 20.349800
0.390008 25.024900
0.390218 37.239700
0.390428 8.482290
0.390638 45.363800
0.390848 40.053200
0.391058 9.069770
0.391268 7.518360
0.391478 24.382600
0.391688 17.475900
0.391898 15.105500
0.392107 7.643830
0.392317 4.428050
0.392527 30.424900
0.392737 6.301370
0.392947 64.245700
0.393157 27.582600
0.393367 25.021100
0.393577 14.258500
0.393787 48.238200
0.393997 20.348600
0.394207 7.691500
0.394416 10.765100
0.394626 5.922740
0.394836 8.064540
0.395046 2.408560
0.395256 28.086200
0.395466 6.760580
0.395676 57.787500
0.395886 9.214020
0.396096 26.315800
0.396306 23.367600
0.396516 16.400100
0.396725 8.436130
0.396935 13.151500
0.397145 20.539500
0.397355 18.668200
0.397565 16.971500
0.397775 50.229700
0.397985 44.761900
0.398195 9.677200
0.398405 19.089900
0.398615 13.818700
0.398825 5.877100
0.399034 33.272200
0.399244 29.270900
0.399454 5.662510
0.399664 17.867900
0.399874 7.137730
0.400084 19.297100
0.400294 11.738800
0.400504 4.535380
0.400714 28.484700
0.400924 36.316200
0.401134 28.028400
0.401343 75.035700
0.401553 22.372100
0.401763 25.880600
0.401973 21.368400
0.402183 16.759300
0.402393 14.797900
0.402603 9.006240
0.402813 16.575700
0.403023 12.136600
0.403233 3.724610
0.403442 5.250580
0.403652 16.098300
0.403862 67.676400
0.404072 14.243000
0.404282 18.181000
0.404492 30.127700
0.404702 24.178000
0.404912 6.681490
0.405122 14.033200
0.405332 33.708000
0.405542 18.229700
0.405751 15.923600
0.405961 7.828490
0.406171 48.967300
0.406381 10.182900
0.406591 19.704500
0.406801 63.553900
0.407011 28.639300
0.407221 34.913100
0.407431 31.212700
0.407641 4.957650
0.407851 27.229700
0.408060 26.470900
0.408270 17.259000
0.408480 8.178050
0.408690 6.238420
0.408900 11.013800
0.409110 5.695460
0.409320 12.393600
0.409530 9.667060
0.409740 37.963400
0.409950 4.082360
0.410160 13.594500
0.410369 1.651700
0.410579 28.217300
0.410789 31.083400
0.410999 10.208900
0.411209 26.157400
0.411419 17.788000
0.411629 10.991000
0.411839 47.712500
0.412049 8.067760
0.412259 7.612420
0.412469 9.064420
0.412678 39.669300
0.412888 1.785650
0.413098 2.733170
0.413308 15.885300
0.413518 15.306800
0.413728 32.310700
0.413938 81.351600
0.414148 8.653320
0.414358 12.935000
0.414568 6.321430
0.414777 29.714100
0.414987 19.687100
0.415197 12.422800
0.415407 18.155800
0.415617 24.699900
0.415827 36.120900
0.416037 17.351700
0.416247 25.772100
0.416457 10.064900
0.416667 25.193300
0.416877 17.348000
0.417086 33.114400
0.417296 23.148000
0.417506 7.530510
0.417716 33.898700
0.417926 55.489400
0.418136 17.921300
0.418346 39.329400
0.418556 14.293900
0.418766 22.558200
0.418976 9.097630
0.419186 12.227600
0.419395 8.596150
0.419605 31.793100
0.419815 27.955400
0.420025 2.351100
0.420235 10.316000
0.420445 47.005500
0.420655 3.545690
0.420865 49.198200
0.421075 17.982600
0.421285 9.991030
0.421495 13.351900
0.421704 2.166010
0.421914 15.651500
0.422124 23.599800
0.422334 28.094000
0.422544 7.266460
0.422754 27.609800
0.422964 46.230000
0.423174 6.218900
0.423384 12.788400
0.423594 19.272600
0.423804 14.391500
0.424013 5.223290
0.424223 16.142700
0.424433 73.592800
0.424643 39.979100
0.424853 17.537900
0.425063 5.994320
0.425273 5.330880
0.425483 17.606900
0.425693 20.387300
0.425903 8.352550
0.426113 57.413800
0.426322 18.663000
0.426532 5.537840
0.426742 61.481600
0.426952 16.540700
0.427162 49.314200
0.427372 1.666910
0.427582 46.057700
0.427792 9.492050
0.428002 7.318840
0.428212 78.078300
0.428421 14.470700
0.428631 31.788400
0.428841 33.105900
0.429051 52.544400
0.429261 7.593080
0.429471 15.787900
0.429681 8.679370
0.429891 7.783520
0.430101 12.227100
0.430311 6.547180
0.430521 70.333600
0.430730 7.928560
0.430940 68.285300
0.431150 9.112420
0.431360 50.991100
0.431570 35.205600
0.431780 7.818270
0.431990 27.590100
0.432200 8.033990
0.432410 24.738500
0.432620 6.689730
0.432830 13.337800
0.433039 28.163100
0.433249 7.085380
0.433459 45.460800
0.433669 26.353600
0.433879 16.823200
0.434089 15.132000
0.434299 8.460920
0.434509 9.877200
0.434719 49.136500
0.434929 62.546500
0.435139 18.759300
0.435348 10.581600
0.435558 63.672300
0.435768 16.617500
0.435978 10.769000
0.436188 19.518200
0.436398 9.474800
0.436608 7.366320
0.436818 5.842240
0.437028 11.684500
0.437238 2.640510
0.437448 31.376400
0.437657 26.315500
0.437867 50.453900
0.438077 60.905400
0.438287 31.277400
0.438497 17.550900
0.438707 6.018640
0.438917 25.994400
0.439127 28.216000
0.439337 10.025000
0.439547 13.503200
0.439757 16.118600
0.439966 19.543700
0.440176 19.063100
0.440386 35.954300
0.440596 6.472140
0.440806 10.109500
0.441016 25.814500
0.441226 13.693700
0.441436 29.219600
0.441646 48.464300
0.441856 26.062700
0.442065 82.238900
0.442275 78.148400
0.442485 31.166200
0.442695 11.186000
0.442905 73.465400
0.443115 13.776600
0.443325 17.319200
0.443535 9.684410
0.443745 76.641300
0.443955 22.699800
0.444165 39.817700
0.444374 21.706000
0.444584 10.017000
0.444794 13.302200
0.445004 8.764450
0.445214 6.999350
0.445424 7.828390
0.445634 7.995290
0.445844 7.313280
0.446054 25.912900
0.446264 17.156500
0.446474 8.213670
0.446683 12.238400
0.446893 17.561900
0.447103 23.406600
0.447313 17.989500
0.447523 11.923500
0.447733 15.293100
0.447943 20.465800
0.448153 22.854100
0.448363 76.117700
0.448573 64.138800
0.448783 9.620110
0.448992 7.818930
0.449202 5.329600
0.449412 19.528800
0.449622 80.149500
0.449832 11.153700
0.450042 34.948100
0.450252 52.663700
0.450462 20.182300
0.450672 26.445300
0.450882 6.288400
0.451092 13.892600
0.451301 8.134170
0.451511 34.348300
0.451721 27.145800
0.451931 10.829600
0.452141 6.266430
0.452351 52.211000
0.452561 12.531400
0.452771 32.633400
0.452981 6.800250
0.453191 6.094000
0.453401 48.448300
0.453610 18.632900
0.453820 4.431330
0.454030 8.178440
0.454240 33.291600
0.454450 36.341300
0.454870 67.121200
0.455080 7.853440
0.455290 38.969500
0.455500 42.045000
0.455709 11.154100
0.455919 8.110140
0.456129 62.319200
0.456339 3.500010
0.456549 23.351400
0.456759 9.774040
0.456969 5.414790
0.457179 22.583200
0.457389 12.081300
0.457599 60.099900
0.457809 21.594400
0.458018 22.736700
0.458228 42.887500
0.458438 32.879900
0.458648 4.939420
0.458858 34.413900
0.459068 31.712300
0.459278 3.449590
0.459488 8.440710
0.459698 12.373000
0.459908 36.373900
0.460118 43.600800
0.460327 7.055970
0.460537 50.529400
0.460747 31.430400
0.460957 30.639300
0.461167 22.518100
0.461377 1.957680
0.461587 10.421000
0.461797 27.514500
0.462007 9.187780
0.462217 16.025800
0.462427 32.600400
0.462636 7.046790
0.462846 5.979590
0.463056 10.271100
0.463266 65.535100
0.463476 15.649800
0.463896 25.591300
0.464106 28.596600
0.464316 7.145500
0.464526 22.760000
0.464736 37.171900
0.464945 29.807300
0.465155 47.589000
0.465365 5.300130
0.465575 27.197200
0.465785 34.845300
0.465995 31.648100
0.466205 2.568350
0.466415 8.091560
0.466625 7.094720
0.466835 47.367000
0.467045 18.398000
0.467254 5.737330
0.467464 17.242100
0.467674 23.746700
0.467884 21.752700
0.468094 15.985500
0.468304 18.511500
0.468514 11.744500
0.468724 55.523700
0.468934 26.931300
0.469144 26.828100
0.469353 12.831200
0.469563 6.820110
0.469773 14.989600
0.469983 6.558980
0.470193 24.537800
0.470403 8.174550
0.470613 16.228200
0.470823 40.564900
0.471033 14.001000
0.471243 19.675100
0.471453 1.696090
0.471662 44.904900
0.471872 27.680700
0.472082 26.819800
0.472292 9.686590
0.472502 3.539790
0.472712 15.945400
0.472922 30.408300
0.473132 24.620200
0.473342 7.267540
0.473552 43.967300
0.473762 31.736300
0.473971 26.262400
0.474181 11.346500
0.474391 28.425100
0.474601 42.081300
0.474811 84.693800
0.475021 23.227400
0.475231 39.687600
0.475441 29.080600
0.475651 13.720600
0.475861 25.714400
0.476071 47.782400
0.476280 39.383900
0.476490 35.457400
0.476700 12.476800
0.476910 6.713940
0.477120 15.872800
0.477330 8.122510
0.477540 4.201120
0.477750 7.374920
0.477960 26.166600
0.478170 30.785400
0.478380 87.470800
0.478589 10.148100
0.478799 4.255250
0.479009 17.638200
0.479219 46.082400
0.479429 12.668600
0.479639 30.645900
0.479849 8.228590
0.480059 30.030800
0.480269 52.607700
0.480479 32.262900
0.480688 25.949700
0.480898 58.787100
0.481108 1.807160
0.481318 55.796700
0.481528 47.715400
0.481738 79.228600
0.481948 10.314100
0.482158 14.044000
0.482368 23.259300
0.482578 45.816900
0.482788 43.844800
0.482997 23.270200
0.483207 67.663200
0.483417 4.772090
0.483627 1.635850
0.483837 66.974000
0.484047 12.336900
0.484257 34.211800
0.484467 1.668170
0.484677 55.495100
0.484887 33.021100
0.485097 40.849300
0.485306 21.933500
0.485516 17.261600
0.485726 14.869000
0.485936 29.887400
0.486146 7.613420
0.486356 52.944300
0.486566 9.041910
0.486776 49.565100
0.486986 5.982540
0.487196 3.376530
0.487406 27.256900
0.487615 18.873100
0.487825 15.621900
0.488035 69.378600
0.488245 12.315000
0.488455 29.862900
0.488665 8.580270
0.488875 16.137900
0.489085 20.580100
0.489295 26.622200
0.489505 11.575200
0.489715 36.241900
0.489924 5.615250
0.490134 24.723500
0.490344 9.221380
0.490554 2.889210
0.490764 25.586400
0.490974 52.560300
0.491184 3.709830
0.491394 7.971480
0.491604 22.694100
0.491814 8.830040
0.492024 69.664300
0.492233 16.807000
0.492443 14.249700
0.492653 7.260250
0.492863 32.731600
0.493073 25.230000
0.493283 41.483300
0.493493 9.169310
0.493913 12.761300
0.494123 6.790380
0.494332 1.173840
0.494542 32.335200
0.494752 34.451200
0.494962 9.028750
0.495172 29.831200
0.495382 16.396700
0.495592 4.210590
0.495802 8.888090
0.496012 10.530600
0.496222 7.373990
0.496432 39.839500
0.496641 24.956800
0.496851 64.336900
0.497061 9.739190
0.497271 29.303600
0.497481 21.331400
0.497691 9.110830
0.497901 6.582340
0.498111 33.425400
0.498321 1.702450
0.498531 8.239000
0.498741 8.360190
0.498950 12.152600
0.499160 34.624200
0.499370 8.627200
0.499580 3.857540
0.499790 49.161800
0.500000 58.919600
0.500210 4.591830
0.500420 3.758700
0.500630 18.099400
0.500840 8.387930
0.501050 17.217400
0.501259 8.877870
0.501469 10.971500
0.501679 52.103000
0.501889 4.422660
0.502099 9.535630
0.502309 34.028900
0.502519 5.211270
0.502729 9.704630
0.502939 5.330020
0.503149 45.345100
0.503359 55.337400
0.503568 68.969500
0.503778 9.726330
0.503988 38.531200
0.504198 18.223300
0.504408 34.576800
0.504618 33.292900
0.504828 23.885500
0.505038 26.826800
0.505248 1.653190
0.505458 46.901100
0.505668 32.835800
0.505877 16.086600
0.506087 49.216400
0.506297 10.501300
0.506507 23.698000
0.506717 36.845800
0.506927 73.619900
0.507137 30.148300
0.507347 17.405000
0.507557 6.327040
0.507767 7.210260
0.507976 7.982160
0.508186 89.130300
0.508396 20.234800
0.508606 73.777500
0.508816 8.710470
0.509026 6.482580
0.509236 12.598400
0.509446 65.082300
0.509656 36.990900
0.509866 16.354600
0.510076 86.381800
0.510285 63.524500
0.510495 8.978550
0.510705 20.213800
0.510915 7.937750
0.511125 5.200580
0.511335 11.486800
0.511545 18.411400
0.511755 7.951690
0.511965 7.833550
0.512175 9.874670
0.512385 45.915900
0.512594 37.145000
0.512804 8.976250
0.513014 6.366000
0.513224 91.937400
0.513434 25.165100
0.513644 50.809500
0.513854 40.602700
0.514064 25.368000
0.514274 18.352000
0.514484 70.425500
0.514694 26.474600
0.514903 67.130800
0.515113 74.024000
0.515323 8.759330
0.515533 23.955300
0.515743 68.058900
0.515953 35.304300
0.516163 17.391000
0.516373 10.750200
0.516583 18.867200
0.516793 6.157960
0.517003 28.773000
0.517212 5.193830
0.517422 15.095400
0.517632 63.047100
0.517842 37.748700
0.518052 20.631400
0.518262 12.323100
0.518472 77.130800
0.518682 71.404000
0.518892 41.045500
0.519102 37.929800
0.519312 25.915800
0.519521 71.411500
0.519731 14.104000
0.519941 21.408000
0.520151 10.761000
0.520571 10.640400
0.520781 35.684400
0.520991 12.236900
0.521201 63.929400
0.521411 7.790210
0.521620 20.593400
0.521830 5.903960
0.522040 8.609040
0.522250 4.215490
0.522460 14.985700
0.522670 6.716030
0.522880 58.785600
0.523090 5.074500
0.523300 19.642400
0.523510 3.233930
0.523720 21.789200
0.523929 9.929050
0.524139 28.739400
0.524349 34.026300
0.524559 57.691800
0.524769 18.263100
0.524979 10.572300
0.525189 11.739300
0.525399 15.737000
0.525609 5.617580
0.525819 14.911700
0.526029 86.734600
0.526238 14.092700
0.526448 7.942640
0.526658 39.681100
0.526868 56.690900
0.527078 9.743490
0.527288 41.960700
0.527498 26.279100
0.527708 15.527800
0.527918 22.752400
0.528128 11.236400
0.528338 42.366500
0.528547 18.462300
0.528757 15.035700
0.528967 21.069100
0.529177 12.332400
0.529387 43.472000
0.529597 31.267800
0.529807 16.661500
0.530017 9.052190
0.530227 42.634900
0.530437 44.916000
0.530647 52.507500
0.530856 20.072000
0.531066 5.989640
0.531276 64.756900
0.531486 8.973120
0.531696 38.851900
0.531906 23.615900
0.532116 41.216900
0.532326 30.761300
0.532536 25.780400
0.532746 9.003350
0.532955 36.957000
0.533165 72.849600
0.533375 24.550000
0.533585 60.654400
0.533795 65.083900
0.534005 9.250770
0.534215 58.816500
0.534425 9.889110
0.534635 28.476500
0.534845 59.684600
0.535055 24.503300
0.535264 82.539000
0.535474 28.377400
0.535684 5.429230
0.535894 55.445300
0.536104 26.312500
0.536314 6.251790
0.536524 10.329500
0.536734 30.324400
0.536944 7.038500
0.537154 5.053380
0.537364 9.011960
0.537573 10.032700
0.537783 39.432700
0.537993 23.167400
0.538203 16.753000
0.538413 6.297220
0.538623 8.263460
0.538833 15.360000
0.539043 50.421800
0.539253 11.333300
0.539463 33.671100
0.539673 11.110000
0.539882 49.023300
0.540092 4.009420
0.540302 30.267300
0.540512 15.832100
0.540722 57.049900
0.540932 9.010550
0.541142 2.984600
0.541352 10.522800
0.541562 11.136900
0.541772 20.678400
0.541982 6.809800
0.542191 8.439930
0.542401 7.317400
0.542611 32.668700
0.542821 23.267500
0.543031 77.368100
0.543241 9.117820
0.543451 19.460200
0.543661 6.290510
0.543871 22.634000
0.544081 5.379790
0.544291 42.095700
0.544500 15.533100
0.544710 13.676300
0.544920 23.941800
0.545130 7.716420
0.545340 16.370700
0.545550 12.730500
0.545760 10.818600
0.545970 23.419400
0.546180 3.809890
0.546390 9.517570
0.546599 5.186840
0.546809 22.598500
0.547019 9.837150
0.547229 24.310400
0.547439 42.731100
0.547649 39.146600
0.547859 39.440000
0.548069 50.694900
0.548279 24.287900
0.548489 37.697900
0.548699 20.189300
0.548908 17.964500
0.549118 19.930800
0.549328 22.333600
0.549538 50.369700
0.549748 42.386700
0.549958 22.695700
0.550168 19.985900
0.550378 13.541900
0.550588 9.751940
0.550798 8.337240
0.551008 15.875200
0.551217 30.860300
0.551427 57.934900
0.551637 16.578100
0.551847 23.536200
0.552057 49.202600
0.552267 32.351100
0.552477 17.124900
0.552687 6.917210
0.552897 17.108400
0.553107 36.269200
0.553317 34.637400
0.553526 22.247200
0.553736 19.605700
0.553946 22.226400
0.554156 15.005900
0.554366 23.648400
0.554576 26.186700
0.554786 12.997400
0.554996 12.143000
0.555206 71.579700
0.555416 7.103670
0.555626 8.125840
0.555835 41.908600
0.556045 9.119170
0.556255 47.319100
0.556465 45.317300
0.556675 13.163400
0.556885 10.013100
0.557095 7.151650
0.557305 57.910700
0.557515 25.631700
0.557725 17.076400
0.557935 16.225800
0.558144 50.065200
0.558354 12.927000
0.558564 7.114520
0.558774 23.261200
0.558984 16.844300
0.559194 7.190280
0.559404 27.940700
0.559614 16.320800
0.559824 18.343800
0.560034 10.488800
0.560243 20.048500
0.560453 28.944400
0.560663 12.691700
0.560873 8.670390
0.561083 1.772950
0.561293 5.458280
0.561503 8.490800
0.561713 11.943800
0.561923 9.846810
0.562133 7.708660
0.562343 41.573600
0.562552 29.146400
0.562762 9.695560
0.562972 40.754200
0.563182 7.505130
0.563392 18.190000
0.563602 63.678200
0.563812 45.234800
0.564022 15.629300
0.564232 3.966300
0.564442 9.908700
0.564652 40.424000
0.564861 93.216900
0.565071 19.535700
0.565281 25.736800
0.565491 43.054800
0.565701 26.225900
0.565911 11.543800
0.566121 4.531550
0.566331 28.219800
0.566541 33.924300
0.566751 14.393500
0.566961 18.515500
0.567170 24.321500
0.567380 6.431450
0.567590 4.543140
0.567800 12.823500
0.568010 13.923600
0.568220 5.900330
0.568430 33.467300
0.568640 5.528180
0.568850 1.724710
0.569060 17.816000
0.569270 14.571500
0.569479 35.942600
0.569689 55.664500
0.569899 21.357400
0.570109 35.125300
0.570319 18.928600
0.570529 23.116200
0.570739 54.512100
0.570949 53.875000
0.571159 53.005300
0.571369 73.468100
0.571579 12.904100
0.571788 35.307100
0.571998 75.973900
0.572208 44.618000
0.572418 37.592600
0.572628 12.378100
0.572838 24.972600
0.573048 36.169900
0.573258 5.112300
0.573468 6.738760
0.573678 32.779500
0.573887 53.415800
0.574097 2.577390
0.574307 24.592000
0.574517 34.264100
0.574727 53.037700
0.574937 1.922770
0.575147 4.617070
0.575357 37.007400
0.575567 3.880580
0.575777 13.436600
0.575987 9.757700
0.576196 26.750900
0.576406 19.397600
0.576616 9.447030
0.576826 48.191100
0.577036 19.943000
0.577246 15.983500
0.577456 23.543200
0.577666 15.902500
0.577876 45.038800
0.578086 31.355800
0.578296 24.302000
0.578505 14.935500
0.578715 10.090100
0.578925 34.437200
0.579135 9.983380
0.579345 26.309100
0.579555 7.903850
0.579765 20.268100
0.579975 52.501200
0.580185 3.791230
0.580395 15.030400
0.580605 6.671560
0.580814 20.202200
0.581024 16.202900
0.581234 21.402300
0.581444 1.290190
0.581654 15.588400
0.581864 9.618470
0.582074 8.714910
0.582284 1.677790
0.582494 16.032000
0.582704 11.218900
0.582914 23.067800
0.583123 22.425100
0.583333 33.972200
0.583543 16.018500
0.583753 40.204700
0.583963 19.510700
0.584173 24.610900
0.584383 56.840500
0.584593 57.659200
0.584803 19.871300
0.585013 29.598200
0.585223 25.783300
0.585432 6.063860
0.585642 58.687000
0.585852 23.916500
0.586062 33.096200
0.586272 8.095160
0.586482 14.652300
0.586692 23.393400
0.586902 55.753500
0.587112 50.053200
0.587322 4.831080
0.587531 23.447400
0.587741 8.483650
0.587951 3.442200
0.588161 12.397500
0.588371 6.683540
0.588581 39.245600
0.588791 69.883200
0.589001 17.063400
0.589211 39.343200
0.589421 5.634230
0.589631 36.725200
0.589840 4.920330
0.590050 8.233090
0.590260 5.205110
0.590470 16.006200
0.590680 22.266700
0.590890 9.059460
0.591100 33.082900
0.591310 6.832910
0.591520 33.107100
0.591730 34.115200
0.591940 24.429400
0.592149 17.626600
0.592359 6.722160
0.592569 52.780900
0.592779 16.625600
0.592989 62.901400
0.593199 56.845100
0.593409 30.573400
0.593619 10.943400
0.593829 10.091300
0.594039 34.158700
0.594249 34.547800
0.594458 8.131220
0.594668 10.152600
0.594878 34.985900
0.595088 7.088410
0.595298 7.576480
0.595508 77.831900
0.595718 2.727160
0.595928 16.637900
0.596138 36.733200
0.596348 15.969300
0.596558 69.974800
0.596767 5.105370
0.596977 30.384200
0.597187 17.202000
0.597397 9.711220
0.597607 5.559290
0.597817 41.617800
0.598027 39.253300
0.598237 9.232330
0.598447 38.870900
0.598657 59.540300
0.598866 15.468700
0.599076 12.062700
0.599286 49.404800
0.599496 4.847200
0.599706 6.837510
0.599916 2.293620
0.600126 17.271500
0.600336 45.169500
0.600546 11.555600
0.600756 51.173200
0.600966 11.893900
0.601175 20.629300
0.601385 3.350540
0.601595 3.674880
0.601805 28.997400
0.602015 17.578300
0.602225 12.168300
0.602435 36.202000
0.602645 8.285180
0.602855 8.298200
0.603065 17.232600
0.603275 17.565100
0.603484 72.783800
0.603694 14.538100
0.603904 38.729500
0.604114 7.775370
0.604324 9.575220
0.604534 13.833200
0.604744 34.540600
0.604954 4.915120
0.605164 24.638900
0.605374 71.003400
0.605584 8.904170
0.605793 41.700800
0.606003 31.443000
0.606213 10.336900
0.606423 58.303900
0.606633 39.667000
0.606843 38.293000
0.607053 47.344300
0.607263 9.685210
0.607473 23.830300
0.607683 41.509200
0.607893 14.137200
0.608102 8.498630
0.608312 5.468870
0.608522 15.946700
0.608732 24.085600
0.608942 33.317100
0.609152 12.449500
0.609362 7.849310
0.609572 9.745930
0.609782 49.427800
0.609992 16.285700
0.610202 26.020700
0.610411 8.764370
0.610621 39.776900
0.610831 81.246000
0.611041 62.454700
0.611251 30.533800
0.611461 4.677940
0.611671 22.627500
0.611881 18.375100
0.612091 14.906700
0.612301 49.045700
0.612510 11.940800
0.612720 1.648250
0.612930 79.089800
0.613140 10.193100
0.613350 4.876330
0.613560 5.920160
0.613770 28.942000
0.613980 52.649800
0.614190 14.492500
0.614400 14.842900
0.614610 57.080000
0.614819 7.312890
0.615029 33.048800
0.615239 29.974200
0.615449 20.380700
0.615659 5.943370
0.615869 21.639000
0.616079 3.721540
0.616289 9.369640
0.616499 13.956400
0.616709 8.930880
0.616919 10.130700
0.617128 10.655500
0.617338 18.821200
0.617548 22.085200
0.617758 8.167500
0.617968 6.945140
0.618178 26.616300
0.618388 24.762800
0.618598 28.028300
0.618808 36.392500
0.619018 49.539500
0.619228 64.543600
0.619437 16.538200
0.619647 10.199300
0.619857 20.605700
0.620067 7.122260
0.620277 22.482600
0.620487 41.911900
0.620697 77.820600
0.620907 59.356100
0.621117 15.024500
0.621327 23.437600
0.621537 17.326900
0.621746 6.060610
0.621956 2.948190
0.622166 21.194500
0.622376 28.830800
0.622586 6.317130
0.622796 12.838700
0.623006 24.513100
0.623216 18.392800
0.623426 58.226200
0.623636 6.708730
0.623846 73.875600
0.624055 58.329200
0.624265 10.248300
0.624475 54.031000
0.624685 22.420600
0.624895 13.328600
0.625105 15.969900
0.625315 9.452260
0.625525 27.586900
0.625735 59.744300
0.625945 33.501200
0.626154 21.656100
0.626364 13.415600
0.626574 6.881570
0.626784 61.972700
0.626994 8.093280
0.627204 25.256200
0.627414 4.217580
0.627624 73.755000
0.627834 20.256000
0.628044 9.226520
0.628254 12.331900
0.628463 5.328080
0.628673 19.095800
0.628883 11.525300
0.629093 26.004100
0.629303 24.953500
0.629513 40.002900
0.629723 5.018870
0.629933 4.827020
0.630143 24.346900
0.630353 6.228570
0.630563 1.783380
0.630772 7.116450
0.630982 43.633400
0.631192 24.155900
0.631402 41.322000
0.631612 28.391300
0.631822 28.869600
0.632032 33.501900
0.632242 21.433400
0.632452 30.630100
0.632662 13.114600
0.632872 57.718800
0.633081 83.389900
0.633291 6.187480
0.633501 29.649400
0.633711 1.427890
0.633921 7.821710
0.634131 11.877100
0.634341 63.005500
0.634551 8.251060
0.634761 14.916500
0.634971 79.897500
0.635181 5.126430
0.635390 11.523400
0.635600 36.336300
0.635810 13.910800
0.636020 5.970860
0.636230 4.538270
0.636440 20.321700
0.636650 8.405220
0.636860 1.792970
0.637070 10.054500
0.637280 6.599780
0.637490 30.441400
0.637699 39.961000
0.637909 42.656600
0.638119 7.902340
0.638329 55.101400
0.638539 14.362200
0.638749 5.757140
0.638959 8.614410
0.639169 37.118300
0.639379 38.097200
0.639589 70.962400
0.639798 5.701380
0.640008 34.806900
0.640218 6.712490
0.640428 8.561530
0.640638 61.331300
0.640848 24.781500
0.641058 20.897100
0.641268 36.016600
0.641478 6.315390
0.641688 24.845800
0.641898 2.552370
0.642107 15.915400
0.642317 49.410700
0.642527 7.788650
0.642737 6.528080
0.642947 9.257070
0.643157 17.721100
0.643367 19.711200
0.643577 8.049600
0.643787 18.269400
0.643997 29.195300
0.644207 3.351170
0.644416 5.440710
0.644626 45.952100
0.644836 8.788660
0.645046 49.791900
0.645256 13.538200
0.645466 15.921600
0.645676 11.832100
0.645886 39.297500
0.646096 34.210500
0.646306 11.847700
0.646516 6.976870
0.646725 14.642000
0.646935 12.389500
0.647145 47.832500
0.647355 10.638000
0.647565 53.310200
0.647775 10.819000
0.647985 3.403420
0.648195 46.256200
0.648405 10.410400
0.648615 7.505160
0.648825 8.508110
0.649034 25.040800
0.649244 10.089600
0.649454 3.028510
0.649664 31.513600
0.649874 28.875200
0.650084 36.672000
0.650294 31.500600
0.650504 7.760000
0.650714 29.260300
0.650924 30.294900
0.651134 9.350020
0.651343 29.837300
0.651553 1.995870
0.651763 72.946900
0.651973 72.198500
0.652183 25.260000
0.652393 17.997900
0.652603 37.705300
0.652813 12.053400
0.653023 21.913000
0.653233 30.113900
0.653442 31.162900
0.653652 8.086860
0.653862 11.737500
0.654072 20.155400
0.654282 10.085700
0.654492 31.148600
0.654702 11.023800
0.654912 13.696900
0.655122 24.605000
0.655332 4.950370
0.655542 25.058400
0.655751 8.314120
0.655961 36.951800
0.656171 48.328400
0.656381 44.673300
0.656591 24.773000
0.656801 5.996990
0.657011 56.204400
0.657221 50.940600
0.657431 30.521200
0.657641 6.834090
0.657851 15.524500
0.658060 3.290020
0.658270 5.443720
0.658480 20.857700
0.658690 6.687770
0.658900 4.909020
0.659110 73.691600
0.659320 16.690900
0.659530 41.232100
0.659740 18.128400
0.659950 45.339300
0.660160 25.954000
0.660369 9.148360
0.660579 5.825370
0.660789 59.529000
0.660999 52.654400
0.661209 8.113580
0.661419 17.189800
0.661629 6.983280
0.661839 17.500800
0.662049 15.510400
0.662259 31.049000
0.662469 31.595600
0.662678 10.137300
0.662888 58.676700
0.663098 10.427900
0.663308 34.911600
0.663518 6.760950
0.663728 40.777300
0.663938 13.311600
0.664148 6.603750
0.664358 30.773300
0.664568 8.691120
0.664777 6.790090
0.664987 10.732600
0.665197 17.668600
0.665407 14.758700
0.665617 40.373100
0.665827 60.620900
0.666037 11.966500
0.666247 53.883300
0.666457 32.566200
0.666667 22.165500
0.666877 11.818000
0.667086 5.818590
0.667296 38.575200
0.667506 10.367600
0.667716 45.446800
0.667926 18.489100
0.668136 9.530500
0.668346 35.085600
0.668556 38.935700
0.668766 24.350000
0.668976 30.175800
0.669186 10.716500
0.669395 11.509800
0.669605 21.777400
0.669815 13.515100
0.670025 14.797400
0.670235 21.082300
0.670445 41.488900
0.670655 71.423800
0.670865 30.833400
0.671075 36.617700
0.671285 16.720500
0.671495 27.755900
0.671704 8.715930
0.671914 75.219700
0.672124 12.372000
0.672334 41.373200
0.672544 19.199300
0.672754 11.027800
0.672964 49.393300
0.673174 22.627700
0.673384 28.178500
0.673594 20.447900
0.673804 4.994640
0.674013 5.696440
0.674223 13.217600
0.674433 31.831300
0.674643 40.507600
0.674853 48.535600
0.675063 8.597010
0.675273 72.328600
0.675483 39.670400
0.675693 16.921500
0.675903 84.773500
0.676113 27.647000
0.676322 12.179200
0.676532 6.560290
0.676742 19.366900
0.676952 6.114200
0.677162 44.070300
0.677372 38.770100
0.677582 40.145200
0.677792 10.565200
0.678002 12.626800
0.678212 11.505700
0.678421 48.694900
0.678631 18.716800
0.678841 21.627100
0.679051 17.927200
0.679261 86.585600
0.679471 11.800700
0.679681 6.436230
0.679891 14.357300
0.680101 8.358150
0.680311 31.442700
0.680521 45.162100
0.680730 43.349700
0.680940 50.815600
0.681150 22.339700
0.681360 26.277900
0.681570 5.841280
0.681780 5.951970
0.681990 64.036000
0.682200 8.144290
0.682410 25.563100
0.682620 20.462100
0.682830 6.840180
0.683039 28.982700
0.683249 13.465200
0.683459 52.099000
0.683669 30.196600
0.683879 43.482200
0.684089 27.661000
0.684299 59.719800
0.684509 3.963170
0.684719 16.849900
0.684929 8.187710
0.685139 32.634900
0.685348 39.215500
0.685558 22.896000
0.685768 13.663200
0.685978 8.349600
0.686188 6.888080
0.686398 30.316000
0.686608 9.533180
0.686818 75.234100
0.687028 31.136000
0.687238 14.598600
0.687448 28.195900
0.687657 13.100600
0.687867 22.202000
0.688077 11.778200
0.688287 11.609900
0.688497 8.002470
0.688707 25.231500
0.688917 10.977000
0.689127 11.876800
0.689337 59.456200
0.689547 2.667800
0.689757 20.276400
0.689966 11.591100
0.690176 17.804900
0.690386 3.125860
0.690596 50.853300
0.690806 9.463670
0.691016 24.943100
0.691226 7.940890
0.691436 40.615500
0.691646 17.716900
0.691856 8.190950
0.692065 39.723900
0.692275 28.888400
0.692485 46.616900
0.692695 21.803400
0.692905 9.140370
0.693115 21.205900
0.693325 18.145900
0.693535 7.026560
0.693745 14.269500
0.693955 72.501900
0.694165 25.458100
0.694374 11.547900
0.694584 21.175000
0.694794 4.775260
0.695004 34.655400
0.695214 12.628300
0.695424 26.886900
0.695634 23.244600
0.695844 30.704300
0.696054 58.170100
0.696264 11.429300
0.696474 9.041120
0.696683 13.660300
0.696893 25.634000
0.697103 5.852600
0.697313 14.330400
0.697523 13.406600
0.697733 4.807760
0.697943 6.981960
0.698153 9.944370
0.698363 45.168500
0.698573 20.435000
0.698783 12.531500
0.698992 10.548900
0.699202 7.603570
0.699412 8.513290
0.699622 7.323970
0.699832 9.431870
0.700042 24.188900
0.700252 7.887460
0.700462 32.202000
0.700672 45.167000
0.700882 16.501300
0.701092 19.023100
0.701301 11.199600
0.701511 49.031500
0.701721 6.355000
0.701931 38.315600
0.702141 12.438300
0.702351 17.444300
0.702561 9.611430
0.702771 15.732500
0.702981 46.709500
0.703191 22.834100
0.703401 12.000600
0.703610 5.407420
0.703820 38.745800
0.704030 11.966200
0.704240 10.268600
0.704450 17.882000
0.704660 48.165900
0.704870 14.772300
0.705080 8.718630
0.705290 38.456700
0.705500 26.902400
0.705709 37.454400
0.705919 29.958100
0.706129 44.307800
0.706339 9.395190
0.706549 14.677600
0.706759 24.066700
0.706969 16.416800
0.707179 10.880700
0.707389 11.838500
0.707599 15.952500
0.707809 7.162610
0.708018 20.527300
0.708228 23.685500
0.708438 36.885300
0.708648 9.651390
0.708858 21.801600
0.709068 23.499400
0.709278 8.955480
0.709488 7.416020
0.709698 5.556130
0.709908 27.901900
0.710118 27.888800
0.710327 33.109500
0.710537 56.366400
0.710747 10.630700
0.710957 20.824800
0.711167 11.008100
0.711377 64.115100
0.711587 22.018700
0.711797 43.974500
0.712007 9.703370
0.712217 42.333300
0.712427 4.423430
0.712636 11.359700
0.712846 67.426000
0.713056 53.673400
0.713266 31.317900
0.713476 60.699800
0.713686 20.834500
0.713896 12.542300
0.714106 15.891700
0.714316 9.683250
0.714526 36.085900
0.714736 27.634800
0.714945 8.441590
0.715155 29.640000
0.715365 8.470220
0.715575 7.279430
0.715785 45.983100
0.715995 22.189200
0.716205 27.663400
0.716415 47.981300
0.716625 27.767100
0.716835 55.168400
0.717045 27.096100
0.717254 60.951700
0.717464 28.664900
0.717674 11.623100
0.717884 75.315700
0.718094 77.554500
0.718304 41.339800
0.718514 49.739000
0.718724 14.802700
0.718934 16.449300
0.719144 11.720200
0.719353 14.605900
0.719563 81.609000
0.719773 21.242000
0.719983 14.027500
0.720193 80.082400
0.720403 10.079100
0.720613 13.397900
0.720823 4.758520
0.721033 9.583890
0.721243 21.118500
0.721453 19.953500
0.721662 2.007280
0.721872 18.197100
0.722082 4.733560
0.722292 49.699300
0.722502 6.400350
0.722712 15.219100
0.722922 16.994500
0.723132 19.033400
0.723342 64.143600
0.723552 1.760790
0.723762 15.185400
0.723971 60.427300
0.724181 5.797720
0.724391 13.085400
0.724601 39.054300
0.724811 10.314700
0.725021 8.181490
0.725231 79.465000
0.725441 22.852400
0.725651 53.783100
0.725861 27.654500
0.726071 20.610100
0.726280 21.085300
0.726490 16.525000
0.726700 7.141500
0.726910 73.254900
0.727120 57.988500
0.727330 11.619100
0.727540 24.423900
0.727750 60.246500
0.727960 1.756870
0.728170 13.499100
0.728380 2.640790
0.728589 30.008100
0.728799 5.678010
0.729009 37.375100
0.729219 57.731500
0.729429 81.085500
0.729639 18.590000
0.729849 37.672600
0.730059 13.561500
0.730269 11.141500
0.730479 4.073430
0.730688 13.671300
0.730898 7.352980
0.731108 19.943700
0.731318 8.382340
0.731528 28.638800
0.731738 15.197900
0.731948 6.321520
0.732158 26.402300
0.732368 22.468700
0.732578 30.322300
0.732788 9.639340
0.732997 10.371200
0.733207 38.440100
0.733417 67.275200
0.733627 14.625400
0.733837 53.015300
0.734047 6.212060
0.734257 22.119300
0.734467 38.569500
0.734677 30.332000
0.734887 32.181700
0.735097 38.671900
0.735306 31.777300
0.735516 53.805300
0.735726 63.948600
0.735936 40.497900
0.736146 69.725300
0.736356 32.326800
0.736566 8.947000
0.736776 9.068560
0.736986 46.303100
0.737196 10.793200
0.737406 33.396500
0.737615 45.001700
0.737825 7.189630
0.738035 18.878200
0.738245 33.340100
0.738455 63.447500
0.738665 9.633280
0.738875 21.263400
0.739085 33.769500
0.739295 15.194200
0.739505 24.229300
0.739715 24.603500
0.739924 43.778200
0.740134 9.993920
0.740344 83.232700
0.740554 14.774600
0.740764 5.821120
0.740974 34.258900
0.741184 52.866100
0.741394 30.624600
0.741604 16.590900
0.741814 7.064170
0.742024 17.953800
0.742233 12.288400
0.742443 17.328000
0.742653 13.269700
0.742863 33.930400
0.743073 45.577200
0.743283 63.648700
0.743493 9.022410
0.743703 34.596500
0.743913 3.207670
0.744123 49.265700
0.744332 16.740900
0.744542 31.016400
0.744752 14.612000
0.744962 31.785400
0.745172 16.257600
0.745382 17.814800
0.745592 14.988200
0.745802 25.101200
0.746012 21.299900
0.746222 24.205100
0.746432 8.788180
0.746641 6.766090
0.746851 25.886400
0.747061 10.207500
0.747271 32.050400
0.747481 6.854770
0.747691 13.825000
0.747901 33.002200
0.748111 10.791900
0.748321 6.351620
0.748531 21.219100
0.748741 10.124100
0.748950 3.232850
0.749160 51.790200
0.749370 17.595800
0.749580 8.639910
0.749790 17.975500
0.750000 49.748600
0.750210 32.000200
0.750420 10.143100
0.750630 22.269000
0.750840 21.276200
0.751050 4.329830
0.751259 27.436000
0.751469 68.200400
0.751679 27.854000
0.751889 23.162700
0.752099 77.843200
0.752309 13.654000
0.752519 7.313720
0.752729 27.538200
0.752939 33.451400
0.753149 10.367900
0.753359 7.572410
0.753568 6.681240
0.753778 15.842300
0.753988 11.959400
0.754198 4.782210
0.754408 39.443300
0.754618 24.480100
0.754828 13.540600
0.755038 27.906800
0.755248 29.148600
0.755458 18.834200
0.755668 16.442900
0.755877 58.194900
0.756087 75.010500
0.756297 57.326200
0.756507 25.636500
0.756717 11.677600
0.756927 14.928200
0.757137 9.829980
0.757347 5.085600
0.757557 29.909800
0.757767 9.158490
0.757976 67.094000
0.758186 11.831900
0.758396 20.048400
0.758606 19.873300
0.758816 53.020300
0.759026 10.679800
0.759236 45.891800
0.759446 57.109000
0.759656 81.307000
0.759866 32.855700
0.760076 6.708290
0.760285 5.935740
0.760495 5.201840
0.760705 43.275800
0.760915 12.269200
0.761125 4.188530
0.761335 22.545100
0.761545 23.448100
0.761755 11.106400
0.761965 8.333280
0.762175 14.206400
0.762385 88.512800
0.762594 19.241400
0.762804 7.365960
0.763014 9.583970
0.763224 68.473900
0.763434 18.707100
0.763644 12.673700
0.763854 3.073540
0.764064 45.989800
0.764274 11.628200
0.764484 5.453090
0.764694 14.237900
0.764903 50.073000
0.765113 12.414900
0.765323 30.032000
0.765533 16.276300
0.765743 36.695100
0.765953 1.767040
0.766163 7.642440
0.766373 46.689600
0.766583 51.084100
0.766793 84.468900
0.767003 3.714500
0.767212 64.616000
0.767422 36.784300
0.767632 5.467680
0.767842 8.372070
0.768052 7.156280
0.768262 63.950800
0.768472 16.771300
0.768682 27.122800
0.768892 5.962200
0.769102 8.356080
0.769312 84.088400
0.769521 25.318800
0.769731 25.440400
0.769941 6.865990
0.770151 6.087640
0.770361 2.633590
0.770571 39.785800
0.770781 27.253000
0.770991 8.959110
0.771201 20.170200
0.771411 4.188510
0.771620 15.243100
0.771830 15.214100
0.772040 15.571400
0.772250 2.205970
0.772460 11.069400
0.772670 5.407760
0.772880 6.345020
0.773090 79.398700
0.773300 20.273800
0.773510 29.218500
0.773720 8.248290
0.773929 6.465670
0.774139 37.120200
0.774349 8.571540
0.774559 36.584700
0.774769 12.683800
0.774979 11.057800
0.775189 7.891780
0.775399 23.364600
0.775609 11.541000
0.775819 29.778100
0.776029 23.507700
0.776238 9.393990
0.776448 44.036600
0.776658 9.164780
0.776868 6.192310
0.777078 16.481700
0.777288 53.911100
0.777498 9.964370
0.777708 49.123000
0.777918 27.797100
0.778128 16.799300
0.778338 22.932500
0.778547 3.038820
0.778757 6.874300
0.778967 92.452300
0.779177 28.148900
0.779387 2.509160
0.779597 31.216000
0.779807 50.700000
0.780017 75.530000
0.780227 23.529400
0.780437 15.558000
0.780647 6.033320
0.780856 18.603400
0.781066 23.922400
0.781276 15.464100
0.781486 25.386300
0.781696 48.446200
0.781906 22.921100
0.782116 14.097200
0.782326 28.268400
0.782536 1.034730
0.782746 11.715800
0.782955 29.216300
0.783165 16.376200
0.783375 50.877400
0.783585 24.700000
0.783795 10.062700
0.784005 8.426690
0.784215 10.258100
0.784425 27.400800
0.784635 74.071000
0.784845 9.270930
0.785055 5.430120
0.785264 18.220200
0.785474 20.841300
0.785684 32.680700
0.785894 5.877710
0.786104 78.854800
0.786314 3.172640
0.786524 3.800620
0.786734 2.084510
0.786944 6.268150
0.787154 24.016400
0.787364 6.525920
0.787573 9.394620
0.787783 60.261200
0.787993 11.702900
0.788203 32.653100
0.788413 49.044700
0.788623 24.520000
0.788833 88.140900
0.789043 10.133000
0.789253 22.475300
0.789463 7.874050
0.789673 86.941000
0.789882 34.347200
0.790092 23.900700
0.790302 35.280300
0.790512 76.575000
0.790722 3.919450
0.790932 19.248100
0.791142 43.922800
0.791352 11.853800
0.791562 87.885200
0.791772 3.701350
0.791982 5.512280
0.792191 13.791900
0.792401 3.992320
0.792611 31.310800
0.792821 57.317100
0.793031 19.302800
0.793241 76.815000
0.793451 49.668000
0.793661 18.208200
0.793871 25.927100
0.794081 9.494800
0.794291 53.363200
0.794500 15.953200
0.794710 15.996300
0.794920 19.279300
0.795130 7.337860
0.795340 37.739900
0.795550 13.111600
0.795760 19.115700
0.795970 14.758400
0.796180 11.325500
0.796390 37.546500
0.796599 17.976200
0.796809 19.902700
0.797019 3.390200
0.797229 17.168100
0.797439 32.382400
0.797649 12.673000
0.797859 23.333800
0.798069 26.744700
0.798279 3.074930
0.798489 5.966380
0.798699 8.936480
0.798908 33.784400
0.799118 14.446900
0.799328 22.270900
0.799538 38.321400
0.799748 2.741300
0.799958 20.591300
0.800168 21.393300
0.800378 3.131250
0.800588 20.051900
0.800798 32.128900
0.801008 61.040300
0.801217 9.525870
0.801427 19.830200
0.801637 35.902100
0.801847 18.016600
0.802057 7.929950
0.802267 21.846000
0.802477 68.567500
0.802687 81.296100
0.802897 6.857450
0.803107 4.714800
0.803317 32.144600
0.803526 21.628000
0.803736 4.467520
0.803946 30.127200
0.804156 27.450100
0.804366 24.052300
0.804576 6.301940
0.804786 17.482900
0.804996 15.142100
0.805206 23.259900
0.805416 32.321600
0.805626 10.130200
0.805835 14.993300
0.806045 29.523700
0.806255 8.559590
0.806465 44.817400
0.806675 2.982440
0.806885 7.996480
0.807095 60.885600
0.807305 9.756140
0.807515 36.043500
0.807725 11.899400
0.807935 29.217500
0.808144 1.785310
0.808354 30.659700
0.808564 45.651700
0.808774 3.026470
0.808984 28.533900
0.809194 52.005900
0.809404 8.639960
0.809614 35.721500
0.809824 16.003600
0.810034 13.256000
0.810243 12.593400
0.810453 30.689400
0.810663 52.304900
0.810873 12.021700
0.811083 8.448430
0.811293 5.480650
0.811503 73.196500
0.811713 15.435500
0.811923 36.985000
0.812133 10.605600
0.812343 65.687100
0.812552 8.209370
0.812762 59.794300
0.812972 48.147500
0.813182 19.636400
0.813392 39.795000
0.813602 54.425200
0.813812 9.321760
0.814022 18.163100
0.814232 26.925100
0.814442 12.706600
0.814652 28.400700
0.814861 13.456000
0.815071 36.219900
0.815281 6.725230
0.815491 18.252800
0.815701 34.604800
0.815911 35.038800
0.816121 37.322300
0.816331 7.454580
0.816541 25.574900
0.816751 82.235800
0.816961 16.549400
0.817170 10.092900
0.817380 32.941000
0.817590 4.782130
0.817800 4.710050
0.818010 23.752900
0.818220 34.506200
0.818430 17.149800
0.818640 13.752400
0.818850 19.191400
0.819060 31.630700
0.819270 34.559500
0.819479 15.342300
0.819689 19.842100
0.819899 31.559900
0.820109 35.431600
0.820319 5.675540
0.820529 5.641240
0.820739 11.777800
0.820949 53.462000
0.821159 20.961500
0.821369 45.857000
0.821579 19.830900
0.821788 44.775800
0.821998 10.180100
0.822208 9.342310
0.822418 28.580500
0.822628 22.566900
0.823048 10.175000
0.823258 22.821900
0.823468 3.992610
0.823678 8.630480
0.823887 6.007250
0.824097 4.407650
0.824307 35.577900
0.824517 33.486600
0.824727 38.732700
0.824937 69.456800
0.825147 23.213000
0.825357 13.126300
0.825567 28.781900
0.825777 17.093700
0.825987 53.346600
0.826196 20.757900
0.826406 9.458450
0.826616 31.922500
0.826826 8.846100
0.827036 44.893100
0.827246 25.330900
0.827456 15.056800
0.827666 29.578300
0.827876 16.426400
0.828086 13.201800
0.828296 7.526270
0.828505 6.034810
0.828715 50.501600
0.828925 25.361800
0.829135 20.716600
0.829345 15.476400
0.829555 18.979700
0.829765 33.899700
0.829975 5.920420
0.830185 32.257500
0.830395 26.478900
0.830605 40.521000
0.830814 46.217600
0.831024 41.914700
0.831234 5.900020
0.831444 12.757000
0.831654 13.414300
0.831864 12.591400
0.832074 48.792800
0.832284 4.683810
0.832494 38.306300
0.832704 37.640600
0.832914 20.019400
0.833123 10.103300
0.833333 18.800300
0.833543 15.656300
0.833753 20.839700
0.833963 42.590000
0.834173 42.882200
0.834383 7.377630
0.834593 28.602600
0.834803 46.258400
0.835013 62.322400
0.835223 39.443800
0.835432 11.002100
0.835642 8.430530
0.835852 27.669500
0.836062 7.724120
0.836272 3.485870
0.836482 92.221300
0.836692 7.558420
0.836902 7.960980
0.837112 16.673100
0.837322 13.565400
0.837531 15.416000
0.837741 9.125920
0.837951 9.013490
0.838161 10.574100
0.838371 18.770400
0.838581 7.447580
0.838791 12.080700
0.839001 4.558730
0.839211 24.147600
0.839421 9.319920
0.839631 70.539700
0.839840 6.444150
0.840050 67.912000
0.840260 19.073000
0.840470 4.524210
0.840680 8.067960
0.840890 43.132100
0.841100 4.443460
0.841310 55.687800
0.841520 38.213200
0.841730 9.087270
0.841940 11.849700
0.842149 37.491900
0.842359 20.484100
0.842569 28.103400
0.842779 18.034400
0.842989 37.964500
0.843199 26.515600
0.843409 19.253200
0.843619 13.817700
0.843829 61.332800
0.844039 15.447300
0.844249 14.622100
0.844458 32.128600
0.844668 14.509600
0.844878 6.253750
0.845088 5.744920
0.845298 36.203100
0.845508 4.752160
0.845718 66.574400
0.845928 21.585600
0.846138 44.386500
0.846348 26.593600
0.846558 14.904600
0.846767 18.708700
0.846977 33.456300
0.847187 8.604330
0.847397 31.873800
0.847607 36.584400
0.847817 41.993200
0.848027 5.168200
0.848237 15.417700
0.848447 16.583400
0.848657 14.190300
0.848866 21.243700
0.849076 10.341200
0.849286 8.843490
0.849496 36.367400
0.849706 15.921400
0.849916 30.980100
0.850126 27.689000
0.850336 16.456300
0.850546 42.025000
0.850756 7.287240
0.850966 35.919900
0.851175 47.901800
0.851385 11.613400
0.851595 45.561500
0.851805 15.134100
0.852015 48.751600
0.852225 16.031700
0.852435 16.526700
0.852645 11.441400
0.852855 19.567700
0.853065 32.386100
0.853275 20.167600
0.853484 47.290700
0.853694 29.705800
0.853904 2.102770
0.854114 16.737500
0.854324 4.297060
0.854534 3.563090
0.854744 26.889000
0.854954 9.408170
0.855164 41.702500
0.855374 8.408970
0.855584 3.164620
0.855793 28.989200
0.856003 27.972900
0.856213 17.627200
0.856423 8.770930
0.856633 12.373800
0.856843 10.122700
0.857053 81.313700
0.857263 34.833800
0.857473 19.418100
0.857683 1.770680
0.857893 9.673010
0.858102 55.782200
0.858312 71.645000
0.858522 14.489200
0.858732 18.025000
0.858942 37.299800
0.859152 32.624000
0.859362 28.846200
0.859572 2.578480
0.859782 6.457910
0.859992 42.848500
0.860202 4.965240
0.860411 2.670590
0.860621 16.909600
0.860831 60.940000
0.861041 9.129920
0.861251 23.936500
0.861461 2.962550
0.861671 30.292900
0.861881 22.269900
0.862091 7.173210
0.862301 15.146400
0.862510 46.610000
0.862720 4.404840
0.862930 8.958830
0.863140 70.452500
0.863350 67.588400
0.863560 32.774100
0.863770 9.732990
0.863980 30.190300
0.864190 24.820600
0.864400 8.166830
0.864610 31.151600
0.864819 49.392600
0.865029 17.469100
0.865239 37.645700
0.865449 14.343600
0.865659 16.416100
0.865869 29.162300
0.866079 16.393800
0.866289 5.096450
0.866499 20.104300
0.866709 60.044700
0.866919 18.910700
0.867128 49.568400
0.867338 25.876900
0.867548 27.898400
0.867758 6.956290
0.867968 7.469770
0.868178 13.063700
0.868388 52.423600
0.868598 16.020100
0.868808 36.872900
0.869018 11.246700
0.869228 18.524600
0.869437 56.771700
0.869647 27.482400
0.869857 5.489570
0.870067 8.353880
0.870277 14.114800
0.870487 18.535800
0.870697 27.383200
0.870907 17.655200
0.871117 3.986120
0.871327 19.936300
0.871537 15.316700
0.871746 3.610610
0.871956 4.426470
0.872166 24.131800
0.872376 14.519400
0.872586 25.808300
0.872796 7.376070
0.873006 5.714240
0.873216 27.046000
0.873426 7.625690
0.873636 7.646480
0.873846 15.741200
0.874055 18.802900
0.874265 9.766170
0.874475 51.566700
0.874685 8.232110
0.874895 80.635500
0.875105 21.000500
0.875315 34.296300
0.875525 25.790600
0.875735 71.200600
0.875945 6.698400
0.876154 11.106100
0.876364 84.544000
0.876574 15.009800
0.876784 23.393600
0.876994 25.543500
0.877204 39.712400
0.877414 21.813400
0.877624 3.770560
0.877834 46.189600
0.878044 80.791500
0.878254 88.474600
0.878463 80.772100
0.878673 24.860300
0.878883 20.901100
0.879093 16.933800
0.879303 21.892400
0.879513 7.582060
0.879723 28.439000
0.879933 14.695900
0.880143 32.627900
0.880353 9.622120
0.880563 21.745200
0.880772 40.588300
0.880982 28.483400
0.881192 24.401700
0.881402 6.308740
0.881612 52.637500
0.881822 6.621200
0.882032 19.956800
0.882242 26.111800
0.882452 24.222000
0.882662 27.001100
0.882872 9.746080
0.883081 38.036600
0.883291 23.060200
0.883501 10.133100
0.883711 2.000330
0.883921 11.182700
0.884131 23.534400
0.884341 14.736500
0.884551 23.861100
0.884761 2.745510
0.884971 7.178380
0.885181 41.308900
0.885390 7.020700
0.885600 7.838230
0.885810 31.835000
0.886020 35.841900
0.886230 40.533200
0.886440 43.171300
0.886650 30.226300
0.886860 63.838000
0.887070 7.382080
0.887280 9.193890
0.887490 8.545910
0.887699 43.424400
0.887909 35.143000
0.888119 7.498180
0.888329 16.835900
0.888539 24.397200
0.888749 10.122500
0.888959 12.101000
0.889169 28.880300
0.889379 47.117200
0.889589 28.908400
0.889798 17.745100
0.890008 23.357400
0.890218 5.007750
0.890428 4.537520
0.890638 26.506700
0.890848 8.357870
0.891058 4.471100
0.891268 16.405500
0.891478 7.558040
0.891688 18.115600
0.891898 29.201900
0.892107 7.952770
0.892317 14.870600
0.892527 15.996000
0.892737 7.409710
0.892947 44.095000
0.893157 24.262300
0.893367 10.417500
0.893577 6.615290
0.893787 32.202700
0.893997 23.391600
0.894207 18.105000
0.894416 62.901600
0.894626 21.548600
0.894836 24.414500
0.895046 27.352000
0.895256 44.862700
0.895466 26.561700
0.895676 64.458400
0.895886 40.265400
0.896096 3.582210
0.896306 4.446720
0.896516 35.810900
0.896725 2.979630
0.896935 22.006400
0.897145 9.178930
0.897355 8.511730
0.897565 48.385000
0.897775 11.327000
0.897985 9.301540
0.898195 29.846700
0.898405 6.434540
0.898615 22.782100
0.898825 3.244350
0.899034 26.892400
0.899244 9.990130
0.899454 33.965000
0.899664 58.758800
0.899874 30.025300
0.900084 27.928600
0.900294 1.720410
0.900504 6.721660
0.900714 71.862300
0.900924 10.137000
0.901134 31.875900
0.901343 17.714500
0.901553 16.210800
0.901763 37.435200
0.901973 55.588600
0.902183 29.174100
0.902393 10.823400
0.902603 51.811900
0.902813 49.225000
0.903023 18.319000
0.903233 5.872980
0.903442 51.607400
0.903652 3.087190
0.903862 25.298200
0.904072 15.617500
0.904282 37.041300
0.904492 16.834000
0.904702 17.380000
0.904912 11.563300
0.905122 19.541200
0.905332 42.633300
0.905542 22.214200
0.905751 78.747200
0.905961 5.568040
0.906171 33.092600
0.906381 9.477600
0.906591 32.783200
0.906801 10.369400
0.907011 25.362500
0.907221 43.189000
0.907431 19.685000
0.907641 35.824300
0.907851 42.966100
0.908060 23.282500
0.908270 86.538300
0.908480 68.226700
0.908690 11.476600
0.908900 12.588400
0.909110 13.862100
0.909320 38.433500
0.909530 37.307600
0.909740 9.621300
0.909950 32.592600
0.910160 3.581370
0.910369 49.534400
0.910579 16.876300
0.910789 15.207400
0.910999 14.144900
0.911209 20.955400
0.911419 10.132700
0.911629 76.388800
0.911839 21.838500
0.912049 24.217900
0.912259 7.572010
0.912469 16.620500
0.912678 9.989960
0.912888 16.592700
0.913098 11.422600
0.913308 38.428000
0.913518 9.631470
0.913728 16.658800
0.913938 7.193380
0.914148 68.982700
0.914358 55.372200
0.914568 3.290560
0.914777 8.724040
0.914987 18.370900
0.915197 26.009700
0.915407 20.342000
0.915617 11.060000
0.915827 22.175400
0.916037 21.764300
0.916247 48.683600
0.916457 7.847620
0.916667 13.989800
0.916877 33.654300
0.917086 63.255700
0.917296 46.840600
0.917506 14.091600
0.917716 23.110200
0.917926 34.069200
0.918136 46.178900
0.918346 33.815500
0.918556 29.355300
0.918766 26.423400
0.918976 3.295500
0.919186 25.565600
0.919395 7.640160
0.919605 14.862800
0.919815 11.973300
0.920025 7.289220
0.920235 1.732360
0.920445 20.534400
0.920655 52.384300
0.920865 15.028500
0.921075 9.036060
0.921285 9.197580
0.921495 1.069420
0.921704 30.511700
0.921914 58.841500
0.922124 29.758200
0.922334 7.929400
0.922544 43.344800
0.922754 63.432700
0.922964 21.228500
0.923174 26.940400
0.923384 17.023400
0.923594 21.927200
0.923804 5.415080
0.924013 54.102300
0.924223 6.905560
0.924433 30.363900
0.924643 7.907990
0.924853 35.772800
0.925063 7.151980
0.925273 5.064010
0.925483 13.991500
0.925693 10.108300
0.925903 26.891000
0.926113 5.173820
0.926322 16.458400
0.926532 2.553770
0.926742 37.281300
0.926952 15.132900
0.927162 46.134700
0.927372 19.009200
0.927582 19.339700
0.927792 13.435600
0.928002 1.902510
0.928212 7.702260
0.928421 6.561940
0.928631 50.994700
0.928841 16.710300
0.929051 23.488800
0.929261 17.248300
0.929471 23.204400
0.929681 53.914900
0.929891 68.203200
0.930101 7.785710
0.930311 3.350920
0.930521 28.241300
0.930730 55.752800
0.930940 60.401300
0.931150 25.071600
0.931360 31.924600
0.931570 31.085800
0.931780 22.543900
0.931990 19.710400
0.932200 5.270620
0.932410 10.710900
0.932620 6.089020
0.932830 10.120600
0.933039 28.733000
0.933249 4.898500
0.933459 4.522940
0.933669 87.417400
0.933879 36.666300
0.934089 6.818080
0.934299 30.294100
0.934509 21.321900
0.934719 9.270520
0.934929 31.376300
0.935139 34.582000
0.935348 20.776600
0.935558 16.924400
0.935768 4.277350
0.935978 5.033340
0.936188 1.662570
0.936398 31.310000
0.936608 24.240400
0.936818 4.357180
0.937028 8.505560
0.937238 90.899800
0.937448 21.929100
0.937657 11.899900
0.937867 21.124300
0.938077 15.312600
0.938287 50.356800
0.938497 49.315200
0.938707 15.127500
0.938917 48.460800
0.939127 5.670440
0.939337 63.958200
0.939547 49.713800
0.939757 10.833900
0.939966 1.681540
0.940176 20.498600
0.940386 36.874900
0.940596 51.407000
0.940806 11.373800
0.941016 61.777100
0.941226 28.239100
0.941436 47.281000
0.941646 65.705000
0.941856 66.888300
0.942065 26.571000
0.942275 30.283000
0.942485 20.305500
0.942905 20.935500
0.943115 30.166900
0.943325 62.044800
0.943535 9.727200
0.943745 31.512300
0.943955 46.262100
0.944165 8.299940
0.944374 55.155600
0.944584 12.776700
0.944794 33.069400
0.945004 14.342000
0.945214 26.238900
0.945424 20.273900
0.945634 43.425600
0.945844 2.866100
0.946054 26.984600
0.946264 49.787100
0.946474 40.872400
0.946683 41.419700
0.946893 37.069100
0.947103 12.268600
0.947313 26.769300
0.947523 28.863900
0.947733 72.683700
0.947943 10.459800
0.948153 29.732500
0.948363 6.767550
0.948573 7.130490
0.948783 17.056700
0.948992 13.214300
0.949202 25.991400
0.949412 36.740600
0.949622 14.490700
0.949832 73.375800
0.950042 17.910500
0.950252 15.694000
0.950462 16.750100
0.950672 12.551700
0.950882 15.467500
0.951092 7.598860
0.951301 10.357500
0.951511 1.738170
0.951721 30.188000
0.951931 3.098840
0.952141 31.750400
0.952351 40.963500
0.952561 25.921800
0.952771 7.126510
0.952981 27.452500
0.953191 19.404500
0.953401 37.803300
0.953610 50.558500
0.953820 5.334370
0.954030 42.765000
0.954240 28.088900
0.954450 36.194000
0.954660 6.979830
0.954870 7.979280
0.955080 7.394210
0.955290 73.049600
0.955500 9.262600
0.955709 19.601600
0.955919 11.012600
0.956129 22.904500
0.956339 22.025400
0.956549 29.101700
0.956759 36.752500
0.956969 30.299800
0.957179 5.987340
0.957389 14.867400
0.957599 13.317700
0.957809 3.178880
0.958018 33.512200
0.958228 20.257000
0.958438 29.075700
0.958648 20.376100
0.958858 9.857550
0.959068 19.758300
0.959278 39.577800
0.959488 9.931260
0.959698 23.371400
0.959908 9.680080
0.960118 36.845300
0.960327 68.763200
0.960537 16.243000
0.960747 10.715400
0.960957 6.862410
0.961167 9.056900
0.961377 4.991850
0.961587 44.078400
0.961797 9.516230
0.962007 5.738710
0.962217 6.761260
0.962427 22.228600
0.962636 9.937360
0.962846 9.910120
0.963056 30.097100
0.963266 36.045400
0.963476 35.424300
0.963686 20.228200
0.963896 19.127300
0.964106 12.096200
0.964316 8.536630
0.964526 11.117100
0.964736 46.337800
0.964945 3.693250
0.965155 7.811770
0.965365 44.443800
0.965575 5.337810
0.965785 4.818690
0.965995 13.556600
0.966205 6.890040
0.966415 81.479300
0.966625 26.731500
0.966835 8.815720
0.967045 11.216800
0.967254 19.045200
0.967464 47.999100
0.967674 16.779500
0.967884 54.743700
0.968094 14.165700
0.968304 8.598320
0.968514 39.022900
0.968724 34.228500
0.968934 13.597900
0.969144 38.599300
0.969353 22.492800
0.969563 48.187100
0.969773 21.287000
0.969983 47.243600
0.970193 2.554740
0.970403 71.438200
0.970613 16.072400
0.970823 9.031500
0.971033 7.781480
0.971243 21.592400
0.971453 59.212600
0.971662 40.636100
0.971872 17.145100
0.972082 56.556600
0.972292 58.030400
0.972502 4.038570
0.972712 55.405200
0.972922 4.504920
0.973132 17.141800
0.973342 6.769480
0.973552 16.707600
0.973762 29.388400
0.973971 6.355910
0.974181 5.095680
0.974391 7.950980
0.974601 7.211030
0.974811 20.223000
0.975021 10.331200
0.975231 9.859190
0.975441 3.531980
0.975651 55.179000
0.975861 1.835490
0.976071 12.994700
0.976280 29.652900
0.976490 26.724200
0.976700 8.368580
0.976910 25.918000
0.977120 17.798500
0.977330 6.998360
0.977540 38.473500
0.977750 12.058200
0.977960 23.911800
0.978170 29.189300
0.978380 10.290100
0.978589 10.437500
0.978799 12.866800
0.979009 56.387700
0.979219 9.053370
0.979429 46.272700
0.979639 49.402800
0.979849 8.564820
0.980059 31.353600
0.980269 1.779420
0.980479 27.628900
0.980688 59.937800
0.980898 63.180700
0.981108 26.573300
0.981318 5.474970
0.981528 17.601600
0.981738 19.678600
0.981948 8.810480
0.982158 7.537460
0.982368 12.082200
0.982578 7.233190
0.982788 5.094550
0.982997 4.758540
0.983207 7.026090
0.983417 5.097760
0.983627 10.627600
0.983837 65.919400
0.984047 6.565180
0.984257 17.493200
0.984467 14.640800
0.984677 7.522030
0.984887 6.212830
0.985097 7.557240
0.985306 40.298400
0.985516 39.756300
0.985726 20.758800
0.985936 52.416700
0.986146 27.055400
0.986356 25.087100
0.986566 42.111200
0.986776 7.485860
0.986986 2.783680
0.987196 15.292900
0.987406 25.813700
0.987615 33.237100
0.987825 44.294700
0.988035 47.912600
0.988245 18.225400
0.988455 26.469600
0.988665 9.576950
0.988875 12.623500
0.989085 7.185550
0.989295 7.944540
0.989505 19.144800
0.989715 13.639600
0.989924 34.148100
0.990134 15.061100
0.990344 44.615100
0.990554 55.641600
0.990764 35.056600
0.990974 25.255000
0.991184 51.548100
0.991394 8.511820
0.991604 70.954000
0.991814 6.313760
0.992024 25.970700
0.992233 55.643200
0.992443 5.731560
0.992653 5.603360
0.992863 22.448500
0.993073 17.591700
0.993283 39.925200
0.993493 17.017900
0.993703 6.881050
0.993913 67.623400
0.994123 20.030400
0.994332 19.154400
0.994542 30.967800
0.994752 6.685550
0.994962 27.425000
0.995172 12.297000
0.995382 58.817200
0.995592 58.932900
0.995802 79.371000
0.996012 23.849600
0.996222 36.500900
0.996432 30.129900
0.996641 50.506000
0.996851 54.070100
0.997061 32.920000
0.997271 6.624840
0.997481 19.807100
0.997691 50.216900
0.997901 38.508200
0.998111 11.899700
0.998321 24.585000
0.998531 10.131900
0.998741 23.224600
0.998950 31.933700
0.999160 52.071600
0.999370 23.658400
0.999580 6.363320
0.999790 13.581600
1.000000 29.160800
