0.000190 57.199300
0.000380 9.285050
0.000570 85.904300
0.000759 97.679100
0.000949 18.450000
0.001139 31.940200
0.001329 77.457600
0.001519 25.278700
0.001709 79.267000
0.001899 82.750400
0.002088 82.947800
0.002278 34.813300
0.002468 39.753900
0.002658 19.945900
0.002848 68.431300
0.003038 71.003200
0.003228 43.814800
0.003418 64.924900
0.003607 55.912300
0.003797 94.382200
0.003987 33.410600
0.004177 65.568300
0.004367 30.342200
0.004747 23.313400
0.004936 12.531400
0.005126 17.065200
0.005316 26.819700
0.005506 52.746900
0.005696 72.358200
0.007215 67.121200
0.007594 44.364600
0.007784 41.135200
0.007974 59.002600
0.008164 28.140700
0.008354 27.629000
0.008544 54.989700
0.008734 66.922800
0.008923 43.270600
0.009113 17.030700
0.009303 49.799500
0.009493 56.369000
0.009683 45.439200
0.009873 27.118600
0.010063 39.211000
0.010253 50.150200
0.010442 62.100600
0.010632 44.295100
0.010822 30.617500
0.011012 40.501200
0.011202 56.236000
0.018986 59.483000
0.019176 58.700900
0.019366 45.759300
0.019556 63.663700
0.019935 44.530200
0.020125 89.638400
0.020315 33.423300
0.020505 37.864600
0.020695 43.616300
0.020885 63.438600
0.021075 50.445200
0.021264 22.728800
0.021454 11.883300
0.021644 82.911300
0.021834 47.780600
0.022024 88.490200
0.022214 36.092500
0.022404 78.309100
0.022594 31.568300
0.022783 80.105400
0.022973 39.178000
0.023163 15.411500
0.023353 29.672600
0.023543 54.797000
0.023733 32.085000
0.023923 52.396400
0.024112 56.763100
0.024302 54.352600
0.024492 79.689700
0.024682 13.442500
0.024872 10.023500
0.025062 41.576800
0.025252 44.118200
0.025441 43.270300
0.025631 39.204200
0.025821 16.367200
0.026011 44.220000
0.026201 34.573500
0.026391 46.866200
0.026581 27.292100
0.026770 35.632300
0.026960 89.142700
0.027150 24.668000
0.027340 27.220500
0.027530 40.900500
0.027720 26.746400
0.027910 36.082300
0.028099 33.676300
0.028289 53.209700
0.028479 66.483200
0.028669 68.504000
0.028859 70.040400
0.029049 22.695300
0.029239 47.493900
0.029429 49.670800
0.029618 34.960900
0.029808 29.577100
0.029998 65.800500
0.030188 21.023300
0.030378 36.307100
0.030568 84.335900
0.030758 45.728300
0.030947 44.771900
0.031137 52.207600
0.031327 61.848900
0.031517 58.172200
0.031707 53.033300
0.031897 80.467600
0.032087 32.633000
0.032276 32.531400
0.032466 44.112500
0.032656 42.652500
0.032846 60.328200
0.033036 46.129700
0.033226 82.072600
0.033416 10.141800
0.033605 20.088200
0.033795 86.976000
0.033985 81.505400
0.034175 88.709000
0.034365 23.720200
0.034555 70.637500
0.034745 56.992700
0.034934 74.640700
0.035124 41.005100
0.035314 52.210400
0.035504 21.488700
0.035694 56.418400
0.035884 53.520500
0.036074 53.900100
0.036264 30.870700
0.036453 30.142000
0.036643 56.129300
0.036833 59.004500
0.037023 64.677100
0.037213 47.042800
0.037403 43.657100
0.037593 24.421800
0.037782 90.938500
0.037972 25.943400
0.038162 34.818000
0.038352 9.357860
0.039111 11.312900
0.039301 34.229700
0.039491 53.654100
0.039681 75.907700
0.039871 67.706500
0.040061 41.762700
0.040251 54.798000
0.040440 24.687300
0.040630 42.572600
0.040820 59.502100
0.041010 59.940100
0.041200 86.558600
0.041390 14.444900
0.041580 14.117300
0.041770 92.301700
0.041959 66.340800
0.042149 88.648000
0.042339 40.040500
0.042529 27.281900
0.042719 36.929500
0.042909 32.190600
0.043099 84.549500
0.043288 22.613600
0.043478 25.895000
0.043858 54.935500
0.044048 28.934300
0.044238 26.004700
0.044428 8.427900
0.044617 44.760900
0.044807 32.936100
0.044997 84.141900
0.045187 53.763900
0.045377 44.872700
0.045567 35.238800
0.045757 18.217300
0.045946 70.017700
0.046136 57.451100
0.046326 28.290200
0.046516 68.277400
0.046706 19.172500
0.052402 58.116000
0.052592 51.587400
0.052781 30.952100
0.052971 78.535900
0.053161 43.703900
0.053351 32.402700
0.053541 42.743300
0.053731 71.490600
0.053921 47.918600
0.054110 10.315700
0.054300 30.674800
0.054490 33.696800
0.054680 17.550200
0.054870 59.157300
0.055060 72.367100
0.055250 55.544800
0.055440 56.021900
0.055629 51.484000
0.055819 74.346800
0.056009 20.302200
0.056199 17.565000
0.056389 8.165670
0.056579 57.825500
0.056769 56.015500
0.056958 70.807300
0.057148 34.559800
0.057338 47.939900
0.057528 9.604720
0.057718 34.044100
0.057908 27.582700
0.058098 35.728000
0.058287 55.166500
0.058477 44.337500
0.058667 25.091300
0.058857 54.322100
0.059047 59.018700
0.059237 53.648000
0.059427 37.109200
0.059616 47.586100
0.059806 66.735200
0.059996 42.994300
0.060186 65.839800
0.060376 50.490900
0.060566 21.823100
0.060756 67.682200
0.060946 63.920200
0.061135 41.207600
0.061325 51.726500
0.061515 28.912200
0.061705 34.125100
0.061895 29.264300
0.062085 34.438000
0.062275 33.250100
0.062464 64.614200
0.062654 54.521300
0.062844 83.686100
0.063034 51.928900
0.063224 10.034600
0.063414 94.377600
0.063604 28.368300
0.063793 65.315200
0.063983 59.024100
0.064173 51.260200
0.064553 53.511700
0.064743 69.185900
0.064933 58.622900
0.065122 45.231400
0.065312 37.989000
0.065502 32.106500
0.065692 62.237600
0.065882 13.578000
0.066072 73.494800
0.066262 42.512100
0.066451 42.547600
0.066641 77.130500
0.066831 78.638400
0.067021 28.444100
0.067211 31.715800
0.067401 24.307700
0.067591 20.979000
0.067781 53.667400
0.067970 41.014700
0.068160 31.104600
0.068350 40.363700
0.068540 50.381600
0.068730 26.657900
0.068920 46.490200
0.069110 61.871900
0.069299 46.027500
0.069489 43.246300
0.069679 47.119900
0.069869 38.807400
0.070059 55.705500
0.070249 76.149500
0.070439 41.218300
0.070628 63.751200
0.070818 21.212400
0.071008 32.882300
0.071198 55.734900
0.071388 51.160000
0.071578 32.672400
0.071768 14.359600
0.071957 31.263500
0.072147 34.691400
0.072337 37.017100
0.072527 40.644900
0.072717 58.338700
0.072907 19.194600
0.073097 51.949300
0.073287 34.508100
0.073476 24.831400
0.073666 35.954800
0.073856 40.681700
0.074046 44.818900
0.074236 35.623100
0.074426 34.489100
0.074616 33.488400
0.074805 38.696200
0.074995 31.535000
0.075185 24.770000
0.075375 62.851600
0.075565 62.848100
0.075755 82.162400
0.075945 71.256700
0.076134 9.861370
0.076324 35.845200
0.076514 32.053200
0.076704 40.113400
0.076894 28.693800
0.077084 61.731400
0.077274 43.028400
0.077463 33.684000
0.077653 23.029400
0.077843 43.415300
0.078033 20.651500
0.078223 68.111600
0.078413 72.498100
0.078603 43.150400
0.078792 24.227700
0.078982 39.394100
0.079172 91.347200
0.079362 56.852100
0.079552 37.831700
0.079742 42.279800
0.079932 34.229800
0.080122 51.639800
0.080311 92.821700
0.080501 39.101200
0.080691 26.762400
0.080881 16.321900
0.081071 9.581300
0.081261 24.056300
0.081451 17.747100
0.081640 34.888400
0.081830 57.100900
0.082020 58.383500
0.082210 51.973500
0.082400 56.351600
0.082590 51.856400
0.082780 43.708600
0.082969 17.527500
0.083159 58.928900
0.083349 47.925600
0.083539 40.672200
0.083729 21.335900
0.083919 81.141500
0.084109 41.079800
0.084298 20.187700
0.084488 42.403700
0.084678 22.226600
0.084868 63.533400
0.085058 83.174900
0.085248 7.876260
0.085438 47.387900
0.085627 7.309310
0.085817 60.405300
0.086007 68.362100
0.086197 49.781700
0.086387 37.467900
0.086577 33.579300
0.086767 49.473100
0.086957 26.044200
0.087146 48.212100
0.087336 51.404300
0.087526 48.549200
0.087716 45.367600
0.087906 30.551400
0.088096 43.521800
0.088286 44.383800
0.088475 32.662000
0.088665 51.781800
0.088855 43.031900
0.089045 15.771400
0.089235 28.426400
0.089425 42.000400
0.089615 22.584900
0.089804 52.782700
0.089994 27.777200
0.090184 54.581300
0.090374 14.965000
0.090564 55.020200
0.090754 72.573300
0.090944 17.767700
0.091133 79.449500
0.091323 36.403200
0.091513 69.163100
0.091703 41.683600
0.091893 40.181600
0.092083 31.916400
0.092273 84.224900
0.092463 23.283700
0.092652 28.642100
0.092842 1.672440
0.093032 50.593800
0.093222 38.985900
0.093412 38.642600
0.093602 60.567400
0.093792 36.153800
0.093981 65.432300
0.094171 66.886700
0.094361 28.683300
0.094551 6.644270
0.094741 54.439600
0.094931 25.925200
0.095121 41.756600
0.095310 38.298800
0.095500 57.097000
0.095690 42.134100
0.095880 88.663600
0.096070 88.744100
0.096260 61.995800
0.096450 40.782500
0.096639 47.562900
0.096829 29.366000
0.097019 9.671700
0.097209 49.503000
0.097399 39.722400
0.097589 23.523800
0.097779 27.876100
0.097968 38.153600
0.098158 18.053900
0.098348 21.748700
0.098538 24.505500
0.098728 53.234400
0.098918 66.760400
0.099108 64.623300
0.099298 35.577500
0.099487 81.042800
0.099677 21.515200
0.099867 72.379100
0.100057 58.396200
0.100247 58.997800
0.100437 30.043200
0.100627 17.942800
0.100816 69.269400
0.101006 52.448800
0.101196 32.135000
0.101386 58.011100
0.101576 36.922800
0.103664 9.691900
0.103854 45.150200
0.104044 55.506500
0.104234 46.116900
0.104424 45.881300
0.104614 8.088450
0.104803 27.642500
0.104993 22.675100
0.105183 47.200300
0.105373 9.979990
0.105563 38.979600
0.105753 26.578400
0.105943 36.376300
0.106133 64.442800
0.106322 49.071400
0.106512 47.851700
0.106702 42.101600
0.106892 60.794900
0.107082 8.832000
0.107272 75.314000
0.107462 37.341400
0.107651 47.634400
0.107841 40.956600
0.108031 66.637500
0.108221 18.387800
0.108411 36.039500
0.108601 54.475500
0.108791 42.539400
0.108980 35.473200
0.109170 18.784900
0.109360 8.740640
0.109550 79.631000
0.109740 52.003900
0.109930 57.491000
0.110120 5.616550
0.110309 83.800900
0.110499 54.820600
0.110689 61.216600
0.110879 34.138900
0.111069 52.316800
0.111259 38.311300
0.111449 23.184700
0.111639 59.208800
0.111828 23.614000
0.112018 9.618840
0.112208 19.874400
0.112398 39.342900
0.112588 23.395800
0.112778 88.156800
0.112968 41.259600
0.113157 35.268900
0.113347 28.972400
0.113537 40.116100
0.113727 65.590200
0.113917 35.948700
0.114107 56.368300
0.114297 74.248300
0.114486 57.367000
0.114676 39.277600
0.114866 55.758300
0.115056 27.879600
0.115246 44.141200
0.115436 63.574200
0.115626 30.603700
0.115815 28.562500
0.116005 56.900800
0.116195 22.597400
0.116385 9.151860
0.116575 53.929800
0.116765 38.403900
0.116955 39.364000
0.120752 8.389800
0.120942 42.852800
0.121132 62.186100
0.121321 40.785200
0.121511 76.542800
0.121701 6.201060
0.121891 61.189200
0.122081 48.015500
0.122271 44.170500
0.122461 47.188500
0.122650 69.288000
0.122840 50.397100
0.123030 31.349900
0.123220 33.882000
0.123410 30.123400
0.123600 87.457300
0.123790 91.206200
0.123979 96.637200
0.124169 49.238000
0.124359 35.543400
0.124549 21.918100
0.124739 40.469700
0.124929 58.260800
0.125119 18.488300
0.125309 59.566900
0.125498 78.328800
0.125688 30.780900
0.125878 46.044100
0.126068 9.561000
0.126258 45.854700
0.126448 59.410700
0.126638 30.232600
0.126827 36.928300
0.127017 72.295700
0.127207 17.789400
0.127397 41.840900
0.127587 59.415100
0.127777 69.353800
0.127967 29.967900
0.128156 90.616600
0.128346 54.115100
0.128536 33.390500
0.128726 44.284000
0.128916 48.322400
0.129106 32.161900
0.129296 36.293100
0.129485 45.628000
0.129675 49.446200
0.129865 49.443800
0.130055 58.415400
0.130245 43.761200
0.130435 35.694100
0.130625 45.749700
0.130815 17.984700
0.131004 30.947400
0.131194 50.206600
0.131384 51.572000
0.131574 30.633400
0.131764 74.935800
0.131954 81.780700
0.132144 54.134000
0.132333 81.729600
0.132523 67.553700
0.132713 15.260800
0.132903 57.422500
0.133093 56.103000
0.133283 39.521700
0.133473 12.053100
0.133662 28.998000
0.133852 76.671400
0.134042 8.217390
0.134232 18.986500
0.134422 55.381800
0.134612 34.707300
0.134802 53.603200
0.134991 7.175560
0.135181 46.735100
0.135371 25.137100
0.135561 48.255100
0.135751 14.974900
0.135941 47.266300
0.136131 89.918100
0.136320 84.338000
0.136510 69.968200
0.136700 9.777240
0.136890 73.967500
0.137080 82.178300
0.137270 33.880100
0.137460 71.004500
0.137650 65.176400
0.137839 76.937100
0.138029 2.710810
0.138219 60.153400
0.138409 4.137320
0.138599 76.551200
0.138789 35.840200
0.138979 47.044800
0.139168 42.979300
0.139358 39.337000
0.139548 30.841500
0.139738 32.262700
0.139928 66.864700
0.140118 84.788400
0.140308 62.729800
0.140497 40.376700
0.140687 40.261100
0.140877 51.797600
0.141067 25.622000
0.141257 51.277700
0.141447 8.737700
0.141637 41.702800
0.141826 32.902800
0.142016 27.749900
0.142206 3.661340
0.142396 29.482000
0.142586 51.136500
0.142776 47.005800
0.142966 49.040200
0.143155 55.758700
0.143345 47.373200
0.143535 40.055900
0.143725 64.956800
0.143915 50.425800
0.144105 88.858200
0.144295 6.029340
0.144485 25.269700
0.144674 9.676030
0.144864 57.092200
0.145054 49.822200
0.145244 20.418800
0.145434 54.080300
0.145624 8.873490
0.145814 44.238000
0.146003 54.695100
0.146193 13.808300
0.146383 53.443800
0.146573 33.222700
0.146763 27.353800
0.146953 39.361100
0.147143 45.767500
0.147332 38.802400
0.147522 50.638600
0.147712 24.752100
0.147902 10.094200
0.148092 25.562000
0.148282 69.811000
0.148472 52.500300
0.148661 28.672200
0.148851 37.942200
0.149041 11.275800
0.149231 7.867110
0.149421 86.180000
0.149611 32.650700
0.149801 59.532400
0.149991 55.748400
0.150180 40.173300
0.150370 28.879700
0.150560 45.907400
0.150750 83.027400
0.150940 18.536300
0.151130 44.344300
0.151320 67.899400
0.151509 7.636240
0.151699 47.345200
0.151889 61.067100
0.152079 57.393900
0.152269 48.866400
0.152459 64.805600
0.152649 55.188000
0.152838 68.821800
0.153028 27.769000
0.153218 76.793300
0.153408 44.164500
0.153598 9.850970
0.153788 56.320700
0.153978 90.198300
0.154167 45.027100
0.154357 20.329100
0.154547 68.088900
0.154737 39.412800
0.154927 41.551000
0.155117 26.988500
0.155307 45.080600
0.155496 79.433500
0.155686 34.544000
0.155876 68.236300
0.156066 55.316900
0.156256 88.573400
0.158155 67.417800
0.158344 45.205200
0.158534 43.288400
0.158724 18.895700
0.158914 69.056200
0.159104 41.571400
0.159294 35.860600
0.159484 65.954700
0.159673 25.654500
0.159863 17.950700
0.160053 47.126900
0.160243 77.676400
0.160433 31.048500
0.160623 58.955000
0.160813 54.168700
0.161002 15.021500
0.161192 49.746100
0.161382 47.218100
0.161572 43.071400
0.162331 9.958660
0.162521 30.628400
0.162901 10.154400
0.163091 25.856200
0.163281 42.488400
0.163471 52.234200
0.163661 63.690700
0.163850 55.001000
0.164040 55.686400
0.164230 43.510400
0.164420 11.268700
0.164610 52.048100
0.164800 47.877800
0.164990 66.063500
0.165179 83.789600
0.165369 8.320550
0.165559 28.536400
0.165749 37.189500
0.165939 53.513700
0.166129 85.335700
0.166319 40.143000
0.166508 61.881000
0.166698 42.465500
0.166888 80.695600
0.167078 33.157200
0.167268 87.969600
0.167458 61.490200
0.167648 65.422800
0.167837 43.571000
0.168027 43.627800
0.168217 86.069700
0.168407 71.522600
0.168597 63.993200
0.168787 46.938500
0.168977 32.993100
0.169167 56.815000
0.169356 35.328500
0.169546 45.256600
0.169736 30.133000
0.169926 20.120700
0.170116 73.464900
0.170306 38.663200
0.170496 51.856700
0.170685 48.350600
0.170875 23.749100
0.171065 44.708600
0.171255 7.222530
0.171445 49.999500
0.171635 32.030800
0.171825 31.888200
0.172014 56.916100
0.172204 32.689900
0.172394 41.307500
0.172584 60.451900
0.172774 8.779520
0.172964 74.740200
0.173154 9.175590
0.173343 23.191700
0.173533 54.724200
0.173723 56.502600
0.173913 79.382200
0.174103 51.527900
0.174293 70.314200
0.174483 64.419300
0.174672 24.011300
0.174862 46.687100
0.175052 1.960480
0.175242 18.350400
0.175432 46.620600
0.175622 10.821000
0.175812 55.013300
0.176002 36.841600
0.176191 53.296700
0.176381 59.404600
0.176571 85.857900
0.176761 1.820640
0.176951 60.484700
0.177141 35.368600
0.177331 38.993200
0.177520 84.163100
0.177710 33.194000
0.177900 44.960900
0.178090 38.138000
0.178280 28.092500
0.178470 25.111600
0.178660 60.531100
0.178849 8.671990
0.179039 56.828700
0.179229 55.300200
0.179419 41.668100
0.179609 55.722200
0.179799 47.447500
0.179989 61.381900
0.180178 8.986730
0.180368 73.415300
0.180558 23.141300
0.180748 44.112400
0.180938 35.789500
0.181128 37.234700
0.181318 33.343800
0.181507 27.731600
0.181697 62.384400
0.181887 14.343200
0.182077 67.017300
0.182267 10.430600
0.182457 48.794400
0.182647 79.372400
0.182837 20.351800
0.183026 6.302460
0.183216 21.055100
0.183406 8.401240
0.183596 40.200900
0.183786 16.483300
0.183976 10.776500
0.184166 46.941000
0.184355 31.889900
0.184545 46.819400
0.184735 91.559600
0.184925 70.971400
0.185115 25.407700
0.185305 42.975900
0.185495 57.764700
0.185684 43.378600
0.185874 49.955800
0.186064 93.081800
0.186254 23.482400
0.186444 59.596000
0.186634 29.910500
0.186824 56.512000
0.187013 9.977570
0.187203 24.435100
0.187393 48.313300
0.187583 18.918500
0.187773 7.455390
0.187963 56.550200
0.188153 31.212100
0.188343 17.545600
0.188532 50.917700
0.188722 35.802400
0.188912 47.396300
0.189102 61.133800
0.189292 36.894800
0.189482 14.726700
0.189672 97.283900
0.189861 9.846200
0.190051 49.355100
0.190241 55.983600
0.190431 61.128800
0.190621 25.416700
0.190811 36.229000
0.191001 11.572600
0.191190 59.892000
0.191380 47.344700
0.191570 18.056900
0.191760 83.308600
0.191950 62.304600
0.192140 23.271500
0.192330 43.911400
0.192519 45.609700
0.192709 29.873700
0.192899 30.875400
0.193089 69.794700
0.193279 96.322300
0.193469 70.497200
0.193659 32.638500
0.193848 31.882800
0.194038 28.882400
0.194228 57.838200
0.194418 17.465300
0.194608 77.368400
0.194798 74.378200
0.194988 28.872400
0.195178 20.615200
0.195367 66.091900
0.195557 12.647400
0.195747 51.105300
0.195937 43.673800
0.196127 30.738200
0.196317 11.201700
0.196507 15.741600
0.196696 27.471500
0.196886 53.335300
0.197076 34.275200
0.197266 69.231200
0.197456 36.815200
0.197646 8.723830
0.197836 84.834600
0.198025 60.506300
0.198215 15.099000
0.198405 50.544900
0.198595 33.760900
0.198785 68.502900
0.198975 41.508200
0.199165 13.179600
0.199544 24.706600
0.199734 26.194100
0.199924 31.949800
0.200114 36.775700
0.200304 36.297000
0.200494 44.534700
0.200684 42.026100
0.200873 43.681900
0.201063 7.192180
0.201253 29.908200
0.201443 29.123700
0.201633 18.039700
0.201823 67.541600
0.202013 24.978800
0.202202 43.241700
0.202392 60.440000
0.202582 55.485900
0.202772 64.462500
0.203152 30.190700
0.203342 27.134500
0.203531 58.183100
0.203721 68.798900
0.203911 91.094300
0.204101 58.322600
0.204291 9.540580
0.204481 16.926600
0.204671 7.717490
0.204860 37.008200
0.205050 53.021700
0.205240 10.007300
0.205430 42.166000
0.205620 33.348300
0.205810 61.001900
0.206000 58.897900
0.206189 33.621700
0.206379 30.956000
0.206569 65.707400
0.206759 97.039500
0.206949 52.685100
0.207139 44.324700
0.207329 98.382300
0.207519 70.533300
0.207708 68.744900
0.207898 26.317300
0.208088 52.630100
0.208278 38.285300
0.208468 20.394300
0.208658 32.315700
0.208848 8.962530
0.209037 37.576200
0.209227 57.400200
0.209417 50.077100
0.209607 70.384400
0.209797 26.614600
0.209987 16.058700
0.210177 45.594500
0.210366 31.560100
0.210556 26.654800
0.210746 35.451600
0.210936 40.622500
0.211126 7.537770
0.211316 53.319900
0.211506 47.289400
0.211695 8.257920
0.211885 29.974800
0.212075 62.879700
0.212265 32.202400
0.212455 36.643500
0.212645 48.833300
0.212835 31.229800
0.213024 23.566500
0.213214 16.487300
0.213404 38.708900
0.213594 37.606400
0.213784 35.589400
0.213974 38.496200
0.214164 51.943000
0.214354 70.255800
0.214543 74.872200
0.214733 38.408500
0.214923 34.562100
0.215113 75.362000
0.215303 70.297300
0.215493 26.792300
0.215683 24.030900
0.215872 23.015000
0.216062 53.371400
0.216252 63.935000
0.216442 55.116800
0.216632 51.433300
0.216822 31.039300
0.217012 29.314400
0.217201 21.911000
0.217391 66.594200
0.217581 13.999800
0.217771 31.911800
0.217961 51.048900
0.218151 20.801800
0.218341 8.349120
0.218530 40.749200
0.218720 7.355600
0.218910 27.262500
0.219100 62.461500
0.219290 25.695100
0.219480 62.166100
0.219670 15.878400
0.219860 33.559500
0.220049 49.602300
0.220239 41.488100
0.220429 78.075400
0.220619 39.821500
0.220809 84.218400
0.220999 36.956900
0.221189 48.231900
0.221378 30.882000
0.221568 22.070600
0.221758 64.992000
0.221948 31.314700
0.222138 45.400000
0.222328 8.769140
0.222518 71.524900
0.222707 59.213800
0.222897 83.985700
0.223087 22.273100
0.223277 29.720300
0.223467 55.972500
0.223657 26.384100
0.223847 50.939700
0.224036 53.257000
0.224226 46.051400
0.224416 16.209400
0.224606 41.354000
0.224796 43.333800
0.224986 34.079600
0.225176 27.171200
0.225365 22.449900
0.225555 60.332800
0.225745 34.015900
0.225935 66.568100
0.226125 32.173500
0.226315 3.696420
0.226505 73.953700
0.226695 21.876600
0.226884 56.902500
0.227074 88.265400
0.227264 25.844600
0.227454 74.997400
0.227644 49.624300
0.227834 45.476000
0.228024 34.872200
0.228213 63.606600
0.228403 39.157300
0.228593 58.216000
0.228783 82.698000
0.228973 9.105290
0.229163 41.949100
0.229353 10.028400
0.229542 53.535800
0.229732 37.195900
0.229922 56.320800
0.230112 4.370270
0.230302 36.598300
0.230492 8.416230
0.230682 71.862800
0.230871 28.911000
0.231061 27.643800
0.231251 59.392100
0.231441 36.504600
0.231631 29.858800
0.231821 22.354600
0.232011 61.804400
0.232200 67.613700
0.232390 43.241000
0.232580 20.613500
0.232770 35.462400
0.232960 34.161600
0.233150 51.336300
0.233340 44.052700
0.233530 22.567800
0.233719 44.722400
0.233909 35.756500
0.234099 56.949100
0.234289 42.403000
0.234479 67.133800
0.234669 42.004500
0.234859 23.179100
0.235048 54.072700
0.235238 41.605300
0.235428 37.654200
0.235618 40.739100
0.235808 28.547600
0.235998 58.597700
0.236188 67.378800
0.236377 34.529600
0.236567 7.761580
0.236757 18.339700
0.236947 32.508300
0.237137 35.595200
0.237327 49.608200
0.237517 30.332100
0.237706 49.359200
0.237896 36.623300
0.238086 36.087200
0.238276 58.582900
0.238656 69.529000
0.238846 27.262900
0.239036 26.941100
0.239225 82.682700
0.239415 35.131700
0.239605 9.282490
0.239795 34.392700
0.239985 34.055900
0.240175 22.242700
0.240365 68.998200
0.240554 48.375900
0.240744 43.375000
0.240934 53.404200
0.241124 55.203400
0.241314 10.602100
0.241504 55.583200
0.241694 38.490600
0.241883 39.412300
0.242073 42.313200
0.242263 53.294100
0.242453 47.921000
0.242643 43.214700
0.242833 55.025100
0.243023 36.859300
0.243212 34.943800
0.243402 44.165100
0.243592 19.368100
0.243782 54.774700
0.243972 23.308500
0.244162 21.749800
0.244352 40.084200
0.244541 32.069600
0.244731 19.243900
0.244921 41.720500
0.245111 53.597100
0.245301 36.477300
0.245491 62.040900
0.245681 53.826300
0.245871 61.089100
0.246060 38.749900
0.246250 75.177100
0.246440 15.680900
0.246630 94.285900
0.246820 45.119200
0.247010 36.433300
0.247200 28.832400
0.247389 81.779100
0.247579 16.504100
0.247769 41.088500
0.247959 42.321500
0.248149 39.217800
0.248339 53.662300
0.248529 40.030500
0.248718 85.031100
0.248908 41.520300
0.249098 65.000200
0.249288 22.035500
0.249478 45.236600
0.249668 17.847500
0.249858 49.422200
0.250047 50.453700
0.250237 42.649300
0.250427 10.527700
0.250617 65.974800
0.250807 74.994600
0.250997 32.267800
0.251187 73.298900
0.251376 45.228500
0.251566 66.417600
0.251756 51.167300
0.251946 83.894200
0.252136 1.966930
0.252326 55.156900
0.252516 36.924600
0.252706 58.636900
0.252895 28.656900
0.253085 21.507900
0.253275 58.346600
0.253465 18.805300
0.253655 62.634300
0.253845 56.058800
0.254035 43.633600
0.254224 28.881000
0.254414 8.947160
0.254604 60.694500
0.254794 40.918700
0.254984 8.132410
0.255174 29.158900
0.255364 49.571900
0.255553 56.937900
0.255743 52.542200
0.255933 37.155200
0.256123 37.250100
0.256313 37.519700
0.256503 54.958400
0.256693 49.551400
0.256882 34.229500
0.257072 53.764700
0.257262 53.969600
0.257452 36.882700
0.257642 51.410800
0.257832 91.566800
0.258022 36.350700
0.258212 56.385000
0.258401 66.772700
0.258591 38.681200
0.258781 35.951500
0.258971 60.461800
0.259161 81.120700
0.259351 70.000200
0.259541 64.400500
0.259730 50.120400
0.259920 19.378600
0.260110 23.385400
0.260300 35.034700
0.260490 71.276100
0.260680 30.309600
0.260870 42.777300
0.261059 55.961900
0.261249 49.197600
0.261439 57.814400
0.261629 46.856100
0.261819 7.737900
0.262009 50.326800
0.262199 33.302200
0.262388 66.152200
0.262578 39.920000
0.262768 43.959900
0.262958 43.547000
0.263148 51.345600
0.263338 52.343600
0.263528 57.963000
0.263717 42.265100
0.263907 56.942800
0.264097 55.990800
0.264287 41.800300
0.264477 36.194500
0.264667 18.409000
0.264857 39.546000
0.265047 67.882600
0.265236 53.917100
0.265426 58.947100
0.265806 33.340100
0.265996 62.303500
0.266186 9.803540
0.266376 95.319600
0.266565 41.863700
0.266755 80.828900
0.266945 49.740500
0.267135 91.888300
0.267325 35.346000
0.267515 30.364600
0.267705 49.553800
0.267894 55.558300
0.268084 31.301700
0.268274 18.152900
0.268464 69.814000
0.268654 47.417200
0.268844 39.233800
0.269034 47.267700
0.269223 64.449200
0.269413 53.432400
0.269603 12.701100
0.269793 71.491000
0.269983 40.332100
0.270173 50.069600
0.270363 13.349800
0.270552 50.024200
0.270742 77.342400
0.270932 41.814900
0.271122 40.843800
0.271312 32.394600
0.271502 27.895600
0.271692 63.462200
0.271882 37.563600
0.272071 56.120600
0.272261 41.618100
0.272451 48.187600
0.272641 26.880100
0.272831 27.372400
0.273021 8.643580
0.273211 6.691370
0.273400 27.764200
0.273590 57.899200
0.273780 99.715500
0.273970 48.697800
0.274160 15.185600
0.274350 63.448900
0.274540 42.444900
0.274729 51.101400
0.274919 29.182700
0.275109 58.316300
0.275299 6.070230
0.275489 10.047400
0.275679 66.109100
0.275869 48.394900
0.276058 61.283400
0.276248 37.485200
0.276438 61.817900
0.276628 31.952000
0.276818 51.921700
0.277008 34.920300
0.277198 69.694600
0.277388 93.158700
0.277577 46.282700
0.277767 26.159900
0.277957 7.352910
0.278147 53.831600
0.278337 11.059900
0.278527 96.149600
0.278717 33.580900
0.278906 43.939800
0.279096 43.572200
0.279286 50.644300
0.279476 56.636000
0.279666 64.526600
0.279856 33.658200
0.280046 88.082500
0.280235 51.772000
0.280425 60.532400
0.280615 71.152000
0.280805 28.602500
0.280995 89.415000
0.281185 63.010100
0.281375 44.328500
0.281564 80.658300
0.281754 70.967500
0.281944 50.597000
0.282134 34.734800
0.282324 75.850400
0.282514 9.213690
0.282704 20.261900
0.282893 54.002400
0.283083 46.723400
0.283273 10.571200
0.283463 85.053000
0.283653 80.734400
0.283843 52.942500
0.284033 40.626700
0.284223 39.888300
0.284412 52.845000
0.284602 41.455400
0.284792 7.414410
0.284982 5.762590
0.285172 6.466490
0.285362 19.335400
0.285552 9.304260
0.285741 43.354200
0.285931 45.752800
0.286121 17.967700
0.286311 15.798500
0.286501 9.819210
0.286691 45.565600
0.286881 51.164800
0.287070 33.249000
0.287260 36.166500
0.287450 52.594700
0.287640 22.442900
0.287830 13.958900
0.288020 45.417500
0.288210 58.558800
0.288399 62.400900
0.288589 89.901800
0.288779 75.928300
0.288969 38.481600
0.289159 45.525300
0.289349 65.541200
0.289539 58.690100
0.289728 20.073700
0.289918 36.887500
0.290108 51.543000
0.290298 53.379300
0.290488 24.513300
0.290678 80.351200
0.290868 42.974300
0.291058 52.469900
0.291247 61.140300
0.291437 59.394400
0.291627 22.659400
0.291817 55.330900
0.292007 61.536600
0.292197 64.690400
0.292387 34.517400
0.292576 54.051400
0.292766 56.719600
0.292956 63.193300
0.293146 66.836700
0.293336 18.875100
0.293526 27.365400
0.293716 44.713600
0.293905 57.773300
0.294095 35.720700
0.294285 60.430600
0.294475 41.732500
0.294665 57.091800
0.294855 18.069100
0.295045 57.662300
0.295234 29.221300
0.295424 46.346200
0.295614 38.180200
0.295804 32.017700
0.295994 30.661500
0.296184 39.206700
0.296374 67.612000
0.296564 33.271600
0.296753 30.663600
0.296943 43.211800
0.297133 36.294000
0.297323 50.798800
0.297513 38.663900
0.297703 39.487900
0.297893 44.211300
0.298082 35.924400
0.298272 46.730300
0.298462 73.559900
0.298652 36.545200
0.298842 36.378900
0.299032 24.390900
0.299222 10.095400
0.299601 60.628100
0.299791 40.099000
0.299981 69.928800
0.300171 15.298800
0.300361 26.405300
0.300551 92.344500
0.300740 74.165000
0.300930 11.823100
0.301120 7.823800
0.301310 50.828900
0.301500 43.154600
0.301690 45.614700
0.301880 52.396800
0.302069 13.195100
0.302259 38.917400
0.302449 7.806380
0.302639 52.281400
0.302829 59.435100
0.303019 66.778600
0.303209 43.517500
0.303399 37.040200
0.303588 10.087900
0.303778 25.422300
0.303968 24.632400
0.304158 54.803800
0.304348 40.405300
0.304538 28.945500
0.304728 9.896480
0.304917 92.644000
0.305107 7.725990
0.305297 34.276900
0.305487 23.279400
0.305677 24.739800
0.305867 61.140400
0.306057 48.934900
0.306246 55.801500
0.306436 66.270000
0.306626 18.379200
0.306816 57.000900
0.307006 61.365300
0.307196 10.664800
0.307386 22.081200
0.307575 37.671500
0.307765 14.765300
0.307955 17.020600
0.308145 55.515000
0.308335 8.442280
0.308525 71.449900
0.308715 26.538700
0.308904 7.901760
0.309094 51.278500
0.309284 32.584500
0.309474 79.284300
0.309664 47.869600
0.309854 74.179000
0.310044 19.588100
0.310234 26.927200
0.310423 57.973100
0.310613 56.457400
0.310803 17.770300
0.310993 54.221000
0.311183 38.684300
0.311373 37.288600
0.311563 80.027100
0.311752 28.273600
0.311942 48.348700
0.312132 24.225100
0.312322 25.616600
0.312512 40.896600
0.312702 73.978700
0.312892 25.560000
0.313081 29.707400
0.313271 10.052300
0.313461 53.164700
0.313651 41.223900
0.313841 69.227700
0.314031 42.310600
0.314221 68.924800
0.314410 80.712200
0.314600 61.224900
0.314790 32.520800
0.314980 53.867800
0.315170 4.033100
0.315360 57.467100
0.315550 62.855300
0.315740 56.149300
0.315929 80.394900
0.316119 15.579900
0.316309 59.850200
0.316499 32.820900
0.316689 56.593900
0.316879 32.064200
0.317069 79.891800
0.317258 24.375200
0.317448 85.791600
0.317638 57.691200
0.317828 22.955900
0.318018 20.486000
0.318208 56.377100
0.318398 46.371600
0.318587 85.930800
0.318777 43.920400
0.318967 85.265700
0.319157 51.478200
0.319347 60.955800
0.319537 59.793400
0.319727 84.526100
0.319916 44.798800
0.320106 56.807700
0.320296 44.715500
0.320486 60.657800
0.320676 30.526300
0.320866 39.853900
0.321056 44.201500
0.321245 35.131000
0.321435 36.189200
0.321625 37.986700
0.321815 34.244000
0.322005 63.269100
0.322195 68.654700
0.322385 48.013400
0.322575 25.439400
0.322764 52.537700
0.322954 58.071100
0.323144 58.615400
0.323334 18.506600
0.323524 55.751600
0.323714 55.784500
0.323904 40.015500
0.324093 31.827400
0.324283 42.769100
0.324473 11.547300
0.324663 53.021400
0.324853 79.386300
0.325043 21.924900
0.325233 58.155700
0.325422 37.654900
0.325612 75.446700
0.325802 27.201500
0.325992 35.832500
0.326182 82.857700
0.326372 64.939000
0.326562 29.523700
0.326751 47.740100
0.326941 47.639800
0.327131 86.837500
0.327321 15.728100
0.327511 27.773300
0.327701 29.105600
0.327891 55.379500
0.328081 48.595900
0.328270 38.282000
0.328460 26.382700
0.328650 27.369300
0.328840 22.584000
0.329030 57.823600
0.329220 38.653400
0.329410 61.162700
0.329599 55.129900
0.329789 75.481400
0.329979 43.820300
0.330169 8.995110
0.330359 26.860800
0.330549 27.889200
0.330739 33.621300
0.330928 35.178500
0.331118 38.527000
0.331308 24.781000
0.331498 53.234600
0.331688 54.849700
0.331878 68.004600
0.332068 48.950300
0.332257 20.273100
0.332447 24.812700
0.332637 34.202500
0.332827 50.154200
0.333017 30.411700
0.333207 6.404070
0.333397 41.688600
0.333586 88.555000
0.333776 87.480700
0.333966 38.787500
0.334156 45.475700
0.334346 30.378800
0.334536 31.180500
0.334726 67.253400
0.334916 49.150100
0.335105 39.670400
0.335295 38.223500
0.335485 47.006800
0.335675 71.190600
0.335865 15.537300
0.336055 37.502700
0.336245 42.606300
0.336434 52.999100
0.336624 91.876500
0.336814 28.706000
0.337004 26.131000
0.337194 9.442180
0.337384 29.813600
0.337574 40.496900
0.337763 9.826230
0.337953 62.751700
0.338143 53.417900
0.338333 27.046900
0.338523 41.888100
0.338713 30.516900
0.338903 44.467300
0.339092 49.473000
0.339282 22.991600
0.339472 51.515300
0.339662 45.045900
0.339852 14.959900
0.340042 33.093400
0.340232 44.261800
0.340421 47.093300
0.340611 35.313600
0.340801 30.408400
0.340991 3.863880
0.341181 7.177620
0.341371 60.117100
0.341561 54.627400
0.341751 58.455800
0.341940 43.123400
0.342130 44.561600
0.342320 51.594200
0.342510 39.179800
0.342700 21.354700
0.342890 29.587600
0.343080 41.263100
0.343269 68.291400
0.343459 24.338900
0.343649 49.673800
0.343839 36.777600
0.344029 44.297600
0.344219 25.685700
0.344409 38.503600
0.344598 55.365500
0.344788 25.544000
0.344978 77.972800
0.345168 68.393900
0.345358 32.896900
0.345548 48.347700
0.345738 63.536900
0.345927 10.373100
0.346117 44.613700
0.346307 43.730700
0.346497 45.286400
0.346687 41.758600
0.346877 17.376900
0.347067 59.408200
0.347257 58.394200
0.347446 45.401200
0.347636 19.050700
0.347826 21.558800
0.348016 37.724900
0.348206 87.608700
0.348396 55.021800
0.348586 28.200800
0.348775 39.672600
0.348965 31.665000
0.349155 33.086000
0.349345 22.357400
0.349535 42.060600
0.349725 51.583600
0.349915 49.215600
0.350104 3.975490
0.350294 27.806800
0.350484 72.002200
0.350674 39.158400
0.350864 62.299400
0.351054 93.386300
0.351244 42.636100
0.351433 54.206400
0.351623 55.994000
0.351813 65.446500
0.352003 28.314600
0.352193 90.887700
0.352383 8.353290
0.352573 34.852500
0.352762 37.299600
0.352952 64.570600
0.353142 49.677500
0.353332 24.867700
0.353522 10.480900
0.353712 17.795100
0.353902 8.847370
0.354092 69.802500
0.354281 59.924600
0.354471 79.403800
0.354661 62.526800
0.354851 34.178600
0.355041 32.215800
0.355231 17.623900
0.355421 6.590670
0.355610 52.748000
0.355800 83.010300
0.355990 87.169200
0.356180 24.738700
0.356370 53.694300
0.356560 33.779500
0.356750 42.507900
0.356939 43.311800
0.357129 24.820600
0.357319 6.046750
0.357509 54.892200
0.357699 53.024800
0.357889 36.910200
0.358079 3.671930
0.358268 31.584500
0.358458 7.545440
0.358648 62.120700
0.358838 37.203000
0.359028 17.222300
0.359218 49.736600
0.359408 33.089800
0.359597 50.380500
0.359787 20.087900
0.359977 41.022600
0.360167 36.040900
0.360357 18.404900
0.360547 25.952100
0.360737 41.013000
0.360927 5.023190
0.361116 30.342800
0.361306 41.419000
0.361496 68.864500
0.361686 42.101900
0.361876 50.609300
0.362066 33.061300
0.362256 59.808400
0.362445 44.616300
0.362635 56.379500
0.362825 36.872100
0.363015 52.825100
0.363205 56.025000
0.363395 39.394300
0.363585 35.979300
0.363774 84.118400
0.364154 9.621300
0.364344 51.318900
0.364534 55.970500
0.364724 32.542700
0.364914 53.896900
0.365103 35.712400
0.365293 46.649800
0.365483 50.433700
0.365673 26.687100
0.365863 13.905600
0.366053 51.600600
0.366243 15.786300
0.366433 60.742200
0.366622 18.280300
0.366812 48.872000
0.367002 44.573500
0.367192 32.083600
0.367382 60.416900
0.367572 60.828800
0.367762 41.495000
0.367951 50.584800
0.368141 9.637470
0.368331 43.207900
0.368521 30.507200
0.368711 8.831710
0.368901 97.853400
0.369091 28.289000
0.369280 64.171800
0.369470 6.427890
0.369660 9.745340
0.369850 46.473600
0.370040 53.441100
0.370230 50.848000
0.370420 17.256700
0.370609 47.367500
0.370799 18.362300
0.370989 22.916400
0.371179 36.193000
0.371369 57.017100
0.371559 37.721600
0.371749 44.367400
0.371938 31.534200
0.372128 38.641200
0.372318 28.285600
0.372508 8.439300
0.372698 30.596700
0.372888 67.974100
0.373078 30.589600
0.373268 24.074200
0.373457 49.121500
0.373647 7.672060
0.373837 44.278000
0.374027 20.131500
0.374217 34.935600
0.374407 44.690100
0.374597 25.812100
0.374786 83.894100
0.374976 26.096800
0.375166 59.139300
0.375356 93.273800
0.375546 43.495300
0.375736 40.596000
0.375926 59.874700
0.376115 17.667900
0.376305 84.114700
0.376495 22.709100
0.376685 33.790600
0.376875 66.103400
0.377065 42.633000
0.377255 32.416400
0.377444 21.346900
0.377634 29.211300
0.377824 60.695500
0.378014 28.119700
0.378204 58.262600
0.378394 32.040700
0.378584 21.320900
0.378773 32.716800
0.378963 62.804300
0.379153 29.546700
0.379343 47.558700
0.379533 50.609000
0.379723 71.227900
0.379913 56.565700
0.380103 55.419300
0.380292 9.349660
0.380482 35.318600
0.380672 56.638200
0.380862 41.973300
0.381052 49.786100
0.381242 48.436400
0.381432 21.827800
0.381621 19.530400
0.381811 63.633700
0.382001 49.341900
0.382191 57.908600
0.382381 76.316900
0.382571 19.039300
0.382761 25.580200
0.382950 54.116700
0.383140 9.211730
0.383330 14.540300
0.383520 44.793000
0.383710 57.456300
0.383900 46.616900
0.384090 61.976000
0.384279 34.401400
0.384469 53.360800
0.384659 42.889400
0.384849 14.466700
0.385039 9.651510
0.385229 33.005600
0.385419 19.782900
0.385609 48.475100
0.385798 65.807400
0.385988 66.635000
0.386178 44.939100
0.386368 9.598060
0.386558 24.991400
0.386748 20.971200
0.386938 18.661500
0.387127 28.107200
0.387317 32.543800
0.387507 49.006700
0.387697 41.459500
0.387887 42.932900
0.388077 83.401400
0.388267 18.663300
0.388456 23.590600
0.388646 54.620100
0.388836 64.683100
0.389026 25.010000
0.389216 27.537200
0.389406 72.678600
0.389596 75.507600
0.389785 19.908400
0.389975 51.104300
0.390165 61.397500
0.390355 56.372500
0.390545 16.637000
0.390735 75.358200
0.390925 24.426300
0.391114 54.887800
0.391304 76.888500
0.391494 34.365100
0.391684 57.494200
0.391874 46.444300
0.392064 42.656400
0.392254 31.113100
0.392444 20.999200
0.392633 46.067200
0.392823 50.833600
0.393013 81.354500
0.393203 34.666200
0.393393 20.304600
0.393583 47.010400
0.393773 33.052700
0.393962 54.869300
0.394152 47.314600
0.394342 21.777100
0.394532 1.734180
0.394912 40.519800
0.395102 55.112100
0.395291 48.303200
0.395481 31.834900
0.395671 64.977000
0.395861 39.379800
0.396051 8.309150
0.396241 34.737600
0.396431 16.971100
0.396620 6.019510
0.396810 9.611600
0.397000 5.404870
0.397190 48.203900
0.397380 49.819200
0.397570 43.977900
0.397760 38.880300
0.397949 49.329300
0.398139 31.593300
0.398329 20.988300
0.398519 36.144400
0.398709 5.511010
0.398899 60.824100
0.399089 64.210800
0.399279 47.484500
0.399468 53.137200
0.399658 48.908300
0.399848 66.420000
0.400038 8.694130
0.400228 36.884200
0.400418 6.094930
0.400608 30.271600
0.400797 8.431310
0.400987 43.704000
0.401177 40.019500
0.401367 64.813300
0.401557 60.325700
0.401747 49.787400
0.401937 66.377300
0.402126 46.415600
0.402316 34.085400
0.402506 68.512200
0.402696 24.973800
0.402886 35.785200
0.403076 9.451600
0.403266 91.351400
0.403455 67.937400
0.403645 56.374800
0.403835 67.922000
0.404025 25.011500
0.404215 44.721100
0.404405 31.106800
0.404595 54.214600
0.404785 67.896900
0.404974 25.867400
0.405164 49.961200
0.405354 71.465300
0.405544 36.680100
0.405734 6.344650
0.405924 70.794600
0.406114 57.296300
0.406303 49.067300
0.406493 34.592400
0.406683 33.957200
0.406873 30.604600
0.407063 64.266600
0.407253 4.987890
0.407443 82.145300
0.407632 28.054700
0.407822 73.729900
0.408012 30.028300
0.408202 32.105500
0.408392 39.145700
0.408582 37.129800
0.408772 38.022800
0.408961 22.892800
0.409151 20.181800
0.409341 54.395600
0.409531 14.011800
0.409721 32.634600
0.409911 33.766700
0.410101 53.214200
0.410290 88.252200
0.410480 81.166200
0.410670 44.139800
0.410860 36.343000
0.411050 41.139000
0.411240 52.247700
0.411430 31.115100
0.411620 33.046500
0.411809 47.637000
0.411999 47.340100
0.412189 43.571500
0.412379 23.257800
0.412569 41.144400
0.412759 10.128800
0.412949 35.624200
0.413138 38.816100
0.413328 46.866700
0.413518 36.920100
0.413708 44.133300
0.413898 21.222600
0.414088 45.862400
0.414278 47.749500
0.414467 40.541300
0.414657 85.774500
0.414847 27.090100
0.415037 17.844600
0.415227 42.033200
0.415417 18.550500
0.415607 15.451500
0.415796 14.441900
0.415986 71.011700
0.416176 51.914700
0.416366 62.839800
0.416556 15.445600
0.416746 78.018300
0.416936 54.995000
0.417125 42.033500
0.417315 73.332400
0.417505 31.077200
0.417695 10.799900
0.417885 23.447500
0.418075 64.583700
0.418265 62.945000
0.418455 29.815500
0.418644 21.763600
0.418834 42.359700
0.419024 53.773600
0.419214 69.553500
0.419404 79.216700
0.419594 12.867700
0.419784 45.806700
0.419973 63.307200
0.420163 33.964600
0.420353 79.154700
0.420543 96.004200
0.420733 26.318500
0.420923 61.987400
0.421113 76.078000
0.421302 18.107000
0.421492 39.430600
0.421682 54.778700
0.421872 48.352600
0.422062 30.766600
0.422252 15.510800
0.422442 38.742400
0.422631 72.501300
0.422821 32.169900
0.423011 26.801900
0.423201 51.971700
0.423391 11.142200
0.423581 50.468700
0.423771 56.240300
0.423961 59.046100
0.424150 44.453200
0.424340 78.583900
0.424530 39.462400
0.424720 66.769700
0.424910 26.413000
0.425100 19.771900
0.425290 41.334200
0.425479 62.937600
0.425669 60.767700
0.425859 28.163600
0.426049 28.617500
0.426239 54.298800
0.426429 45.843000
0.426619 54.006500
0.426808 22.754000
0.426998 40.044800
0.427188 30.877200
0.427378 58.260600
0.427568 44.523000
0.427758 44.870300
0.427948 9.281120
0.428137 24.991700
0.428327 52.952000
0.428517 19.128300
0.428707 40.918100
0.428897 52.768400
0.429087 59.291300
0.429277 20.707000
0.429466 21.699100
0.429656 36.406900
0.429846 24.361800
0.430036 51.226800
0.430226 52.045100
0.430416 55.512500
0.430606 39.589500
0.430796 41.819700
0.430985 61.858000
0.431175 56.218300
0.431365 60.240700
0.431555 36.041700
0.431745 71.927100
0.431935 60.254600
0.432125 59.897400
0.432314 57.671800
0.432504 42.455200
0.432694 76.506500
0.432884 13.142900
0.433074 39.719900
0.433264 48.983900
0.433454 12.197800
0.433643 14.822400
0.433833 44.722900
0.434023 63.887800
0.434213 32.421400
0.434403 27.132200
0.434593 57.851600
0.434783 35.710900
0.434972 96.347800
0.435162 52.383800
0.435352 41.341600
0.435542 10.022400
0.435732 66.708700
0.435922 64.688100
0.436112 29.482500
0.436301 41.235000
0.436491 44.277500
0.436681 51.075100
0.436871 81.231600
0.437061 32.273600
0.437251 31.433200
0.437441 40.878600
0.437631 40.036800
0.437820 18.227100
0.438010 31.016800
0.438200 20.790400
0.438390 51.397200
0.438580 78.132700
0.438770 55.166100
0.438960 26.225100
0.439149 9.631540
0.439339 52.318800
0.439529 6.977070
0.439719 48.265700
0.439909 52.759900
0.440099 32.851600
0.440289 28.626100
0.440478 57.524600
0.440668 49.593800
0.440858 59.569000
0.441048 29.372800
0.441238 32.363000
0.441428 66.009700
0.441618 14.065200
0.441807 29.767900
0.441997 89.313300
0.442187 58.329000
0.442377 18.365800
0.442567 39.311400
0.442947 50.124800
0.443137 66.145800
0.443326 64.165800
0.443516 47.880300
0.443706 54.579300
0.443896 35.471600
0.444086 48.969900
0.444276 62.472200
0.444466 34.187800
0.444655 38.675200
0.444845 41.897300
0.445035 14.302400
0.445225 78.567500
0.445415 41.755400
0.445605 8.886960
0.445795 73.612000
0.445984 26.456600
0.446174 63.966800
0.446364 64.719700
0.446554 8.233360
0.446744 8.901370
0.446934 27.754700
0.447124 24.451400
0.447313 59.121700
0.447503 38.632500
0.447693 85.227600
0.447883 9.011230
0.448073 59.267200
0.448263 46.974400
0.448453 51.225800
0.448642 30.271200
0.448832 75.442400
0.449022 61.679100
0.449212 86.307500
0.449402 22.880900
0.449592 50.508800
0.449782 15.257300
0.449972 64.256700
0.450161 18.155000
0.450351 31.692700
0.450541 37.732600
0.450731 27.323100
0.450921 40.493900
0.451111 90.927100
0.451301 49.558900
0.451490 32.584300
0.451680 13.355400
0.451870 56.267700
0.452060 68.567000
0.452250 68.914000
0.452440 69.866000
0.452630 41.997200
0.452819 21.859500
0.453009 29.710300
0.453199 31.872700
0.453389 8.776500
0.453579 36.248700
0.453769 19.844600
0.453959 70.339200
0.454148 72.555500
0.454338 76.340400
0.454528 27.941600
0.454718 45.805900
0.454908 56.852000
0.455098 70.185700
0.455288 66.168900
0.455478 49.174700
0.455667 20.840500
0.455857 59.568900
0.456047 95.081100
0.456237 31.874000
0.456427 30.228700
0.456617 41.691300
0.456807 78.161000
0.456996 19.213400
0.457186 48.255300
0.457376 34.398800
0.457566 18.085800
0.457756 21.194300
0.457946 29.725800
0.458136 29.652900
0.458325 85.938800
0.458515 39.875200
0.458705 9.989790
0.458895 55.081000
0.459085 54.576600
0.459275 30.143500
0.459465 6.679080
0.459654 81.129500
0.459844 29.732600
0.460034 58.471500
0.460224 43.615100
0.460414 50.571200
0.460604 80.443300
0.460794 63.735900
0.460983 67.960600
0.461173 32.979700
0.461363 47.220000
0.461553 29.328100
0.461743 28.911400
0.462123 24.624800
0.462313 21.469800
0.462502 46.283300
0.462692 28.629900
0.462882 45.452300
0.463072 36.379100
0.463262 68.072800
0.463452 41.429100
0.463642 28.743500
0.463831 73.315400
0.464021 33.560400
0.464211 52.076100
0.464401 30.424900
0.464591 60.176600
0.464781 58.539400
0.464971 75.373100
0.465160 25.449300
0.465350 58.601500
0.465540 51.928500
0.465730 42.931900
0.465920 41.735300
0.466110 37.689200
0.466300 20.948900
0.466489 44.194500
0.466679 45.575300
0.466869 34.493700
0.467059 7.515370
0.467249 77.587100
0.467439 31.095700
0.467629 11.422200
0.467818 62.604300
0.468008 46.147800
0.468198 8.496270
0.468388 23.954800
0.468578 36.565200
0.468768 49.456500
0.468958 61.526900
0.469148 27.527900
0.469337 95.328300
0.469527 8.073200
0.469717 47.428700
0.469907 35.685700
0.470097 34.273400
0.470287 57.951000
0.470477 24.728500
0.470666 20.063100
0.470856 2.248600
0.471046 28.186500
0.471236 27.840900
0.471426 50.711600
0.471616 33.406500
0.471806 53.400000
0.471995 63.294400
0.472185 45.701400
0.472375 42.924400
0.472565 24.630900
0.472755 22.818100
0.472945 31.407600
0.473135 61.719700
0.473324 58.549500
0.473514 36.656400
0.473704 42.149600
0.473894 57.197500
0.474084 19.754100
0.474274 51.980200
0.474464 24.847100
0.474654 27.393700
0.474843 39.133700
0.475033 70.660400
0.475223 45.539100
0.475413 31.120600
0.475603 45.270200
0.475793 28.659200
0.475983 15.842500
0.476172 52.250400
0.476362 26.507600
0.476552 28.307700
0.476742 58.951100
0.476932 47.180000
0.477122 58.368400
0.477312 31.892100
0.477501 35.712500
0.477691 38.586500
0.477881 17.224000
0.478071 31.046400
0.478261 33.019900
0.478451 45.806800
0.478641 89.283900
0.478830 6.252940
0.479020 8.224540
0.479210 25.838800
0.479400 61.308000
0.479590 10.150000
0.479780 67.250500
0.479970 78.677200
0.480159 67.120500
0.480349 55.967300
0.480539 20.917100
0.480729 19.185900
0.480919 45.339800
0.481109 23.718500
0.481299 52.631700
0.481489 44.881700
0.481678 45.304100
0.481868 46.884500
0.482058 45.466800
0.482248 61.090400
0.482438 46.614200
0.482628 33.459800
0.482818 45.985400
0.483007 37.898300
0.483197 66.989300
0.483387 25.978500
0.483577 44.042500
0.483767 45.370600
0.483957 3.666240
0.484147 54.273700
0.484336 9.402640
0.484526 65.004600
0.484716 36.097700
0.484906 53.247300
0.485096 47.436400
0.485286 40.477100
0.485476 47.841100
0.485665 28.561100
0.485855 37.973800
0.486045 67.201100
0.486235 8.055710
0.486425 25.501300
0.486615 29.258000
0.486805 26.577200
0.486994 51.420900
0.487184 30.550200
0.487374 36.293600
0.487564 7.451260
0.487754 46.850000
0.487944 32.400400
0.488134 38.327400
0.488324 39.563800
0.488513 7.999690
0.488703 47.979500
0.488893 89.385900
0.489083 14.523400
0.489273 38.232100
0.489463 70.538400
0.489653 8.638100
0.489842 52.350700
0.490032 49.756000
0.490222 9.289200
0.490412 36.551800
0.490602 33.211800
0.490792 91.187100
0.490982 91.750600
0.491171 57.485700
0.491361 70.719200
0.491551 73.793700
0.491741 75.564000
0.491931 39.215400
0.492121 77.083000
0.492311 3.301570
0.492500 57.315900
0.492690 59.062700
0.492880 69.530900
0.493070 31.667700
0.493260 82.060500
0.493450 96.842800
0.493640 77.870200
0.493830 72.432700
0.494019 38.610600
0.494209 64.855400
0.494399 32.160600
0.494589 59.727400
0.494779 66.497400
0.494969 57.666000
0.495159 43.320500
0.495348 49.209400
0.495538 53.638400
0.495728 20.077500
0.495918 43.455200
0.496108 52.592800
0.496298 51.481800
0.496488 26.427600
0.496677 23.400700
0.496867 62.925200
0.497057 6.850530
0.497247 43.379600
0.497437 47.961900
0.497627 64.840700
0.497817 54.993500
0.498006 30.593000
0.498196 24.517800
0.498386 33.335500
0.498576 50.275300
0.498766 24.105300
0.498956 82.359000
0.499146 58.866300
0.499335 6.702420
0.499525 57.180900
0.499715 28.211000
0.499905 33.646600
0.500095 26.651800
0.500285 79.044400
0.500475 11.483900
0.500665 32.369500
0.500854 38.756700
0.501044 36.377300
0.501234 89.721600
0.501424 68.542000
0.501614 63.710700
0.501804 8.586040
0.501994 51.751300
0.502183 33.686200
0.502373 34.629900
0.502563 12.705200
0.502753 47.016700
0.502943 25.518300
0.503133 56.007600
0.503323 17.011800
0.503512 16.354900
0.503702 17.184100
0.503892 51.581700
0.504082 3.588710
0.504272 23.914400
0.504462 35.858800
0.504652 6.136070
0.504841 13.108400
0.505031 47.201600
0.505221 39.910900
0.505411 65.054900
0.505601 6.864720
0.505791 63.385400
0.505981 71.477000
0.506170 34.333700
0.506360 89.700200
0.506550 47.661000
0.506740 37.327700
0.506930 45.068900
0.507120 51.034000
0.507310 28.277600
0.507500 41.606800
0.507689 47.160100
0.507879 47.847400
0.508069 9.454200
0.508259 62.368700
0.508449 58.161300
0.508639 8.362940
0.508829 45.800200
0.509018 39.676800
0.509208 51.940000
0.509398 44.107600
0.509588 48.339200
0.509778 81.544600
0.509968 28.065000
0.510158 84.943800
0.510347 16.113600
0.510537 68.923800
0.510727 66.650400
0.510917 36.238800
0.511107 35.281200
0.511297 41.800400
0.511487 58.698400
0.511676 11.946200
0.511866 71.947400
0.512056 7.155820
0.512246 61.599700
0.512436 40.511600
0.512626 40.215600
0.512816 56.805100
0.513006 46.925800
0.513195 39.574300
0.513385 35.442300
0.513575 45.073200
0.513765 66.842600
0.513955 77.412000
0.514145 55.763500
0.514335 39.206400
0.514524 21.713000
0.514714 53.612100
0.514904 64.808300
0.515094 40.065500
0.515284 37.472300
0.515474 49.430400
0.515664 88.958000
0.515853 29.513600
0.516043 28.456900
0.516233 26.484100
0.516423 11.127300
0.516613 56.807800
0.516803 31.685100
0.516993 17.546200
0.517182 23.909500
0.517372 6.831470
0.517562 73.733800
0.517752 8.094410
0.517942 37.494200
0.518132 38.667200
0.518322 13.035100
0.518511 23.870000
0.518701 46.060200
0.518891 17.566000
0.519081 21.343900
0.519271 49.863900
0.519461 73.571000
0.519651 38.141400
0.519841 49.471200
0.520030 59.268500
0.520220 24.973700
0.520410 62.294700
0.520600 42.187100
0.520790 30.548400
0.520980 21.418200
0.521170 29.337200
0.521359 28.596400
0.521549 92.538500
0.521739 51.225900
0.521929 80.065900
0.522119 78.058400
0.522309 5.299450
0.522499 47.015600
0.522688 20.972200
0.522878 55.176400
0.523068 31.929200
0.523258 68.043400
0.523448 46.213600
0.523638 45.335700
0.523828 38.242100
0.524017 44.462700
0.524207 28.288300
0.524397 62.615900
0.524587 21.066200
0.524777 36.698800
0.524967 49.826000
0.525157 49.223200
0.525346 23.933500
0.525536 45.614200
0.525726 18.024100
0.525916 59.973100
0.526106 32.759300
0.526296 20.314300
0.526486 63.402300
0.526676 74.711500
0.526865 42.158400
0.527055 39.164100
0.527245 32.518100
0.527435 48.757400
0.527625 44.670500
0.527815 65.940400
0.528005 82.092500
0.528194 16.312400
0.528384 75.962600
0.528574 63.359800
0.528764 76.077000
0.528954 49.824100
0.529144 52.349400
0.529334 26.079200
0.529523 36.256200
0.529713 33.293300
0.529903 65.674900
0.530093 11.750400
0.530283 86.019000
0.530473 65.435600
0.530663 62.494000
0.530852 9.359930
0.531042 21.279100
0.531232 75.411600
0.531422 41.445900
0.531612 23.711600
0.531802 20.663400
0.531992 16.007000
0.532182 15.807500
0.532371 77.716700
0.532561 24.411400
0.532751 64.099100
0.532941 16.418800
0.533131 46.977900
0.533321 59.330200
0.533511 50.452500
0.533700 49.119900
0.533890 28.374900
0.534080 28.568900
0.534270 54.922600
0.534460 7.012270
0.534650 55.433200
0.534840 60.882800
0.535029 77.322000
0.535219 32.702100
0.535409 21.940700
0.535599 21.516100
0.535789 66.681700
0.535979 43.208400
0.536169 72.296700
0.536358 45.039400
0.536548 35.774300
0.536738 48.877400
0.536928 24.368800
0.537118 63.413300
0.537308 88.835100
0.537498 49.052900
0.537687 29.209000
0.537877 58.906300
0.538067 61.026800
0.538257 45.385900
0.538447 65.078400
0.538637 77.114900
0.538827 11.429000
0.539017 51.001300
0.539206 92.556600
0.539396 74.300600
0.539586 40.301800
0.539776 66.565000
0.539966 82.540400
0.540156 50.341900
0.540346 50.131200
0.540535 22.077200
0.540725 7.921710
0.540915 50.698900
0.541105 43.868200
0.541295 48.401700
0.541485 46.776600
0.541675 16.006700
0.541864 35.085000
0.542054 53.289100
0.542244 33.040300
0.542434 20.193400
0.542624 50.495700
0.542814 18.424700
0.543004 17.023400
0.543193 9.443150
0.543383 83.499900
0.543573 30.222800
0.543763 43.945700
0.543953 15.012300
0.544143 36.194100
0.544333 46.229400
0.544522 25.506100
0.544712 76.086600
0.544902 55.716600
0.545092 41.314900
0.545282 86.346600
0.545472 29.095400
0.545662 27.117200
0.545852 53.323200
0.546041 39.039800
0.546231 47.564100
0.546421 95.608600
0.546611 64.061300
0.546801 78.939900
0.546991 29.339500
0.547181 39.587900
0.547370 55.884200
0.547560 57.952400
0.547750 31.946800
0.547940 78.785400
0.548130 83.956500
0.548320 88.642200
0.548510 9.906880
0.548699 90.340000
0.548889 56.466700
0.549079 38.463800
0.549269 33.355500
0.549459 33.430000
0.549649 36.181200
0.549839 26.688400
0.550028 48.576700
0.550218 46.509900
0.550408 34.863500
0.550598 16.975400
0.550788 34.880800
0.550978 6.412500
0.551168 52.197400
0.551358 46.506800
0.551547 70.179300
0.551737 10.021400
0.551927 68.319700
0.552117 62.371600
0.552307 53.563700
0.552497 3.750410
0.552687 77.360800
0.552876 41.847800
0.553066 20.049200
0.553256 41.052000
0.553446 54.176200
0.553636 63.935100
0.553826 28.998200
0.554016 37.263600
0.554205 46.882500
0.554395 6.864280
0.554585 65.695600
0.554775 67.864900
0.554965 10.949600
0.555155 32.451900
0.555345 37.609600
0.555534 44.249300
0.555724 76.024100
0.555914 9.077470
0.556104 24.395200
0.556294 28.592500
0.556484 7.409500
0.556674 32.970400
0.556863 3.648530
0.557053 60.662600
0.557243 29.488800
0.557433 62.736300
0.557623 7.376150
0.557813 68.483900
0.558003 45.528500
0.558193 21.332100
0.558382 61.659400
0.558572 36.878700
0.558762 55.005800
0.558952 35.825200
0.559142 6.243440
0.559332 43.090200
0.559522 46.163400
0.559711 66.642600
0.559901 85.671500
0.560091 36.542800
0.560281 72.830100
0.560471 55.214600
0.560661 48.359100
0.560851 53.763200
0.561040 46.686900
0.561230 44.639500
0.561420 37.577300
0.561610 25.774800
0.561800 43.635100
0.561990 83.407900
0.562180 69.548200
0.562369 78.101000
0.562559 82.110100
0.562749 56.128600
0.562939 33.146200
0.563129 53.185800
0.563319 45.890200
0.563509 28.972600
0.563699 61.243500
0.563888 41.222100
0.564078 56.483800
0.564268 40.615800
0.564458 51.986400
0.564648 62.048200
0.564838 53.409300
0.565028 23.209300
0.565217 48.498900
0.565407 22.129400
0.565787 44.305600
0.565977 46.348600
0.566167 75.125500
0.566357 82.504800
0.566546 56.502200
0.566736 71.085300
0.566926 40.646900
0.567116 46.896100
0.567306 79.141500
0.567496 22.558900
0.567686 79.931400
0.567875 37.914600
0.568065 40.000600
0.568255 34.890900
0.568445 33.473800
0.568635 41.198700
0.568825 37.332400
0.569015 21.788500
0.569204 63.244900
0.569394 10.860600
0.569584 47.553100
0.569774 34.426900
0.569964 59.919600
0.570154 23.687900
0.570344 79.866400
0.570534 24.953800
0.570723 24.082400
0.570913 57.542600
0.571103 16.414100
0.571293 30.242600
0.571483 89.948300
0.571673 55.518500
0.571863 25.720000
0.572052 33.050500
0.572242 25.630100
0.572432 50.301500
0.572622 67.494200
0.572812 66.732200
0.573002 39.692500
0.573192 63.185800
0.573381 62.222300
0.573571 44.455300
0.573761 44.643900
0.573951 37.821800
0.574141 47.688500
0.574331 80.409300
0.574521 77.316500
0.574710 9.510900
0.574900 43.914700
0.575090 59.207800
0.575280 93.642600
0.575470 20.624000
0.575660 68.662500
0.575850 28.959500
0.576039 22.175300
0.576229 33.091700
0.576419 33.443700
0.576609 60.560700
0.576799 3.604690
0.576989 8.355940
0.577179 81.441100
0.577369 37.935800
0.577558 45.112400
0.577748 39.535400
0.577938 39.669700
0.578128 42.047000
0.578318 73.053500
0.578508 68.689400
0.578698 45.211300
0.578887 29.552300
0.579077 95.035200
0.579267 52.147300
0.579457 34.253800
0.579647 43.782900
0.579837 54.457200
0.580027 40.257800
0.580216 68.536900
0.580406 16.368400
0.580596 6.045390
0.580786 34.177200
0.580976 47.851900
0.581166 31.099200
0.581356 29.332600
0.581545 27.499400
0.581735 47.046100
0.581925 40.176800
0.582115 44.187900
0.582305 61.430900
0.582495 23.035600
0.582685 27.627400
0.582875 26.760300
0.583064 60.244400
0.583254 33.257400
0.583444 46.669700
0.583634 32.754200
0.583824 69.153700
0.584014 48.282100
0.584204 63.095300
0.584393 22.360000
0.584583 15.003900
0.584773 71.181500
0.584963 34.878200
0.585153 50.697200
0.585343 41.296000
0.585533 62.198200
0.585722 55.638400
0.585912 46.136100
0.586102 61.721100
0.586292 32.503700
0.586482 24.026600
0.586672 33.135800
0.586862 4.822160
0.587051 72.151400
0.587241 7.595360
0.587431 39.244200
0.587621 26.687800
0.587811 7.336460
0.588001 58.922600
0.588191 27.788500
0.588380 46.512000
0.588570 36.149300
0.588760 69.279500
0.588950 16.504900
0.589140 28.050800
0.589330 7.114650
0.589520 51.601600
0.589710 4.502060
0.589899 83.078500
0.590089 89.601900
0.590279 71.143000
0.590469 17.627000
0.590659 30.972600
0.590849 25.500900
0.591039 70.831500
0.591228 40.271200
0.591418 55.645700
0.591608 93.464000
0.591798 15.305700
0.591988 55.227200
0.592178 63.446900
0.592368 33.259500
0.592557 55.713900
0.592747 50.372800
0.592937 41.054500
0.593127 61.946200
0.593317 58.893100
0.593507 31.149300
0.593697 87.766400
0.593886 40.613800
0.594076 46.811500
0.594266 18.226500
0.594456 50.912800
0.594646 65.336900
0.594836 38.512800
0.595026 61.007700
0.595215 50.973800
0.595405 44.836200
0.595595 21.639100
0.595785 34.863000
0.595975 41.667600
0.596165 81.756800
0.596355 9.327230
0.596545 46.228000
0.596734 62.820900
0.596924 25.846700
0.597114 61.785500
0.597304 42.276000
0.597494 37.357300
0.597684 51.753300
0.597874 21.296400
0.598063 53.831500
0.598253 47.875700
0.598443 30.396100
0.598633 23.578200
0.598823 87.158100
0.599013 28.999600
0.599203 44.144100
0.599392 65.329100
0.599582 51.329100
0.599772 26.038000
0.599962 92.283000
0.600152 38.899800
0.600342 62.511000
0.600532 15.981000
0.600721 45.957500
0.600911 9.934300
0.601101 34.566100
0.601291 38.345900
0.601481 22.595300
0.601671 42.183300
0.601861 34.589500
0.602051 28.535700
0.602240 48.514600
0.602430 57.932300
0.602620 88.374300
0.602810 84.647100
0.603000 36.844400
0.603190 54.436300
0.603380 52.719600
0.603569 40.015400
0.603759 20.146700
0.603949 30.763100
0.604139 72.731900
0.604329 80.546700
0.604519 39.789400
0.604709 30.076400
0.604898 69.930200
0.605088 30.304700
0.605278 41.998600
0.605468 68.952000
0.605658 61.018400
0.605848 56.133600
0.606038 6.657970
0.606227 53.329400
0.606417 33.873200
0.606607 33.461400
0.606797 62.199800
0.606987 38.727400
0.607177 42.702400
0.607367 63.627500
0.607556 29.542400
0.607746 92.267200
0.607936 5.762130
0.608126 16.655600
0.608316 44.887700
0.608506 62.201700
0.608696 61.291800
0.608886 31.214100
0.609075 77.238300
0.609265 37.361100
0.609455 22.190900
0.609645 52.371000
0.609835 34.641100
0.610025 88.845200
0.610215 54.780000
0.610404 38.651000
0.610594 37.215000
0.610784 64.151900
0.610974 40.260800
0.611164 7.842630
0.611354 67.459000
0.611544 50.798700
0.611733 42.959800
0.611923 56.287800
0.612113 66.157500
0.612303 81.068500
0.612493 62.826800
0.612683 60.179800
0.612873 73.776800
0.613062 66.666900
0.613252 50.658000
0.613442 34.790300
0.613632 52.290600
0.613822 47.161200
0.614012 18.736000
0.614202 41.093700
0.614391 27.866300
0.614581 16.319300
0.614771 70.810000
0.614961 52.771000
0.615151 23.410700
0.615341 38.233200
0.615531 31.729900
0.615721 42.199700
0.615910 45.238600
0.616100 32.283000
0.616290 45.794000
0.616480 62.136200
0.616670 23.368100
0.616860 57.879500
0.617050 30.335500
0.617239 41.909600
0.617429 5.848310
0.617619 7.971530
0.617809 35.835800
0.617999 39.874500
0.618189 70.741700
0.618379 49.397800
0.618568 47.777100
0.618758 68.829300
0.618948 14.928300
0.619138 39.863900
0.619328 63.058200
0.619518 39.338900
0.619708 9.611440
0.619897 31.386900
0.620087 49.755100
0.620277 27.987900
0.620467 29.239900
0.620657 9.769840
0.620847 54.852100
0.621037 67.241800
0.621227 78.318100
0.621416 58.715800
0.621606 9.727900
0.621796 70.734700
0.621986 28.852400
0.622176 37.023400
0.622366 53.035700
0.622556 19.840700
0.622745 30.186500
0.622935 39.592000
0.623125 33.365100
0.623315 39.119100
0.623505 43.373300
0.623695 39.451300
0.623885 44.485400
0.624074 27.998600
0.624264 37.069600
0.624454 59.706800
0.624644 39.935100
0.624834 41.027000
0.625024 34.276000
0.625214 64.665800
0.625403 69.983500
0.625593 76.791700
0.625783 32.019600
0.625973 32.302200
0.626163 58.435200
0.626353 41.851300
0.626543 9.954140
0.626732 9.416360
0.626922 39.297500
0.627112 20.252500
0.627302 21.322500
0.627492 64.070200
0.627682 37.900100
0.627872 44.087100
0.628062 26.648000
0.628251 53.016900
0.628441 58.634400
0.628631 48.187900
0.628821 40.255400
0.629011 32.061200
0.629201 54.961500
0.629391 35.666700
0.629580 61.285400
0.629770 38.269100
0.629960 44.152700
0.630150 62.747500
0.630340 42.579300
0.630530 34.347800
0.630720 13.745900
0.630909 52.730600
0.631099 67.585600
0.631289 8.206090
0.631479 10.156000
0.631669 42.139000
0.631859 37.929900
0.632049 10.902500
0.632238 87.916800
0.632428 7.786630
0.632618 38.763100
0.632808 29.233700
0.632998 46.006600
0.633188 20.788400
0.633378 22.399400
0.633567 20.846000
0.633757 84.362500
0.633947 67.726200
0.634137 43.620000
0.634327 17.169700
0.634517 31.355600
0.634707 29.749000
0.634897 17.982000
0.635086 29.744900
0.635276 46.960600
0.635466 89.408200
0.635656 31.185700
0.635846 81.241400
0.636036 53.556000
0.636226 36.353300
0.636415 9.665400
0.636605 39.140600
0.636795 46.120400
0.636985 48.373000
0.637175 27.758900
0.637365 95.499500
0.637555 28.577500
0.637744 45.645000
0.637934 37.563800
0.638124 85.016600
0.638314 44.116500
0.638504 9.179800
0.638694 50.810700
0.638884 15.746900
0.639073 12.546900
0.639263 55.559000
0.639453 5.517580
0.639643 23.335900
0.639833 41.465600
0.640023 65.616800
0.640213 28.597700
0.640403 55.109600
0.640592 22.447500
0.640782 34.696800
0.640972 54.409100
0.641162 26.087200
0.641352 73.585400
0.641542 40.491800
0.641732 38.268700
0.641921 39.468600
0.642111 71.449800
0.642301 85.827100
0.642491 27.425300
0.642681 74.145600
0.642871 31.928500
0.643061 45.124100
0.643250 51.499400
0.643440 22.067800
0.643630 80.551200
0.643820 36.699800
0.644010 35.051200
0.644200 44.594400
0.644390 75.537200
0.644579 11.053500
0.644769 33.767700
0.644959 34.682500
0.645149 32.008400
0.645339 56.238600
0.645529 40.527800
0.645719 30.661400
0.645908 90.579700
0.646098 10.169300
0.646288 76.378700
0.646478 77.014700
0.646668 51.885900
0.646858 46.961500
0.647048 50.759800
0.647238 86.564400
0.647427 31.934100
0.647617 52.198800
0.647807 47.855800
0.647997 13.243000
0.648187 47.660900
0.648377 19.948100
0.648567 55.791300
0.648756 50.220400
0.648946 39.041200
0.649136 80.540700
0.649326 52.437100
0.649516 39.464800
0.649706 33.546000
0.649896 87.549400
0.650085 34.599300
0.650275 14.108900
0.650465 41.525900
0.650655 69.643600
0.650845 48.790400
0.651035 40.549600
0.651225 73.382200
0.651414 26.971400
0.651604 67.334000
0.651794 66.444300
0.651984 46.688800
0.652174 60.217400
0.652364 63.600200
0.652554 31.275500
0.652743 38.764200
0.652933 15.781700
0.653123 41.835200
0.653313 29.017000
0.653503 37.814000
0.653693 67.065200
0.653883 23.756700
0.654073 31.297500
0.654262 77.665200
0.654452 39.169100
0.654642 21.061000
0.654832 61.320900
0.655022 32.205000
0.655212 64.026500
0.655402 25.614200
0.655591 44.678700
0.655781 52.274100
0.655971 54.581400
0.656161 46.299000
0.656351 73.313400
0.656541 29.419100
0.656731 61.441600
0.656920 28.022700
0.657110 73.443400
0.657300 47.218500
0.657490 9.017790
0.657680 35.179000
0.657870 51.811900
0.658060 73.014300
0.658249 40.362900
0.658439 19.350000
0.658629 56.302100
0.658819 80.892500
0.659009 17.076500
0.659199 70.948300
0.659389 39.328600
0.659579 28.925300
0.659768 49.370400
0.659958 55.045900
0.660148 28.006200
0.660338 46.900100
0.660528 25.575100
0.660718 12.374600
0.660908 34.460100
0.661097 42.428900
0.661287 81.288300
0.661477 46.951000
0.661667 41.272600
0.661857 34.746500
0.662047 55.997700
0.662237 30.561300
0.662426 69.327000
0.662616 35.337800
0.662806 34.242900
0.662996 80.078500
0.663186 32.085400
0.663376 15.300600
0.663566 28.311400
0.663755 37.577000
0.663945 61.124300
0.664135 22.733600
0.664325 12.792400
0.664895 9.509200
0.665084 22.984700
0.665274 74.490000
0.665464 30.042300
0.665654 28.069800
0.665844 39.275100
0.666034 66.004000
0.666224 48.544900
0.666414 23.283000
0.666603 94.125900
0.666793 42.829200
0.666983 42.072400
0.667173 52.708200
0.667363 27.063800
0.667553 30.397500
0.667743 21.504800
0.667932 53.847400
0.668122 17.306100
0.668312 56.415600
0.668502 66.099400
0.668692 34.701000
0.668882 64.598000
0.669072 44.451600
0.669261 66.997300
0.669451 38.988300
0.669641 37.536800
0.669831 56.433600
0.670021 40.548400
0.670211 41.884200
0.670401 80.782600
0.670590 49.365500
0.670780 40.604700
0.670970 56.685300
0.671160 54.441200
0.671350 56.161900
0.671540 38.027600
0.671730 13.044800
0.671919 9.610480
0.672109 22.126400
0.672299 6.816000
0.672489 53.454600
0.672679 58.548800
0.672869 4.970810
0.673059 68.358000
0.673249 6.769400
0.673438 55.486500
0.673628 23.824800
0.673818 42.549200
0.674008 10.039300
0.674198 17.222900
0.674388 14.691900
0.674578 23.537500
0.674767 80.210500
0.674957 49.001200
0.675147 38.182900
0.675337 44.625200
0.675527 37.697600
0.675717 60.346900
0.675907 91.578000
0.676096 38.210600
0.676286 29.975700
0.676476 7.840390
0.676666 37.917000
0.676856 54.256600
0.677046 33.560600
0.677236 39.436200
0.677425 23.973100
0.677615 6.982660
0.677805 82.185000
0.677995 82.033000
0.678185 50.568200
0.678375 15.899400
0.678565 56.000700
0.678755 56.975700
0.678944 46.829300
0.679134 39.600600
0.679324 2.363940
0.679514 31.998600
0.679704 59.401600
0.679894 56.611600
0.680084 82.790800
0.680273 47.762400
0.680463 60.080400
0.680653 44.952900
0.680843 53.416400
0.681033 46.951400
0.681223 51.995100
0.681413 43.205700
0.681602 51.307000
0.681792 33.082100
0.681982 72.445500
0.682362 57.012700
0.682552 29.137300
0.682742 52.170200
0.682931 72.076500
0.683121 46.256800
0.683311 12.946200
0.683501 56.761200
0.683691 16.649500
0.683881 36.787400
0.684071 64.772100
0.684260 26.155000
0.684450 60.527500
0.684640 67.783100
0.684830 4.298090
0.685020 43.573500
0.685210 50.608400
0.685400 53.925600
0.685590 41.572900
0.685779 45.420300
0.685969 57.331700
0.686159 69.879700
0.686349 8.369780
0.686539 93.213500
0.686729 32.461600
0.686919 19.981500
0.687108 37.484200
0.687298 38.994800
0.687488 18.046800
0.687678 51.267100
0.687868 29.830800
0.688058 39.556700
0.688248 29.097100
0.688437 80.492300
0.688627 51.454200
0.688817 64.829500
0.689007 24.333100
0.689197 58.448500
0.689387 47.192900
0.689577 35.664700
0.689766 61.710100
0.689956 22.903700
0.690146 62.700800
0.690336 36.761700
0.690526 83.108700
0.690716 29.807500
0.690906 33.710700
0.691096 62.730000
0.691285 35.153600
0.691475 42.541400
0.691665 12.498000
0.691855 60.811800
0.692045 36.554200
0.692235 56.696300
0.692425 20.552100
0.692614 57.467200
0.692804 53.890300
0.692994 52.971400
0.693184 51.773700
0.693374 8.312010
0.693564 50.739300
0.693754 20.028700
0.693943 7.850920
0.694133 42.466700
0.694323 64.731800
0.694513 8.452930
0.694703 39.017300
0.694893 43.440100
0.695083 74.805500
0.695272 52.786600
0.695462 41.427900
0.695652 71.174400
0.695842 66.124300
0.696032 37.587000
0.696222 37.090600
0.696412 68.448700
0.696601 47.150100
0.696791 45.374900
0.696981 48.494900
0.697171 56.788300
0.697361 67.214000
0.697551 40.372500
0.697741 33.243600
0.697931 55.940600
0.698120 28.880700
0.698310 38.497200
0.698500 61.298800
0.698690 77.233500
0.698880 16.840600
0.699070 42.569700
0.699260 70.571600
0.699449 35.731700
0.699639 44.644700
0.699829 51.866100
0.700019 26.484400
0.700209 52.352000
0.700399 54.575700
0.700589 38.085900
0.700778 20.757900
0.700968 62.739900
0.701158 47.016400
0.701348 37.008500
0.701538 56.840700
0.701728 75.602500
0.701918 19.630200
0.702107 11.179000
0.702297 26.898500
0.702487 56.068600
0.702677 34.622700
0.702867 57.534300
0.703057 63.678500
0.703247 89.264500
0.703436 55.478000
0.703626 25.688600
0.703816 10.092600
0.704006 36.730200
0.704196 30.739300
0.704386 34.374800
0.704576 56.666700
0.704766 61.097400
0.704955 73.121500
0.705145 33.419500
0.705335 32.860000
0.705525 38.067300
0.705715 42.455700
0.705905 35.428300
0.706095 60.457600
0.706284 39.834300
0.706474 33.865000
0.706664 66.945800
0.706854 80.881200
0.707044 11.634400
0.707234 28.895200
0.707424 18.485600
0.707613 43.629700
0.707803 37.102100
0.707993 8.953900
0.708183 44.337900
0.708373 39.299000
0.708563 61.563300
0.708753 66.005400
0.708942 30.051200
0.709132 80.703600
0.709322 48.278200
0.709512 45.905700
0.709702 62.294800
0.709892 45.532900
0.710082 63.892800
0.710272 54.288400
0.710461 33.944400
0.710651 17.810900
0.710841 87.790100
0.711031 20.015300
0.711221 30.311400
0.711411 47.996500
0.711601 59.374300
0.711790 16.247200
0.711980 47.869000
0.712170 36.715900
0.712360 49.249000
0.712550 84.351100
0.712740 6.828250
0.712930 51.869700
0.713119 49.764700
0.713309 32.165700
0.713499 27.780700
0.713689 74.379000
0.713879 54.363700
0.714069 39.753700
0.714259 78.723800
0.714448 27.557700
0.714638 23.651000
0.714828 27.581000
0.715018 34.756100
0.715208 47.680100
0.715398 49.831600
0.715588 34.555200
0.715777 81.648500
0.715967 10.089500
0.716157 54.621900
0.716347 54.957000
0.716537 30.589000
0.716727 80.569600
0.716917 50.681400
0.717107 19.274000
0.717296 32.711100
0.717486 26.362600
0.717676 50.470300
0.717866 45.652300
0.718056 26.131500
0.718246 33.041200
0.718436 44.122500
0.718625 71.007700
0.718815 56.164900
0.719005 11.944900
0.719195 54.856200
0.719385 20.578900
0.719575 8.690700
0.719765 36.531200
0.719954 32.373700
0.720144 60.339900
0.720334 38.779600
0.720524 80.501100
0.720714 42.567400
0.720904 27.704600
0.721094 56.231100
0.721283 37.908600
0.721473 58.543300
0.721663 55.333500
0.721853 89.707200
0.722043 57.042300
0.722233 28.592300
0.722423 59.150600
0.722612 36.504400
0.722802 28.896700
0.722992 65.265100
0.723182 40.146500
0.723372 9.000150
0.723562 59.616400
0.723752 29.357500
0.723942 62.483600
0.724131 24.815300
0.724321 13.945000
0.724511 23.192300
0.724701 44.712800
0.724891 30.514600
0.725081 44.217600
0.725271 48.706300
0.725460 36.046200
0.725650 61.831300
0.725840 31.817200
0.726030 55.376600
0.726220 22.506700
0.726410 29.101900
0.726600 58.825600
0.726789 71.036900
0.726979 83.541200
0.727169 51.728400
0.727359 69.275700
0.727549 34.348100
0.727739 13.645500
0.727929 66.360800
0.728118 39.705000
0.728308 64.937600
0.728498 18.672800
0.728688 68.159600
0.728878 63.066200
0.729068 42.997300
0.729258 65.024900
0.729448 38.901200
0.729637 67.443900
0.729827 26.285900
0.730017 57.807200
0.730207 57.183800
0.730397 16.683400
0.730587 79.442500
0.730777 32.907400
0.730966 57.089700
0.731156 64.235500
0.731346 64.447900
0.731536 9.696830
0.731726 64.113900
0.731916 36.539400
0.732106 37.654300
0.732295 65.030000
0.732485 14.431100
0.732675 27.428100
0.732865 35.704600
0.733055 22.216000
0.733245 49.665700
0.733435 64.531500
0.733624 58.312100
0.733814 8.048040
0.734004 24.175300
0.734194 6.186710
0.734384 35.605200
0.734574 25.524800
0.734764 68.602000
0.734953 35.695800
0.735143 92.384900
0.735333 4.780050
0.735523 73.500900
0.735713 30.009500
0.735903 41.228400
0.736093 50.369700
0.736283 26.741800
0.736472 35.304100
0.736662 58.654100
0.736852 24.238200
0.737042 15.740500
0.737232 39.842300
0.737422 55.460200
0.737612 42.533400
0.737801 68.214300
0.737991 14.594400
0.738181 79.065300
0.738371 45.059800
0.738561 34.292400
0.738751 52.266700
0.738941 73.063400
0.739130 55.010800
0.739320 76.613600
0.739510 60.727500
0.739700 44.701700
0.739890 59.168500
0.740080 36.875800
0.740270 23.651600
0.740459 9.047060
0.740649 65.830900
0.740839 27.662900
0.741029 19.086500
0.741219 82.897200
0.741409 38.676700
0.741599 8.324900
0.741788 47.365300
0.741978 35.901500
0.742168 69.418600
0.742358 28.953900
0.742548 19.616000
0.742738 62.890300
0.742928 39.970700
0.743118 74.843200
0.743307 31.948100
0.743497 59.310000
0.743687 30.192200
0.743877 40.929700
0.744067 70.242600
0.744257 19.223300
0.744447 56.198600
0.744636 72.641000
0.744826 65.237700
0.745016 50.353900
0.745206 23.455400
0.745396 29.621500
0.745586 31.204000
0.745776 34.401500
0.745965 7.410470
0.746155 15.463000
0.746345 26.644200
0.746535 66.976600
0.746725 21.612300
0.746915 85.709500
0.747105 13.540700
0.747294 54.913200
0.747484 31.958300
0.747674 39.885000
0.747864 21.808200
0.748054 67.909200
0.748244 51.914400
0.748434 10.235600
0.748624 13.177000
0.748813 24.049900
0.749003 19.901700
0.749193 6.597540
0.749383 32.811800
0.749573 50.949600
0.749763 24.479200
0.749953 44.450800
0.750142 49.458300
0.750332 32.845500
0.750522 76.944300
0.750712 46.032400
0.750902 16.780100
0.751092 43.655000
0.751282 59.489000
0.751471 14.995100
0.751661 66.621900
0.751851 55.046200
0.752041 42.326900
0.752231 91.564000
0.752421 50.427600
0.752611 33.276200
0.752800 16.761700
0.752990 31.049800
0.753180 49.441900
0.753370 58.137900
0.753560 51.846000
0.753750 31.210700
0.753940 40.658600
0.754129 19.866000
0.754319 36.377200
0.754509 30.433300
0.754699 66.032900
0.754889 12.029900
0.755079 78.955400
0.755269 23.632900
0.755459 69.072900
0.755648 29.156000
0.755838 68.800400
0.756028 39.168500
0.756218 51.764000
0.756408 50.201400
0.756598 6.606780
0.756788 39.252000
0.756977 12.160200
0.757167 27.054500
0.757357 9.264960
0.757547 41.757000
0.757737 36.777300
0.757927 16.493300
0.758117 56.206600
0.758306 29.999500
0.758496 37.953400
0.758686 32.219300
0.758876 34.516100
0.759066 54.401500
0.759256 37.563700
0.759446 39.992000
0.759635 29.602400
0.759825 36.590500
0.760015 9.462710
0.760205 61.778300
0.760395 9.784630
0.760585 22.131900
0.760775 14.813200
0.760964 40.880700
0.761154 15.992600
0.761344 49.911900
0.761534 71.101400
0.761724 59.007100
0.761914 45.678400
0.762104 42.231300
0.762294 53.189500
0.762483 43.678400
0.762673 65.536100
0.762863 42.587000
0.763053 22.424100
0.763243 62.571700
0.763433 40.158700
0.763623 10.049000
0.763812 34.002500
0.764002 52.709400
0.764192 38.193800
0.764382 26.897900
0.764572 51.438100
0.764762 43.751200
0.764952 35.732900
0.765141 57.433800
0.765331 50.759700
0.765521 41.030200
0.765711 52.811400
0.765901 69.074800
0.766091 56.539800
0.766281 51.407500
0.766470 49.008300
0.766660 22.941800
0.766850 41.929300
0.767040 36.969000
0.767230 50.866200
0.767420 30.075600
0.767610 19.289500
0.767800 72.533500
0.767989 60.191100
0.768179 44.149700
0.768369 28.631300
0.768559 51.578200
0.768749 8.950190
0.768939 23.012100
0.769129 42.252200
0.769318 73.950400
0.769508 41.117300
0.769698 93.967200
0.769888 43.527300
0.770078 32.684900
0.770268 39.023500
0.770458 28.404600
0.770647 41.764700
0.770837 45.210900
0.771027 41.538800
0.771217 26.273400
0.771407 80.721600
0.771597 37.926400
0.771787 45.523100
0.771976 65.914700
0.772166 53.030300
0.772356 21.025700
0.772546 8.569980
0.772736 45.140100
0.772926 88.974800
0.773116 28.489700
0.773305 51.017000
0.773495 72.386100
0.773685 34.148000
0.773875 54.214700
0.774065 58.705100
0.774255 55.267600
0.774445 61.580300
0.774635 33.531600
0.774824 49.269700
0.775014 74.944800
0.775204 71.166700
0.775394 42.542200
0.775584 1.653360
0.775774 43.127200
0.775964 33.403500
0.776153 43.562000
0.776343 74.746900
0.776533 69.743600
0.776723 55.575600
0.776913 66.716400
0.777103 26.469800
0.777293 47.472800
0.777482 66.931500
0.777672 9.330480
0.777862 15.666900
0.778052 55.222100
0.778242 86.556800
0.778432 81.010000
0.778622 39.814300
0.778811 28.599800
0.779001 48.179400
0.779191 54.223100
0.779381 51.631200
0.779571 34.527800
0.779761 52.018600
0.779951 59.470100
0.780140 58.067100
0.780330 74.402500
0.780520 53.694700
0.780710 49.662000
0.780900 9.763070
0.781090 67.938000
0.781280 10.481800
0.781470 26.947800
0.781659 35.621600
0.781849 19.599800
0.782039 44.120600
0.782229 71.953400
0.782419 38.994900
0.782609 40.630100
0.782799 58.737800
0.782988 86.139900
0.783178 65.162600
0.783368 57.803300
0.783558 24.636200
0.783748 61.260700
0.783938 53.548800
0.784128 24.908700
0.784317 45.693400
0.784507 48.375100
0.784697 89.079900
0.784887 37.354900
0.785077 56.872800
0.785267 59.367300
0.785457 33.681100
0.785646 70.675000
0.785836 22.428500
0.786026 47.824900
0.786216 8.876730
0.786406 44.909900
0.786596 31.402500
0.786786 33.109400
0.786976 35.785800
0.787165 31.771300
0.787355 45.503500
0.787545 63.339900
0.787735 9.120900
0.787925 69.372400
0.788115 13.017100
0.788305 9.166340
0.788494 69.598800
0.788684 41.680100
0.788874 76.133700
0.789064 50.314000
0.789254 19.095300
0.789444 49.409600
0.789634 69.972600
0.789823 33.268400
0.790013 41.837400
0.790203 20.115100
0.790393 64.301500
0.790583 27.671700
0.790773 37.630400
0.790963 9.481980
0.791152 55.774400
0.791342 49.445300
0.791532 8.284640
0.791722 39.365900
0.791912 33.747400
0.792102 53.685100
0.792292 44.622900
0.792481 28.762700
0.792671 36.852800
0.792861 44.574900
0.793051 59.736400
0.793241 46.935900
0.793431 12.273700
0.793621 57.653700
0.793811 60.031000
0.794000 62.742900
0.794190 48.951500
0.794380 30.195900
0.794570 51.620400
0.794760 18.147600
0.794950 22.998000
0.795140 47.750800
0.795329 65.266200
0.795519 12.833900
0.795709 36.227700
0.795899 79.980400
0.796089 32.948800
0.796279 10.691500
0.796469 38.839100
0.796658 88.027200
0.796848 54.652500
0.797038 60.696000
0.797228 92.125000
0.797418 53.638600
0.797608 71.647100
0.797798 88.437800
0.797987 50.597200
0.798177 66.615100
0.798367 9.833210
0.798557 42.772100
0.798747 69.234700
0.798937 29.053000
0.799127 29.890600
0.799316 51.644300
0.799506 49.286600
0.799696 59.158300
0.799886 76.759700
0.800076 41.599400
0.800266 58.462800
0.800456 71.668400
0.800646 73.389200
0.800835 25.290900
0.801025 40.993200
0.801215 28.238200
0.801405 42.909400
0.801595 34.098100
0.801785 47.197600
0.801975 51.207000
0.802164 60.872100
0.802354 38.439500
0.802544 7.308290
0.802734 77.338700
0.802924 74.030700
0.803114 70.197500
0.803304 35.189200
0.803493 46.337600
0.803683 67.345600
0.803873 56.929500
0.804063 43.402300
0.804253 54.237100
0.804443 1.696840
0.804633 33.614400
0.804822 41.176100
0.805012 58.688500
0.805202 44.908900
0.805392 51.283700
0.805582 17.429500
0.805772 56.603300
0.805962 62.557600
0.806152 78.948000
0.806341 76.932900
0.806531 30.279600
0.806721 42.003000
0.806911 29.322800
0.807101 58.044900
0.807291 54.739500
0.807481 15.515400
0.807670 35.007200
0.807860 41.618500
0.808050 47.380300
0.808240 30.813400
0.808430 7.337970
0.808620 34.238600
0.808810 79.706400
0.808999 67.179400
0.809189 70.463200
0.809379 25.932700
0.809569 33.676900
0.809759 46.468400
0.809949 58.544200
0.810139 27.465300
0.810328 46.946000
0.810518 56.233500
0.810708 84.112000
0.810898 52.676200
0.811088 66.635400
0.811278 10.728100
0.811468 54.616500
0.811657 64.904600
0.811847 19.147400
0.812037 66.241000
0.812227 28.189300
0.812417 66.107800
0.812607 56.792900
0.812797 29.252500
0.812987 44.868000
0.813176 43.281900
0.813366 32.938400
0.813556 60.978600
0.813746 37.574700
0.813936 51.409600
0.814126 47.311000
0.814316 34.294400
0.814505 7.478660
0.814695 34.917800
0.814885 13.585400
0.815075 38.874500
0.815265 33.741100
0.815455 15.900200
0.815645 24.391500
0.815834 58.338900
0.816024 12.245100
0.816214 30.792900
0.816404 73.607200
0.816594 48.796200
0.816784 63.366000
0.816974 90.119400
0.817163 43.646100
0.817353 35.945900
0.817543 70.429000
0.817733 59.957400
0.817923 68.159100
0.818113 16.147200
0.818303 44.204000
0.818493 53.404100
0.818682 51.855800
0.818872 60.379400
0.819062 38.104200
0.819252 60.250000
0.819442 70.241100
0.819632 57.332000
0.819822 71.793100
0.820011 34.734700
0.820201 18.178400
0.820391 68.765100
0.820581 56.706600
0.820771 20.662900
0.820961 38.129200
0.821151 21.963100
0.821340 42.917000
0.821530 30.347900
0.821720 14.969600
0.821910 51.116200
0.822100 34.010700
0.822290 86.173600
0.822480 66.314100
0.822669 31.478000
0.822859 45.075500
0.823049 47.713300
0.823239 27.980600
0.823429 57.537800
0.823619 50.355500
0.823809 62.915000
0.823998 50.017500
0.824188 20.817500
0.824378 26.072800
0.824568 60.704100
0.824758 35.215200
0.824948 69.126800
0.825138 48.512100
0.825328 24.154000
0.825517 34.702700
0.825707 59.431300
0.825897 57.029100
0.826087 58.523500
0.826277 64.741100
0.826467 22.900100
0.826657 55.093000
0.826846 52.875900
0.827036 70.754200
0.827226 57.160400
0.827416 26.082600
0.827606 38.960200
0.827796 43.900000
0.827986 67.318100
0.828175 48.621500
0.828365 54.494000
0.828555 45.432900
0.828745 19.262600
0.828935 81.563500
0.829125 50.469400
0.829315 9.129490
0.829504 56.435900
0.829694 69.091600
0.829884 38.748600
0.830074 56.585300
0.830264 36.341700
0.830454 34.214100
0.830644 26.499500
0.830833 27.906500
0.831023 76.193200
0.831213 58.234600
0.831403 28.539800
0.831593 20.254300
0.831783 60.149200
0.831973 32.005300
0.832163 51.534400
0.832352 23.329800
0.832542 24.419100
0.832732 51.106500
0.832922 20.324900
0.833112 22.785600
0.833302 65.853300
0.833492 55.355700
0.833681 36.195400
0.833871 61.264500
0.834061 52.806400
0.834251 49.056700
0.834441 33.103800
0.834631 47.911900
0.834821 33.981300
0.835010 19.147300
0.835200 41.110000
0.835390 7.210060
0.835580 42.546400
0.835770 40.885100
0.835960 22.049200
0.836150 40.220300
0.836339 80.941000
0.836529 38.703700
0.836719 18.910500
0.836909 30.569900
0.837099 30.196100
0.837289 32.748100
0.837479 84.940900
0.837669 46.217100
0.837858 15.717900
0.838048 43.086800
0.838238 49.622500
0.838428 47.112400
0.838618 19.181000
0.838808 33.624000
0.838998 50.648900
0.839187 69.232300
0.839377 71.871100
0.839567 63.325600
0.839757 17.426500
0.839947 71.689100
0.840137 42.511200
0.840327 36.358300
0.840516 38.331000
0.840706 32.449900
0.840896 8.447080
0.841086 91.599700
0.841276 11.081900
0.841466 25.703400
0.841656 37.506500
0.841845 40.426700
0.842035 78.626700
0.842225 40.490500
0.842415 45.469000
0.842605 46.614900
0.842795 26.939400
0.842985 17.735100
0.843174 33.875000
0.843364 42.734700
0.843554 50.337500
0.843744 51.025400
0.843934 55.934600
0.844124 28.303800
0.844314 69.200400
0.844504 77.521700
0.844693 46.790900
0.844883 36.242600
0.845073 58.954000
0.845263 59.307700
0.845453 34.667800
0.845643 58.001800
0.845833 16.592800
0.846022 2.770720
0.846212 57.190400
0.846402 75.081600
0.846592 28.783000
0.846782 23.425600
0.846972 55.197700
0.847162 68.526400
0.847351 70.479800
0.847541 18.160900
0.847731 59.778300
0.847921 38.937000
0.848111 35.820300
0.848301 36.960100
0.848491 29.099700
0.848680 54.523200
0.848870 54.390500
0.849060 55.055300
0.849250 51.679300
0.849440 62.577600
0.849630 42.363500
0.849820 55.887800
0.850009 41.979400
0.850199 28.647200
0.850389 79.053600
0.850579 37.861100
0.850769 40.220800
0.850959 50.276700
0.851149 28.898200
0.851339 35.399400
0.851528 29.074400
0.851718 49.121600
0.851908 38.809600
0.852098 86.766000
0.852288 65.119900
0.852478 21.563400
0.852668 26.710900
0.852857 37.278300
0.853047 9.068510
0.853237 34.610900
0.853427 35.865800
0.853617 14.822800
0.853807 54.244300
0.853997 69.081600
0.854186 77.715800
0.854376 32.403500
0.854566 82.350900
0.854756 7.237020
0.854946 21.328600
0.855136 32.958900
0.855326 56.489300
0.855515 85.685300
0.855705 48.447200
0.855895 28.420000
0.856085 10.208000
0.856275 58.806600
0.856465 20.087300
0.856655 70.428900
0.856845 30.578100
0.857034 62.776300
0.857224 48.272000
0.857414 61.457000
0.857604 9.712660
0.857794 52.069600
0.857984 21.390500
0.858174 36.942700
0.858363 40.966400
0.858553 37.151900
0.858743 19.933700
0.858933 37.795300
0.859123 29.784500
0.859313 21.538300
0.859503 53.702600
0.859692 42.873900
0.859882 87.727400
0.860072 37.752400
0.860262 86.866700
0.860452 98.177800
0.860642 49.509900
0.860832 25.976300
0.861021 52.715500
0.861211 65.296100
0.861401 77.854200
0.861591 64.905200
0.861781 67.833300
0.861971 73.807900
0.862161 43.594600
0.862350 57.159000
0.862540 54.766500
0.862730 37.680000
0.862920 49.023500
0.863110 31.787400
0.863300 47.847700
0.863490 47.257100
0.863680 81.513900
0.863869 29.920700
0.864059 34.072400
0.864249 5.552930
0.864439 43.845200
0.864629 47.038100
0.864819 72.613900
0.865009 29.815300
0.865198 18.388000
0.865388 41.533500
0.865578 58.576800
0.865768 9.650060
0.865958 49.843600
0.866148 20.650900
0.866338 54.336400
0.866527 34.576800
0.866717 32.507100
0.866907 27.835900
0.867097 22.193400
0.867287 66.814100
0.867477 39.440400
0.867667 45.877500
0.867856 43.429400
0.868046 18.896600
0.868236 31.939700
0.868426 46.533600
0.868616 36.643700
0.868806 23.379700
0.868996 57.738100
0.869185 51.787100
0.869375 93.847800
0.869565 24.766700
0.869755 51.294700
0.869945 26.095700
0.870135 46.207100
0.870325 4.318050
0.870515 62.338100
0.870704 13.353500
0.870894 4.612620
0.871084 60.238300
0.871274 50.322800
0.871464 8.412020
0.871654 16.059200
0.871844 66.184300
0.872033 29.808800
0.872223 34.315000
0.872413 28.800000
0.872603 37.032700
0.872793 62.225300
0.872983 41.916600
0.873173 18.470700
0.873362 53.137500
0.873552 46.140000
0.873742 68.051900
0.873932 39.698700
0.874122 40.244200
0.874312 28.735100
0.874502 60.171000
0.874691 23.620600
0.874881 65.376700
0.875071 50.327700
0.875261 58.387800
0.875451 33.951300
0.875641 29.266200
0.875831 26.267000
0.876021 16.814000
0.876210 35.580000
0.876400 56.030700
0.876590 63.857500
0.876780 43.296800
0.876970 35.770400
0.877160 61.149200
0.877350 62.329600
0.877539 31.813000
0.877729 32.125000
0.877919 33.399400
0.878109 34.570200
0.878299 86.604500
0.878489 31.168500
0.878679 62.653000
0.878868 49.211500
0.879058 28.892400
0.879248 66.595100
0.879438 39.697300
0.879628 52.303800
0.879818 58.865200
0.880008 45.253200
0.880197 19.186700
0.880387 56.517300
0.880577 59.701900
0.880767 10.279200
0.880957 55.785100
0.881147 21.474900
0.881337 35.110100
0.881526 46.218300
0.881716 49.235100
0.881906 71.806500
0.882096 41.575700
0.882286 56.810000
0.882476 39.831700
0.882666 47.459800
0.882856 62.451000
0.883045 22.347100
0.883235 20.942100
0.883425 30.480800
0.883615 52.812900
0.883805 46.426600
0.883995 66.371000
0.884185 32.629000
0.884374 29.697400
0.884564 67.518000
0.884754 36.942000
0.884944 43.812300
0.885134 49.572300
0.885324 12.432000
0.885514 74.628800
0.885703 39.553600
0.885893 76.564500
0.886083 36.042700
0.886273 17.492300
0.886463 33.456800
0.886653 48.072800
0.886843 85.149000
0.887032 60.062700
0.887222 56.758500
0.887412 45.781800
0.887602 35.246500
0.887792 37.814400
0.887982 47.229400
0.888172 36.381400
0.888361 46.966300
0.888551 82.031600
0.888741 31.581100
0.888931 42.617900
0.889121 52.532200
0.889311 40.290600
0.889501 9.509660
0.889691 49.890900
0.889880 92.681500
0.890070 58.873900
0.890260 31.825700
0.890450 46.058900
0.890640 63.582700
0.890830 84.442400
0.891020 62.102500
0.891209 33.936700
0.891399 29.193000
0.891589 39.613400
0.891779 20.465100
0.891969 14.574600
0.892159 45.621200
0.892349 54.025800
0.892538 66.123900
0.892728 84.878700
0.892918 37.895400
0.893108 65.215300
0.893298 41.602900
0.893488 93.888900
0.893678 49.837100
0.893867 40.162200
0.894057 37.013100
0.894247 47.709800
0.894437 45.397300
0.894627 63.041500
0.894817 87.262700
0.895007 28.485600
0.895197 69.725500
0.895386 46.697500
0.895576 87.401100
0.895766 78.001800
0.895956 41.394200
0.896146 38.293100
0.896336 53.369600
0.896526 43.020200
0.896715 45.597000
0.896905 45.842600
0.897095 64.535300
0.897285 41.530100
0.897475 55.004200
0.897665 38.239100
0.897855 24.323900
0.898044 44.702700
0.898234 35.098000
0.898424 35.349300
0.898614 39.417800
0.898804 41.051400
0.898994 52.096300
0.899184 59.874800
0.899373 38.091300
0.899563 21.696100
0.899753 37.485100
0.899943 42.095600
0.900133 36.741700
0.900323 31.599800
0.900513 28.738000
0.900702 59.952600
0.900892 50.138800
0.901082 36.067500
0.901272 64.053300
0.901462 27.780600
0.901652 28.854600
0.901842 42.527300
0.902032 47.477500
0.902221 3.811210
0.902411 39.505300
0.902601 29.781800
0.902791 8.879110
0.902981 34.356300
0.903171 64.920100
0.903361 29.915700
0.903550 45.029300
0.903740 29.903900
0.903930 36.350900
0.904120 32.356300
0.904310 29.648700
0.904500 26.846500
0.904690 45.779200
0.904879 58.375900
0.905069 23.291900
0.905259 86.455800
0.905449 46.549500
0.905639 83.487600
0.905829 52.423100
0.906019 45.574400
0.906208 29.056800
0.906398 35.109900
0.906588 8.671200
0.906778 8.956820
0.906968 55.252900
0.907158 44.461900
0.907348 33.027500
0.907537 18.509800
0.907727 50.444500
0.907917 27.767900
0.908107 21.525500
0.908297 9.620640
0.908487 42.948300
0.908677 63.562000
0.908867 73.734000
0.909056 31.443700
0.909246 26.093800
0.909436 42.951800
0.909626 82.210700
0.909816 94.886200
0.910006 22.739500
0.910196 65.632700
0.910385 75.118700
0.910575 23.064700
0.910765 65.744500
0.910955 30.180500
0.911145 26.722000
0.911335 39.317000
0.911525 45.824600
0.911714 40.730600
0.911904 44.294100
0.912094 37.826100
0.912284 85.270100
0.912474 28.756700
0.912664 23.864600
0.912854 20.265500
0.913043 81.058600
0.913233 44.209300
0.913423 35.025300
0.913613 43.788900
0.913803 73.332300
0.913993 16.380200
0.914183 63.907000
0.914373 35.645700
0.914562 79.439200
0.914752 60.353300
0.914942 68.234100
0.915132 16.346800
0.915322 59.805300
0.915512 32.227600
0.915702 46.196000
0.915891 32.317800
0.916081 87.047600
0.916271 25.013700
0.916461 81.096400
0.916651 62.201900
0.916841 34.223600
0.917031 21.327000
0.917220 44.798000
0.917410 29.420100
0.917600 9.756820
0.917790 26.777000
0.917980 32.727700
0.918170 58.035600
0.918360 61.399200
0.918549 9.842870
0.918739 56.274700
0.918929 33.920400
0.919119 24.238900
0.919309 45.310000
0.919499 37.698300
0.919689 39.366500
0.919878 42.277600
0.920068 31.578500
0.920258 58.997000
0.920448 33.106400
0.920638 7.781940
0.920828 9.525100
0.921018 55.626100
0.921208 98.151400
0.921397 67.468000
0.921587 46.709400
0.921777 58.049400
0.921967 79.592000
0.922157 59.670300
0.922347 55.249100
0.922537 23.205500
0.922726 73.547600
0.922916 41.166400
0.923106 35.046600
0.923296 66.999300
0.923486 26.538800
0.923676 40.945400
0.923866 67.536500
0.924055 77.133400
0.924245 75.537800
0.924435 32.343200
0.924625 5.433590
0.924815 50.551800
0.925005 57.189200
0.925195 43.201300
0.925384 27.328600
0.925574 39.217200
0.925764 40.187400
0.925954 24.015800
0.926144 40.251300
0.926334 62.935500
0.926524 24.615800
0.926713 68.779000
0.926903 38.268400
0.927093 71.308000
0.927283 48.263100
0.927473 52.250100
0.927663 52.829500
0.927853 42.148100
0.928043 56.368000
0.928232 11.357600
0.928422 37.851500
0.928612 37.386900
0.928802 34.254300
0.928992 32.119500
0.929182 39.816000
0.929372 53.469300
0.929561 81.301300
0.929751 21.770900
0.929941 37.914400
0.930131 56.343400
0.930321 43.201700
0.930511 44.736000
0.930701 18.472800
0.930890 41.785700
0.931080 78.825900
0.931270 33.172700
0.931460 8.095600
0.931650 55.369400
0.931840 19.215400
0.932030 40.567700
0.932219 58.097300
0.932409 4.923470
0.932599 42.173700
0.932789 21.791400
0.932979 52.132400
0.933169 33.544600
0.933359 34.873100
0.933549 52.527200
0.933738 68.065400
0.933928 33.654200
0.934118 77.928300
0.934308 51.080800
0.934498 33.517600
0.934688 28.201600
0.934878 42.931000
0.935067 26.297600
0.935257 41.361400
0.935447 56.800200
0.935637 49.581400
0.935827 5.638550
0.936017 34.239400
0.936207 8.446520
0.936396 83.042800
0.936586 34.721100
0.936776 36.396500
0.936966 43.606100
0.937156 11.148200
0.937346 38.735300
0.937536 26.514800
0.937725 61.243400
0.937915 58.434100
0.938105 10.561000
0.938295 29.015900
0.938485 26.032800
0.938675 9.645030
0.938865 43.397700
0.939054 19.529600
0.939244 56.317100
0.939434 62.941000
0.939624 32.975200
0.939814 36.898600
0.940004 13.801100
0.940194 22.544800
0.940384 18.146600
0.940573 37.536500
0.940763 41.147500
0.940953 52.085700
0.941143 33.195600
0.941523 25.364200
0.941713 61.103700
0.941902 59.641300
0.942092 64.719600
0.942282 30.366500
0.942472 43.086700
0.942662 41.898800
0.942852 32.853200
0.943042 77.067900
0.943231 76.394100
0.943421 39.416600
0.943611 72.127500
0.943801 56.965800
0.943991 17.439700
0.944181 46.417000
0.944371 26.418700
0.944560 41.564500
0.944750 42.941000
0.944940 50.166200
0.945130 68.945900
0.945320 30.701900
0.945510 83.206300
0.945700 17.959200
0.945890 16.487500
0.946079 61.322500
0.946269 27.941100
0.946459 70.111000
0.946649 32.867400
0.946839 10.791300
0.947029 22.236300
0.947219 32.974700
0.947408 62.040300
0.947598 14.688400
0.947788 2.036220
0.947978 25.412800
0.948168 5.156550
0.948358 29.377800
0.948548 27.109600
0.948737 96.199600
0.948927 21.524600
0.949117 67.853300
0.949307 15.610100
0.949497 24.618400
0.949687 62.504100
0.949877 51.025300
0.950066 35.902100
0.950256 60.025300
0.950446 44.229300
0.950636 30.832400
0.950826 46.308700
0.951016 27.959400
0.951206 62.713300
0.951395 71.894300
0.951585 29.503300
0.951775 41.699400
0.951965 24.192700
0.952155 52.468200
0.952345 34.773500
0.952535 79.225900
0.952725 20.039400
0.952914 42.969600
0.953104 68.918400
0.953294 75.611600
0.953484 53.536400
0.953674 6.688920
0.953864 38.413300
0.954054 31.491200
0.954243 29.109600
0.954433 79.745200
0.954623 59.317300
0.954813 34.857400
0.955003 42.302900
0.955193 80.491400
0.955383 74.058800
0.955572 57.591900
0.955762 53.775900
0.955952 28.742000
0.956142 29.038100
0.956332 75.506100
0.956522 15.238400
0.956712 19.340300
0.956901 70.738100
0.957091 38.507600
0.957281 66.316800
0.957471 72.936400
0.957661 25.305000
0.957851 88.259900
0.958041 17.823600
0.958230 31.160900
0.958420 94.233800
0.958610 32.491800
0.958800 82.312900
0.958990 41.852100
0.959180 47.531000
0.959370 74.158200
0.959560 45.826500
0.959749 34.801900
0.959939 9.536850
0.960129 14.289100
0.960319 28.951900
0.960509 75.728600
0.960699 45.338700
0.960889 74.802600
0.961078 63.403500
0.961268 36.584900
0.961458 45.933700
0.961648 59.677500
0.961838 10.752300
0.962028 53.745700
0.962218 52.790400
0.962407 50.076100
0.962597 14.213200
0.962787 55.485100
0.962977 37.740800
0.963167 66.225400
0.963357 26.262800
0.963547 4.469780
0.963736 7.118680
0.963926 91.774300
0.964116 93.221900
0.964306 11.095600
0.964496 60.686400
0.964686 46.022900
0.964876 53.584300
0.965066 49.913400
0.965255 27.572800
0.965445 30.710600
0.965635 22.420900
0.965825 55.341600
0.966015 9.205860
0.966205 62.042700
0.966395 54.682300
0.966584 39.069000
0.966774 57.821400
0.966964 40.376600
0.967154 62.294400
0.967344 42.520500
0.967534 36.133300
0.967724 32.007900
0.967913 33.635400
0.968103 54.324400
0.968293 29.383100
0.968483 41.509100
0.968673 29.273300
0.968863 32.600800
0.969053 59.294100
0.969242 74.639200
0.969432 47.002700
0.969622 54.784900
0.969812 7.740830
0.970002 28.513500
0.970192 53.859700
0.970382 32.781000
0.970571 21.716800
0.970761 63.713000
0.970951 60.491800
0.971141 71.254700
0.971331 23.448500
0.971521 83.055200
0.971711 10.832600
0.971901 36.146700
0.972090 60.087400
0.972280 11.195000
0.972470 77.684400
0.972660 64.680000
0.972850 52.920600
0.973040 54.676000
0.973230 26.012400
0.973419 2.695820
0.973609 55.100800
0.973799 51.618500
0.973989 44.528200
0.974179 32.832900
0.974369 38.969400
0.974559 50.193400
0.974748 31.772500
0.974938 65.926700
0.975128 61.018900
0.975318 67.469300
0.975508 40.732600
0.975698 38.582200
0.975888 5.583550
0.976077 47.989400
0.976267 47.068400
0.976457 53.304200
0.976647 42.301300
0.976837 24.646800
0.977027 29.551900
0.977217 25.935100
0.977406 8.473910
0.977596 62.874900
0.977786 61.529800
0.977976 65.257300
0.978166 35.896100
0.978356 44.681500
0.978546 21.569300
0.978736 89.843400
0.978925 8.064160
0.979115 80.860700
0.979305 31.244800
0.979495 47.028300
0.979685 36.826100
0.979875 61.321600
0.980065 24.779500
0.980254 38.982700
0.980444 67.600000
0.980634 61.320300
0.980824 28.159900
0.981014 71.261000
0.981204 54.556400
0.981394 40.500700
0.981583 47.900600
0.981773 5.397060
0.981963 51.411800
0.982153 22.022500
0.982343 89.226400
0.982533 35.914300
0.982723 49.151800
0.982912 35.022700
0.983102 29.704800
0.983292 48.536000
0.983482 34.434700
0.983672 18.742300
0.983862 64.105800
0.984052 25.675600
0.984242 68.115100
0.984431 15.280200
0.984621 28.003800
0.984811 27.650800
0.985001 81.820000
0.985191 44.596100
0.985381 36.677900
0.985571 36.427800
0.985760 4.667130
0.985950 53.801400
0.986140 21.000500
0.986330 26.069000
0.986520 56.787500
0.986710 26.623100
0.986900 21.575300
0.987089 32.236800
0.987279 59.533700
0.987469 66.133700
0.987659 82.725900
0.987849 48.390900
0.988039 10.542600
0.988229 6.706310
0.988418 61.733100
0.988608 72.115500
0.988798 47.572300
0.988988 35.415100
0.989178 56.753700
0.989368 25.661100
0.989558 13.505300
0.989747 45.535200
0.989937 9.805800
0.990127 48.584100
0.990317 41.840400
0.990507 52.237700
0.990697 77.842300
0.990887 29.297700
0.991077 10.926500
0.991266 34.978900
0.991456 40.757500
0.991646 13.797100
0.991836 18.237100
0.992026 23.573300
0.992216 41.185100
0.992406 57.884300
0.992595 25.272000
0.992785 31.588900
0.992975 28.946800
0.993165 44.393900
0.993355 27.082100
0.993545 69.115200
0.993735 71.460700
0.993924 74.066200
0.994114 26.348200
0.994304 43.411000
0.994494 71.906300
0.994684 41.140200
0.994874 28.329000
0.995064 45.745800
0.995253 43.307200
0.995443 11.868300
0.995633 4.704720
0.995823 19.946000
0.996013 55.653100
0.996203 46.494300
0.996393 40.077900
0.996582 38.473100
0.996772 32.880500
0.996962 23.197700
0.997152 27.617400
0.997342 62.799800
0.997532 33.760100
0.997722 60.203000
0.997912 58.537500
0.998101 61.492300
0.998291 19.725100
0.998481 47.599200
0.998671 37.236000
0.998861 37.220900
0.999051 84.713600
0.999241 42.895100
0.999430 38.814900
0.999620 61.469200
0.999810 42.646900
1.000000 60.479600
