0.000187 35.025700
0.000373 34.387200
0.000560 53.495200
0.000747 64.687700
0.000934 58.111800
0.001120 32.499500
0.001307 91.362500
0.001494 34.814800
0.001680 49.728400
0.001867 70.105900
0.002054 22.038400
0.002240 21.597900
0.002427 29.242800
0.002614 30.482300
0.002801 64.888000
0.002987 31.001900
0.003174 86.165100
0.003361 20.957500
0.003547 50.819700
0.003734 66.148400
0.003921 21.727900
0.004108 42.475000
0.004294 58.291600
0.004481 13.517200
0.004668 61.975600
0.004854 24.404600
0.005041 41.682000
0.005228 49.709600
0.005414 61.737900
0.005601 58.483000
0.005788 35.715800
0.005975 24.263000
0.006161 64.239700
0.006348 81.817500
0.006535 27.721700
0.006721 9.277970
0.006908 56.393700
0.007095 52.143500
0.007282 69.413600
0.007468 55.907800
0.007655 52.459200
0.007842 11.236900
0.008028 47.320700
0.008215 64.517000
0.008402 41.016200
0.008588 45.905300
0.008775 41.696500
0.008962 41.292900
0.009149 69.184000
0.009335 49.852700
0.009522 71.662500
0.009709 79.098100
0.009895 43.905900
0.010082 22.936800
0.010269 60.775200
0.010456 93.574400
0.010642 66.870100
0.010829 60.495000
0.011016 58.915600
0.011202 22.735400
0.011389 39.314800
0.011576 95.859600
0.011763 31.572900
0.011949 24.383500
0.012136 14.962700
0.012323 63.042600
0.012509 61.406900
0.012696 35.072900
0.012883 45.808000
0.013069 29.762600
0.013256 42.792500
0.013443 74.584900
0.013630 64.394900
0.013816 51.971600
0.014003 47.976200
0.014190 6.494950
0.014376 49.098900
0.014563 46.662100
0.014750 28.656200
0.014937 37.016700
0.015123 54.872100
0.015310 67.142700
0.015497 53.142000
0.015683 32.379000
0.015870 48.513300
0.016057 48.811000
0.016243 85.998000
0.016430 38.438300
0.016617 21.282500
0.016804 41.330200
0.016990 35.344100
0.017177 9.300350
0.017364 67.577100
0.017550 64.605200
0.017737 79.398600
0.017924 39.184000
0.018111 59.767700
0.018297 59.054700
0.018484 44.907500
0.018671 35.549100
0.018857 49.090400
0.019044 32.653400
0.019231 32.766100
0.019417 8.204440
0.019791 42.984800
0.019978 21.369600
0.020164 59.028100
0.020351 13.346700
0.020538 22.343800
0.020724 60.982800
0.020911 36.581000
0.021098 33.735800
0.021285 42.623700
0.021471 38.835300
0.021658 40.070100
0.021845 58.369800
0.022031 50.527800
0.022218 47.240900
0.022405 48.673600
0.022591 47.191400
0.022778 99.513900
0.022965 56.824800
0.023152 53.966800
0.023338 66.810700
0.023525 24.397500
0.023712 7.955180
0.023898 51.989200
0.024085 14.338500
0.024272 64.692600
0.024459 74.631400
0.024645 22.505700
0.024832 38.100500
0.028940 8.389800
0.029126 16.745000
0.029313 36.455300
0.029500 18.813200
0.029686 34.746100
0.029873 41.814000
0.030060 33.291600
0.030246 25.912700
0.030433 36.075900
0.030620 41.662300
0.030807 35.679500
0.030993 54.962900
0.031180 65.041200
0.031367 26.771600
0.031553 58.801000
0.031740 75.338600
0.031927 38.436400
0.032114 29.739000
0.032300 31.375200
0.032487 79.779100
0.032674 39.662100
0.032860 67.690700
0.033047 36.024900
0.033234 53.545800
0.033420 34.577000
0.033607 52.697300
0.033794 79.084900
0.033981 71.699400
0.034167 81.303700
0.034354 33.455700
0.034541 41.192200
0.034727 79.567100
0.034914 69.769500
0.035101 41.575500
0.035288 36.116900
0.035474 45.234400
0.035661 35.452200
0.035848 54.638100
0.036034 16.412100
0.036221 32.584300
0.036408 65.434700
0.036594 58.655500
0.036781 28.867000
0.036968 60.168900
0.037155 38.114600
0.037341 46.548700
0.037528 29.242300
0.037715 45.188700
0.037901 48.917500
0.038088 53.840300
0.038275 89.266600
0.038462 49.568400
0.038648 62.318000
0.038835 40.588200
0.039022 49.401000
0.039208 79.444700
0.039395 54.482400
0.039582 10.141200
0.039768 55.688900
0.040142 10.105200
0.040329 45.565200
0.040515 50.208700
0.040702 51.589200
0.040889 74.752500
0.041075 64.917100
0.041262 42.741800
0.041449 7.022950
0.041636 6.885470
0.041822 66.664100
0.044996 9.691900
0.045183 37.206600
0.045370 44.601000
0.045556 30.302300
0.045743 10.926800
0.045930 41.547800
0.054332 59.483000
0.054518 42.076600
0.054705 56.018100
0.054892 80.714500
0.055078 25.801200
0.055265 46.422400
0.055452 37.717900
0.055639 8.253920
0.055825 41.748100
0.056012 52.321300
0.056199 76.578200
0.056385 44.483700
0.056572 72.782700
0.056759 6.714180
0.056945 20.124800
0.057132 36.478300
0.057319 43.429100
0.060119 67.417800
0.060306 37.944800
0.060493 47.950100
0.060680 68.722800
0.060866 30.299600
0.061053 14.131100
0.061240 64.992200
0.061426 39.937400
0.061613 47.692900
0.061800 30.659300
0.061987 62.778600
0.062173 34.093100
0.062360 43.447900
0.062547 32.707700
0.062733 61.063700
0.062920 35.611000
0.063107 48.505400
0.063294 33.369900
0.063480 65.252100
0.063667 54.984800
0.063854 23.771000
0.064040 37.294200
0.064227 45.059500
0.064414 9.871800
0.064600 26.150000
0.064787 43.896900
0.064974 29.091200
0.065161 16.353300
0.065347 49.673000
0.065534 19.379900
0.065721 46.482100
0.065907 56.229300
0.066094 48.259400
0.066281 82.787100
0.066468 30.810900
0.066654 8.650330
0.066841 64.211700
0.067028 58.789300
0.067214 55.149800
0.067401 23.820900
0.067588 65.319600
0.067774 38.057000
0.067961 45.567800
0.068148 57.087200
0.068335 44.731100
0.068521 10.160400
0.068708 69.875900
0.068895 57.097800
0.069081 47.409200
0.069268 53.658600
0.069455 36.325400
0.069642 42.003100
0.069828 8.199800
0.070015 85.508300
0.070202 31.265600
0.070388 50.572000
0.070575 87.526700
0.070762 44.603100
0.070948 52.795900
0.071135 44.644500
0.071322 39.611500
0.071509 29.781800
0.071882 46.214000
0.072069 71.058300
0.072255 25.467400
0.072442 40.384600
0.072629 43.991200
0.072816 45.073600
0.073002 38.098200
0.073189 30.479700
0.073376 88.487200
0.073562 36.418000
0.073749 78.470800
0.073936 16.156500
0.074122 50.351100
0.074309 36.923300
0.074496 17.473200
0.074683 25.479500
0.074869 5.879680
0.075056 51.738300
0.075243 55.102200
0.075429 40.960200
0.075616 30.875400
0.075803 41.879700
0.075990 50.911200
0.076176 11.746000
0.076363 37.999100
0.076550 33.155200
0.076736 10.631400
0.076923 28.935400
0.077110 76.222700
0.077296 35.071500
0.077483 40.261200
0.077670 75.510500
0.077857 32.169100
0.078043 65.536400
0.078230 40.279300
0.078417 39.978500
0.078603 83.433300
0.078790 40.906900
0.078977 43.657900
0.079164 31.866600
0.079350 18.686800
0.079537 33.545400
0.079724 49.735100
0.079910 59.862700
0.080097 48.559200
0.080284 82.355100
0.080471 58.345800
0.080657 36.489300
0.080844 47.782600
0.081031 36.967400
0.081217 38.971000
0.081404 65.561900
0.081591 25.849100
0.081777 46.857200
0.081964 27.315500
0.082151 28.152600
0.082338 45.657100
0.082524 40.493100
0.082711 47.305000
0.082898 46.243900
0.083084 24.351100
0.083271 60.588700
0.083458 9.534010
0.083645 33.362100
0.083831 38.589000
0.084018 30.314900
0.084205 68.576900
0.084391 34.423300
0.084578 40.682600
0.084765 49.106700
0.084951 78.758600
0.085138 89.257200
0.085325 62.823100
0.085512 22.116600
0.085698 21.967900
0.085885 60.452600
0.086072 44.546800
0.086258 42.452500
0.086445 9.724780
0.086632 55.887500
0.086819 76.724500
0.087005 59.792900
0.087192 36.430800
0.087379 2.802750
0.087565 35.345000
0.087752 18.873700
0.087939 31.186200
0.088125 42.485300
0.088312 39.309700
0.088499 41.548500
0.088686 32.576300
0.088872 12.754900
0.089059 13.553600
0.089246 60.213300
0.089432 58.708400
0.089619 44.984300
0.089806 32.509400
0.089993 38.262100
0.090179 77.671500
0.090366 25.622400
0.090553 30.386900
0.090739 59.319300
0.090926 48.514700
0.091113 24.122000
0.091299 29.554200
0.091486 59.786900
0.091673 54.290900
0.091860 55.805400
0.092046 59.210500
0.092233 20.270700
0.092420 47.219100
0.092606 37.948500
0.092793 43.816500
0.092980 46.097300
0.093167 40.366000
0.093353 86.667100
0.093540 41.512800
0.093727 15.020900
0.093913 32.454800
0.094100 14.348400
0.094287 66.569700
0.094473 54.611100
0.094660 45.447500
0.094847 31.582200
0.095034 41.982400
0.095220 41.886300
0.095407 75.685100
0.095594 47.283500
0.095780 23.812200
0.095967 52.694000
0.096154 34.763600
0.096341 51.527100
0.096527 35.497600
0.096714 16.467300
0.096901 32.591900
0.097087 45.530100
0.097274 58.985500
0.097461 19.269400
0.097647 41.299400
0.097834 11.930200
0.098021 49.911000
0.098208 67.708900
0.098394 28.162000
0.098581 26.509200
0.098768 91.816700
0.098954 24.070600
0.099141 43.788000
0.099328 19.210000
0.099515 15.322200
0.099701 26.935800
0.099888 52.306300
0.100075 24.623300
0.100261 47.595100
0.100448 86.621100
0.100635 35.821700
0.100822 23.534800
0.101008 35.394000
0.101195 36.459800
0.101382 30.691800
0.101568 28.247900
0.101755 50.520700
0.101942 17.328100
0.102128 58.458600
0.102315 37.509000
0.102502 42.137900
0.102689 69.019300
0.102875 11.657400
0.103062 55.600600
0.103249 46.703300
0.103622 42.786500
0.103809 44.107900
0.103996 14.562900
0.104182 40.294800
0.104369 57.904700
0.104556 82.386100
0.104742 56.729900
0.104929 46.538300
0.105116 43.506700
0.105302 65.908500
0.105489 29.306900
0.105676 10.723700
0.105863 28.282500
0.106049 53.024000
0.106236 52.361000
0.106423 42.416200
0.106609 63.475300
0.106796 54.039200
0.106983 50.955300
0.107170 33.748400
0.107356 45.550200
0.107543 81.785800
0.107730 79.380000
0.107916 63.263500
0.108103 21.673600
0.108290 53.752300
0.108476 47.797900
0.108663 31.698900
0.108850 30.023600
0.109037 36.275300
0.109223 61.018800
0.109410 36.618000
0.109597 70.150600
0.109783 39.394600
0.109970 42.398200
0.110157 10.872200
0.110344 57.875800
0.110530 48.906100
0.110717 50.440100
0.110904 23.653700
0.111090 71.216600
0.111277 30.172500
0.111464 5.384350
0.111650 83.927200
0.111837 37.256900
0.112024 10.982100
0.112211 58.692800
0.112397 41.667900
0.112584 62.203200
0.112771 45.563900
0.112957 19.076700
0.113144 5.512650
0.113331 24.538400
0.113518 90.798600
0.113704 25.458100
0.113891 78.769900
0.114078 65.348300
0.114264 90.015000
0.114451 56.827800
0.114638 36.162500
0.114824 57.893600
0.115011 25.000600
0.115198 73.224100
0.115385 33.465200
0.115571 58.758200
0.115758 33.339300
0.115945 21.460500
0.116131 80.556400
0.116318 36.123400
0.116505 61.156000
0.116692 49.564700
0.116878 35.798000
0.117065 22.107200
0.117252 56.509900
0.117438 51.106200
0.117625 31.947100
0.117812 20.582900
0.117999 60.496000
0.118185 41.605000
0.118372 5.522210
0.118559 28.542100
0.118745 42.163200
0.118932 57.400900
0.119119 59.257900
0.119305 54.681900
0.119492 56.345600
0.119679 68.554100
0.119866 60.014100
0.120052 69.675700
0.120239 33.700700
0.120426 26.328600
0.120612 71.481700
0.120799 16.209100
0.120986 30.727000
0.121173 58.833100
0.121359 54.021200
0.121546 14.110500
0.121733 38.993400
0.121919 17.742400
0.122106 35.378700
0.122293 94.350400
0.122479 33.641400
0.122666 41.591500
0.122853 80.702200
0.123040 43.150900
0.123226 48.338000
0.123413 72.135800
0.123600 32.803000
0.123786 16.728000
0.123973 64.340500
0.124160 49.550500
0.124347 46.764800
0.124533 42.138500
0.124720 33.266500
0.124907 51.879100
0.125093 64.940000
0.125280 55.581300
0.125467 37.981200
0.125653 9.450480
0.125840 46.703100
0.126027 25.778600
0.126400 37.380600
0.126587 21.578900
0.126774 41.878600
0.126960 33.431600
0.127147 42.726000
0.127334 40.976900
0.127521 59.605600
0.127707 59.398100
0.127894 43.912600
0.128081 41.898600
0.128267 15.633100
0.128454 68.024200
0.128641 53.960400
0.128827 36.696500
0.129014 56.106600
0.129201 48.598400
0.129388 65.446900
0.129574 93.563600
0.129761 67.507200
0.129948 58.958800
0.130134 87.922800
0.130321 27.988000
0.130508 67.218200
0.130695 56.652600
0.130881 27.435900
0.131068 53.731800
0.131255 2.758930
0.131441 83.335400
0.131628 69.774400
0.131815 45.366200
0.132001 48.820800
0.132188 31.434500
0.132375 60.201900
0.132562 42.077200
0.132748 44.847300
0.132935 25.112600
0.133122 32.130300
0.133308 46.034200
0.133495 22.555400
0.133682 55.628300
0.133869 64.381400
0.139283 58.116000
0.139470 33.475300
0.139656 40.500700
0.139843 38.218700
0.140030 31.226700
0.140217 35.114800
0.140403 46.140400
0.140590 42.069600
0.140777 43.357500
0.140963 29.792600
0.141150 67.233500
0.141337 49.733600
0.141524 23.769000
0.141710 40.070900
0.141897 41.357800
0.142084 16.427300
0.142270 43.009300
0.142457 25.215600
0.142644 77.152200
0.142830 27.858300
0.143017 7.871670
0.143204 86.056300
0.143391 67.895700
0.143577 27.291800
0.143764 82.705100
0.143951 95.549500
0.144137 32.758100
0.144324 11.007600
0.144511 21.698300
0.144698 68.377600
0.144884 47.620000
0.145071 41.540100
0.145258 22.356500
0.145444 88.249900
0.145631 36.368300
0.145818 88.260200
0.146004 21.411300
0.146191 42.996200
0.146378 38.384400
0.146565 44.705800
0.146751 65.881300
0.146938 77.029200
0.147125 58.368400
0.147311 61.252700
0.147498 51.328500
0.147685 27.237700
0.147872 50.013900
0.148058 4.640310
0.148245 31.561700
0.148432 36.702400
0.148618 39.635500
0.148805 34.877700
0.148992 44.394600
0.149178 50.072300
0.149365 73.214700
0.149552 70.408800
0.149739 39.355500
0.149925 32.531200
0.150112 46.134500
0.150299 25.343600
0.150485 20.159600
0.150672 50.551500
0.150859 78.131800
0.151046 87.137000
0.151232 38.556400
0.151419 42.677400
0.151606 25.282100
0.151792 19.480600
0.151979 9.437080
0.152166 54.486500
0.152353 51.522400
0.152539 39.545300
0.152726 19.635200
0.152913 10.740900
0.153099 7.923310
0.153286 33.219200
0.153473 34.389600
0.153659 39.399300
0.153846 31.866800
0.154033 39.201000
0.154220 59.030200
0.154406 24.256000
0.154593 43.533300
0.154780 49.891600
0.154966 56.922400
0.155153 62.070000
0.155340 42.989500
0.155527 31.308900
0.155713 41.514800
0.155900 83.321900
0.156087 36.156200
0.156273 12.568200
0.156460 53.155100
0.156647 34.369600
0.156833 7.178270
0.157020 46.762700
0.157207 62.074600
0.157394 29.310700
0.157580 24.339100
0.157767 23.823700
0.157954 21.055600
0.158140 77.905300
0.158327 15.003800
0.159634 67.121200
0.159821 64.164100
0.160007 47.857400
0.160194 88.975200
0.160381 68.172100
0.160568 76.221200
0.160754 54.163300
0.160941 54.347200
0.161128 67.077400
0.161314 37.087400
0.161501 24.921300
0.161688 20.271100
0.161875 89.447100
0.162061 8.631880
0.162248 57.644100
0.162435 53.725900
0.162621 93.506500
0.162808 53.132500
0.162995 32.882700
0.163181 29.659000
0.163368 55.273700
0.163555 53.978100
0.163742 7.409500
0.163928 68.129600
0.164115 85.365000
0.164302 24.511000
0.164488 49.659400
0.164675 50.682900
0.164862 44.361600
0.165049 54.160800
0.165235 65.073700
0.165422 61.092800
0.165609 61.498000
0.165795 38.978800
0.165982 65.962300
0.166169 25.295500
0.166355 23.326200
0.166542 42.228500
0.166729 59.806600
0.166916 15.129100
0.167102 41.794100
0.167289 9.584410
0.167476 52.297700
0.167662 8.776500
0.167849 37.043300
0.168036 40.928400
0.168223 37.037400
0.168409 50.757100
0.168596 60.774100
0.168783 5.212600
0.168969 43.534700
0.169156 29.017200
0.169343 42.701100
0.169529 37.815800
0.169716 54.704700
0.169903 42.507600
0.170090 30.808200
0.170276 66.629100
0.170463 27.596200
0.170650 38.221300
0.170836 23.575000
0.171023 34.937700
0.171210 32.536600
0.171397 44.532200
0.171583 69.697500
0.171770 40.270500
0.171957 22.837900
0.172143 38.046700
0.172330 27.492400
0.172517 44.801600
0.172704 43.758600
0.172890 24.662400
0.173077 40.052000
0.173264 52.682800
0.173450 37.463200
0.173637 63.177000
0.173824 25.075500
0.174010 51.895300
0.174197 22.601400
0.174384 36.910800
0.174571 56.874400
0.174757 53.384200
0.174944 4.891590
0.175131 77.441200
0.175317 9.193490
0.175504 17.078900
0.175691 38.551900
0.175878 22.880300
0.176064 61.485200
0.176251 22.599500
0.176438 17.037700
0.176624 29.376300
0.176811 94.125300
0.176998 60.297600
0.177184 35.451900
0.177371 44.787200
0.177558 19.668200
0.177745 48.635200
0.177931 95.201700
0.178118 75.722400
0.178305 29.049300
0.178491 54.467300
0.178678 9.113720
0.178865 35.600500
0.179425 69.269400
0.179612 49.607000
0.179798 57.179900
0.179985 63.147500
0.180172 38.217500
0.180358 70.338600
0.180545 34.168800
0.180732 45.530300
0.180919 52.705200
0.181105 43.384500
0.181292 54.996300
0.181479 47.141400
0.181665 38.132700
0.181852 42.234900
0.182039 52.663200
0.182226 47.887500
0.182412 43.060400
0.182599 31.867400
0.182786 90.360000
0.182972 53.489600
0.183159 29.039300
0.183346 64.006300
0.183532 60.168000
0.183719 29.814300
0.183906 59.974500
0.184093 67.059700
0.184279 50.245100
0.184466 56.415700
0.184653 35.084800
0.184839 26.175300
0.185026 56.185900
0.185213 8.698520
0.185400 79.053600
0.185586 1.849980
0.185773 58.457300
0.185960 30.373000
0.186146 49.351900
0.186333 85.184200
0.186520 13.796500
0.186706 9.593820
0.186893 88.802600
0.187080 18.258400
0.187267 40.630100
0.187453 27.837800
0.187640 59.025100
0.187827 61.611400
0.188013 24.442900
0.188200 40.151900
0.188387 74.817400
0.188574 33.993300
0.188760 52.973200
0.188947 37.830900
0.189134 76.949900
0.189320 52.093500
0.189507 52.320400
0.189694 34.460300
0.189881 37.697300
0.190067 55.395900
0.190254 39.135100
0.190441 56.461100
0.190627 80.552600
0.190814 71.229100
0.191001 9.754930
0.191187 49.309700
0.191374 38.995500
0.191561 33.173800
0.191748 38.682600
0.191934 41.967200
0.192121 85.702900
0.192308 8.001380
0.192494 79.701600
0.192681 58.425500
0.192868 47.685000
0.193055 50.009000
0.193241 52.001600
0.193428 32.252200
0.193615 59.795200
0.193801 6.431330
0.193988 72.874500
0.194175 47.243200
0.194361 69.354200
0.194548 39.230900
0.194735 58.142200
0.194922 55.303200
0.195108 84.184400
0.195295 27.627300
0.195482 38.909200
0.195668 14.430600
0.195855 31.706400
0.196042 27.624100
0.196229 6.805240
0.196415 92.933000
0.196602 59.292200
0.196789 29.394400
0.196975 42.852700
0.197162 46.380000
0.197349 23.788100
0.197535 41.634900
0.197722 37.371700
0.197909 89.275800
0.198096 18.662800
0.198282 50.869100
0.198469 60.913000
0.198656 56.699200
0.198842 37.173700
0.199029 42.407500
0.199216 4.123020
0.199403 33.112400
0.199589 73.012000
0.199776 86.776600
0.199963 68.574800
0.200149 58.868200
0.200336 38.775600
0.200523 55.725300
0.200709 43.893200
0.200896 36.198500
0.201083 52.966200
0.201270 33.833300
0.201456 82.258900
0.201643 61.543100
0.201830 25.824100
0.202016 26.398200
0.202203 81.506000
0.202390 41.054700
0.202577 22.031200
0.202763 42.016100
0.202950 85.406000
0.203137 60.894400
0.203323 37.404500
0.203510 42.330500
0.203697 33.291100
0.203883 27.103100
0.204070 68.017600
0.204257 63.002400
0.204444 20.714200
0.204630 14.950300
0.204817 73.850900
0.205004 27.440200
0.205190 32.055300
0.205377 28.546000
0.205564 23.039900
0.205751 46.981500
0.205937 39.659500
0.206124 62.626600
0.206311 69.179400
0.206497 56.612700
0.206684 51.327600
0.206871 34.877500
0.207058 20.670200
0.207244 13.821500
0.207431 4.601470
0.207618 15.984600
0.207804 67.072300
0.207991 56.822900
0.208178 66.770800
0.208364 89.283900
0.208551 24.385500
0.208738 72.962200
0.208925 37.512500
0.209111 25.088700
0.209298 68.373500
0.209485 53.594600
0.209671 29.338100
0.209858 6.385800
0.210045 70.427400
0.210232 60.732800
0.210418 33.885400
0.210605 50.677800
0.210792 28.479300
0.210978 11.836900
0.211165 46.897300
0.211352 24.481300
0.211538 83.475400
0.211725 21.161400
0.211912 51.419100
0.212099 50.405700
0.212285 34.156900
0.212472 76.444500
0.212659 55.358400
0.212845 20.796800
0.213032 79.012000
0.213219 19.584900
0.213406 39.782600
0.213592 13.796200
0.213779 26.802200
0.213966 67.464100
0.214152 69.908500
0.214339 58.906900
0.214526 48.563300
0.214712 45.827300
0.214899 62.293300
0.215086 16.943500
0.215273 64.942100
0.215459 33.582900
0.215646 66.008400
0.215833 46.959700
0.216019 29.450200
0.216206 39.648000
0.216393 63.908600
0.216580 38.497700
0.216766 85.821200
0.216953 30.625400
0.217140 60.423000
0.217326 68.415600
0.217513 21.052900
0.217700 32.802200
0.217886 59.011300
0.218073 10.198600
0.218260 18.409900
0.218447 75.976000
0.218633 43.326100
0.218820 89.490600
0.219007 55.508300
0.219193 24.379400
0.219380 6.864070
0.219567 59.694200
0.219754 31.021900
0.219940 45.031500
0.220127 15.029000
0.220314 94.568700
0.220500 74.181300
0.220687 32.295800
0.220874 34.309800
0.221060 69.088400
0.221247 44.801100
0.221434 33.689900
0.221621 30.982700
0.221807 40.673500
0.221994 36.268600
0.222181 86.776000
0.222367 26.542200
0.222554 47.500500
0.222741 51.343100
0.222928 44.437100
0.223114 10.528000
0.223301 52.388700
0.223488 55.409900
0.223674 41.275200
0.223861 66.574900
0.224048 92.532200
0.224235 43.330800
0.224421 31.723600
0.224608 30.064700
0.224795 40.048200
0.224981 68.929900
0.225168 63.575000
0.225355 48.582900
0.225541 39.710500
0.225728 41.260300
0.225915 7.768020
0.226102 36.640400
0.226288 57.388500
0.226475 9.898490
0.226662 45.207400
0.226848 30.442400
0.227035 90.677600
0.227222 24.858300
0.227409 48.879100
0.227595 57.138700
0.227782 8.267440
0.227969 27.223100
0.228155 67.373200
0.228342 66.543100
0.228529 58.685200
0.228715 27.390800
0.228902 43.939000
0.229089 56.237400
0.229276 43.188100
0.229462 50.038700
0.229649 34.528300
0.229836 20.518300
0.230022 4.200000
0.230209 72.186400
0.230396 45.170600
0.230583 46.188500
0.230769 35.474000
0.230956 67.648100
0.231143 50.112500
0.231329 32.799600
0.231516 65.647600
0.231703 17.026900
0.231889 38.807300
0.232076 48.003900
0.232263 60.804700
0.232450 53.543800
0.232636 78.682900
0.232823 53.875300
0.233010 13.212200
0.233196 49.419300
0.233383 9.287810
0.233570 45.078500
0.233757 27.528500
0.233943 47.173300
0.234130 14.720800
0.234317 42.953500
0.234503 64.749100
0.234690 36.943300
0.234877 54.781500
0.235063 25.273600
0.235250 46.393900
0.235437 38.840800
0.235624 40.443500
0.235810 29.975400
0.235997 66.465500
0.236184 34.821500
0.236370 31.853800
0.236557 47.121200
0.236744 21.726300
0.236931 21.977700
0.237117 51.510800
0.237304 62.047700
0.237491 55.100600
0.237677 33.369400
0.237864 47.654100
0.238051 90.574000
0.238237 1.957930
0.238424 28.678400
0.238611 47.198500
0.238798 51.201600
0.238984 34.251000
0.239171 21.231900
0.239358 34.007200
0.239544 41.916200
0.239731 17.492300
0.239918 43.727200
0.240105 17.194000
0.240291 23.637800
0.240478 31.494000
0.240665 21.423800
0.240851 6.888280
0.241038 15.398900
0.241225 54.052300
0.241412 4.736690
0.241598 24.520700
0.241785 42.201700
0.241972 83.119000
0.242158 33.693800
0.242345 68.586300
0.242532 77.364900
0.242718 48.708500
0.242905 34.355700
0.243092 69.054400
0.243279 85.154700
0.243465 68.076400
0.243652 38.952500
0.243839 43.359600
0.244025 81.283900
0.244212 43.529900
0.244399 26.875500
0.244586 49.459000
0.244772 31.378100
0.244959 29.301200
0.245146 38.743000
0.245332 64.638100
0.245519 61.533400
0.245706 57.958700
0.245892 56.689800
0.246079 38.292600
0.246266 30.861700
0.246453 72.119100
0.246639 35.269300
0.246826 36.020800
0.247013 38.412300
0.247199 22.543100
0.247386 57.011000
0.247573 21.629300
0.247760 94.581700
0.247946 48.141200
0.248133 47.809300
0.248320 31.034100
0.248506 12.346700
0.248693 53.961600
0.248880 46.562000
0.249066 50.764000
0.249253 46.629500
0.249440 69.061000
0.249627 33.724700
0.249813 44.643100
0.250000 42.915400
0.250187 58.748000
0.250373 25.649200
0.250560 68.852600
0.250747 46.513700
0.250934 17.574400
0.251120 39.150700
0.251307 43.755500
0.251494 66.419400
0.251680 32.955600
0.251867 10.485400
0.252054 18.708000
0.252240 31.888000
0.252427 21.282000
0.252614 7.886450
0.252801 34.436900
0.252987 44.023300
0.253174 27.645900
0.253361 25.860000
0.253547 71.320400
0.253734 49.451000
0.253921 7.245970
0.254108 50.097200
0.254294 18.697600
0.254481 57.430400
0.254668 37.057400
0.254854 41.715900
0.255041 55.676100
0.255228 30.179300
0.255414 8.902010
0.255601 28.710700
0.255788 54.415300
0.255975 76.690700
0.256161 19.677900
0.256348 36.763500
0.256535 66.906200
0.256721 34.821800
0.256908 95.715100
0.257095 17.858700
0.257282 80.706900
0.257468 51.767400
0.257655 15.234400
0.257842 55.689300
0.258028 43.823200
0.258215 18.975100
0.258402 49.336700
0.258588 57.901300
0.258775 49.611200
0.258962 34.540200
0.259149 31.259900
0.259335 69.524700
0.259522 34.943200
0.259709 49.560500
0.259895 35.960900
0.260082 32.121000
0.260269 54.572200
0.260456 67.081900
0.260642 81.600300
0.260829 40.126700
0.261016 51.885700
0.261202 36.369800
0.261389 21.245400
0.261576 43.822500
0.261763 58.843600
0.261949 56.339900
0.262136 34.759400
0.262323 14.372200
0.262696 34.480100
0.262883 39.515800
0.263069 45.579000
0.263256 82.702800
0.263443 55.612800
0.263630 60.675300
0.263816 19.507500
0.264003 12.544300
0.264190 93.331600
0.264376 34.603600
0.264563 32.645300
0.264750 40.803800
0.264937 39.973700
0.265123 9.650370
0.265310 43.378900
0.265497 65.762600
0.265683 23.669000
0.265870 26.384600
0.266057 21.850400
0.266243 32.171900
0.266430 71.954700
0.266617 87.881200
0.266804 31.536000
0.266990 53.057200
0.267177 7.671790
0.267364 74.463600
0.267550 58.725100
0.267737 35.946000
0.267924 10.116600
0.268297 9.805800
0.268484 35.466500
0.268671 31.529500
0.268857 33.174700
0.269044 30.027600
0.269231 44.720100
0.269417 37.876700
0.269604 14.630600
0.269791 53.007800
0.269978 48.540300
0.270164 37.207900
0.270351 24.775600
0.270538 33.399800
0.270724 20.261000
0.270911 60.953700
0.271098 21.891600
0.271285 37.319200
0.271471 8.169000
0.271658 9.051430
0.271845 76.765700
0.272031 89.448900
0.272218 27.558400
0.272405 60.726600
0.272591 71.070000
0.272778 85.275900
0.272965 73.595600
0.273152 85.202400
0.273338 34.819900
0.273525 7.065570
0.273712 37.942500
0.273898 40.366600
0.274085 39.368300
0.274272 54.488100
0.274459 34.531700
0.274645 27.861800
0.274832 71.857600
0.275019 29.983600
0.275205 36.195600
0.275392 44.188100
0.275579 36.907500
0.275765 35.659400
0.275952 36.883100
0.276139 17.188000
0.276326 58.674800
0.276512 56.613600
0.276699 68.169400
0.276886 40.465400
0.277072 13.576500
0.277259 69.121800
0.277446 41.125100
0.277633 27.918500
0.277819 39.386100
0.278006 84.673100
0.278193 62.845900
0.278379 24.770900
0.278566 8.441990
0.278753 58.945000
0.278940 23.508500
0.279126 22.019600
0.279313 82.280600
0.279500 47.164200
0.279873 41.474800
0.280060 18.745900
0.280246 34.297000
0.280433 32.238000
0.280620 65.201700
0.280807 30.516600
0.280993 63.317300
0.281180 14.603200
0.281367 46.264400
0.281553 38.191100
0.281740 35.488400
0.281927 49.983900
0.282114 58.829500
0.282300 29.503700
0.282487 62.543300
0.282674 22.929500
0.282860 31.445300
0.283047 46.887000
0.283234 21.025200
0.283420 56.422400
0.283607 73.745900
0.283794 26.726200
0.283981 42.864600
0.284167 55.256800
0.284354 62.619000
0.284541 84.787900
0.284727 77.819900
0.284914 63.809900
0.285101 38.912100
0.285288 64.486300
0.285474 37.945400
0.285661 17.348400
0.285848 50.165300
0.286034 67.849000
0.286221 82.470600
0.286408 18.881400
0.286594 56.523400
0.286781 27.341100
0.286968 28.942900
0.287155 66.585400
0.287341 17.266100
0.287528 56.537700
0.287715 36.866800
0.287901 33.608900
0.288088 22.239000
0.288275 28.419000
0.288462 33.427300
0.288648 34.164300
0.288835 50.847300
0.289022 39.103200
0.289208 32.065200
0.289395 45.169600
0.289582 65.185500
0.289768 9.712970
0.289955 50.790800
0.290142 32.278700
0.290329 53.776700
0.290515 16.118000
0.290702 22.065800
0.290889 46.275600
0.291075 11.736200
0.291262 8.123940
0.291449 43.619500
0.291636 22.455200
0.291822 53.372100
0.292009 18.415700
0.292196 37.762100
0.292382 35.624900
0.292569 89.607100
0.292756 34.455500
0.292942 67.452900
0.293129 35.073900
0.293316 64.802200
0.293503 71.010100
0.293689 33.232300
0.293876 87.635400
0.294063 42.292100
0.294249 49.580200
0.294436 60.602900
0.294623 60.646700
0.294810 26.971100
0.294996 39.329300
0.295183 39.460700
0.295370 27.226800
0.295556 21.917300
0.295743 14.191600
0.295930 29.964500
0.296117 35.972900
0.296303 36.872200
0.296490 46.985000
0.296677 36.734400
0.296863 37.291700
0.297050 46.354200
0.297237 51.892200
0.297423 26.314700
0.297610 23.283800
0.297797 12.395500
0.297984 10.983700
0.298170 45.777600
0.298357 52.362300
0.298544 36.589400
0.298730 28.735300
0.298917 47.608600
0.299104 60.300200
0.299291 44.297900
0.299477 21.914400
0.299664 52.508300
0.299851 41.859100
0.300037 24.371500
0.300224 59.621100
0.300411 26.508500
0.300597 45.368900
0.300784 22.594500
0.300971 7.490430
0.301158 25.428700
0.301344 53.433100
0.301531 38.893100
0.301718 23.230600
0.301904 30.222500
0.302091 67.958500
0.302278 59.387500
0.302465 39.434400
0.302651 82.359500
0.303025 66.891800
0.303211 18.735300
0.303398 38.117900
0.303585 6.599550
0.303771 62.509900
0.303958 37.761800
0.304145 20.977500
0.304332 21.073400
0.304518 41.689600
0.304705 30.395100
0.304892 42.706700
0.305078 43.979400
0.305265 36.717900
0.305452 42.279900
0.305639 44.614200
0.305825 58.287400
0.306012 31.142600
0.306199 11.683500
0.306385 50.149800
0.306572 25.196700
0.306759 71.842600
0.306945 46.369200
0.307132 20.351600
0.307319 42.977200
0.307506 41.147100
0.307692 46.546700
0.307879 30.482900
0.308066 39.625400
0.308252 29.103700
0.308439 48.971500
0.308626 82.559100
0.308813 35.205100
0.308999 48.883800
0.309186 9.364720
0.309373 62.518400
0.309559 79.251800
0.309746 33.203300
0.309933 43.575800
0.310119 40.305800
0.310306 34.858500
0.310493 21.505700
0.310680 30.400900
0.310866 37.247000
0.311053 25.959600
0.311240 43.971400
0.311426 59.462700
0.311613 25.915500
0.311800 19.138300
0.311987 53.205100
0.312173 34.764600
0.312360 44.478000
0.312547 20.971800
0.312733 29.053500
0.312920 72.305100
0.313107 65.781500
0.313294 21.408700
0.313480 40.852700
0.313667 8.846070
0.313854 55.266100
0.314040 29.767100
0.314227 40.667400
0.314414 76.918000
0.314600 92.649600
0.314787 50.013700
0.314974 32.257800
0.315161 58.839800
0.315347 30.532400
0.315534 36.615500
0.315721 50.974300
0.315907 37.323600
0.316094 37.696500
0.316281 28.736600
0.316468 37.908700
0.316841 11.312900
0.317028 63.413200
0.317214 31.141100
0.317401 17.553100
0.317588 26.657300
0.317774 48.837700
0.317961 26.915700
0.318148 69.648900
0.318335 74.217500
0.318521 65.664300
0.318708 10.828800
0.318895 9.456970
0.319081 33.657800
0.319268 49.986600
0.319455 23.665900
0.319642 52.930500
0.319828 33.051000
0.320015 54.394600
0.320202 58.523100
0.320388 41.235100
0.320575 64.774300
0.320762 33.007900
0.320948 34.295800
0.321135 16.417700
0.321322 35.831100
0.321509 5.436020
0.321695 14.409900
0.321882 16.084200
0.322069 4.242730
0.322255 53.345200
0.322442 23.987700
0.322629 11.947000
0.322816 94.754000
0.323002 44.383800
0.323189 55.209300
0.323376 47.356200
0.323562 47.934500
0.323749 59.401500
0.323936 6.438560
0.324122 34.467800
0.324309 35.433800
0.324496 39.912500
0.324683 40.808000
0.324869 44.114500
0.325056 16.614200
0.325243 44.148700
0.325429 75.659800
0.325616 28.545300
0.325803 20.993500
0.325990 6.337540
0.326176 85.321500
0.326363 52.117700
0.326550 57.473300
0.326736 23.556300
0.326923 52.970400
0.327110 37.795800
0.327296 49.748700
0.327483 64.985000
0.327670 89.202000
0.327857 38.653700
0.328043 67.960500
0.328230 39.147500
0.328417 16.512000
0.328603 31.482500
0.328790 40.890400
0.328977 54.601800
0.329164 17.134100
0.329350 26.980100
0.329537 10.038400
0.329724 45.186400
0.329910 59.125300
0.330097 39.435900
0.330284 52.292300
0.330471 81.881500
0.330657 30.458600
0.330844 57.640300
0.331031 48.125900
0.331217 60.026800
0.331404 63.791300
0.331591 46.187200
0.331777 30.066500
0.331964 27.111800
0.332151 22.938100
0.332338 66.577500
0.332524 16.665200
0.332711 58.766400
0.332898 22.413300
0.333084 20.461900
0.333271 39.402400
0.333458 50.354300
0.333645 12.605700
0.333831 39.612200
0.334018 54.611000
0.334205 74.662300
0.334391 45.367700
0.334578 35.953400
0.334765 48.597100
0.334951 77.236400
0.335138 19.457400
0.335325 39.472100
0.335512 22.227400
0.335698 48.871500
0.335885 35.695900
0.336072 82.533500
0.336258 71.136400
0.336445 91.313700
0.336632 32.704900
0.336819 37.793700
0.337005 30.383000
0.337192 22.583400
0.337379 65.741400
0.337565 45.019000
0.337752 35.958800
0.337939 58.977700
0.338125 36.087800
0.338312 28.588800
0.338499 47.343300
0.338686 33.319500
0.338872 52.312600
0.339059 42.530900
0.339246 28.839600
0.339432 54.637100
0.339619 58.630500
0.339806 61.789500
0.339993 52.559200
0.340179 37.474100
0.340366 30.302500
0.340553 35.015900
0.340739 22.742000
0.340926 61.232300
0.341113 9.426290
0.341299 72.937000
0.341486 81.523000
0.341673 57.411000
0.341860 38.187100
0.342046 57.931300
0.342233 45.044600
0.342420 50.687300
0.342606 65.398300
0.342793 13.931100
0.342980 56.072000
0.343167 67.499400
0.343353 36.462000
0.343540 32.389600
0.343727 52.572000
0.343913 19.601700
0.344100 13.249800
0.344287 6.502260
0.344473 68.834400
0.344660 42.144600
0.344847 21.991800
0.345034 37.555500
0.345220 41.504500
0.345407 34.764500
0.345594 47.774400
0.345780 40.453900
0.345967 50.225900
0.346154 47.114700
0.346341 50.787300
0.346527 54.329300
0.346714 67.746600
0.346901 17.231100
0.347087 5.562360
0.347274 41.890800
0.347461 32.896900
0.347647 24.273000
0.347834 70.307800
0.348021 39.250300
0.348208 36.782800
0.348394 64.885700
0.348581 7.501270
0.348768 18.008300
0.348954 57.475400
0.349141 35.425400
0.349328 86.276000
0.349515 61.313100
0.349701 7.801920
0.349888 54.358100
0.350075 36.877500
0.350261 46.369600
0.350448 57.573800
0.350635 28.341100
0.350822 29.335300
0.351008 30.014800
0.351195 23.017000
0.351382 44.575600
0.351568 15.852200
0.351755 50.251400
0.351942 48.379400
0.352128 39.165000
0.352315 76.968000
0.352502 46.790300
0.352689 18.274900
0.352875 30.903100
0.353062 42.585300
0.353249 43.726100
0.353435 40.107400
0.353622 47.639300
0.353809 43.225700
0.353996 60.122800
0.354182 13.343800
0.354369 72.569600
0.354556 62.474900
0.354742 18.937800
0.354929 44.903900
0.355116 48.978300
0.355302 37.929100
0.355489 73.428800
0.355676 77.609800
0.355863 99.098200
0.356049 9.874100
0.356236 8.358970
0.356423 73.169700
0.356609 19.733700
0.356796 44.751400
0.356983 28.312200
0.357170 44.034000
0.357356 51.249500
0.357543 20.872600
0.357730 43.578800
0.357916 7.227830
0.358103 20.427300
0.358290 36.816700
0.358476 66.849000
0.358663 46.942200
0.358850 26.224400
0.359037 41.674100
0.359223 76.378700
0.359410 68.535300
0.359597 49.306200
0.359783 52.639100
0.359970 48.859400
0.360157 81.409600
0.360344 37.206100
0.360530 8.969510
0.360717 31.171500
0.360904 37.180000
0.361090 31.890700
0.361277 76.918200
0.361464 29.551500
0.361650 68.849300
0.361837 32.578500
0.362024 20.678400
0.362211 23.794400
0.362397 28.081500
0.362584 28.093000
0.362771 90.763500
0.362957 9.823600
0.363144 41.964800
0.363331 2.180040
0.363518 27.747300
0.363704 20.432700
0.363891 18.581800
0.364078 52.159600
0.364264 63.689500
0.364451 49.156700
0.364638 43.439700
0.364824 48.212700
0.365011 38.529700
0.365198 25.201800
0.365385 93.620000
0.365571 25.863400
0.365758 48.746700
0.365945 51.249600
0.366131 6.518160
0.366318 87.505500
0.366505 54.382500
0.366692 16.267100
0.366878 72.578700
0.367065 87.850700
0.367252 36.228800
0.367438 50.069700
0.367625 57.028200
0.367812 52.812300
0.367999 21.322800
0.368185 20.332900
0.368372 33.735100
0.368559 84.529900
0.368745 34.487100
0.368932 49.243500
0.369119 60.591800
0.369305 82.557800
0.369492 6.945900
0.369679 35.458400
0.369866 28.373700
0.370052 51.830900
0.370239 37.945500
0.370426 76.368700
0.370612 16.587700
0.370799 22.508400
0.370986 9.945950
0.371173 86.991700
0.371359 76.599400
0.371546 80.768000
0.371733 67.688500
0.371919 28.960100
0.372106 16.516000
0.372293 6.508060
0.372479 63.173700
0.372666 38.410800
0.372853 85.780400
0.373040 65.296400
0.373226 67.406800
0.373413 21.304700
0.373600 3.153360
0.373786 83.327000
0.373973 81.923200
0.374160 49.461700
0.374347 55.829900
0.374533 28.331900
0.374720 42.071800
0.374907 43.658500
0.375093 54.125500
0.375280 3.723130
0.375467 63.836400
0.375653 33.013400
0.375840 29.490500
0.376027 46.790900
0.376214 61.594200
0.376400 42.904600
0.376587 65.733500
0.376774 53.496100
0.376960 43.683500
0.377147 20.655400
0.377334 34.731500
0.377521 84.372700
0.377707 23.999900
0.377894 41.354900
0.378081 57.093700
0.378267 60.340800
0.378454 49.501700
0.378641 44.450900
0.378827 69.522700
0.379014 47.729900
0.379201 61.652100
0.379388 44.542700
0.379574 45.696500
0.379948 37.929400
0.380134 11.055100
0.380321 69.363400
0.380508 18.867400
0.380695 34.191700
0.380881 53.794100
0.381068 21.208100
0.381255 36.362300
0.381441 56.777000
0.381628 42.627500
0.381815 7.265120
0.382001 31.007500
0.382188 29.867900
0.382375 40.886700
0.382562 45.050800
0.382748 32.540200
0.382935 53.286800
0.383122 29.349400
0.383308 32.526700
0.383495 52.096300
0.383682 41.337400
0.383869 47.115700
0.384055 51.569800
0.384242 54.183500
0.384429 30.305300
0.384615 11.776200
0.384802 35.752300
0.384989 50.883300
0.385176 52.569900
0.385362 52.940400
0.385549 29.935300
0.385736 38.519800
0.385922 40.459900
0.386109 39.309400
0.386296 36.779400
0.386482 70.654800
0.386669 23.995200
0.386856 39.840400
0.387043 32.807400
0.387229 32.654000
0.387416 71.450800
0.387603 30.310000
0.387789 22.434500
0.387976 72.956900
0.388163 67.138900
0.388350 36.154100
0.388536 76.259700
0.388723 64.358600
0.388910 54.982500
0.389096 45.049100
0.389283 51.197000
0.389470 47.346400
0.389656 34.785400
0.389843 29.243500
0.390030 71.028800
0.390217 37.318600
0.390403 29.033600
0.390590 55.946700
0.390777 42.443500
0.390963 48.748800
0.391150 29.748700
0.391337 51.834300
0.391524 26.153400
0.391710 31.587400
0.391897 23.965900
0.392084 77.786000
0.392270 53.756700
0.392457 73.665100
0.392644 35.700600
0.392830 9.911930
0.393017 29.955300
0.393204 46.407700
0.393391 63.750300
0.393577 56.788300
0.393764 29.762800
0.393951 57.043900
0.394137 62.180600
0.394324 18.796700
0.394511 42.913800
0.394698 28.919500
0.394884 29.961900
0.395071 70.975400
0.395258 38.453600
0.395444 36.973800
0.395631 46.845900
0.395818 51.843800
0.396004 30.622000
0.396191 16.763200
0.396378 65.668600
0.396565 33.714800
0.396751 42.255000
0.396938 60.579200
0.397125 31.158900
0.397311 60.054300
0.397498 30.741500
0.397685 27.692200
0.397872 29.411200
0.398058 62.037400
0.398245 48.286500
0.398432 89.709000
0.398618 16.024400
0.398805 80.491300
0.398992 49.896300
0.399178 41.437600
0.399365 43.294900
0.399739 55.817200
0.399925 45.145400
0.400112 82.831400
0.400299 5.326980
0.400485 18.490500
0.400672 22.619600
0.400859 33.459000
0.401046 83.621200
0.401232 32.500500
0.401419 56.966700
0.401606 51.619100
0.401792 36.043000
0.401979 44.726000
0.402166 55.414500
0.402353 33.639900
0.402539 23.158300
0.402726 45.526000
0.402913 41.350800
0.403099 23.941200
0.403286 41.846900
0.403473 27.139800
0.403659 43.107700
0.403846 45.003700
0.404033 24.966000
0.404220 25.202700
0.404406 28.335200
0.404593 64.606400
0.404780 25.879800
0.404966 56.708900
0.405153 54.154300
0.405340 30.665400
0.405527 55.364900
0.405713 52.671700
0.405900 24.292700
0.406087 79.887100
0.406273 62.672100
0.406460 37.478000
0.406647 69.995800
0.406833 12.215500
0.407020 45.639700
0.407207 60.104800
0.407394 37.645800
0.407580 29.783800
0.407767 31.437300
0.407954 34.718300
0.408140 42.867000
0.408327 33.737800
0.408514 64.584900
0.408701 30.088800
0.408887 37.993700
0.409074 75.190000
0.409261 67.678500
0.409447 1.648430
0.409634 23.838700
0.409821 25.517200
0.410007 30.362600
0.410194 46.263800
0.410381 53.901300
0.410568 42.488700
0.410754 33.226300
0.410941 49.930600
0.411128 67.972800
0.411314 60.847700
0.411501 37.055300
0.411688 74.079200
0.411875 53.342000
0.412061 57.900300
0.412248 51.770300
0.412435 14.112000
0.412621 20.180900
0.412808 56.700200
0.412995 9.599460
0.413181 64.098900
0.413368 42.166900
0.413555 30.213100
0.413742 49.732900
0.413928 53.159500
0.414115 26.912200
0.414302 59.805200
0.414488 26.835400
0.414675 74.617300
0.414862 53.102900
0.415049 73.507400
0.415235 67.751800
0.415422 42.471800
0.415609 27.577500
0.415795 41.925200
0.415982 33.328900
0.416169 8.484720
0.416355 20.737800
0.416542 39.238900
0.416729 44.476100
0.416916 37.636400
0.417102 41.695800
0.417289 28.780700
0.417476 50.707800
0.417662 55.069400
0.417849 11.283700
0.418036 30.799200
0.418223 89.908600
0.418409 62.224500
0.418596 66.522100
0.418783 42.230500
0.418969 54.420400
0.419156 50.699200
0.419343 30.642800
0.419529 37.062600
0.419716 25.915100
0.419903 26.973600
0.420090 42.890400
0.420276 49.561400
0.420463 29.634200
0.420650 65.033000
0.420836 5.572330
0.421023 59.808600
0.421210 42.632000
0.421397 33.492400
0.421583 53.621700
0.421770 52.380000
0.421957 44.939200
0.422143 43.841400
0.422330 89.085800
0.422517 39.560100
0.422704 84.679500
0.422890 55.755500
0.423077 43.368100
0.423264 46.552400
0.423450 48.523200
0.423637 79.984100
0.423824 21.639700
0.424010 58.252700
0.424197 55.885100
0.424384 22.852200
0.424571 35.806700
0.424757 60.060700
0.424944 7.967530
0.425131 33.899800
0.425317 8.080840
0.425504 60.456000
0.425691 35.368500
0.425878 75.095900
0.426064 48.741300
0.426251 51.746000
0.426438 48.489500
0.426624 50.049300
0.426811 21.042100
0.426998 31.067500
0.427184 33.298700
0.427371 28.655800
0.427558 67.526900
0.427745 52.275800
0.427931 54.062900
0.428118 23.206500
0.428305 13.623400
0.428491 44.377500
0.428678 17.725500
0.428865 63.624500
0.429052 22.197100
0.429238 6.806880
0.429425 49.141400
0.429612 14.776100
0.429798 20.693500
0.429985 42.446100
0.430358 9.509200
0.430545 61.016000
0.430732 39.603600
0.430919 51.194600
0.431105 37.326400
0.431292 26.383100
0.431479 21.748600
0.431665 34.074300
0.431852 35.890200
0.432039 55.113000
0.432226 63.927100
0.432412 12.910300
0.432599 31.355200
0.432786 25.491700
0.432972 32.476800
0.433159 57.217800
0.433346 15.118800
0.433532 25.917500
0.433719 36.599800
0.433906 48.428800
0.434093 37.002800
0.434279 44.007000
0.434466 52.795200
0.434653 6.953390
0.434839 60.301500
0.435026 76.714300
0.435213 49.941900
0.435400 65.478700
0.435586 59.510400
0.435773 63.815500
0.435960 54.999700
0.436146 71.161300
0.436333 61.609700
0.436520 37.705500
0.436706 58.767400
0.436893 26.033500
0.437080 41.696900
0.437267 37.546300
0.437453 33.562900
0.437640 24.380400
0.437827 56.071200
0.438013 56.421700
0.438200 67.974400
0.438387 19.330700
0.438574 6.664510
0.438760 96.699400
0.438947 21.305300
0.439134 97.502500
0.439320 48.752600
0.439507 33.046400
0.439694 25.385800
0.439881 36.653800
0.440067 36.688200
0.440254 40.433800
0.440441 69.839700
0.440627 27.996200
0.440814 49.208200
0.441001 77.784500
0.441187 39.517800
0.441374 41.728800
0.441561 46.204500
0.441748 42.068300
0.441934 64.182800
0.442121 54.738800
0.442308 56.857300
0.442494 40.881000
0.442681 14.585000
0.442868 30.582300
0.443055 19.056400
0.443241 53.771000
0.443428 55.273400
0.443615 48.601600
0.443801 62.444700
0.443988 76.658200
0.444175 46.341000
0.444361 24.838000
0.444548 34.907400
0.444735 18.909200
0.444922 32.322800
0.445108 22.465700
0.445295 61.005600
0.445482 51.002500
0.445668 50.545600
0.445855 71.717000
0.446042 51.437700
0.446229 36.583000
0.446415 28.083600
0.446602 64.063900
0.446789 87.146600
0.446975 44.808100
0.447162 38.196400
0.447349 41.749300
0.447535 36.166900
0.447722 61.717000
0.447909 65.171400
0.448096 33.196100
0.448282 82.104100
0.448469 78.507400
0.448656 18.588600
0.448842 50.564300
0.449029 66.994600
0.449216 51.852900
0.449403 61.497200
0.449589 21.100200
0.449776 28.164800
0.449963 38.634500
0.450149 68.812800
0.450336 37.368400
0.450523 59.359200
0.450709 53.848700
0.450896 15.515400
0.451083 38.056400
0.451270 50.336600
0.451456 5.321990
0.451643 69.723800
0.451830 38.555200
0.452016 39.089200
0.452203 74.170700
0.452390 29.786000
0.452577 39.380700
0.452763 56.843100
0.452950 58.544900
0.453137 26.942900
0.453323 92.878200
0.453510 63.609100
0.453697 26.362200
0.453883 28.117000
0.454070 27.222600
0.454257 47.013600
0.454444 37.212000
0.454630 49.030000
0.454817 22.036100
0.455004 40.238400
0.455190 37.115200
0.455377 41.513800
0.455564 47.234100
0.455751 21.276800
0.455937 45.309200
0.456124 31.332900
0.456311 65.406300
0.456497 66.893100
0.456684 8.477830
0.456871 5.576810
0.457058 13.679300
0.457244 7.665140
0.457431 45.359300
0.457618 26.965700
0.457804 64.524900
0.457991 56.962400
0.458178 37.802100
0.458364 77.351100
0.458551 34.314700
0.458738 20.086500
0.458925 23.012500
0.459111 26.713300
0.459298 46.333100
0.459485 7.947210
0.459671 33.182100
0.459858 60.948400
0.460045 39.697500
0.460232 37.275900
0.460418 55.231300
0.460605 57.679300
0.460792 42.161200
0.460978 42.886300
0.461165 21.741300
0.461352 68.706000
0.461538 56.765800
0.461725 43.099900
0.461912 37.655200
0.462099 59.870400
0.462285 40.714100
0.462472 68.708200
0.462659 25.568000
0.462845 51.054200
0.463032 39.003600
0.463219 23.484200
0.463406 50.612600
0.463592 44.938900
0.463779 82.636600
0.463966 38.723600
0.464152 54.921900
0.464339 56.787500
0.464526 22.954300
0.464712 49.275900
0.464899 59.686600
0.465086 39.566800
0.465273 62.759500
0.465459 48.590400
0.465646 69.369800
0.465833 31.959300
0.466019 63.769500
0.466206 22.474100
0.466393 42.063600
0.466580 70.559000
0.466766 80.072600
0.466953 30.927900
0.467140 67.664100
0.467326 65.801400
0.467513 24.897900
0.467700 37.240000
0.467886 38.724000
0.468073 49.424400
0.468260 1.677490
0.468447 45.827200
0.468633 38.451000
0.468820 49.198000
0.469007 75.585500
0.469193 54.404000
0.469380 58.456300
0.469567 53.050200
0.469754 51.470200
0.469940 72.092900
0.470127 42.078600
0.470314 82.321800
0.470500 58.587900
0.470687 33.410000
0.470874 56.604400
0.471060 53.952400
0.471247 53.884700
0.471434 7.031700
0.471621 29.804600
0.471807 15.811400
0.471994 80.914700
0.472181 40.324000
0.472367 48.275500
0.472554 57.765800
0.472741 52.235200
0.472928 71.407500
0.473114 29.016400
0.473301 47.823300
0.473488 58.104900
0.473674 64.457100
0.473861 40.918900
0.474048 32.267400
0.474235 21.696500
0.474421 92.630300
0.474608 49.344200
0.474795 25.733000
0.474981 57.121700
0.475168 57.742200
0.475355 49.704000
0.475541 40.066900
0.475728 87.365600
0.475915 43.384400
0.476102 23.900000
0.476288 52.729100
0.476475 43.433500
0.476662 57.790500
0.476848 48.138300
0.477035 39.393100
0.477222 94.830600
0.477409 59.805100
0.477595 45.322600
0.477782 57.377800
0.477969 35.271000
0.478155 49.480800
0.478342 27.554500
0.478529 43.952600
0.478715 14.745300
0.478902 21.215700
0.479089 29.107400
0.479276 52.247600
0.479462 60.192700
0.479649 64.578600
0.479836 9.444530
0.480022 23.173400
0.480209 48.852900
0.480396 26.380900
0.480583 26.383200
0.480769 57.232600
0.480956 38.761300
0.481143 39.456900
0.481329 52.922600
0.481516 32.282800
0.481703 44.579100
0.481889 38.004300
0.482076 42.291100
0.482263 36.842700
0.482450 58.467900
0.482636 52.927100
0.482823 33.765600
0.483010 77.499100
0.483196 62.603200
0.483383 85.619800
0.483570 17.175600
0.483757 35.889200
0.483943 41.410700
0.484130 10.044900
0.484317 24.432100
0.484503 69.823500
0.484690 98.980700
0.484877 33.428100
0.485063 93.931000
0.485250 57.922000
0.485437 67.752400
0.485624 60.613500
0.485810 23.013500
0.485997 53.244300
0.486184 60.095500
0.486370 49.016700
0.486557 32.949700
0.486744 8.824500
0.486931 94.368000
0.487117 41.905100
0.487304 33.786400
0.487491 31.337400
0.487677 55.319600
0.487864 19.741100
0.488051 46.115100
0.488237 7.638750
0.488424 73.913500
0.488611 58.641900
0.488798 14.125700
0.488984 31.359000
0.489171 50.571800
0.489358 48.012400
0.489544 19.331200
0.489731 43.303800
0.489918 22.036500
0.490105 29.939700
0.490291 83.220200
0.490478 23.764400
0.490665 26.025500
0.490851 36.706300
0.491038 36.322200
0.491225 33.548100
0.491412 27.079600
0.491598 70.080800
0.491785 32.717200
0.491972 63.270500
0.492158 34.748500
0.492345 62.624300
0.492532 78.251100
0.492718 45.486600
0.492905 20.218400
0.493092 21.716900
0.493279 68.348700
0.493465 12.798800
0.493652 38.772800
0.493839 75.539200
0.494025 42.873700
0.494212 15.129000
0.494399 39.171700
0.494586 38.042700
0.494772 41.073700
0.494959 24.110600
0.495146 10.988300
0.495332 47.645900
0.495519 42.471400
0.495706 76.813100
0.495892 58.343800
0.496079 42.066700
0.496266 44.305300
0.496453 71.944900
0.496639 47.643600
0.496826 27.320200
0.497013 34.078600
0.497199 42.894800
0.497386 57.071800
0.497573 22.625300
0.497760 64.408800
0.497946 19.182900
0.498133 4.713790
0.498320 51.297200
0.498506 68.215300
0.498693 41.121100
0.498880 46.147500
0.499066 31.792600
0.499253 67.381500
0.499440 19.119700
0.499627 25.090400
0.499813 57.018200
0.500000 63.013000
0.500187 24.434800
0.500373 23.203900
0.500560 17.322600
0.500747 21.433700
0.500934 59.494400
0.501120 62.532200
0.501307 19.425300
0.501494 63.511900
0.501680 33.723400
0.501867 51.242700
0.502054 67.101300
0.502240 93.306200
0.502427 22.221200
0.502614 29.907000
0.502801 65.140800
0.502987 29.629800
0.503174 38.873000
0.503361 53.489900
0.503547 46.301000
0.503734 9.429610
0.503921 89.921400
0.504108 38.597800
0.504294 5.914310
0.504481 21.476700
0.504668 63.092800
0.504854 38.294500
0.505041 36.463200
0.505228 87.056900
0.505414 25.683600
0.505601 87.991200
0.505788 7.141650
0.505975 28.355400
0.506161 27.251600
0.506348 52.239900
0.506535 38.888600
0.506721 54.518800
0.506908 35.771800
0.507095 81.774000
0.507282 36.600300
0.507468 30.131500
0.507655 37.429500
0.507842 84.231700
0.508028 57.926800
0.508215 55.053500
0.508402 49.365100
0.508588 39.877800
0.508775 32.715600
0.508962 57.277700
0.509149 30.649900
0.509335 24.859300
0.509522 14.290300
0.509709 38.606100
0.509895 41.171100
0.510082 26.967900
0.510269 32.155400
0.510456 34.894700
0.510642 24.806700
0.510829 39.747200
0.511016 36.237000
0.511202 35.131400
0.511389 31.051700
0.511576 58.201200
0.511763 43.333600
0.511949 58.146900
0.512136 43.148200
0.512323 47.509500
0.512509 6.208370
0.512696 50.440600
0.512883 44.337400
0.513069 37.717700
0.513256 67.900400
0.513443 29.498400
0.513630 42.737100
0.513816 90.297400
0.514003 30.757800
0.514190 75.000000
0.514376 37.623300
0.514563 63.912700
0.514750 50.589800
0.514937 43.216500
0.515123 39.172100
0.515683 9.958660
0.515870 22.523500
0.516057 49.982900
0.516243 31.978100
0.516430 42.057000
0.516617 29.479300
0.516804 63.586400
0.516990 44.453200
0.517177 14.602500
0.517364 82.999600
0.517550 95.441900
0.517737 29.909800
0.517924 35.366700
0.518111 7.364600
0.518297 57.790400
0.518484 38.252000
0.518671 54.106500
0.518857 15.694100
0.519044 40.658900
0.519231 63.395900
0.519417 54.829400
0.519604 36.979100
0.519791 89.292300
0.519978 57.271400
0.520164 22.093400
0.520351 49.538700
0.520538 50.981600
0.520724 32.210700
0.520911 33.673800
0.521098 73.428700
0.521285 31.225700
0.521471 6.762770
0.521658 59.496000
0.521845 67.212500
0.522031 35.605400
0.522218 25.714300
0.522405 21.982200
0.522591 9.696840
0.522778 23.393000
0.522965 69.919000
0.523152 64.659600
0.523338 30.452900
0.523525 28.977800
0.523712 43.813600
0.523898 6.331540
0.524085 22.048600
0.524272 39.850400
0.524459 27.707600
0.524645 33.239800
0.524832 38.553600
0.525019 62.658400
0.525205 61.449200
0.525392 5.604420
0.525579 35.429100
0.525765 17.775700
0.525952 43.385600
0.526139 51.407100
0.526326 57.782800
0.526512 20.043300
0.526699 49.185000
0.526886 25.683400
0.527072 52.482000
0.527259 61.024700
0.527446 72.253200
0.527633 57.910900
0.527819 54.138300
0.528006 33.292600
0.528193 75.816300
0.528379 49.421400
0.528566 39.905500
0.528753 53.723400
0.528940 28.813700
0.529126 52.071700
0.529313 36.622600
0.529500 65.233400
0.529686 97.631300
0.529873 48.162600
0.530060 5.846530
0.530246 58.015900
0.530433 64.848800
0.530620 73.083700
0.530807 39.813300
0.530993 62.974700
0.531180 33.206000
0.531367 16.102300
0.531553 68.706800
0.531740 24.623600
0.531927 6.915840
0.532114 26.073200
0.532300 69.253500
0.532487 39.811400
0.532674 94.022500
0.532860 38.789400
0.533047 38.969200
0.533234 38.821000
0.533420 67.900900
0.533607 51.195300
0.533794 10.053200
0.533981 37.457300
0.534167 24.406600
0.534354 24.029600
0.534541 58.600500
0.534727 26.452300
0.534914 20.493800
0.535101 31.121200
0.535288 46.371400
0.535474 35.608800
0.535661 15.751500
0.535848 57.280200
0.536034 84.659500
0.536221 53.627800
0.536408 61.965800
0.536594 19.340400
0.536781 60.757000
0.536968 39.013300
0.537155 44.057000
0.537341 48.493000
0.537528 61.234900
0.537715 36.363600
0.537901 39.482600
0.538088 24.682600
0.538275 36.118800
0.538462 30.059400
0.538648 44.620700
0.538835 28.500300
0.539022 41.757500
0.539208 28.499500
0.539395 24.681700
0.539582 30.262100
0.539768 45.337300
0.539955 47.927200
0.540142 47.432100
0.540329 81.663600
0.540515 27.229500
0.540702 11.914800
0.540889 9.329370
0.541075 37.775500
0.541262 27.100200
0.541449 26.297400
0.541636 22.149600
0.541822 89.175300
0.542009 72.266700
0.542196 33.642000
0.542382 46.215900
0.542569 65.895600
0.542756 58.423200
0.542942 48.293200
0.543129 45.345100
0.543316 35.941400
0.543503 72.959100
0.543689 44.209700
0.544063 38.053300
0.544249 25.227600
0.544436 39.526400
0.544623 15.396200
0.544810 46.807700
0.544996 17.387200
0.545183 71.887000
0.545370 31.436700
0.545556 25.475600
0.545743 40.156500
0.545930 63.525700
0.546117 57.310500
0.546303 53.734300
0.546490 75.023400
0.546677 32.468300
0.546863 9.606450
0.547050 38.859300
0.547237 84.740600
0.547423 57.026600
0.547610 45.087000
0.547797 43.686700
0.547984 52.606700
0.548170 54.828700
0.548357 58.867300
0.548544 54.097800
0.548730 57.449400
0.548917 28.394100
0.549104 22.333600
0.549291 42.923200
0.549477 12.686400
0.549664 62.224400
0.549851 61.553600
0.550037 19.709500
0.550224 49.207800
0.550411 40.224300
0.550597 71.040600
0.550784 16.327900
0.550971 5.927490
0.551158 76.860800
0.551344 63.996900
0.551531 34.422000
0.551718 28.304400
0.551904 33.579500
0.552091 45.229300
0.552465 8.050310
0.552651 50.049800
0.552838 46.622300
0.553025 59.510200
0.553211 69.529000
0.553398 85.867300
0.553585 38.572400
0.553771 38.215000
0.553958 74.539300
0.554145 58.288700
0.554332 41.133500
0.554518 59.404000
0.554705 73.039600
0.554892 33.600200
0.555078 32.803200
0.555265 49.933300
0.555452 60.314600
0.555639 46.853000
0.555825 41.984000
0.556012 10.124400
0.556199 85.077100
0.556385 27.645500
0.556572 17.162600
0.556759 52.026100
0.556945 9.322410
0.557132 30.364000
0.557319 89.314800
0.557506 42.857400
0.557692 41.711400
0.557879 9.789050
0.558066 18.860200
0.558252 17.258700
0.558439 73.016600
0.558626 43.614900
0.558813 23.840700
0.558999 29.127400
0.559186 15.866000
0.559373 69.265800
0.559559 35.315800
0.559746 68.021100
0.559933 30.748400
0.560119 7.392710
0.560306 18.527100
0.560493 16.862700
0.560680 30.267500
0.560866 48.760100
0.561053 42.186500
0.561240 50.552600
0.561426 30.846900
0.561613 48.020800
0.561800 23.359800
0.561987 29.480600
0.562173 5.872350
0.562360 28.094200
0.562547 8.729230
0.562733 56.106400
0.562920 45.640600
0.563107 30.547200
0.563294 6.035190
0.563480 60.231200
0.563667 22.664400
0.563854 60.587600
0.564040 61.502700
0.564227 69.112700
0.564414 72.031700
0.564600 23.336600
0.564787 80.854200
0.564974 33.453800
0.565161 17.250800
0.565347 54.656400
0.565534 53.520700
0.565721 28.905300
0.565907 87.314900
0.566094 59.756700
0.566281 25.921400
0.566468 47.842300
0.566654 22.551100
0.566841 63.583600
0.567028 17.469400
0.567214 56.491700
0.567401 48.160600
0.567588 37.097100
0.567774 29.458000
0.567961 42.856600
0.568148 76.453100
0.568335 46.691900
0.568521 22.688900
0.568708 58.310400
0.568895 35.578300
0.569081 90.640200
0.569268 60.033900
0.569455 29.593500
0.569642 54.404200
0.569828 37.663200
0.570015 20.385500
0.570202 41.098300
0.570388 65.520000
0.570575 9.698260
0.570762 11.126300
0.570948 21.596500
0.571135 69.426900
0.571322 38.679500
0.571509 22.445900
0.571695 26.560400
0.571882 25.723300
0.572069 49.233900
0.572255 92.901600
0.572442 89.769900
0.572629 53.491000
0.572816 21.655400
0.573002 29.998800
0.573189 40.111300
0.573376 70.471500
0.573562 39.875000
0.573749 74.136900
0.573936 6.772190
0.574122 37.431900
0.574309 10.188400
0.574496 32.976400
0.574683 62.230900
0.574869 5.108150
0.575056 45.162000
0.575243 52.603000
0.575429 18.776300
0.575616 52.133300
0.575803 4.358280
0.575990 77.295300
0.576176 30.933700
0.576363 49.226700
0.576550 72.742200
0.576736 59.395500
0.576923 51.272500
0.577110 88.812000
0.577296 26.878800
0.577483 36.739100
0.577670 47.168100
0.577857 36.836800
0.578043 48.276900
0.578230 30.069700
0.578417 70.190900
0.578603 70.286100
0.578790 14.950700
0.578977 63.199100
0.579164 34.655500
0.579350 48.157500
0.579537 30.658700
0.579724 17.079000
0.579910 30.026400
0.580097 47.610800
0.580284 22.258100
0.580471 27.055100
0.580657 88.598700
0.580844 64.984200
0.581031 61.832500
0.581217 38.700000
0.581404 5.454980
0.581591 47.525800
0.581777 84.929700
0.581964 59.183200
0.582151 60.705200
0.582338 23.450200
0.582524 22.499500
0.582711 18.768000
0.582898 21.379900
0.583084 64.170200
0.583271 6.870010
0.583458 43.905300
0.583645 22.542300
0.583831 88.174400
0.584018 46.070800
0.584205 4.019910
0.584391 63.514000
0.584578 49.092000
0.584765 53.493800
0.584951 57.817300
0.585138 82.984300
0.585325 93.166600
0.585512 97.129400
0.585698 38.911300
0.585885 36.597400
0.586072 32.824200
0.586258 63.910200
0.586445 22.335200
0.586632 61.497800
0.586819 37.265600
0.587005 34.374800
0.587192 21.921800
0.587379 53.200600
0.587565 51.295600
0.587752 42.228200
0.587939 69.081500
0.588125 37.603100
0.588312 7.753670
0.588499 41.785900
0.588686 16.405600
0.588872 22.850700
0.589059 15.045400
0.589246 24.705100
0.589432 22.247600
0.589619 9.983730
0.589806 52.707100
0.589993 20.425500
0.590179 12.332800
0.590366 49.651100
0.590553 55.122300
0.590739 32.975500
0.590926 40.899300
0.591113 30.713300
0.591299 24.732200
0.591486 68.201000
0.591673 69.032000
0.591860 69.070400
0.592046 14.679400
0.592233 29.485700
0.592420 9.385650
0.592606 22.589300
0.592793 50.235800
0.592980 13.967000
0.593167 20.968000
0.593353 43.259100
0.593540 33.606900
0.593727 92.240700
0.593913 44.911100
0.594100 40.428700
0.594287 57.682700
0.594473 23.305100
0.594660 2.635990
0.594847 41.935400
0.595034 15.128600
0.595220 54.378200
0.595407 39.930700
0.595594 39.684500
0.595780 18.179200
0.595967 30.612500
0.596154 35.391700
0.596341 21.171200
0.596527 39.561600
0.596714 94.820600
0.596901 12.879500
0.597087 65.028600
0.597274 27.875200
0.597461 28.940000
0.597647 49.898900
0.597834 44.255900
0.598021 55.573800
0.598208 46.018500
0.598394 22.014800
0.598581 9.217530
0.598768 95.398500
0.598954 21.116900
0.599141 26.098400
0.599328 62.242500
0.599515 69.558400
0.599701 42.206600
0.599888 77.622900
0.600075 9.883330
0.600261 66.306900
0.600448 63.981100
0.600635 43.339800
0.600822 78.688600
0.601008 62.218700
0.601195 74.856000
0.601382 56.512600
0.601568 9.568910
0.601755 25.406100
0.601942 71.905000
0.602128 32.003400
0.602315 55.113700
0.602502 24.530300
0.602689 77.006200
0.602875 66.987100
0.603062 64.899500
0.603249 77.600700
0.603435 30.367300
0.603622 57.098700
0.603809 30.505600
0.603996 27.330200
0.604182 24.257400
0.604369 74.915100
0.604556 56.151100
0.604742 39.979800
0.604929 49.832600
0.605116 10.640400
0.605302 31.052000
0.605489 23.420400
0.605676 81.503800
0.605863 47.808400
0.606049 45.794900
0.606236 52.429200
0.606423 3.213980
0.606609 46.846100
0.606796 23.532800
0.606983 66.703300
0.607170 24.874200
0.607356 79.802200
0.607543 54.184400
0.607730 40.444200
0.607916 58.813300
0.608290 50.497100
0.608476 30.907000
0.608663 13.846100
0.608850 61.440000
0.609037 56.424400
0.609223 61.675300
0.609410 37.861800
0.609597 30.682000
0.609783 25.371700
0.609970 48.619200
0.610157 47.201100
0.610344 75.961200
0.610530 36.163900
0.610717 23.164900
0.610904 72.809800
0.611090 80.625200
0.611277 48.442900
0.611464 45.154800
0.611650 78.895700
0.611837 39.850800
0.612024 38.182500
0.612211 42.717300
0.612397 45.119700
0.612584 28.853600
0.612771 14.597900
0.612957 50.227500
0.613144 38.896600
0.613331 40.713200
0.613518 32.350700
0.613704 18.836600
0.613891 48.761600
0.614078 70.442900
0.614264 69.281900
0.614451 43.870800
0.614638 40.859000
0.614824 42.385200
0.615011 19.914900
0.615198 54.474700
0.615385 15.475000
0.615571 4.629330
0.615758 23.576300
0.615945 41.366000
0.616131 46.999200
0.616318 48.688100
0.616505 30.543800
0.616692 64.836000
0.616878 18.857900
0.617065 83.778300
0.617252 31.679500
0.617438 45.112900
0.617625 44.266500
0.617812 39.788100
0.617999 26.895300
0.618185 41.230700
0.618372 32.993800
0.618559 49.326900
0.618745 50.649800
0.618932 58.929600
0.619119 51.040400
0.619305 42.680900
0.619492 65.410000
0.619679 49.901500
0.619866 30.555400
0.620052 36.098500
0.620239 89.284600
0.620426 25.404800
0.620612 58.013300
0.620799 29.688300
0.620986 89.710100
0.621173 64.999700
0.621359 53.767100
0.621546 5.512820
0.621733 53.016200
0.621919 9.151750
0.622106 7.539380
0.622293 61.839700
0.622479 53.141900
0.622666 27.585900
0.622853 67.900600
0.623040 66.798000
0.623226 56.325000
0.623413 51.985700
0.623600 38.823400
0.623786 55.808200
0.623973 4.750830
0.624160 78.515300
0.624347 40.867300
0.624533 58.108900
0.624720 77.404100
0.624907 60.840800
0.625093 51.819600
0.625280 38.505200
0.625467 53.410000
0.625653 63.484000
0.625840 17.993500
0.626027 30.268000
0.626214 32.168100
0.626400 65.130400
0.626587 96.404000
0.626774 46.428700
0.626960 24.979700
0.627147 55.756800
0.627334 46.068100
0.627521 63.915300
0.627707 25.668700
0.627894 34.761600
0.628081 44.255200
0.628267 46.555000
0.628454 67.031100
0.628641 63.373700
0.628827 56.828800
0.629014 52.883400
0.629201 35.193800
0.629388 35.630100
0.629574 18.876300
0.629761 26.069300
0.629948 20.806100
0.630134 63.381400
0.630321 23.814600
0.630508 61.182000
0.630695 56.759300
0.630881 47.162500
0.631068 7.478510
0.631255 26.532600
0.631441 33.683300
0.631628 88.383200
0.631815 29.968600
0.632001 60.920700
0.632188 38.732200
0.632375 19.836900
0.632562 25.668300
0.632748 16.304700
0.632935 54.740600
0.633122 17.324100
0.633308 24.971900
0.633495 35.353600
0.633682 47.459300
0.633869 42.221300
0.634055 91.472400
0.634242 25.449000
0.634429 34.094800
0.634615 34.686700
0.634802 61.067600
0.634989 56.833600
0.635176 1.653590
0.635362 60.945000
0.635549 61.764200
0.635736 26.084700
0.635922 53.135500
0.636109 46.556700
0.636296 56.292200
0.636482 47.367800
0.636669 48.974900
0.636856 26.591400
0.637043 49.801800
0.637229 44.067400
0.637416 48.008300
0.637603 44.203700
0.637789 50.147200
0.637976 27.624200
0.638163 41.410500
0.638350 85.763800
0.638536 91.015700
0.638723 46.953200
0.638910 28.218200
0.639096 36.727700
0.639283 41.653300
0.639470 92.688000
0.639656 25.959200
0.639843 29.060200
0.640030 40.881500
0.640217 57.831900
0.640403 24.953700
0.640590 71.107700
0.640777 75.776000
0.640963 87.247300
0.641150 23.364700
0.641337 23.488800
0.641524 40.894700
0.641710 31.976900
0.641897 28.986600
0.642084 21.822100
0.642270 28.746200
0.642457 43.624100
0.642644 44.963300
0.642830 29.401000
0.643017 67.539600
0.643204 4.751130
0.643391 37.735200
0.643577 96.085300
0.643764 18.018400
0.643951 71.776100
0.644137 13.644800
0.644324 22.365900
0.644511 42.109500
0.644698 65.152100
0.644884 39.190900
0.645071 15.657400
0.645258 42.357700
0.645444 46.959500
0.645631 48.048000
0.645818 9.389170
0.646004 19.387300
0.646191 32.181200
0.646378 56.984800
0.646565 14.879500
0.646751 49.944100
0.646938 45.303100
0.647125 62.060700
0.647311 24.246600
0.647498 69.522200
0.647685 17.484400
0.647872 32.319600
0.648058 45.765000
0.648245 41.616100
0.648432 53.811400
0.648618 70.989200
0.648805 84.650000
0.648992 45.108400
0.649178 57.678700
0.649365 63.646800
0.649552 45.791500
0.649739 31.097000
0.649925 48.948300
0.650112 81.286600
0.650299 51.199900
0.650485 65.737100
0.650672 39.235000
0.650859 41.252500
0.651046 57.976100
0.651232 8.919260
0.651419 52.007100
0.651606 48.777300
0.651792 31.806900
0.651979 69.353200
0.652166 28.603800
0.652353 32.909600
0.652539 29.399100
0.652726 49.254600
0.652913 81.541400
0.653099 52.136700
0.653286 41.478500
0.653473 34.995100
0.653659 29.160800
0.653846 49.112800
0.654033 55.332200
0.654220 8.979600
0.654406 26.033600
0.654593 72.968000
0.654780 25.239700
0.654966 55.220900
0.655153 55.805000
0.655340 47.679000
0.655527 27.773900
0.655713 65.728100
0.655900 48.222600
0.656087 38.262400
0.656273 12.828400
0.656460 32.423600
0.656647 43.879100
0.656833 23.050300
0.657020 38.825800
0.657207 48.896000
0.657394 50.843000
0.657580 63.185500
0.657767 19.798200
0.657954 45.188800
0.658140 23.338600
0.658327 58.897400
0.658514 36.817900
0.658701 44.019100
0.658887 30.458000
0.659074 83.963300
0.659261 36.621900
0.659447 63.648300
0.659634 4.235380
0.659821 17.532900
0.660007 16.117600
0.660194 25.194900
0.660381 36.841900
0.660568 27.603300
0.660754 47.871800
0.660941 70.899000
0.661128 27.423500
0.661314 43.279800
0.661501 43.311200
0.661688 71.117800
0.661875 28.482000
0.662061 43.027700
0.662248 9.897650
0.662435 52.127900
0.662621 45.579100
0.662808 41.086600
0.662995 31.391100
0.663181 19.125700
0.663368 65.666000
0.663555 48.550100
0.663742 37.985600
0.663928 8.927330
0.664115 51.647900
0.664302 76.051900
0.664488 14.937200
0.664675 89.675500
0.664862 51.811800
0.665049 52.024700
0.665235 5.433200
0.665422 76.114500
0.665609 39.835700
0.665795 71.902800
0.665982 31.285400
0.666169 39.601900
0.666355 28.438600
0.666542 59.406400
0.666729 9.448470
0.666916 20.921700
0.667102 32.555700
0.667289 23.620500
0.667476 28.684700
0.667662 26.911700
0.667849 90.974300
0.668036 34.359700
0.668223 45.626900
0.668409 35.732800
0.668596 26.583300
0.668783 57.277100
0.668969 34.312100
0.669156 69.217100
0.669343 88.313200
0.669529 7.036410
0.669716 25.637000
0.669903 28.292700
0.670090 28.942000
0.670276 60.701700
0.670463 46.515400
0.670650 36.383500
0.670836 42.914200
0.671023 55.679900
0.671210 40.465100
0.671397 56.498900
0.671583 43.119600
0.671770 48.034800
0.671957 72.171300
0.672143 29.947100
0.672330 47.399500
0.672517 53.483300
0.672704 85.056000
0.672890 62.335000
0.673077 65.176500
0.673264 66.821800
0.673450 41.310200
0.673637 56.162100
0.673824 12.964400
0.674010 34.648100
0.674197 94.047300
0.674384 41.215900
0.674571 7.499920
0.674757 50.270300
0.674944 43.185600
0.675131 43.466100
0.675317 13.971600
0.675504 83.659200
0.675691 58.545900
0.675878 53.582700
0.676064 36.157600
0.676251 31.569800
0.676438 30.411900
0.676624 26.108500
0.676811 82.119100
0.676998 64.981300
0.677184 37.799700
0.677371 57.478300
0.677558 29.925000
0.677745 49.025300
0.677931 80.538300
0.678118 23.307900
0.678305 25.414700
0.678491 62.269900
0.678678 28.953300
0.678865 24.623000
0.679052 77.224900
0.679238 53.769600
0.679425 12.460800
0.679612 34.177000
0.679798 57.043600
0.679985 58.952600
0.680172 27.212100
0.680358 23.867700
0.680545 12.725600
0.680732 53.317600
0.680919 29.335800
0.681105 31.809800
0.681292 46.787900
0.681479 23.884300
0.681665 20.629700
0.681852 33.916000
0.682039 13.560700
0.682226 48.552000
0.682412 42.787500
0.682599 87.594400
0.682786 28.230700
0.682972 47.773000
0.683159 85.220200
0.683346 37.795700
0.683532 11.273200
0.683719 72.175500
0.683906 25.876700
0.684093 62.581800
0.684279 25.524300
0.684466 42.540700
0.684653 79.184400
0.684839 33.645400
0.685026 57.353300
0.685213 44.031400
0.685400 36.054400
0.685586 15.729000
0.685773 40.649900
0.685960 32.968500
0.686146 39.270100
0.686333 34.489100
0.686520 9.542100
0.686706 39.616400
0.686893 48.613100
0.687080 64.634700
0.687267 41.265000
0.687453 52.237200
0.687640 50.422000
0.687827 32.849000
0.688013 47.481700
0.688200 43.791300
0.688387 45.707700
0.688574 85.267600
0.688760 54.795700
0.688947 73.215400
0.689134 43.055500
0.689320 66.720400
0.689507 35.045800
0.689694 42.497800
0.689881 64.668400
0.690067 31.697000
0.690254 19.291500
0.690441 59.350400
0.690627 32.685500
0.690814 6.433770
0.691001 68.013600
0.691187 69.476900
0.691374 37.930900
0.691561 58.829300
0.691748 15.025200
0.691934 10.064600
0.692121 19.757600
0.692308 36.128500
0.692494 60.130900
0.692681 41.393900
0.692868 48.591100
0.693055 60.950200
0.693241 60.051300
0.693428 60.541100
0.693615 33.186500
0.693801 1.821480
0.693988 7.755180
0.694175 33.920300
0.694361 56.368100
0.694548 63.080300
0.694735 54.269800
0.694922 50.029600
0.695108 17.769100
0.695295 68.714500
0.695482 28.115300
0.695668 54.062200
0.695855 56.298000
0.696042 7.679220
0.696229 23.889300
0.696415 48.767800
0.696602 29.943500
0.696789 47.804300
0.696975 61.571000
0.697162 30.042400
0.697349 8.794670
0.697535 10.109800
0.697722 79.241600
0.697909 29.282500
0.698096 33.484700
0.698282 50.164900
0.698469 23.613000
0.698656 40.220800
0.698842 23.281900
0.699029 24.739400
0.699216 82.617200
0.699403 50.047200
0.699589 59.073600
0.699776 71.524900
0.699963 18.369700
0.700149 28.720400
0.700336 40.718900
0.700523 15.292400
0.700709 42.524100
0.700896 66.663000
0.701083 88.873400
0.701270 53.972800
0.701456 31.757100
0.701643 27.410700
0.701830 29.724000
0.702016 55.580600
0.702203 55.527600
0.702390 64.459600
0.702577 50.678700
0.702763 57.049800
0.702950 30.684000
0.703137 40.696500
0.703323 18.170700
0.703510 9.504420
0.703697 30.276200
0.703883 66.333600
0.704070 27.246300
0.704257 57.800500
0.704444 38.993000
0.704630 25.257700
0.704817 70.011500
0.705004 56.792100
0.705190 54.480100
0.705377 54.678000
0.705564 83.776500
0.705751 21.902300
0.705937 56.148600
0.706124 43.479700
0.706311 66.993700
0.706497 64.296700
0.706684 49.863900
0.706871 46.838700
0.707058 61.132200
0.707244 54.487300
0.707431 47.856400
0.707618 8.048850
0.707804 39.769400
0.707991 28.015300
0.708178 29.940600
0.708364 40.262400
0.708551 31.752700
0.708738 47.008100
0.708925 36.464500
0.709111 19.878900
0.709298 78.317800
0.709485 40.828600
0.709671 6.640560
0.709858 49.073600
0.710045 32.178300
0.710232 26.089500
0.710418 33.632900
0.710605 47.708600
0.710792 53.242700
0.710978 49.480200
0.711165 8.804980
0.711352 64.921200
0.711538 47.238300
0.711725 25.685600
0.711912 39.442200
0.712099 66.433000
0.712285 63.395800
0.712472 57.068800
0.712659 66.541900
0.712845 49.157900
0.713032 40.095000
0.713219 71.154900
0.713406 52.842600
0.713592 10.357400
0.713779 48.360300
0.713966 5.706170
0.714152 36.574500
0.714339 9.460060
0.714526 18.684300
0.714712 52.732500
0.714899 34.420900
0.715086 55.755100
0.715273 49.135000
0.715459 61.529700
0.715646 75.298500
0.715833 66.019000
0.716019 64.999200
0.716206 20.424100
0.716393 49.657900
0.716580 21.862200
0.716766 58.538100
0.716953 57.067200
0.717140 59.724800
0.717326 40.856100
0.717513 62.292400
0.717700 23.275500
0.717886 5.384180
0.718073 52.597600
0.718260 34.227100
0.718447 30.714800
0.718633 24.968900
0.718820 58.853500
0.719007 50.349500
0.719193 37.251500
0.719380 41.798700
0.719567 49.275800
0.719754 17.834900
0.719940 65.179900
0.720127 28.601300
0.720314 69.381400
0.720500 64.118200
0.720687 38.338700
0.720874 28.533500
0.721060 54.327600
0.721247 32.865400
0.721434 27.795200
0.721621 17.162200
0.721807 42.824700
0.721994 77.245300
0.722181 90.513600
0.722367 14.499100
0.722554 55.406400
0.722741 26.946200
0.722928 64.779100
0.723114 36.427000
0.723301 47.416800
0.723488 32.286700
0.723674 53.222000
0.723861 39.015400
0.724048 46.671900
0.724235 24.663000
0.724421 41.531300
0.724608 31.983700
0.724795 62.682700
0.724981 41.243000
0.725168 62.127700
0.725541 86.572300
0.725728 28.878400
0.725915 32.678900
0.726102 60.441100
0.726288 71.542000
0.726475 44.748300
0.726662 60.413300
0.726848 48.600200
0.727035 73.497600
0.727222 56.868900
0.727409 56.806900
0.727595 40.423900
0.727782 47.113600
0.727969 34.122100
0.728155 55.618700
0.728342 44.823500
0.728529 28.490900
0.728715 47.195500
0.728902 72.044200
0.729089 46.698700
0.729276 13.160200
0.729462 26.121000
0.729649 33.670400
0.729836 69.989000
0.730022 13.405000
0.730209 53.660600
0.730396 36.954500
0.730583 68.833900
0.730769 61.342700
0.730956 19.520700
0.731143 18.329300
0.731329 49.970300
0.731516 52.706100
0.731703 8.192470
0.731889 11.851200
0.732076 47.315800
0.732263 32.360800
0.732450 80.077700
0.732636 18.090500
0.732823 41.462500
0.733010 49.347800
0.733196 54.626100
0.733383 58.414400
0.733570 55.970000
0.733757 14.589800
0.733943 67.731400
0.734130 53.973600
0.734317 34.645200
0.734503 59.596100
0.734690 56.602400
0.734877 44.720300
0.735063 58.821000
0.735250 64.408300
0.735437 28.290500
0.735624 36.173500
0.735810 40.406700
0.735997 54.120200
0.736184 77.673900
0.736370 17.605100
0.736557 46.921700
0.736744 63.918600
0.736931 32.932000
0.737117 27.723000
0.737304 25.372600
0.737491 65.526500
0.737677 54.605000
0.737864 56.672400
0.738051 60.055500
0.738237 26.587200
0.738424 73.723700
0.738611 27.770200
0.738798 37.392400
0.738984 5.817830
0.739171 30.531200
0.739358 38.721000
0.739544 37.084000
0.739731 57.380800
0.739918 44.278400
0.740105 20.934600
0.740291 39.951600
0.740478 54.375200
0.740665 33.475500
0.740851 39.157700
0.741038 52.632200
0.741225 74.487500
0.741412 32.739700
0.741598 10.130400
0.741785 54.229900
0.741972 51.063100
0.742158 49.963900
0.742345 26.716000
0.742532 31.410300
0.742718 63.654600
0.742905 40.387400
0.743092 23.852000
0.743279 67.611600
0.743465 53.189300
0.743652 74.865000
0.743839 82.595200
0.744025 18.135200
0.744212 82.008700
0.744399 42.485700
0.744586 52.468800
0.744772 27.026900
0.744959 75.419500
0.745146 44.216600
0.745332 45.611300
0.745519 82.461200
0.745706 8.647640
0.745892 48.990600
0.746079 58.367800
0.746266 4.324170
0.746453 6.239130
0.746639 22.079100
0.746826 45.885500
0.747013 36.329200
0.747199 7.148380
0.747386 43.839100
0.747573 21.796000
0.747760 67.707700
0.747946 39.441500
0.748133 39.639300
0.748320 41.119400
0.748506 19.012700
0.748693 56.072800
0.748880 59.299200
0.749066 33.813800
0.749253 41.287900
0.749440 75.251100
0.749627 36.434500
0.749813 57.136600
0.750000 42.747600
0.750187 52.786100
0.750373 10.743000
0.750560 71.950100
0.750747 25.567600
0.750934 49.256000
0.751120 52.736600
0.751307 9.282080
0.751494 74.388900
0.751680 22.516000
0.751867 43.854500
0.752054 46.673800
0.752240 28.994300
0.752427 31.798200
0.752614 47.561800
0.752801 26.196100
0.752987 41.707200
0.753174 40.140400
0.753361 48.138100
0.753547 48.276200
0.753734 78.939700
0.753921 53.600400
0.754108 67.146600
0.754294 20.492600
0.754481 56.469100
0.754668 67.029100
0.754854 74.702900
0.755041 63.735300
0.755228 11.990900
0.755414 50.846900
0.755601 33.072800
0.755788 33.136100
0.755975 22.397000
0.756161 55.928500
0.756348 26.294600
0.756535 39.143300
0.756721 42.471100
0.756908 41.510200
0.757095 12.878400
0.757282 93.222400
0.757468 47.953500
0.757655 37.297200
0.757842 50.760700
0.758028 11.449900
0.758215 47.659700
0.758402 22.721600
0.758588 41.529600
0.758775 40.029000
0.758962 32.533300
0.759149 43.467600
0.759335 7.385800
0.759522 16.046400
0.759709 15.667900
0.759895 25.780100
0.760082 17.366900
0.760269 46.205100
0.760456 41.660000
0.760642 8.894070
0.760829 63.461200
0.761016 41.179200
0.761202 81.111600
0.761389 51.656000
0.761576 62.877100
0.761763 66.306000
0.761949 26.636500
0.762136 24.109700
0.762323 46.010600
0.762509 52.124200
0.762696 44.685900
0.762883 35.922000
0.763069 8.324900
0.763256 57.453100
0.763443 65.763200
0.763630 9.911850
0.763816 3.567820
0.764003 85.708800
0.764190 42.424500
0.764376 35.696600
0.764563 8.451640
0.764750 32.003600
0.764937 46.964900
0.765123 58.779900
0.765310 47.456000
0.765497 40.382400
0.765683 23.260400
0.765870 10.653200
0.766057 78.507300
0.766243 58.144900
0.766430 23.879300
0.766617 31.828100
0.766804 91.417800
0.766990 25.770000
0.767177 60.799700
0.767364 91.020400
0.767550 30.553800
0.767737 58.693700
0.767924 60.047000
0.768111 34.617800
0.768297 33.994300
0.768484 18.648500
0.768671 10.055700
0.768857 34.583700
0.769044 27.174700
0.769231 35.580300
0.769417 44.653100
0.769604 30.658200
0.769791 57.095200
0.769978 80.141800
0.770164 52.237100
0.770351 44.583300
0.770538 18.804400
0.770724 35.974700
0.770911 60.224400
0.771098 1.807830
0.771285 20.321000
0.771471 24.894900
0.771658 32.822000
0.771845 74.911500
0.772031 13.944400
0.772218 19.848100
0.772405 53.638300
0.772591 43.566300
0.772778 26.886500
0.772965 29.280800
0.773152 22.043400
0.773338 48.854500
0.773525 41.624000
0.773712 23.102500
0.773898 19.951500
0.774085 40.118600
0.774272 55.807800
0.774459 82.575700
0.774645 45.030600
0.774832 30.230400
0.775019 86.863900
0.775205 26.318100
0.775392 35.346500
0.775579 40.765800
0.775765 67.954600
0.775952 64.930200
0.776139 11.715700
0.776326 4.482740
0.776512 38.516400
0.776699 36.011000
0.776886 25.246200
0.777072 81.505500
0.777259 7.172030
0.777446 75.793400
0.777633 31.322400
0.777819 66.850600
0.778006 78.611700
0.778193 21.420400
0.778379 59.402200
0.778566 62.292600
0.778753 78.890800
0.778940 59.487300
0.779126 31.557700
0.779313 37.525600
0.779500 30.085000
0.779686 26.616400
0.779873 44.740000
0.780060 38.903300
0.780246 25.458500
0.780433 21.688600
0.780620 59.697900
0.780807 71.007900
0.780993 41.069300
0.781180 38.695900
0.781367 25.587300
0.781553 95.504800
0.781740 26.781100
0.781927 78.304000
0.782114 28.247300
0.782300 25.804100
0.782487 57.123300
0.782674 34.780800
0.782860 54.738000
0.783047 68.957000
0.783234 21.040800
0.783420 11.475700
0.783607 40.746500
0.783794 67.479500
0.783981 20.243400
0.784354 72.692300
0.784541 27.473100
0.784727 67.389200
0.784914 6.717030
0.785101 59.283700
0.785288 65.395600
0.785474 42.674700
0.785661 37.661600
0.785848 78.377300
0.786034 29.193200
0.786221 42.802000
0.786408 37.369800
0.786594 74.537200
0.786781 50.862200
0.786968 15.419700
0.787155 51.674800
0.787341 5.024350
0.787528 61.299000
0.787715 27.314000
0.787901 69.770700
0.788088 13.418900
0.788275 54.931600
0.788462 9.337340
0.788648 65.453300
0.788835 60.378000
0.789022 46.698900
0.789208 39.780800
0.789395 8.110870
0.789582 68.431100
0.789768 30.565500
0.789955 23.905900
0.790142 32.511900
0.790329 53.082000
0.790515 50.627300
0.790702 5.919090
0.790889 21.271900
0.791075 28.206100
0.791262 66.821200
0.791449 70.113700
0.791636 51.818600
0.791822 67.559600
0.792009 57.728400
0.792196 63.758300
0.792382 68.158900
0.792569 21.645400
0.792756 22.363000
0.792942 43.759700
0.793129 24.866200
0.793316 63.356900
0.793503 35.099000
0.793689 13.559900
0.793876 5.781160
0.794063 70.400300
0.794249 44.540300
0.794436 43.910400
0.794623 43.079500
0.794810 87.898600
0.794996 58.475500
0.795183 43.136400
0.795370 60.449700
0.795556 71.953000
0.795743 69.343800
0.795930 71.679600
0.796117 47.160600
0.796303 32.024100
0.796490 33.611900
0.796677 64.352900
0.796863 56.089500
0.797050 27.183100
0.797237 21.141700
0.797423 83.055900
0.797610 42.661500
0.797797 96.565900
0.797984 38.324500
0.798170 38.227300
0.798357 4.594450
0.798544 49.672500
0.798730 38.876500
0.798917 62.788000
0.799104 46.366500
0.799291 44.406800
0.799477 21.870900
0.799664 36.025200
0.799851 28.418100
0.800037 30.090600
0.800224 58.761200
0.800411 52.042000
0.800597 50.173100
0.800784 57.645500
0.800971 50.331600
0.801158 51.130800
0.801344 18.173000
0.801531 57.800900
0.801718 72.907600
0.801904 51.726900
0.802091 47.660100
0.802278 31.440400
0.802465 63.982000
0.802651 37.347100
0.802838 58.894900
0.803025 61.452000
0.803211 39.276100
0.803398 46.215300
0.803585 73.210500
0.803771 58.441000
0.803958 15.728000
0.804145 40.303000
0.804332 97.074500
0.804518 87.855100
0.804705 53.891500
0.804892 46.317600
0.805078 17.412200
0.805265 36.403200
0.805452 50.158800
0.805639 17.106900
0.805825 80.488800
0.806012 10.444200
0.806199 27.144200
0.806385 1.763960
0.806572 31.504200
0.806759 97.701200
0.806945 33.553900
0.807132 78.199100
0.807319 10.651300
0.807506 81.925100
0.807692 31.368900
0.807879 24.094400
0.808066 33.107700
0.808252 65.257300
0.808439 53.408800
0.808626 12.365500
0.808813 52.545200
0.808999 43.702300
0.809186 29.674600
0.809373 7.287910
0.809559 49.023400
0.809746 49.095000
0.809933 45.185800
0.810119 27.713500
0.810306 33.976000
0.810493 9.894950
0.810680 86.062300
0.810866 53.498000
0.811053 22.704900
0.811240 28.503200
0.811426 72.522800
0.811613 53.426400
0.811800 68.479300
0.811987 19.437700
0.812173 47.187600
0.812360 35.130400
0.812547 31.579400
0.812733 81.376500
0.812920 50.392800
0.813107 43.089600
0.813294 59.320900
0.813480 87.673000
0.813667 81.809600
0.813854 40.302200
0.814040 64.586600
0.814227 27.611300
0.814414 44.529700
0.814600 9.677330
0.814787 64.487300
0.814974 72.938100
0.815161 41.047000
0.815347 32.959300
0.815534 45.134200
0.815721 87.015800
0.815907 31.330100
0.816094 89.725200
0.816281 60.819600
0.816468 51.388100
0.816654 30.558400
0.816841 29.089000
0.817028 41.883900
0.817214 10.686900
0.817401 36.848700
0.817588 31.496100
0.817774 40.199200
0.817961 22.558000
0.818148 39.033800
0.818335 7.685860
0.818521 38.383300
0.818708 83.399900
0.818895 58.652600
0.819081 37.151800
0.819268 39.558200
0.819455 30.868500
0.819642 62.320600
0.819828 76.667400
0.820015 43.955700
0.820202 71.925100
0.820388 22.781600
0.820575 35.629500
0.820762 31.039800
0.820948 24.985300
0.821135 66.234400
0.821322 41.852400
0.821509 50.229600
0.821695 21.975900
0.821882 39.051000
0.822069 50.577600
0.822255 28.028200
0.822442 27.317800
0.822629 23.122400
0.822816 6.448080
0.823002 9.444400
0.823189 16.389800
0.823376 9.730280
0.823562 76.975000
0.823749 59.429600
0.823936 41.845200
0.824122 6.790990
0.824309 66.156200
0.824496 41.312000
0.824683 56.952500
0.824869 80.024000
0.825056 34.679200
0.825243 43.791000
0.825429 78.935200
0.825616 38.352500
0.825803 52.976900
0.825990 46.825900
0.826176 9.012700
0.826363 28.451800
0.826550 21.137700
0.826736 6.221000
0.826923 86.872900
0.827110 64.771300
0.827296 23.877700
0.827483 52.303600
0.827670 8.793780
0.827857 26.634100
0.828043 59.535000
0.828230 72.973900
0.828417 6.869140
0.828603 58.583100
0.828790 31.002600
0.828977 21.520400
0.829164 7.395890
0.829350 2.368360
0.829537 27.294700
0.829724 31.644800
0.829910 43.955100
0.830097 31.078400
0.830284 38.693200
0.830471 17.561600
0.830657 49.253300
0.830844 50.203500
0.831031 9.762440
0.831217 44.569200
0.831404 51.377100
0.831591 94.486000
0.831777 33.385700
0.831964 67.765000
0.832151 53.640100
0.832338 37.110100
0.832524 32.921300
0.832711 47.239800
0.832898 20.506500
0.833084 70.681700
0.833271 21.431000
0.833458 48.115300
0.833645 50.500000
0.833831 64.373600
0.834018 64.610000
0.834205 38.182900
0.834391 60.187600
0.834578 67.659500
0.834765 60.503300
0.834951 42.919300
0.835138 27.264600
0.835325 84.107800
0.835512 43.779900
0.835698 58.812200
0.835885 31.869200
0.836072 96.297800
0.836258 29.957100
0.836445 43.581100
0.836632 27.538500
0.836819 46.598400
0.837005 60.304500
0.837192 23.852700
0.837379 63.418000
0.837565 47.612000
0.837752 48.447400
0.837939 28.401100
0.838125 33.686700
0.838312 52.163100
0.838499 95.364000
0.838686 23.854500
0.838872 24.486000
0.839059 38.060100
0.839246 45.536600
0.839432 10.017900
0.839619 8.915440
0.839806 46.509700
0.839993 39.035500
0.840179 63.412100
0.840366 37.924300
0.840553 43.431700
0.840739 66.929300
0.840926 11.256800
0.841113 24.022100
0.841299 63.968800
0.841486 20.622000
0.841673 23.534400
0.841860 67.785300
0.842046 28.448700
0.842233 55.312200
0.842420 95.778900
0.842606 45.063000
0.842793 2.305090
0.842980 36.133200
0.843167 64.100100
0.843353 38.043600
0.843540 36.847800
0.843727 40.386900
0.843913 59.445000
0.844100 41.997700
0.844287 49.170400
0.844473 30.765200
0.844660 27.814300
0.844847 62.328200
0.845034 32.041200
0.845220 6.420620
0.845407 75.845400
0.845594 59.376300
0.845780 65.503100
0.845967 25.109600
0.846154 77.933700
0.846341 31.972000
0.846527 17.981900
0.846714 32.369300
0.846901 26.125300
0.847087 78.565600
0.847274 77.732700
0.847461 26.201800
0.847647 36.678500
0.847834 54.286900
0.848021 49.348700
0.848208 39.319400
0.848394 7.496170
0.848581 68.045000
0.848768 36.337000
0.848954 37.068300
0.849141 51.141400
0.849328 48.399200
0.849515 11.006600
0.849701 25.036100
0.849888 54.738500
0.850075 28.785900
0.850261 39.782700
0.850448 59.620000
0.850635 38.220100
0.850822 31.045300
0.851008 35.319800
0.851195 30.225900
0.851382 69.754300
0.851568 62.352300
0.851755 38.663300
0.851942 42.453100
0.852128 54.545900
0.852315 6.829690
0.852502 53.872200
0.852689 65.827800
0.852875 44.273500
0.853062 41.203200
0.853249 36.485900
0.853435 78.507600
0.853622 48.212300
0.853809 66.082100
0.853996 39.240200
0.854182 12.224800
0.854369 49.853700
0.854556 29.897600
0.854742 42.443700
0.854929 9.770800
0.855116 56.823600
0.855302 50.720700
0.855489 10.107200
0.855676 59.178800
0.855863 12.097600
0.856049 19.043800
0.856236 57.770300
0.856423 12.990800
0.856609 46.297500
0.856796 18.858100
0.856983 42.373200
0.857170 16.528200
0.857356 68.411300
0.857543 42.514600
0.857730 54.384800
0.857916 39.535900
0.858103 57.787100
0.858290 54.840100
0.858476 11.474700
0.858663 67.567900
0.858850 48.159200
0.859037 20.442600
0.859223 77.359400
0.859410 45.952500
0.859597 78.333000
0.859783 44.646300
0.859970 20.800700
0.860157 42.838700
0.860344 20.076600
0.860530 7.520540
0.860717 7.974670
0.860904 43.498000
0.861090 23.022300
0.861277 34.766600
0.861464 32.440100
0.861650 75.261200
0.861837 89.713800
0.862024 42.877100
0.862211 88.647800
0.862397 13.260900
0.862584 69.271200
0.862771 23.752700
0.862957 74.141300
0.863144 32.785000
0.863331 22.066900
0.863518 29.042100
0.863704 35.005800
0.863891 69.310900
0.864078 23.681400
0.864264 50.145400
0.864451 30.312800
0.864638 54.472100
0.864824 30.439800
0.865011 47.245500
0.865198 58.911500
0.865385 51.921800
0.865571 39.864900
0.865758 67.876900
0.865945 55.525200
0.866131 43.178300
0.866318 62.108800
0.866505 51.197700
0.866692 80.400400
0.866878 60.923000
0.867065 64.159500
0.867252 73.559200
0.867438 51.280200
0.867625 9.047720
0.867812 19.091700
0.867999 28.888500
0.868185 21.944400
0.868372 21.122200
0.868559 32.746900
0.868745 48.075700
0.868932 57.162500
0.869119 51.629200
0.869305 43.866200
0.869492 41.165500
0.869679 27.432600
0.869866 36.099800
0.870052 27.664500
0.870239 5.175670
0.870426 54.635300
0.870612 45.332000
0.870799 47.360900
0.870986 26.467400
0.871173 79.016300
0.871359 38.150000
0.871546 29.398000
0.871733 15.943900
0.871919 15.448500
0.872106 39.281600
0.872293 45.039000
0.872479 13.526100
0.872666 41.052300
0.872853 32.392600
0.873040 69.331800
0.873226 41.532800
0.873413 43.868600
0.873600 64.633300
0.873786 61.111200
0.873973 72.829400
0.874160 35.737700
0.874347 21.404400
0.874533 45.797600
0.874720 32.151100
0.874907 45.929100
0.875093 31.676600
0.875280 40.381400
0.875467 43.102000
0.875653 40.694800
0.875840 60.638700
0.876027 10.787000
0.876214 93.810900
0.876400 10.681400
0.876587 48.072000
0.876774 58.189900
0.876960 40.643900
0.877147 77.413300
0.877334 87.511700
0.877521 79.645400
0.877707 21.406300
0.877894 76.201500
0.878081 35.650500
0.878267 83.677400
0.878454 39.244200
0.878641 44.581000
0.878827 61.758500
0.879014 36.979200
0.879201 56.796400
0.879388 66.836900
0.879574 64.945400
0.879761 54.792100
0.879948 27.830600
0.880134 96.277100
0.880321 7.004040
0.880508 12.179700
0.880695 41.981900
0.880881 70.646200
0.881068 24.390100
0.881255 85.304200
0.881441 34.742500
0.881628 65.081900
0.881815 50.795300
0.882001 51.548600
0.882188 19.122500
0.882375 45.555500
0.882562 24.431200
0.882748 49.884300
0.882935 49.942300
0.883122 66.560500
0.883308 60.023100
0.883495 27.441600
0.883682 57.941600
0.883869 41.108100
0.884055 76.046500
0.884242 43.559400
0.884429 37.656900
0.884615 30.688500
0.884802 38.275000
0.884989 27.844300
0.885176 40.901300
0.885362 77.267000
0.885549 70.759500
0.885736 23.578300
0.885922 43.552600
0.886109 15.753100
0.886296 35.717300
0.886482 51.257100
0.886669 58.870300
0.886856 58.605800
0.887043 61.208900
0.887229 3.205610
0.887416 74.875900
0.887603 16.769400
0.887789 70.208200
0.887976 95.610000
0.888163 8.140490
0.888350 54.349700
0.888536 96.879100
0.888723 17.682500
0.888910 55.860900
0.889096 64.694300
0.889283 49.875600
0.889470 27.395000
0.889656 48.909900
0.889843 38.115900
0.890030 9.729800
0.890217 67.171600
0.890403 65.264000
0.890590 22.895400
0.890777 89.251400
0.890963 47.082300
0.891150 36.835400
0.891337 25.942300
0.891524 69.651400
0.891710 52.455500
0.891897 50.837000
0.892084 53.871900
0.892270 27.457800
0.892457 43.941000
0.892644 25.448800
0.892830 45.689500
0.893017 13.512000
0.893204 34.935300
0.893391 61.755100
0.893577 52.347700
0.893764 29.051700
0.893951 45.622600
0.894137 42.215500
0.894324 36.585800
0.894511 99.069800
0.894698 40.940900
0.894884 82.736300
0.895071 8.705140
0.895258 56.068400
0.895444 20.562800
0.895631 29.808600
0.895818 15.774200
0.896004 20.864600
0.896191 50.554600
0.896378 44.634600
0.896565 34.120000
0.896751 22.059100
0.896938 78.365500
0.897125 34.802800
0.897311 71.028600
0.897498 38.500900
0.897685 49.654600
0.897872 70.092300
0.898058 18.357100
0.898245 29.315700
0.898432 22.461000
0.898618 76.839600
0.898805 4.262890
0.898992 47.858000
0.899178 65.896500
0.899365 23.556400
0.899552 13.114200
0.899739 42.969500
0.899925 21.608400
0.900112 26.943100
0.900299 16.722300
0.900485 80.166300
0.900672 21.089400
0.900859 40.218500
0.901046 41.368400
0.901232 62.479500
0.901419 49.225700
0.901606 53.274500
0.901792 42.262400
0.901979 58.089400
0.902166 42.047000
0.902353 26.369400
0.902539 52.767600
0.902726 28.297500
0.902913 46.433800
0.903099 45.976600
0.903286 40.713700
0.903473 49.919900
0.903659 39.348100
0.903846 52.863000
0.904033 74.351900
0.904220 9.766990
0.904406 52.357500
0.904593 34.515500
0.904780 53.722100
0.904966 94.874800
0.905153 52.256400
0.905340 43.633000
0.905527 35.433300
0.905713 30.870800
0.905900 17.790500
0.906087 93.057000
0.906273 60.145100
0.906460 16.282200
0.906647 46.392100
0.906833 41.525600
0.907020 37.748700
0.907207 31.875000
0.907394 67.062000
0.907580 61.567800
0.907767 33.771200
0.907954 56.639800
0.908140 80.593700
0.908327 46.066800
0.908514 45.628900
0.908701 41.679000
0.908887 57.460800
0.909074 46.421400
0.909261 30.284500
0.909447 73.893800
0.909634 40.681600
0.909821 36.815800
0.910007 65.406200
0.910194 52.904400
0.910381 23.159900
0.910568 52.943800
0.910754 28.900200
0.910941 69.693200
0.911128 69.159700
0.911314 15.919300
0.911501 29.050500
0.911875 39.973900
0.912061 69.414000
0.912248 55.679200
0.912435 31.406800
0.912621 41.572400
0.912808 27.924800
0.912995 45.603900
0.913181 94.571600
0.913368 61.657800
0.913555 44.237700
0.913742 63.849400
0.913928 65.600600
0.914115 64.076200
0.914302 62.948000
0.914488 14.621600
0.914675 42.447500
0.914862 35.927200
0.915049 52.417700
0.915235 56.694700
0.915422 39.366600
0.915609 24.701800
0.915795 64.905900
0.915982 92.830100
0.916169 35.741800
0.916355 20.561300
0.916542 4.871110
0.916729 63.693000
0.916916 93.557200
0.917102 64.138300
0.917289 13.971500
0.917476 33.772600
0.917662 30.030600
0.917849 6.834340
0.918036 66.072300
0.918223 19.747000
0.918409 25.354200
0.918596 53.500600
0.918783 73.677100
0.918969 31.488100
0.919156 48.281700
0.919343 60.704300
0.919529 50.850200
0.919716 19.131900
0.919903 45.545400
0.920090 18.791300
0.920276 35.523000
0.920463 23.076600
0.920650 37.361000
0.920836 30.197200
0.921023 65.652100
0.921210 86.784000
0.921397 68.177500
0.921583 49.514000
0.921770 60.936600
0.921957 26.842000
0.922143 45.938100
0.922330 30.501800
0.922517 46.074800
0.922704 66.713900
0.922890 28.744600
0.923077 87.970600
0.923264 18.554900
0.923450 13.509600
0.923637 41.750800
0.923824 68.913400
0.924010 46.585500
0.924197 33.596700
0.924384 67.745700
0.924571 31.759400
0.924757 32.787200
0.924944 40.962500
0.925131 68.879600
0.925317 11.167200
0.925504 27.775000
0.925691 4.196970
0.925878 60.453600
0.926064 48.856600
0.926251 55.758700
0.926438 28.087300
0.926624 25.433800
0.926811 21.047200
0.926998 51.073900
0.927184 45.076300
0.927371 29.346300
0.927558 26.415100
0.927745 20.004500
0.927931 23.641200
0.928118 8.373980
0.928305 73.646000
0.928491 53.200400
0.928678 24.979200
0.928865 54.627200
0.929052 51.704500
0.929238 38.841500
0.929425 53.921300
0.929612 29.220800
0.929798 22.300900
0.929985 19.525900
0.930172 38.552700
0.930358 89.111400
0.930545 32.175700
0.930732 29.276700
0.930919 50.851900
0.931105 72.775600
0.931292 81.815700
0.931479 45.195000
0.931665 52.515100
0.931852 6.232310
0.932039 65.407500
0.932226 57.327000
0.932412 66.721900
0.932599 85.808000
0.932786 42.698500
0.932972 67.171400
0.933159 38.681000
0.933346 58.750700
0.933532 32.290800
0.933719 61.231300
0.933906 35.583700
0.934093 60.104300
0.934279 34.646200
0.934466 26.599800
0.934653 69.006800
0.934839 82.861000
0.935026 52.922000
0.935213 51.093200
0.935400 44.973500
0.935586 49.629300
0.935773 60.278900
0.935960 28.888600
0.936146 43.129200
0.936333 63.743600
0.936520 35.911900
0.936706 44.454300
0.936893 41.598800
0.937080 22.841600
0.937267 41.076800
0.937453 7.624820
0.937640 22.094900
0.937827 40.630200
0.938013 58.893100
0.938200 85.138800
0.938387 61.311200
0.938574 65.917300
0.938760 28.562600
0.938947 50.058600
0.939134 27.958500
0.939320 30.126500
0.939507 60.793300
0.939694 58.193500
0.939881 75.739300
0.940067 77.782100
0.940254 59.038200
0.940441 6.027340
0.940627 24.269400
0.940814 41.552900
0.941001 72.899900
0.941187 23.672300
0.941374 61.417900
0.941561 58.788700
0.941748 60.054100
0.941934 27.288400
0.942121 18.537800
0.942308 75.016800
0.942494 46.500300
0.942681 35.432100
0.942868 64.628600
0.943055 73.715600
0.943241 48.480100
0.943428 65.343600
0.943615 87.459100
0.943801 33.378900
0.943988 27.383400
0.944175 77.040800
0.944361 43.415300
0.944548 67.525600
0.944735 69.279200
0.944922 2.628960
0.945108 26.105800
0.945295 93.268100
0.945482 42.123300
0.945668 20.529300
0.945855 18.956800
0.946042 61.402200
0.946229 68.830000
0.946415 43.532700
0.946602 53.657100
0.946789 45.518700
0.946975 33.943300
0.947162 46.190700
0.947349 47.457600
0.947535 51.031800
0.947722 27.867200
0.947909 42.571400
0.948096 70.628500
0.948282 27.891900
0.948469 59.001400
0.948656 41.683700
0.948842 45.542800
0.949029 56.366700
0.949216 20.164800
0.949403 26.629700
0.949589 45.912200
0.949776 22.614200
0.949963 77.985700
0.950149 76.023000
0.950336 78.320300
0.950523 79.031900
0.950709 43.994300
0.950896 30.168700
0.951083 34.700800
0.951270 64.665600
0.951456 46.662200
0.951643 34.750500
0.951830 38.847900
0.952016 44.653200
0.952203 22.507900
0.952390 78.668400
0.952577 22.267400
0.952763 57.237900
0.952950 60.075300
0.953137 71.978100
0.953323 42.683400
0.953510 54.378500
0.953697 69.828800
0.953883 46.019800
0.954070 36.451200
0.954257 25.494200
0.954444 38.557900
0.954630 63.985800
0.954817 57.367500
0.955004 24.888800
0.955190 43.869300
0.955377 44.472100
0.955564 84.769900
0.955751 25.016600
0.955937 45.346500
0.956124 34.820700
0.956311 61.010300
0.956497 7.690020
0.956684 32.158400
0.956871 55.371500
0.957058 20.441900
0.957244 69.732500
0.957431 87.728100
0.957618 35.094400
0.957804 47.314200
0.957991 35.667800
0.958178 27.963800
0.958364 28.383200
0.958551 66.149600
0.958738 23.094100
0.958925 44.151300
0.959111 4.716250
0.959298 86.089700
0.959485 63.070700
0.959671 57.145300
0.959858 57.957900
0.960045 29.815500
0.960232 50.188400
0.960418 31.673200
0.960605 58.247900
0.960792 26.045400
0.960978 80.218100
0.961165 24.972800
0.961352 38.138000
0.961538 37.512000
0.961725 12.316700
0.961912 29.223300
0.962099 41.582100
0.962285 26.009100
0.962472 84.813500
0.962659 25.416600
0.962845 18.999800
0.963032 54.838300
0.963219 31.977600
0.963406 31.276900
0.963592 28.137400
0.963779 66.601000
0.963966 43.747300
0.964152 49.154400
0.964339 50.756400
0.964526 24.752000
0.964712 7.137940
0.964899 34.825600
0.965086 59.548300
0.965273 46.654300
0.965459 40.434600
0.965646 26.992300
0.965833 71.943400
0.966019 37.554800
0.966206 21.889700
0.966393 27.622900
0.966580 68.124000
0.966766 84.420200
0.966953 38.395300
0.967140 59.807600
0.967326 29.982500
0.967513 24.600300
0.967700 27.776600
0.967886 55.858500
0.968073 9.188970
0.968260 42.939300
0.968447 59.339200
0.968633 30.515300
0.968820 43.454000
0.969007 65.425800
0.969193 51.758500
0.969380 47.757100
0.969567 64.301200
0.969754 40.248200
0.969940 32.834100
0.970127 31.024100
0.970314 33.946900
0.970500 51.264100
0.970687 39.051400
0.970874 65.139200
0.971060 13.117700
0.971247 32.759100
0.971434 46.337400
0.971621 61.048700
0.971807 62.694100
0.971994 36.492900
0.972181 92.365300
0.972367 37.391400
0.972554 4.902450
0.972741 96.139200
0.972928 40.985200
0.973114 33.049800
0.973301 27.987700
0.973488 35.135800
0.973674 39.734900
0.973861 38.169400
0.974048 51.119900
0.974235 69.463300
0.974421 26.697500
0.974608 13.091100
0.974795 53.488600
0.974981 36.181400
0.975168 27.024000
0.975355 66.559900
0.975541 32.651200
0.975728 33.151500
0.975915 52.500200
0.976102 8.912610
0.976288 21.736500
0.976475 59.262500
0.976662 46.376200
0.976848 30.848300
0.977035 60.359300
0.977222 21.088800
0.977409 51.258500
0.977595 53.900800
0.977782 70.147600
0.977969 23.730300
0.978155 33.262500
0.978342 55.603500
0.978529 53.920900
0.978715 6.654070
0.978902 16.722400
0.979089 44.801900
0.979276 57.886000
0.979462 75.910300
0.979649 66.755100
0.979836 26.238200
0.980022 71.753500
0.980209 9.565230
0.980396 46.622800
0.980583 57.632400
0.980769 50.365900
0.980956 56.086600
0.981143 65.190600
0.981329 9.570370
0.981516 41.126800
0.981703 52.935100
0.981889 54.323100
0.982076 23.559600
0.982263 87.376400
0.982450 63.798400
0.982636 49.044700
0.982823 78.963400
0.983010 57.660900
0.983196 31.116800
0.983383 53.844200
0.983570 53.417000
0.983757 18.923500
0.983943 67.575300
0.984130 53.509100
0.984317 11.419000
0.984503 22.965800
0.984690 25.066800
0.984877 7.094950
0.985063 65.444000
0.985250 50.424600
0.985437 44.906600
0.985624 45.145700
0.985810 28.200100
0.985997 21.012600
0.986184 82.625500
0.986370 85.577600
0.986557 41.627100
0.986744 20.801600
0.986931 27.171000
0.987117 37.165300
0.987304 25.375200
0.987491 61.373500
0.987677 53.551800
0.987864 47.198300
0.988051 84.391100
0.988237 30.450300
0.988424 40.060700
0.988611 19.845100
0.988798 38.913500
0.988984 58.927100
0.989171 54.148900
0.989358 80.889400
0.989544 33.077800
0.989731 63.959900
0.989918 22.644900
0.990105 45.501500
0.990291 21.135300
0.990478 52.460700
0.990665 67.091200
0.990851 36.494300
0.991038 67.863500
0.991225 86.629200
0.991412 59.362300
0.991598 42.080900
0.991785 76.415000
0.991972 22.834100
0.992158 43.635200
0.992345 39.259100
0.992532 51.584500
0.992718 42.388800
0.992905 47.749200
0.993092 92.990100
0.993279 4.162330
0.993465 46.394700
0.993652 58.481300
0.993839 53.474700
0.994025 30.900000
0.994212 57.267500
0.994399 17.619200
0.994586 56.465500
0.994772 53.023300
0.994959 51.678500
0.995146 30.327300
0.995332 9.716830
0.995519 19.353600
0.995706 31.979700
0.995892 25.665400
0.996079 52.664000
0.996266 25.978900
0.996453 61.909100
0.996639 16.774500
0.996826 47.424600
0.997013 65.917200
0.997199 63.278600
0.997386 72.220200
0.997573 27.302900
0.997760 72.735600
0.997946 51.822200
0.998133 42.876600
0.998320 30.886900
0.998506 64.324700
0.998693 40.579400
0.998880 31.498600
0.999066 20.438200
0.999253 58.972400
0.999440 32.109400
0.999627 62.500200
0.999813 45.075900
1.000000 30.806800
