0.000212 23.846300
0.000423 47.951200
0.000635 46.822900
0.000847 47.696800
0.001059 72.302600
0.001270 42.389800
0.001482 43.358100
0.001694 96.644200
0.001906 58.853200
0.002117 47.180100
0.002329 51.835800
0.002541 48.118100
0.002752 81.646200
0.002964 53.256500
0.003176 26.784400
0.003388 19.682600
0.003599 67.089900
0.003811 69.192700
0.004023 16.666100
0.004235 20.191500
0.004446 25.863800
0.004658 22.038400
0.004870 62.046600
0.005082 32.792500
0.005293 43.497400
0.005505 32.408500
0.005717 67.180100
0.005928 75.415500
0.006140 40.811400
0.012069 58.116000
0.012280 32.472300
0.012492 38.342500
0.012704 52.279300
0.012916 74.547400
0.013127 51.349500
0.013339 19.942200
0.013551 26.640200
0.013762 43.168200
0.013974 85.767000
0.014186 58.546900
0.014398 24.816800
0.014609 48.258000
0.014821 45.595600
0.015033 32.188200
0.015456 24.506200
0.015668 41.820200
0.015880 49.227800
0.016091 22.786500
0.016303 17.590600
0.016515 30.759000
0.016727 18.107700
0.016938 58.568800
0.017150 46.357100
0.017362 44.922300
0.017574 13.124000
0.017785 23.251800
0.017997 24.628800
0.018209 46.475000
0.018420 30.645200
0.018632 37.183700
0.018844 53.114300
0.019056 10.136700
0.019267 50.259900
0.019479 32.860700
0.019691 68.764600
0.019903 30.876500
0.020114 46.499600
0.020326 45.949200
0.020538 22.008000
0.020750 41.549900
0.020961 15.615900
0.021173 57.318500
0.021385 63.735000
0.021596 13.311500
0.021808 56.532200
0.022020 48.202100
0.022232 78.133000
0.022443 75.320100
0.022655 39.784600
0.022867 16.780600
0.023079 31.114600
0.023290 79.566000
0.023502 90.821800
0.023714 55.862300
0.023925 25.876400
0.027948 8.389800
0.028160 34.210000
0.028372 47.966800
0.028584 14.921000
0.028795 34.668600
0.029007 51.363900
0.029219 80.022900
0.029430 19.551700
0.029642 57.699400
0.029854 30.183900
0.030066 77.848800
0.030277 49.349300
0.030489 78.277000
0.030701 43.949800
0.030913 15.662300
0.031124 35.775600
0.031336 33.881000
0.031548 15.532200
0.031759 72.798900
0.031971 52.224800
0.032183 44.037300
0.032395 41.287700
0.032606 16.408000
0.032818 41.050000
0.033030 10.115100
0.033242 63.311600
0.033453 50.770700
0.033665 50.659200
0.033877 67.013900
0.034089 50.988000
0.034300 66.602500
0.034512 29.346700
0.034724 51.578300
0.034935 27.370500
0.035147 42.153000
0.035359 49.476500
0.035571 97.054500
0.035782 78.849800
0.035994 33.998700
0.036206 89.409500
0.036418 34.770300
0.036629 53.780300
0.036841 35.412100
0.037053 41.350700
0.037264 23.795000
0.037476 26.777600
0.037688 67.284000
0.037900 45.285500
0.038111 45.757800
0.038323 44.941200
0.038535 9.979130
0.038747 20.601700
0.038958 37.474700
0.039170 29.590900
0.039382 49.626800
0.039593 55.871800
0.039805 62.957000
0.040017 47.556500
0.040229 51.995800
0.040440 44.984300
0.040652 3.185280
0.040864 49.327500
0.041076 20.072100
0.041287 51.950200
0.041499 31.250500
0.041711 51.188800
0.042134 40.698500
0.044463 67.121200
0.044675 32.998200
0.044887 7.530740
0.045098 60.543500
0.045310 47.090100
0.045522 33.655300
0.045734 72.370100
0.045945 29.395000
0.046157 44.744700
0.046369 23.284400
0.046581 39.332400
0.046792 55.780600
0.047004 56.422200
0.047216 39.122100
0.047427 56.113600
0.047639 51.250600
0.047851 5.995800
0.048063 34.035900
0.048274 34.267600
0.048486 48.490300
0.048698 47.318300
0.048910 42.314100
0.049121 25.033500
0.049333 23.356600
0.049545 22.247300
0.049757 29.821600
0.049968 32.101600
0.050180 42.395700
0.050392 52.224000
0.050603 26.627000
0.050815 33.200100
0.051027 87.705300
0.051239 62.917600
0.051450 57.061600
0.051662 54.372000
0.051874 25.876900
0.052086 45.023500
0.052297 55.582200
0.052509 30.179800
0.052721 28.567600
0.052932 73.205600
0.053144 33.052900
0.053356 49.953600
0.053568 37.531500
0.053779 66.721200
0.053991 47.188700
0.054203 45.703500
0.054415 44.564200
0.054626 16.353700
0.054838 32.473500
0.055050 27.293000
0.055261 45.738100
0.055473 72.052100
0.055685 42.844600
0.055897 32.208000
0.056108 23.560600
0.056320 49.110700
0.056532 45.996100
0.056744 36.907700
0.056955 53.768700
0.057167 39.805700
0.057379 85.757500
0.057591 6.405430
0.057802 29.504900
0.058014 57.638100
0.058226 72.202600
0.058437 36.521300
0.058649 45.097300
0.058861 40.290300
0.059073 61.598400
0.059284 45.114600
0.059496 56.114900
0.059708 49.066600
0.059920 69.856400
0.060131 16.559700
0.060343 17.370600
0.060555 45.091100
0.060766 93.054400
0.060978 38.972300
0.061190 61.795100
0.061402 35.322100
0.061613 33.825900
0.061825 20.384900
0.062037 45.307100
0.062249 33.054500
0.062460 44.839700
0.062672 31.193200
0.062884 36.333700
0.063095 50.908900
0.063307 55.859100
0.063519 84.839800
0.063731 45.137400
0.063942 59.099900
0.064154 63.579900
0.064366 27.719300
0.064578 64.805800
0.064789 26.355000
0.065001 42.951200
0.065213 8.701830
0.065425 15.618600
0.065636 43.840100
0.065848 43.201200
0.066060 15.962800
0.066271 21.309500
0.066483 36.678400
0.066695 19.294900
0.066907 48.690600
0.067118 33.456000
0.067330 59.705200
0.067542 65.837600
0.067754 30.287900
0.067965 49.689100
0.068177 47.476900
0.068389 86.614800
0.068600 65.935900
0.068812 33.071500
0.069024 42.655500
0.069236 72.616300
0.069447 54.857100
0.069659 53.862500
0.069871 50.678500
0.070083 67.886500
0.070294 52.918000
0.070506 98.562200
0.070718 58.241400
0.070929 64.034200
0.071141 46.627900
0.071353 62.868200
0.071565 41.522500
0.079610 59.483000
0.079822 42.630700
0.080034 8.560170
0.080246 22.047800
0.080457 18.763000
0.080669 38.043700
0.080881 24.648800
0.081093 54.285200
0.081304 37.872100
0.081516 43.007800
0.081728 4.999150
0.081939 61.039300
0.082151 52.990600
0.082363 61.210000
0.082575 41.736800
0.082786 33.213700
0.082998 30.155100
0.083210 30.771400
0.083422 49.225600
0.083633 41.536700
0.083845 74.691300
0.084057 43.987100
0.084268 25.033900
0.084480 57.172200
0.084692 25.754000
0.084904 20.044500
0.085115 2.953890
0.085327 44.791800
0.085539 69.235500
0.085751 64.784900
0.085962 36.297500
0.086174 58.540700
0.086386 58.238000
0.086598 20.131000
0.086809 43.569800
0.087021 30.765100
0.087233 24.830800
0.087444 36.902300
0.087656 39.508500
0.087868 3.314850
0.088080 36.296300
0.088291 54.001900
0.088503 3.057300
0.088715 53.170600
0.088927 42.440100
0.089138 33.634800
0.089350 54.953800
0.089562 69.416200
0.089773 84.487100
0.089985 66.180800
0.090197 23.159600
0.090409 46.306700
0.090620 55.583100
0.090832 37.589100
0.091044 82.736800
0.091256 67.323800
0.091467 28.925100
0.091679 82.865500
0.091891 9.579660
0.092102 59.722600
0.092314 63.101800
0.092526 49.254200
0.092738 19.167000
0.092949 68.283800
0.093161 32.036300
0.093373 68.996800
0.093585 49.762000
0.093796 40.789100
0.094008 47.918600
0.094220 25.587200
0.094432 61.619300
0.094643 68.542800
0.094855 68.617100
0.095067 29.939700
0.095278 65.951400
0.095490 52.598300
0.095702 46.297600
0.096125 69.200400
0.096337 27.948400
0.096549 71.491500
0.096761 9.483470
0.096972 44.637700
0.097184 56.535000
0.097396 54.425900
0.097607 50.023500
0.097819 90.187200
0.098031 54.382000
0.098454 9.805800
0.098666 25.000100
0.098878 79.616400
0.099090 46.897300
0.099301 43.669100
0.099513 40.061500
0.099725 68.637900
0.099936 50.211300
0.100148 58.897600
0.100360 42.396500
0.100572 71.633300
0.100783 31.228100
0.100995 89.271900
0.101207 47.089400
0.101419 59.558200
0.101630 37.605100
0.101842 73.533900
0.102054 49.957200
0.102266 50.004800
0.102477 43.711000
0.102689 63.780200
0.102901 33.819500
0.103112 36.520000
0.103324 24.047600
0.103536 56.764700
0.103748 46.920400
0.103959 50.177600
0.104171 60.509500
0.104383 5.571650
0.104595 66.912400
0.104806 55.876500
0.105018 50.807600
0.105230 35.245000
0.105441 47.612900
0.105653 51.249600
0.105865 1.810620
0.106077 42.610500
0.106288 31.785300
0.106500 41.804400
0.106712 27.764600
0.106924 48.955500
0.107135 13.306800
0.107347 24.920600
0.107559 43.820500
0.107770 30.693900
0.107982 47.928100
0.108194 40.148300
0.108406 46.411700
0.108617 28.662600
0.108829 39.633300
0.109041 57.554500
0.109253 56.651900
0.109464 50.428700
0.109676 17.864300
0.109888 18.919700
0.110100 70.579300
0.110311 19.885300
0.110523 49.839500
0.110735 27.249200
0.110946 93.596300
0.111158 45.451800
0.111370 7.395900
0.111582 85.954300
0.111793 36.473200
0.112005 8.053430
0.112217 26.014600
0.112429 32.601200
0.112640 27.221700
0.112852 31.777100
0.113064 50.865600
0.113275 26.348300
0.113487 44.040400
0.113699 4.728900
0.113911 47.330700
0.114122 48.180900
0.114334 43.762800
0.114546 41.022600
0.114758 28.409600
0.114969 19.524400
0.115181 25.825800
0.115393 56.225600
0.115604 18.911400
0.115816 25.810700
0.116028 32.961000
0.116240 64.791400
0.116451 41.799700
0.116663 23.545300
0.116875 59.142000
0.117087 52.545300
0.117298 67.029200
0.117510 67.510700
0.117722 28.064100
0.117934 31.428300
0.118145 14.712500
0.118357 84.041600
0.118569 76.323900
0.118780 1.982960
0.118992 94.865500
0.119204 34.500900
0.119416 37.049100
0.119627 63.131600
0.119839 47.035600
0.120051 72.600800
0.120263 54.807700
0.120474 31.600800
0.120686 55.140300
0.120898 8.019890
0.121109 83.153700
0.121321 57.295100
0.121533 26.882900
0.121745 37.114000
0.121956 38.113300
0.122168 37.043200
0.122380 46.286800
0.122592 13.115700
0.122803 70.508500
0.123015 6.512600
0.123227 57.084000
0.126191 9.691900
0.126403 26.215500
0.126614 77.521700
0.126826 19.429700
0.127038 32.010500
0.127250 55.494000
0.127461 64.796800
0.127673 21.287800
0.127885 32.125100
0.128097 50.257200
0.128308 31.364400
0.128520 25.909300
0.128732 42.588800
0.128943 38.042600
0.129155 68.324400
0.129367 25.025000
0.129579 22.919800
0.129790 37.815700
0.130002 23.745800
0.130214 37.764600
0.130426 40.502000
0.130637 43.761500
0.130849 79.817700
0.131061 60.548600
0.131272 56.033600
0.131484 44.653100
0.131696 54.773800
0.131908 19.879200
0.132119 59.591200
0.132331 21.083300
0.132543 24.433100
0.132755 52.245600
0.132966 8.263100
0.133178 41.198800
0.133390 34.538900
0.133602 84.482900
0.133813 33.616900
0.134025 15.443600
0.134237 1.767300
0.134448 61.022100
0.134660 20.563800
0.134872 18.289400
0.135084 9.995420
0.135295 43.182400
0.135507 54.473700
0.135719 29.150600
0.135931 10.112700
0.136142 65.774600
0.136354 42.949700
0.136566 27.526400
0.136777 14.238800
0.136989 4.101240
0.137201 48.005900
0.137413 32.075500
0.137624 52.825100
0.137836 42.128600
0.138048 58.401600
0.138260 59.920800
0.138471 41.901800
0.138683 30.889100
0.138895 55.392500
0.139107 3.755900
0.139318 29.009900
0.139530 40.260300
0.139742 33.901000
0.139953 41.255700
0.140165 8.190610
0.140377 22.941000
0.140589 11.875900
0.140800 24.945500
0.141012 48.731000
0.141224 44.159700
0.141436 32.303900
0.141647 50.773600
0.141859 9.020730
0.142071 33.049100
0.142282 42.810500
0.142494 39.078900
0.142706 47.403900
0.142918 42.718700
0.143129 16.755100
0.143341 27.678400
0.143553 6.372360
0.143765 58.168900
0.143976 16.155400
0.144188 75.948000
0.144400 79.435500
0.144611 29.238700
0.144823 8.906730
0.145035 33.391700
0.145247 31.504400
0.145458 53.025600
0.145670 53.236000
0.145882 27.498800
0.146094 36.612000
0.146305 38.853600
0.146517 49.180700
0.146729 27.696400
0.146941 25.056900
0.147152 38.178700
0.147364 58.351900
0.147576 54.742000
0.147787 42.327400
0.147999 82.065700
0.148211 38.358000
0.148423 46.252500
0.148634 89.748800
0.148846 50.145800
0.149058 9.894350
0.149270 39.466800
0.149481 26.695800
0.149693 39.217300
0.149905 41.064400
0.150116 35.317500
0.150328 45.895400
0.150540 31.358500
0.150752 63.861000
0.150963 14.378200
0.151175 43.519300
0.151387 6.548120
0.151599 53.423700
0.151810 17.688700
0.152022 31.451600
0.152234 35.482400
0.152445 38.029800
0.152657 47.387000
0.152869 26.735900
0.153081 31.902600
0.153292 65.025500
0.153504 63.049000
0.153716 51.160500
0.153928 41.313800
0.154139 7.639810
0.154351 77.921800
0.154563 23.064400
0.154775 39.173500
0.154986 33.677900
0.155198 49.883800
0.155410 33.362700
0.155621 34.971700
0.155833 67.816400
0.156045 69.033800
0.156257 76.017400
0.156468 38.905300
0.156680 36.503100
0.156892 10.099500
0.157104 51.959300
0.157315 63.665900
0.157527 19.178300
0.157739 44.089500
0.157950 64.083100
0.158162 25.615700
0.158374 49.339500
0.158586 36.103200
0.158797 69.452500
0.159009 23.041400
0.159221 26.260400
0.159433 10.064700
0.159644 76.635000
0.159856 7.799290
0.160068 41.314600
0.160491 71.057000
0.160703 25.774800
0.160915 37.250300
0.161126 10.155200
0.161338 80.561300
0.161550 9.696970
0.161762 66.099600
0.161973 38.627200
0.162185 36.653300
0.162397 20.278600
0.162609 34.656000
0.162820 40.278700
0.163032 52.495100
0.163244 57.753000
0.163455 65.967400
0.163667 33.919300
0.163879 69.001600
0.164091 36.827600
0.164302 49.290700
0.164514 45.927500
0.164726 49.918700
0.164938 47.609500
0.165149 61.177400
0.165361 34.509800
0.165573 22.948000
0.165784 74.043900
0.165996 75.497300
0.166208 57.391700
0.166420 56.331700
0.166631 42.419300
0.166843 35.996300
0.167055 53.120100
0.167267 72.137200
0.167478 48.580000
0.167690 69.352800
0.167902 43.077000
0.168113 61.595700
0.168325 35.869800
0.168537 37.438200
0.168749 19.493600
0.168960 6.545710
0.169172 55.456900
0.169384 58.666700
0.169596 26.758300
0.169807 4.680410
0.170019 26.807700
0.170231 46.875900
0.170443 11.792200
0.170654 43.085900
0.170866 44.515900
0.171078 49.537200
0.171289 49.034000
0.171501 28.190000
0.171713 28.026300
0.171925 48.503100
0.172136 69.529000
0.172348 6.354630
0.172560 55.940200
0.172772 22.462400
0.172983 57.345000
0.173195 51.896900
0.173407 31.022700
0.173618 25.703300
0.173830 8.996070
0.174042 35.431600
0.174254 30.405500
0.174465 36.976200
0.174677 59.712500
0.174889 28.604200
0.175101 40.547300
0.175312 9.101890
0.175524 69.872100
0.175736 37.090900
0.176794 69.269400
0.177006 30.085300
0.177218 41.513300
0.177430 13.510100
0.177641 48.041200
0.177853 44.370300
0.178065 25.925500
0.178488 44.998400
0.178700 74.246100
0.178912 35.717600
0.179123 57.263500
0.179335 43.585200
0.179547 6.402680
0.179759 38.311200
0.179970 84.740300
0.180182 29.096600
0.180394 26.069100
0.180606 50.767300
0.180817 26.887200
0.181029 52.593800
0.181241 64.062700
0.181452 56.701400
0.181664 49.395000
0.182088 26.053200
0.182299 16.940300
0.182511 49.726200
0.182723 45.572300
0.182935 31.700500
0.183146 26.245000
0.183358 69.021400
0.183570 26.054300
0.183781 30.762700
0.183993 37.553900
0.184205 20.295800
0.184417 35.857400
0.184628 40.380300
0.184840 46.471600
0.185052 44.505000
0.185264 23.479600
0.185475 55.187400
0.185687 45.754000
0.185899 32.773200
0.186111 64.348200
0.186322 38.558900
0.186534 28.430100
0.186746 51.707300
0.186957 25.902900
0.187169 45.157200
0.187381 59.509500
0.187593 87.817400
0.187804 56.567100
0.188016 59.644000
0.188228 14.871800
0.188440 28.863300
0.188651 14.797500
0.188863 59.972100
0.189075 24.140200
0.189286 40.584800
0.189498 88.071300
0.189710 79.320700
0.189922 33.225800
0.190133 53.162500
0.190345 68.578800
0.190557 69.224700
0.190769 60.241800
0.190980 40.420500
0.191192 58.413600
0.191404 31.814400
0.191615 39.818000
0.191827 15.190600
0.192039 17.260300
0.192251 38.920500
0.192462 42.550800
0.192674 45.840800
0.192886 64.819000
0.193098 61.381900
0.193309 84.333900
0.193521 59.328800
0.193733 30.404300
0.193945 26.178400
0.194156 49.456100
0.194368 12.213100
0.194580 77.424600
0.194791 63.460400
0.195003 1.991330
0.195215 30.062700
0.195427 39.394800
0.195638 33.638900
0.195850 30.679600
0.196062 24.353700
0.196274 56.284100
0.196485 28.894700
0.196697 51.970700
0.197120 22.766600
0.197332 36.648800
0.197544 63.876200
0.197756 25.009100
0.197967 52.044000
0.198179 6.798980
0.198391 32.713500
0.198603 65.364000
0.198814 6.129470
0.199026 72.488700
0.199238 69.347300
0.199450 53.673200
0.199661 60.887400
0.199873 52.665500
0.200085 43.420900
0.200296 32.201200
0.200508 53.042500
0.200720 68.855600
0.200932 42.365300
0.201143 30.325300
0.201355 93.687400
0.201567 58.440900
0.201779 41.956300
0.201990 27.951200
0.202202 28.716000
0.202414 61.396900
0.202625 16.455600
0.202837 53.589600
0.203049 35.723600
0.203261 57.747800
0.203472 91.404400
0.203684 54.056400
0.203896 31.006800
0.204108 24.787900
0.204319 26.468500
0.204531 61.330200
0.204743 37.180000
0.204954 57.207200
0.205166 57.987500
0.205378 36.003100
0.205590 62.695900
0.205801 22.027200
0.206013 43.700100
0.206225 41.954500
0.206437 31.071900
0.206648 46.823100
0.206860 68.967000
0.207072 55.595000
0.207284 62.597600
0.207495 32.406900
0.207707 68.528100
0.207919 54.383500
0.208130 89.180900
0.208342 48.715200
0.208554 36.590200
0.208766 35.674100
0.208977 51.472600
0.209189 46.437900
0.209401 53.262700
0.209613 52.844900
0.209824 85.347000
0.210036 31.860400
0.210248 94.504900
0.210459 9.844540
0.210671 35.625700
0.210883 35.889500
0.211095 26.233700
0.211306 48.235100
0.211518 73.341900
0.211730 44.461800
0.211942 51.313000
0.212153 71.274800
0.212365 29.743700
0.212577 37.811200
0.212788 43.465000
0.213000 31.107100
0.213212 77.748400
0.213424 41.320100
0.213635 32.154000
0.213847 41.258100
0.214059 29.135900
0.214271 46.217600
0.214482 34.037400
0.214694 64.720300
0.215118 56.703900
0.215329 45.629200
0.215541 30.967900
0.215753 17.257000
0.215964 72.021300
0.216176 41.217500
0.216388 87.522900
0.216600 57.009000
0.216811 58.432800
0.217023 69.454300
0.217235 51.711400
0.217447 79.487700
0.217658 26.822200
0.217870 7.383590
0.218082 58.079900
0.218293 60.017000
0.218505 17.374400
0.218717 67.073100
0.218929 28.417600
0.219140 83.274800
0.219352 22.791000
0.219564 17.162500
0.219776 5.117690
0.219987 67.351300
0.220199 78.100500
0.220411 36.550300
0.220622 45.824400
0.220834 53.682500
0.221046 50.788200
0.221258 34.007800
0.221469 8.596290
0.221681 31.848500
0.221893 68.161200
0.222105 40.738800
0.222316 32.669800
0.222528 32.192900
0.222740 67.394000
0.222952 52.797100
0.223163 49.894000
0.223375 44.070400
0.223587 44.730000
0.223798 86.407600
0.224010 19.667100
0.224222 22.515200
0.224434 28.313600
0.224645 49.475200
0.224857 46.304700
0.225069 84.071400
0.225281 22.829200
0.225492 45.897600
0.225704 39.970900
0.225916 37.601100
0.226127 53.380100
0.226339 54.618500
0.226551 39.761700
0.226763 54.364400
0.226974 8.734580
0.227186 50.357200
0.227398 27.454800
0.227610 5.535350
0.227821 9.486570
0.228033 59.348600
0.228245 46.424000
0.228456 27.542000
0.228668 35.152200
0.228880 20.757500
0.229092 43.384600
0.229303 29.341200
0.229515 60.519200
0.229727 9.685430
0.229939 47.882900
0.230150 25.631500
0.230362 64.855900
0.230574 50.778000
0.230786 41.350200
0.230997 61.914600
0.231209 43.761000
0.231421 33.833700
0.231632 27.483000
0.231844 56.484100
0.232056 15.227100
0.232268 72.904700
0.232479 46.606300
0.232691 38.597200
0.232903 44.252700
0.233115 29.997200
0.233326 61.699900
0.233538 54.856400
0.233750 21.944100
0.233961 27.952900
0.234173 37.279100
0.234385 54.363400
0.234597 44.076200
0.234808 42.665500
0.235020 65.711200
0.235232 36.046700
0.235444 22.543100
0.235655 37.087100
0.235867 11.550500
0.236079 21.835600
0.236290 9.663900
0.236502 34.007900
0.236714 2.523370
0.236926 79.943800
0.237137 45.973500
0.237349 67.012100
0.237561 56.130800
0.237773 35.043100
0.237984 53.139500
0.238196 37.636500
0.238408 35.395000
0.238620 36.785400
0.238831 43.057300
0.239043 23.536700
0.239255 41.450500
0.239466 22.422100
0.239678 28.800800
0.239890 34.856900
0.240102 28.448600
0.240313 53.444600
0.240525 45.470500
0.240737 45.042200
0.240949 42.407100
0.241160 33.699500
0.241372 47.255200
0.241584 40.548200
0.241795 55.316300
0.242007 36.826300
0.242219 61.798300
0.242431 40.047300
0.242642 39.159300
0.242854 43.401500
0.243066 36.437400
0.243278 55.405200
0.243489 30.780400
0.243701 65.675500
0.243913 54.269800
0.244124 22.146500
0.244336 61.509500
0.244548 28.893000
0.244760 73.907900
0.244971 18.767300
0.245183 52.374400
0.245395 39.372200
0.245607 90.275200
0.245818 64.188900
0.246030 65.727100
0.246242 21.845500
0.246454 17.736600
0.246665 44.281400
0.246877 46.806700
0.247089 57.285000
0.247300 59.605300
0.247512 25.936800
0.247724 33.760000
0.247936 85.669500
0.248147 10.619100
0.248359 48.385400
0.248571 41.468600
0.248783 43.640300
0.248994 35.031300
0.249206 30.559800
0.249418 39.982200
0.249629 39.357600
0.249841 62.831200
0.250053 36.294700
0.250265 56.727500
0.250476 31.666700
0.250688 61.729200
0.250900 62.404500
0.251112 32.607200
0.251323 66.256600
0.251535 63.559900
0.251747 52.705200
0.251959 29.246600
0.252170 64.085000
0.252382 40.670500
0.252594 68.086100
0.252805 19.794000
0.253017 38.901400
0.253229 37.945800
0.253441 30.597600
0.253652 46.323800
0.253864 72.354600
0.254076 45.920200
0.254288 53.276000
0.254499 77.404300
0.254711 40.542100
0.254923 63.218200
0.255134 35.346400
0.255346 73.820400
0.255558 35.816300
0.255770 54.061800
0.255981 46.778500
0.256193 25.712500
0.256405 24.833300
0.256617 29.938100
0.256828 13.118300
0.257040 72.589600
0.257252 19.992400
0.257463 24.597500
0.257675 40.134800
0.257887 22.129900
0.258099 58.961700
0.258310 60.152200
0.258522 31.022300
0.258734 38.091800
0.258946 49.991400
0.259157 34.374500
0.259369 25.735700
0.259581 38.248400
0.259793 52.457900
0.260004 67.666000
0.260216 42.719400
0.260428 25.873600
0.260639 61.100000
0.260851 20.122200
0.261063 25.108400
0.261275 14.845700
0.261486 52.861200
0.261698 27.164300
0.261910 53.859900
0.262122 51.389800
0.262333 42.575500
0.262545 71.369000
0.262757 17.134400
0.262968 36.603300
0.263180 16.214200
0.263392 23.520600
0.263604 55.497800
0.263815 29.625900
0.264027 6.366710
0.264239 72.257500
0.264451 42.702900
0.264662 48.988400
0.264874 29.362900
0.265086 62.807900
0.265297 35.168400
0.265509 55.226700
0.265721 51.202200
0.265933 6.202230
0.266144 80.835400
0.266356 69.152700
0.266568 41.277100
0.266780 42.607900
0.266991 33.341100
0.267203 42.383100
0.267415 92.585200
0.267627 28.232900
0.267838 12.458700
0.268050 86.624300
0.268262 21.444800
0.268473 35.451100
0.268685 51.366800
0.268897 74.014000
0.269109 68.052000
0.269320 37.781600
0.269532 15.026800
0.269744 20.394300
0.269956 55.854900
0.270167 63.794800
0.270379 40.781000
0.270591 16.868900
0.270802 66.586600
0.271014 14.266500
0.271226 64.374500
0.271438 61.097200
0.271649 71.162100
0.271861 42.603300
0.272073 67.662500
0.272285 32.265300
0.272496 71.240600
0.272708 20.172800
0.272920 26.703800
0.273131 43.288600
0.273343 10.129800
0.273555 25.892000
0.273767 56.116800
0.273978 74.273400
0.274190 50.032400
0.274402 64.277600
0.274614 55.150900
0.274825 48.511000
0.275037 16.679100
0.275249 27.069000
0.275461 63.717600
0.275672 22.632900
0.275884 45.544400
0.276096 56.954400
0.276307 51.516500
0.276519 24.567600
0.276731 7.205190
0.276943 24.774800
0.277154 65.399000
0.277366 65.035600
0.277578 41.476100
0.277790 17.896500
0.278001 45.784400
0.278213 42.135600
0.278425 27.087300
0.278636 34.592900
0.278848 61.387400
0.279060 27.496500
0.279272 64.729300
0.279483 83.909800
0.279695 38.840700
0.279907 32.380800
0.280119 60.509200
0.280330 42.291100
0.280542 25.557800
0.280754 66.221700
0.280965 22.919200
0.281177 49.159500
0.281389 53.494900
0.281601 27.808500
0.281812 92.598900
0.282024 70.668400
0.282236 41.300600
0.282448 53.678300
0.282659 44.061700
0.282871 41.784700
0.283083 30.126500
0.283295 48.132000
0.283506 26.788800
0.283718 50.473200
0.283930 59.723100
0.284141 38.569100
0.284353 52.601600
0.284565 89.702600
0.284777 44.429300
0.284988 51.472700
0.285200 24.375800
0.285412 37.010200
0.285624 74.446500
0.285835 39.926600
0.286047 46.123200
0.286259 73.376100
0.286470 82.313500
0.286682 18.046800
0.286894 70.287700
0.287106 56.826000
0.287317 63.888800
0.287529 23.201800
0.287741 34.964400
0.287953 30.989600
0.288164 36.110000
0.288376 85.741800
0.288588 20.080500
0.288799 45.550500
0.289011 24.177300
0.289223 61.644300
0.289435 20.566800
0.289646 19.385400
0.289858 92.335300
0.290070 52.831300
0.290282 52.923200
0.290493 7.027320
0.291340 67.417800
0.291552 27.970800
0.291764 42.858900
0.291975 73.132200
0.292187 51.432700
0.292399 42.484500
0.292611 52.338400
0.292822 43.127900
0.293034 61.908500
0.293246 44.083700
0.293458 49.827000
0.293669 69.644400
0.293881 28.034400
0.294093 46.987700
0.294304 53.491500
0.294516 25.542600
0.294728 53.200500
0.294940 39.250100
0.295151 42.321800
0.295363 80.078400
0.295575 29.139300
0.295787 10.858800
0.295998 27.481200
0.296210 66.114900
0.296422 59.163500
0.296633 29.860000
0.296845 57.435400
0.297057 41.489000
0.297269 55.620300
0.297480 12.094200
0.297692 67.794700
0.297904 23.138500
0.298116 36.863900
0.298327 56.211000
0.298539 68.953200
0.298751 41.696200
0.298963 41.541000
0.299174 32.084800
0.299386 53.347500
0.299598 63.224500
0.299809 54.804200
0.300021 41.613400
0.300233 60.561500
0.300445 19.204300
0.300656 27.336400
0.300868 31.024900
0.301080 45.636300
0.301292 64.381000
0.301503 29.205500
0.301715 53.386000
0.301927 48.385800
0.302138 65.618200
0.302350 73.728500
0.302562 24.800800
0.302774 51.486600
0.302985 50.029400
0.303197 43.000800
0.303409 69.896700
0.303621 28.726600
0.303832 11.922200
0.304044 45.642000
0.304256 42.936500
0.304467 22.317800
0.304679 26.122900
0.304891 21.463300
0.305103 8.456860
0.305314 48.500900
0.305526 63.927000
0.305738 39.302000
0.305950 12.958200
0.306161 54.828400
0.306373 58.195100
0.306585 91.170300
0.306797 25.717100
0.307008 53.096800
0.307220 68.449100
0.307432 54.662000
0.307643 54.069400
0.307855 83.103300
0.308067 13.718100
0.308279 18.211100
0.308490 69.632000
0.308702 53.658600
0.308914 42.375800
0.309126 48.125000
0.309337 25.768700
0.309549 42.009500
0.309761 60.497000
0.309972 33.678300
0.310184 16.143800
0.310396 71.708100
0.310608 10.093100
0.310819 86.220200
0.311031 52.169400
0.311243 27.592200
0.311455 15.653700
0.311666 16.875300
0.311878 77.892600
0.312090 32.501600
0.312302 36.319200
0.312513 33.358900
0.312725 68.936000
0.312937 21.304500
0.313148 21.747000
0.313360 42.401200
0.313572 23.007300
0.313784 25.141500
0.313995 45.849800
0.314207 53.037400
0.314419 18.508300
0.314631 41.264300
0.314842 17.514800
0.315054 27.685600
0.315266 22.347600
0.315477 26.426200
0.315689 17.235600
0.315901 26.667900
0.316113 66.098900
0.316324 38.093800
0.316536 47.544200
0.316748 18.545500
0.316960 63.809300
0.317171 8.401770
0.317383 35.011200
0.317595 53.250600
0.317806 69.224100
0.318018 55.204900
0.318230 50.019600
0.318442 32.158200
0.318653 62.365200
0.318865 38.599000
0.319077 14.261500
0.319289 29.697400
0.319500 61.825800
0.319712 42.593400
0.319924 60.778500
0.320136 25.788100
0.320347 76.671500
0.320559 4.915070
0.320771 37.149600
0.320982 24.618900
0.321194 25.939300
0.321406 76.134700
0.321618 33.002800
0.321829 77.666500
0.322041 51.402700
0.322253 45.971300
0.322465 34.374400
0.322676 45.704900
0.322888 88.266200
0.323100 77.172500
0.323311 34.501100
0.323523 66.495600
0.323735 43.191600
0.323947 26.872600
0.324158 16.515600
0.324370 33.914500
0.324582 26.823800
0.324794 14.387600
0.325005 37.712800
0.325217 81.955900
0.325429 20.560600
0.325640 30.432000
0.325852 21.620000
0.326064 5.245780
0.326276 41.475100
0.326487 51.394300
0.326699 66.661800
0.326911 31.765800
0.327123 67.557600
0.327334 31.634600
0.327546 43.869800
0.327758 61.605800
0.327970 31.357500
0.328181 26.900600
0.328393 45.483200
0.328605 93.466000
0.328816 80.204800
0.329028 57.153900
0.329240 30.292000
0.329452 51.008300
0.329663 45.664900
0.329875 50.339200
0.330087 42.837200
0.330299 11.890900
0.330510 63.722800
0.330722 61.921100
0.330934 34.810300
0.331145 37.938600
0.331357 30.374200
0.331569 36.435900
0.331781 50.622400
0.331992 57.480400
0.332204 23.722900
0.332416 52.322100
0.332628 36.698700
0.332839 72.914500
0.333051 49.934800
0.333263 30.239900
0.333474 61.852400
0.333686 47.758800
0.333898 23.755400
0.334110 46.163300
0.334321 64.160900
0.334533 53.779900
0.334745 9.531290
0.334957 57.139400
0.335168 32.327600
0.335380 38.404600
0.335592 22.878200
0.335804 40.860200
0.336015 57.231400
0.336227 55.124900
0.336439 60.294400
0.336650 33.265300
0.336862 35.459500
0.337074 54.633500
0.337286 50.422400
0.337497 30.102800
0.337709 16.739000
0.337921 42.743600
0.338133 63.589100
0.338344 63.362000
0.338556 10.166700
0.338768 66.111200
0.338979 50.941900
0.339191 72.502500
0.339403 20.383600
0.339615 69.499300
0.339826 25.543100
0.340038 78.509300
0.340250 53.061400
0.340462 18.641500
0.340673 29.821100
0.340885 81.960800
0.341097 42.862900
0.341308 41.839700
0.341520 77.040600
0.341732 80.758200
0.341944 59.527700
0.342155 47.424800
0.342367 35.817700
0.342579 17.054500
0.342791 49.338900
0.343002 62.637500
0.343214 77.325300
0.343426 19.958900
0.343638 42.459600
0.343849 42.667400
0.344061 14.633100
0.344273 37.404400
0.344484 36.470600
0.344696 57.433000
0.344908 29.113600
0.345120 33.931500
0.345331 23.895000
0.345543 26.114600
0.345755 8.946750
0.345967 35.204800
0.346178 50.019200
0.346390 76.777600
0.346602 45.047800
0.346813 25.572900
0.347025 75.663400
0.347237 49.836200
0.347449 34.676100
0.347660 35.259800
0.347872 28.090700
0.348084 41.509100
0.348296 69.534900
0.348507 80.813300
0.348931 80.223300
0.349142 34.365500
0.349566 10.132000
0.349778 21.329900
0.349989 45.877500
0.350201 75.822700
0.350413 44.423100
0.350625 38.769400
0.350836 49.189500
0.351048 60.390500
0.351260 44.333500
0.351472 86.106100
0.351683 70.505600
0.351895 51.491400
0.352107 19.383200
0.352318 69.139600
0.352530 38.267100
0.352742 12.194300
0.352954 39.199800
0.353165 56.754500
0.353377 26.669600
0.353589 66.971600
0.353801 66.244100
0.354012 39.529800
0.354224 29.440400
0.354436 8.978310
0.354647 20.371900
0.354859 51.054300
0.355071 52.891800
0.355283 82.288000
0.355494 68.412400
0.355706 34.687600
0.355918 28.579000
0.356130 78.600600
0.356341 5.931480
0.356553 23.296300
0.356765 64.215900
0.356976 32.362800
0.357188 76.646100
0.357400 57.248000
0.357612 49.999800
0.357823 39.886900
0.358035 28.761200
0.358247 56.894300
0.358459 92.290800
0.358670 26.734900
0.358882 17.187700
0.359094 38.087200
0.359517 36.845100
0.359729 63.973700
0.359941 42.178800
0.360152 18.649100
0.360364 9.851850
0.360576 18.865900
0.360788 65.635800
0.360999 59.142100
0.361211 33.490100
0.361423 53.965600
0.361635 5.037680
0.361846 41.217300
0.362058 66.927300
0.362270 26.512500
0.362481 53.854700
0.362693 40.370900
0.362905 29.987700
0.363117 46.323000
0.363328 25.273000
0.363540 14.150300
0.363752 30.402300
0.363964 40.607800
0.364175 35.148100
0.364387 34.546100
0.364599 39.268500
0.364811 67.253700
0.365022 38.375200
0.365234 63.477200
0.365446 40.356600
0.365657 34.161200
0.365869 7.171590
0.366081 52.060300
0.366293 8.912640
0.366504 39.005100
0.366716 65.818300
0.366928 48.961300
0.367140 35.879500
0.367351 30.550700
0.367563 35.820500
0.367775 65.903600
0.367986 76.983700
0.368198 85.374700
0.368410 28.366000
0.368622 6.934840
0.368833 56.167400
0.369045 68.598400
0.369257 11.582700
0.369469 89.293300
0.369680 32.701600
0.369892 41.889800
0.370104 47.814800
0.370315 76.953700
0.370527 76.259200
0.370739 34.118100
0.370951 47.305400
0.371162 11.899300
0.371374 47.055000
0.371586 23.647300
0.371798 66.118800
0.372009 61.966100
0.372221 44.379500
0.372433 49.540200
0.372645 14.018500
0.372856 88.481200
0.373068 63.587400
0.373280 48.358200
0.373491 41.345800
0.373703 34.549300
0.373915 18.281700
0.374127 58.447100
0.374338 29.241200
0.374550 28.139200
0.374762 51.283300
0.374974 10.252800
0.375185 29.132900
0.375397 23.599800
0.375609 69.453100
0.375820 48.439600
0.376032 30.964600
0.376244 46.760000
0.376456 36.771200
0.376879 67.562400
0.377091 53.961300
0.377303 25.712100
0.377514 46.802500
0.377726 55.680000
0.377938 18.261400
0.378149 10.905000
0.378361 33.897900
0.378573 63.119000
0.378785 86.345600
0.378996 32.225200
0.379208 50.930200
0.379420 41.963300
0.379632 42.717700
0.379843 71.456400
0.380055 22.394100
0.380267 30.240000
0.380479 40.290800
0.380690 19.884000
0.380902 71.229100
0.381114 45.001100
0.381325 29.403000
0.381537 57.244400
0.381749 39.141200
0.381961 55.119700
0.382172 46.608600
0.382384 38.707000
0.382596 55.039000
0.382808 78.811400
0.383019 55.404900
0.383231 11.372700
0.383443 4.606160
0.383654 10.502600
0.383866 63.822000
0.384078 44.747800
0.384290 58.554200
0.384501 44.299200
0.384713 44.539500
0.384925 34.881400
0.385137 57.217800
0.385348 73.009100
0.385560 49.481100
0.385772 37.729500
0.385983 58.676800
0.386195 47.054600
0.386407 60.413100
0.386619 60.555000
0.386830 45.165700
0.387042 52.345500
0.387254 39.690300
0.387466 28.010300
0.387677 48.175900
0.387889 40.175300
0.388101 12.681100
0.388313 48.196800
0.388524 54.946900
0.388736 45.790400
0.388948 28.105100
0.389159 18.374200
0.389371 50.016300
0.389583 32.756100
0.389795 76.297600
0.390006 22.444800
0.390218 53.997700
0.390430 45.719900
0.390642 22.654600
0.390853 44.480500
0.391065 42.258000
0.391277 32.822200
0.391488 36.776200
0.391700 58.834500
0.391912 24.992100
0.392124 36.623900
0.392335 79.004500
0.392547 20.928600
0.392759 75.233500
0.392971 22.989500
0.393182 20.708500
0.393394 65.720600
0.393606 61.025600
0.393817 50.619300
0.394029 27.922300
0.394241 31.072400
0.394453 61.758100
0.394664 45.069900
0.394876 20.836200
0.395088 36.079100
0.395300 9.609980
0.395511 47.906300
0.395723 36.589300
0.395935 49.115100
0.396147 83.267900
0.396358 42.628100
0.396570 81.929400
0.396782 30.977500
0.396993 33.075000
0.397205 40.472000
0.397417 23.401300
0.397629 4.377580
0.397840 34.891200
0.398052 75.743500
0.398264 22.095700
0.398476 47.325400
0.398687 60.094900
0.398899 65.347600
0.399111 34.011600
0.399322 50.209000
0.399534 23.547000
0.399746 73.713200
0.399958 20.851100
0.400169 56.507200
0.400381 21.454300
0.400593 48.292000
0.400805 64.270400
0.401016 49.419100
0.401228 80.903000
0.401440 31.303200
0.401651 67.904800
0.401863 24.460800
0.402075 47.582900
0.402287 50.985100
0.402498 34.657700
0.402710 47.450100
0.402922 18.449000
0.403134 58.947700
0.403345 31.522300
0.403557 26.788900
0.403769 51.618400
0.403981 65.342900
0.404192 75.522600
0.404404 35.091900
0.404616 13.770100
0.404827 17.422900
0.405039 64.932400
0.405251 14.015500
0.405463 59.105800
0.405674 43.124100
0.405886 56.890200
0.406098 48.745500
0.406310 28.056200
0.406521 69.636800
0.406733 63.547600
0.406945 49.243200
0.407156 61.251800
0.407368 40.998400
0.407580 59.148800
0.407792 51.119700
0.408003 8.580290
0.408215 44.080200
0.408427 64.152000
0.408639 63.463300
0.408850 24.295100
0.409062 37.749900
0.409274 39.400700
0.409485 24.327400
0.409697 28.619300
0.409909 5.232060
0.410121 61.950400
0.410332 44.703100
0.410544 22.258800
0.410756 49.718600
0.410968 77.870700
0.411179 43.980100
0.411391 58.499300
0.411603 24.506600
0.411815 82.036400
0.412026 67.235800
0.412238 42.099200
0.412450 37.124900
0.412661 23.056900
0.412873 79.392500
0.413085 27.913400
0.413297 31.645600
0.413508 55.450500
0.413720 62.952600
0.413932 34.655700
0.414144 75.627100
0.414355 80.525400
0.414567 46.449500
0.414779 43.262500
0.414990 30.363500
0.415202 81.300700
0.415414 61.651900
0.415626 65.747600
0.415837 75.769200
0.416049 47.746400
0.416261 42.145800
0.416473 28.083700
0.416684 25.345200
0.416896 25.220500
0.417108 85.359000
0.417320 33.982900
0.417531 35.405000
0.417743 79.890700
0.417955 2.951080
0.418166 35.922600
0.418378 46.409600
0.418590 65.958500
0.418802 19.004600
0.419013 14.064500
0.419225 13.455500
0.419437 69.046200
0.419649 20.416400
0.419860 36.846200
0.420072 47.980900
0.420284 51.429500
0.420495 9.126740
0.420707 81.897400
0.420919 62.119400
0.421131 44.967400
0.421342 24.038400
0.421554 52.133200
0.421766 54.376200
0.421978 54.160600
0.422189 26.669700
0.422401 30.819100
0.422824 35.039700
0.423036 71.907900
0.423248 43.116800
0.423460 27.198600
0.423671 49.840200
0.423883 75.552200
0.424095 41.623200
0.424307 36.858000
0.424518 48.414600
0.424730 47.082300
0.424942 27.300800
0.425154 78.015100
0.425365 66.958400
0.425577 83.501700
0.425789 56.349200
0.426000 20.892500
0.426212 39.311500
0.426424 39.946300
0.426636 73.067900
0.426847 35.605500
0.427059 48.969600
0.427271 59.844300
0.427483 69.793600
0.427694 53.932900
0.427906 26.201600
0.428118 57.077400
0.428329 49.496100
0.428541 7.366750
0.428753 30.180900
0.428965 65.289500
0.429176 38.826400
0.429388 16.135600
0.429600 10.532500
0.429812 29.878400
0.430023 71.943800
0.430235 27.588600
0.430447 1.695670
0.430658 28.067600
0.430870 35.765300
0.431082 59.826600
0.431294 32.777000
0.431505 23.400000
0.431717 62.825100
0.431929 93.812100
0.432141 19.908200
0.432352 34.902400
0.432564 50.129800
0.432776 71.064100
0.432988 52.627600
0.433199 59.846100
0.433411 26.336000
0.433623 86.847300
0.433834 35.686000
0.434046 9.777000
0.434258 47.577600
0.434470 37.304100
0.434681 46.260700
0.434893 3.656920
0.435105 42.010100
0.435317 17.882800
0.435528 40.559000
0.435740 44.469300
0.435952 27.224700
0.436163 67.303700
0.436375 59.064300
0.436587 62.996700
0.436799 15.840500
0.437010 38.181000
0.437222 10.317400
0.437434 89.664800
0.437646 27.812300
0.438069 41.761600
0.438281 30.006300
0.438492 49.404400
0.438704 56.958500
0.438916 38.043500
0.439128 70.911100
0.439339 39.390700
0.439551 27.180800
0.439763 78.787900
0.439975 42.213700
0.440186 14.954600
0.440398 37.206400
0.440610 87.446900
0.440822 39.320600
0.441033 58.690500
0.441245 7.686930
0.441457 31.517100
0.441668 39.142700
0.441880 61.833600
0.442092 43.733900
0.442304 71.774500
0.442515 80.221600
0.442727 74.943700
0.442939 47.281100
0.443151 67.033100
0.443362 47.329900
0.443574 14.502500
0.443786 9.754230
0.443997 17.858900
0.444209 85.879100
0.444421 42.991500
0.444633 22.519100
0.444844 66.651800
0.445056 63.626000
0.445268 51.889400
0.445480 19.422300
0.445691 35.385200
0.445903 55.874300
0.446115 30.906300
0.446326 60.436800
0.446538 20.742500
0.446750 39.648700
0.446962 18.645200
0.447173 36.267800
0.447385 51.430700
0.448020 8.324900
0.448232 40.706500
0.448444 28.794200
0.448656 45.556200
0.448867 92.593600
0.449079 23.258700
0.449291 30.925900
0.449502 92.350700
0.449714 27.445200
0.449926 40.194800
0.450138 34.430600
0.450349 82.034400
0.450561 11.982700
0.450773 75.186800
0.450985 40.906400
0.451196 93.978600
0.451408 48.191800
0.451620 89.823400
0.451831 28.605900
0.452043 42.822700
0.452255 39.503000
0.452467 27.333100
0.452678 29.970100
0.452890 58.271800
0.453102 51.032500
0.453314 15.455300
0.453525 19.577200
0.453737 6.591310
0.453949 54.750400
0.454160 41.720700
0.454372 27.725500
0.454584 44.288300
0.454796 54.573600
0.455007 42.522200
0.455219 63.467700
0.455431 52.434400
0.455643 61.719600
0.455854 34.575900
0.456066 32.435800
0.456278 59.724300
0.456490 30.509500
0.456701 41.557100
0.456913 68.245100
0.457125 59.260600
0.457336 60.071500
0.457548 79.711500
0.457760 23.708100
0.457972 91.776000
0.458183 9.811740
0.458395 42.583000
0.458607 22.197200
0.458819 50.746100
0.459030 69.248400
0.459242 58.568900
0.459454 40.945300
0.459665 64.836100
0.459877 42.091900
0.460089 36.486800
0.460301 94.799300
0.460512 43.221200
0.460724 21.650800
0.460936 41.393200
0.461148 25.061600
0.461359 57.312700
0.461571 6.827060
0.461783 73.113000
0.461994 23.810500
0.462206 67.308800
0.462418 58.757500
0.462630 27.543600
0.462841 89.397700
0.463053 8.579230
0.463265 85.223500
0.463477 79.033700
0.463688 39.578000
0.463900 17.353300
0.464112 36.735000
0.464324 33.569000
0.464535 40.120400
0.464747 12.244900
0.464959 26.110500
0.465170 58.876400
0.465382 27.394900
0.465594 24.099200
0.465806 59.068800
0.466017 24.246300
0.466229 29.013200
0.466441 71.128800
0.466653 63.823000
0.466864 67.059800
0.467076 78.779000
0.467288 80.233300
0.467499 44.130100
0.467711 28.459300
0.467923 38.244800
0.468135 39.527900
0.468346 20.760700
0.468558 25.025600
0.468770 35.089800
0.468982 36.221000
0.469193 82.369300
0.469405 38.386100
0.469617 27.451000
0.469828 42.552100
0.470040 49.515000
0.470252 57.275800
0.470464 32.981000
0.470675 44.089300
0.470887 44.940000
0.471099 63.044700
0.471311 26.084800
0.471522 22.234500
0.471734 17.219500
0.471946 15.654000
0.472158 37.557300
0.472369 9.794530
0.472581 50.741400
0.472793 42.303400
0.473004 24.723400
0.473216 56.322500
0.473428 62.334200
0.473640 91.202200
0.473851 43.918000
0.474063 45.530300
0.474275 22.841100
0.474487 37.957900
0.474698 80.913900
0.474910 27.906000
0.475122 55.995300
0.475333 36.922600
0.475545 36.700800
0.475757 21.885400
0.475969 29.031500
0.476180 20.131500
0.476392 69.231500
0.476604 66.651500
0.476816 27.432800
0.477027 32.672200
0.477239 53.112800
0.477451 74.461500
0.477663 20.314200
0.477874 59.391600
0.478086 16.196300
0.478298 47.889100
0.478509 57.971000
0.479145 9.958660
0.479356 28.529100
0.479568 37.200200
0.479780 9.142520
0.479992 61.424200
0.480203 51.610800
0.480415 55.860000
0.480627 34.411500
0.480838 50.668300
0.481050 26.711700
0.481262 59.088100
0.481474 55.636200
0.481685 40.228500
0.481897 14.358900
0.482109 31.722800
0.482321 70.824900
0.482532 22.481300
0.482744 29.517600
0.482956 66.230600
0.483167 66.486500
0.483379 59.731800
0.483591 51.684400
0.483803 48.503000
0.484014 34.400100
0.484226 54.819400
0.484438 40.717500
0.484650 27.540000
0.484861 96.324600
0.485073 25.974700
0.485285 35.503400
0.485497 31.014800
0.485708 37.697100
0.485920 56.279100
0.486132 12.961400
0.486343 53.622500
0.486555 69.906000
0.486767 40.568500
0.486979 34.539900
0.487190 9.885460
0.487402 17.452300
0.487614 30.284700
0.487826 29.614100
0.488037 90.031300
0.488249 56.498600
0.488461 60.840200
0.488672 23.848300
0.488884 41.402900
0.489096 24.314800
0.489308 35.397400
0.489519 94.252000
0.489731 11.617700
0.489943 4.265550
0.490155 69.174800
0.490366 52.395200
0.490578 40.110500
0.490790 62.126800
0.491001 20.298200
0.491213 40.229400
0.491425 28.380200
0.491637 63.157100
0.491848 27.262300
0.492060 27.481900
0.492272 72.021800
0.492484 73.387000
0.492695 25.061800
0.492907 7.617700
0.493119 29.328500
0.493331 29.693400
0.493542 12.374300
0.493754 53.372900
0.493966 57.625900
0.494177 45.137700
0.494389 39.176000
0.494601 57.572900
0.494813 36.273100
0.495024 45.673100
0.495236 31.942600
0.495448 31.828100
0.495660 87.234200
0.495871 37.676500
0.496083 17.818600
0.496295 34.784500
0.496506 50.861200
0.496718 38.465900
0.496930 10.463600
0.497142 48.117300
0.497353 57.073400
0.497565 57.137300
0.497777 60.564200
0.497989 91.451500
0.498200 22.798700
0.498412 31.508900
0.498624 69.054200
0.498835 33.976100
0.499047 78.454300
0.499259 36.213400
0.499471 75.697000
0.499682 46.958900
0.499894 60.238900
0.500106 76.840700
0.500318 32.903500
0.500529 22.026300
0.500741 43.947500
0.500953 41.087900
0.501165 33.133200
0.501376 60.165400
0.501588 62.613700
0.501800 11.374000
0.502011 45.360600
0.502223 57.375000
0.502435 64.145700
0.502647 62.841700
0.502858 60.726100
0.503070 48.647400
0.503282 29.333100
0.503494 47.212100
0.503705 39.832600
0.503917 25.164200
0.504129 71.126800
0.504340 82.634000
0.504552 93.549200
0.504764 60.235200
0.504976 16.805600
0.505187 33.051400
0.505399 28.533900
0.505611 39.011700
0.505823 45.202900
0.506034 55.217200
0.506246 42.812000
0.506458 18.860100
0.506669 16.818500
0.506881 11.181600
0.507093 10.732000
0.507305 45.967300
0.507516 46.520100
0.507728 26.312000
0.507940 52.892000
0.508152 27.551700
0.508363 28.510700
0.508575 48.497300
0.508787 32.547100
0.508999 65.761700
0.509210 24.635000
0.509422 51.310200
0.509634 53.469900
0.509845 36.959700
0.510057 4.481170
0.510269 85.248700
0.510481 40.113300
0.510692 55.454800
0.510904 51.041000
0.511116 50.806000
0.511328 60.548300
0.511539 51.787600
0.511751 16.584200
0.511963 76.728400
0.512174 68.021400
0.512386 67.398700
0.512598 29.232300
0.512810 43.549800
0.513021 33.305300
0.513233 6.177200
0.513445 40.121600
0.513657 11.141000
0.513868 6.590900
0.514080 58.353500
0.514292 21.416900
0.514503 53.114800
0.514715 63.193000
0.514927 25.468900
0.515139 54.458300
0.515350 16.793100
0.515562 59.511800
0.515774 19.425400
0.515986 91.367600
0.516197 79.118400
0.516409 37.461800
0.516621 46.449300
0.516833 87.594700
0.517044 6.480800
0.517256 21.350000
0.517468 50.299700
0.517679 47.276200
0.517891 10.047200
0.518103 62.543000
0.518315 33.098500
0.518526 25.447000
0.518738 53.076000
0.518950 22.237200
0.519162 64.405800
0.519373 33.417200
0.519585 24.975300
0.519797 52.834000
0.520008 23.920100
0.520220 29.064200
0.520432 52.256900
0.520644 4.172360
0.520855 44.523600
0.521067 9.386590
0.521279 49.601500
0.521491 54.800200
0.521702 31.878300
0.521914 35.118000
0.522126 39.914700
0.522337 7.980200
0.522549 29.243800
0.522761 79.983800
0.522973 54.520700
0.523184 18.803600
0.523396 33.612100
0.523608 45.200300
0.523820 8.717250
0.524031 40.089200
0.524243 64.573600
0.524455 59.302500
0.524667 23.950600
0.524878 46.637500
0.525090 43.835400
0.525302 73.453800
0.525513 66.447800
0.525725 44.720900
0.525937 40.180400
0.526149 21.199500
0.526360 45.664500
0.526572 28.486200
0.526784 72.163000
0.526996 46.655900
0.527207 52.369100
0.527419 26.847500
0.527631 62.664200
0.527842 8.364820
0.528054 49.598800
0.528266 47.878400
0.528478 20.753400
0.528689 63.436300
0.528901 39.493300
0.529113 92.530900
0.529325 23.931800
0.529536 54.229100
0.529748 69.511900
0.529960 13.990100
0.530172 44.619900
0.530383 42.492200
0.530595 38.383800
0.530807 39.659600
0.531018 28.975000
0.531230 75.252100
0.531442 37.046400
0.531654 60.896000
0.531865 40.181100
0.532077 33.707700
0.532289 35.752500
0.532501 41.266400
0.532712 24.647800
0.532924 46.863200
0.533136 23.258100
0.533347 66.827400
0.533559 17.171900
0.533771 42.900900
0.533983 34.980200
0.534194 39.350100
0.534406 92.288800
0.534618 31.656300
0.534830 36.192400
0.535041 64.054400
0.535253 50.654700
0.535465 57.928700
0.535676 72.079800
0.535888 56.186400
0.536100 14.337500
0.536312 41.759100
0.536523 63.606100
0.536735 52.018100
0.536947 73.440200
0.537159 27.377500
0.537370 24.807600
0.537582 3.208740
0.537794 61.129400
0.538006 33.370300
0.538217 57.581200
0.538429 42.903500
0.538641 62.322400
0.538852 81.678100
0.539064 65.251600
0.539276 69.260100
0.539488 87.931000
0.539699 58.685200
0.539911 31.687200
0.540123 14.953900
0.540335 43.694500
0.540546 59.910800
0.540758 60.058000
0.540970 44.069000
0.541181 45.846800
0.541393 46.854400
0.541605 56.073600
0.541817 51.219800
0.542028 34.170000
0.542240 24.608300
0.542452 41.354500
0.542664 47.386500
0.542875 81.659400
0.543087 24.737300
0.543299 50.417200
0.543510 41.287200
0.543722 30.300100
0.543934 66.154000
0.544146 65.037900
0.544357 68.549800
0.544569 28.949300
0.544781 35.385100
0.544993 34.445100
0.545204 35.352400
0.545416 46.281700
0.545628 20.831200
0.545840 42.418000
0.546051 86.285200
0.546263 33.246300
0.546475 67.652600
0.546686 70.803900
0.546898 86.974000
0.547110 47.430800
0.547322 58.159200
0.547533 37.141700
0.547957 63.726400
0.548169 38.929100
0.548380 17.181200
0.548592 27.866800
0.548804 53.634200
0.549015 51.237100
0.549227 43.269000
0.549439 18.362400
0.549651 71.617900
0.549862 77.783400
0.550074 73.550600
0.550286 46.688400
0.550498 63.982100
0.550709 46.142500
0.550921 83.372200
0.551133 18.318000
0.551344 86.516700
0.551556 48.760000
0.551768 41.772900
0.551980 41.482600
0.552191 26.926900
0.552403 73.070800
0.552615 91.477500
0.552827 82.093500
0.553038 22.777000
0.553250 86.172500
0.553462 32.760900
0.553674 50.775300
0.553885 44.865000
0.554097 32.435000
0.554309 9.043140
0.554520 47.217600
0.554732 8.776500
0.554944 44.644000
0.555156 59.796600
0.555367 70.803800
0.555579 9.678000
0.555791 63.610000
0.556003 64.789200
0.556214 36.900700
0.556426 37.170100
0.556638 67.181000
0.556849 70.637800
0.557061 23.948100
0.557273 68.254500
0.557485 44.201000
0.557696 78.383600
0.557908 74.232800
0.558120 38.955900
0.558332 68.688400
0.558543 27.102900
0.558755 18.237800
0.558967 28.795600
0.559178 72.979900
0.559390 55.563200
0.559602 13.173100
0.559814 47.038900
0.560025 34.254300
0.560237 38.790300
0.560449 32.154800
0.560661 25.731100
0.560872 44.675800
0.561084 35.625900
0.561296 75.665400
0.561508 60.554900
0.561719 62.008800
0.561931 42.443300
0.562143 38.860700
0.562354 70.741100
0.562566 3.952860
0.562778 25.618000
0.562990 34.333100
0.563201 22.513400
0.563413 80.786800
0.563625 35.082400
0.563837 46.074700
0.564048 40.016400
0.564260 53.782100
0.564472 55.249600
0.564683 60.634100
0.564895 39.979000
0.565107 50.714200
0.565319 56.246600
0.565530 28.551000
0.565742 34.399500
0.565954 47.835500
0.566166 91.236300
0.566377 69.437200
0.566589 52.126300
0.566801 66.091700
0.567012 44.138200
0.567436 39.986400
0.567648 47.751100
0.567859 23.077200
0.568071 49.221900
0.568283 84.343100
0.568495 39.054400
0.568706 51.789800
0.568918 38.877600
0.569130 26.410200
0.569342 21.790900
0.569553 16.007800
0.569765 52.411000
0.569977 26.019100
0.570188 47.673000
0.570400 53.045500
0.570612 8.040580
0.570824 27.930400
0.571035 39.616800
0.571247 24.806200
0.571459 9.908060
0.571671 26.808500
0.571882 85.959000
0.572094 69.812600
0.572306 33.814900
0.572517 92.713600
0.572729 60.142600
0.572941 52.683400
0.573153 34.891500
0.573364 47.976400
0.573576 22.014500
0.573788 44.298100
0.574000 48.550800
0.574211 40.315700
0.574423 81.145000
0.574635 64.862500
0.574846 84.221700
0.575058 23.190400
0.575270 51.196200
0.575482 79.562400
0.575693 42.976300
0.575905 27.418800
0.576117 84.013400
0.576329 38.767400
0.576540 51.083700
0.576752 65.641800
0.576964 68.579200
0.577176 27.163500
0.577387 77.621800
0.577599 3.584160
0.577811 53.699800
0.578022 48.388600
0.578234 47.805300
0.578446 21.248300
0.578658 47.853800
0.578869 55.066100
0.579081 22.039600
0.579293 80.285000
0.579505 62.432700
0.579716 23.843600
0.579928 55.467800
0.580140 30.623300
0.580351 41.553500
0.580563 31.065200
0.580775 37.691800
0.580987 65.048500
0.581198 46.295900
0.581410 27.246100
0.581622 26.304700
0.581834 59.322200
0.582045 17.978200
0.582257 31.347600
0.582469 74.931900
0.582680 11.892400
0.582892 27.021700
0.583104 20.363600
0.583316 54.635400
0.583527 44.595300
0.583739 33.885400
0.583951 34.351700
0.584163 27.975100
0.584374 19.393600
0.584586 38.436200
0.584798 31.558100
0.585010 56.786000
0.585221 73.646700
0.585433 45.628900
0.585645 40.087400
0.585856 35.778800
0.586068 35.116500
0.586280 87.013800
0.586492 61.392100
0.586703 46.728900
0.586915 8.292370
0.587127 68.035000
0.587339 42.799300
0.587550 43.014900
0.587762 30.159300
0.587974 39.365100
0.588185 49.901100
0.588397 18.255800
0.588609 30.818700
0.588821 39.535100
0.589032 20.850600
0.589244 43.167400
0.589456 59.803800
0.589668 40.977900
0.589879 54.507200
0.590091 39.326500
0.590303 61.493500
0.590515 79.369200
0.590726 37.191900
0.590938 67.454500
0.591150 32.266300
0.591361 34.876000
0.591573 53.351200
0.591785 43.983100
0.591997 37.714300
0.592208 44.209500
0.592420 60.293600
0.592632 42.469000
0.592844 43.711300
0.593055 39.370600
0.593267 39.829100
0.593479 59.924800
0.593690 21.556800
0.593902 49.196600
0.594114 21.824200
0.594326 43.313600
0.594537 17.934300
0.594749 40.653000
0.594961 63.863500
0.595173 74.718500
0.595384 21.916600
0.595596 36.119200
0.595808 32.445000
0.596019 96.699500
0.596231 37.058400
0.596443 33.506400
0.596655 46.943500
0.596866 66.362600
0.597078 16.352100
0.597290 79.200600
0.597502 46.287200
0.597713 34.811200
0.597925 21.219400
0.598137 58.931700
0.598349 15.758100
0.598560 27.797300
0.598772 57.497800
0.598984 40.389000
0.599195 42.252000
0.599407 85.776400
0.599619 15.547600
0.599831 30.359000
0.600042 74.975900
0.600254 9.645740
0.600466 38.780700
0.600678 63.692500
0.600889 31.713400
0.601101 22.832300
0.601313 61.314800
0.601524 53.113600
0.601736 46.450200
0.601948 27.281500
0.602160 48.704700
0.602371 39.908100
0.602583 62.659800
0.602795 44.424200
0.603007 35.375900
0.603430 40.526700
0.603642 65.488700
0.603853 47.208100
0.604065 26.696700
0.604277 9.817480
0.604489 30.567500
0.604700 50.820400
0.604912 36.439800
0.605124 32.420900
0.605336 15.283800
0.605547 26.672400
0.605759 19.892600
0.605971 32.729800
0.606183 35.967300
0.606394 5.722070
0.606606 37.944100
0.606818 34.235000
0.607029 45.183400
0.607241 47.156500
0.607453 9.456020
0.607665 32.914600
0.607876 90.368600
0.608088 41.804600
0.608300 48.022800
0.608512 28.361400
0.608723 63.799200
0.608935 37.888700
0.609147 54.707200
0.609358 62.617900
0.609570 49.120900
0.609782 51.517400
0.609994 53.573700
0.610205 53.942900
0.610417 41.362100
0.610629 34.213300
0.610841 38.404500
0.611052 27.817800
0.611264 34.451700
0.611476 65.127900
0.611687 53.321600
0.611899 8.882050
0.612111 59.263900
0.612323 5.227260
0.612534 41.391000
0.612746 77.062800
0.612958 43.879800
0.613170 8.353330
0.613381 59.022700
0.613593 52.979800
0.613805 71.564900
0.614017 65.054400
0.614228 33.711200
0.614440 34.087600
0.614652 45.018100
0.614863 73.865700
0.615075 3.754560
0.615287 65.114300
0.615499 70.023600
0.615710 5.834090
0.615922 84.727200
0.616134 68.240600
0.616346 39.828200
0.616557 9.078590
0.616769 61.263800
0.616981 34.124800
0.617192 89.624400
0.617404 29.464200
0.617616 41.769100
0.617828 46.434600
0.618039 10.618900
0.618251 95.600900
0.618463 49.573900
0.618675 64.975500
0.618886 65.141300
0.619098 8.226210
0.619310 42.855500
0.619521 53.666800
0.619733 81.526800
0.619945 48.938500
0.620157 14.479800
0.620368 41.372100
0.620580 63.327400
0.620792 37.244200
0.621004 11.323900
0.621215 10.030700
0.621427 44.298000
0.621639 38.545200
0.621851 59.337000
0.622062 25.829700
0.622274 46.406600
0.622486 92.910600
0.622697 22.956600
0.622909 48.233100
0.623121 52.749000
0.623333 76.018400
0.623544 38.118200
0.623756 89.137500
0.623968 60.819900
0.624180 68.018400
0.624391 45.007500
0.624603 60.466200
0.624815 81.615300
0.625026 62.615800
0.625238 22.499300
0.625450 25.249700
0.625662 54.442400
0.625873 76.103000
0.626085 48.051700
0.626297 16.537000
0.626509 36.814500
0.626720 67.650300
0.626932 79.180900
0.627144 71.811500
0.627355 24.105300
0.627567 60.525200
0.627779 21.096500
0.627991 80.536300
0.628202 75.162600
0.628414 43.023100
0.628626 48.149900
0.628838 67.722600
0.629049 23.389800
0.629261 43.204300
0.629473 65.721900
0.629685 76.594900
0.629896 12.043100
0.630108 52.487500
0.630320 40.690300
0.630531 26.764200
0.630743 22.489200
0.630955 16.424300
0.631167 71.405700
0.631378 33.703100
0.631590 42.360500
0.631802 19.964800
0.632014 40.744600
0.632225 52.106100
0.632437 61.110400
0.632649 53.043400
0.632860 29.314000
0.633072 28.002600
0.633284 35.994500
0.633496 30.916300
0.633707 6.537880
0.633919 43.165100
0.634131 79.750800
0.634343 15.946700
0.634554 8.920850
0.634766 86.848000
0.634978 35.771500
0.635189 76.460400
0.635401 16.967400
0.635613 54.287500
0.635825 38.296600
0.636036 47.337700
0.636248 4.640900
0.636460 79.236400
0.636672 27.408300
0.636883 18.150100
0.637095 51.406100
0.637307 68.064000
0.637519 72.746400
0.637730 60.734900
0.637942 46.804900
0.638154 21.052300
0.638365 17.526700
0.638577 20.758200
0.638789 59.514000
0.639001 28.303100
0.639212 44.833100
0.639424 45.460400
0.639636 38.854800
0.639848 64.447400
0.640059 37.780800
0.640271 17.962400
0.640483 34.910600
0.640694 69.008700
0.640906 30.551300
0.641118 62.545700
0.641330 24.667800
0.641541 69.002900
0.641753 38.087000
0.641965 51.740300
0.642177 55.827900
0.642388 59.289900
0.642600 41.121500
0.642812 9.264250
0.643024 59.002500
0.643235 34.800000
0.643447 98.260000
0.643659 80.761400
0.643870 55.448000
0.644082 6.020300
0.644294 55.886900
0.644506 10.646800
0.644717 83.418000
0.644929 72.388700
0.645141 14.004300
0.645353 48.915100
0.645564 35.888700
0.645776 27.502800
0.645988 6.204570
0.646199 41.465600
0.646411 32.018000
0.646623 23.033200
0.646835 67.014000
0.647046 90.883200
0.647258 48.160200
0.647470 58.401100
0.647682 59.404100
0.647893 34.080100
0.648105 37.316000
0.648317 68.492700
0.648528 62.188800
0.648740 40.623300
0.648952 13.343400
0.649164 38.175100
0.649375 22.948200
0.649587 23.635600
0.649799 41.008500
0.650011 51.272200
0.650222 48.757400
0.650434 66.748600
0.650646 43.735900
0.650858 52.589300
0.651069 29.844900
0.651281 62.193900
0.651493 46.446300
0.651704 57.063600
0.651916 11.512600
0.652128 24.876400
0.652340 31.372400
0.652551 45.741900
0.652763 51.769000
0.652975 16.432600
0.653187 31.277700
0.653398 32.072100
0.653610 52.843400
0.653822 40.056200
0.654033 44.732700
0.654245 30.705700
0.654457 58.835000
0.654669 13.629100
0.654880 37.137800
0.655092 35.919700
0.655304 50.216900
0.655516 21.592200
0.655727 42.914800
0.655939 9.655600
0.656151 53.734100
0.656362 10.352800
0.656574 37.985500
0.656786 33.486700
0.656998 80.407500
0.657209 27.183600
0.657421 18.325900
0.657633 45.126000
0.657845 25.986700
0.658056 58.380800
0.658268 31.485400
0.658480 64.783000
0.658692 93.984900
0.658903 44.218900
0.659115 76.873400
0.659327 8.060980
0.659538 34.233100
0.659750 34.381700
0.659962 62.475100
0.660174 61.297200
0.660385 16.915700
0.660597 21.058800
0.660809 54.421900
0.661021 44.721500
0.661232 33.405800
0.661444 12.920800
0.661656 90.706000
0.661867 67.652800
0.662079 68.632700
0.662291 47.133800
0.662503 43.977300
0.662714 74.113400
0.662926 93.532500
0.663138 63.240900
0.663350 38.115000
0.663561 68.153400
0.663773 77.244200
0.663985 62.981500
0.664196 42.957200
0.664408 67.603900
0.664620 61.040400
0.664832 2.818920
0.665043 56.380200
0.665255 44.230700
0.665467 43.825200
0.665679 40.960000
0.665890 78.000300
0.666102 7.304310
0.666314 35.508800
0.666526 42.123500
0.666737 60.789400
0.666949 24.298100
0.667161 8.030140
0.667372 41.482700
0.667584 41.924100
0.667796 36.612900
0.668008 42.501600
0.668219 58.626600
0.668431 28.726400
0.668643 29.629900
0.668855 15.686400
0.669066 54.612100
0.669278 36.146800
0.669490 63.905800
0.669701 40.144900
0.669913 78.796600
0.670125 30.142800
0.670337 51.615600
0.670548 92.943100
0.670760 75.148300
0.670972 11.567400
0.671184 65.216900
0.671395 33.508800
0.671607 32.955900
0.671819 31.096000
0.672030 27.178600
0.672242 67.990300
0.672454 39.747400
0.672666 23.592600
0.672877 34.434000
0.673089 40.666900
0.673301 48.917100
0.673513 11.376500
0.673724 38.532400
0.673936 51.179300
0.674148 33.877800
0.674360 97.131400
0.674571 58.271100
0.674783 77.652300
0.674995 33.304800
0.675206 84.825700
0.675418 45.463100
0.675630 20.459200
0.675842 41.753600
0.676053 11.783500
0.676265 50.455200
0.676477 41.284400
0.676689 35.652400
0.676900 7.948760
0.677112 51.214600
0.677324 54.977500
0.677535 7.266770
0.677747 43.181300
0.677959 13.794200
0.678171 47.731200
0.678382 6.530680
0.678594 23.374900
0.678806 27.575100
0.679018 72.165700
0.679229 41.974800
0.679441 33.869200
0.679653 57.830900
0.679864 79.676000
0.680076 61.173000
0.680288 68.797800
0.680500 45.978900
0.680711 42.407000
0.680923 81.456300
0.681135 63.753500
0.681347 27.497700
0.681558 90.896300
0.681770 34.130200
0.681982 29.670200
0.682194 57.468800
0.682405 40.099400
0.682617 46.284400
0.682829 93.478900
0.683040 45.583500
0.683252 66.094500
0.683464 55.009400
0.683676 9.113440
0.683887 97.217700
0.684099 10.046600
0.684311 22.455500
0.684523 76.809700
0.684734 28.551900
0.684946 83.607800
0.685158 58.654700
0.685369 48.472800
0.685581 9.698000
0.685793 88.944900
0.686005 42.622700
0.686216 85.671300
0.686428 30.450500
0.686640 19.743900
0.686852 24.175000
0.687063 38.985600
0.687275 48.439200
0.687487 27.945800
0.687698 21.827000
0.687910 29.552800
0.688122 83.850700
0.688334 37.436200
0.688545 52.362900
0.688757 24.707800
0.688969 46.708800
0.689181 19.711200
0.689392 80.104500
0.689604 52.950800
0.689816 56.926000
0.690028 7.911750
0.690239 49.500300
0.690451 26.605800
0.690663 28.747500
0.690874 26.184900
0.691086 56.997400
0.691298 46.339800
0.691510 53.130400
0.691721 53.931900
0.691933 25.493000
0.692145 28.404700
0.692357 58.222700
0.692568 55.675700
0.692780 46.736400
0.692992 32.021800
0.693203 75.006100
0.693415 43.204200
0.693627 63.145200
0.693839 72.032900
0.694050 62.706200
0.694262 56.771500
0.694474 12.552300
0.694686 52.777000
0.694897 32.719900
0.695109 90.084000
0.695321 35.575700
0.695533 50.471700
0.695744 5.570130
0.695956 42.172100
0.696168 37.371400
0.696379 40.405400
0.696591 46.308400
0.696803 31.995400
0.697015 39.858200
0.697226 42.274800
0.697438 49.106400
0.697650 21.161600
0.697862 26.691800
0.698073 54.843900
0.698285 48.762500
0.698497 55.644600
0.698708 57.112000
0.698920 26.487100
0.699132 14.900100
0.699344 17.036700
0.699555 45.745100
0.699767 34.169500
0.699979 64.123900
0.700191 40.239100
0.700402 59.482000
0.700614 40.008400
0.700826 34.119600
0.701037 25.714900
0.701249 39.429000
0.701461 56.553300
0.701673 9.507760
0.701884 56.630100
0.702096 20.851400
0.702308 32.045400
0.702520 32.515400
0.702731 6.203110
0.702943 27.567200
0.703155 40.175800
0.703367 33.304500
0.703578 38.298800
0.703790 42.037200
0.704002 49.034400
0.704213 52.676400
0.704425 9.005640
0.704637 37.803200
0.704849 79.448200
0.705060 82.562300
0.705272 58.373900
0.705484 40.607600
0.705696 42.259700
0.705907 40.028000
0.706119 6.594310
0.706331 29.051300
0.706542 46.883700
0.706754 52.365600
0.706966 80.730900
0.707178 54.025100
0.707389 61.519000
0.707601 41.761000
0.707813 27.658900
0.708025 56.741800
0.708236 47.466000
0.708448 5.081730
0.708660 5.502290
0.708871 42.671700
0.709083 9.994110
0.709295 43.061500
0.709507 39.331000
0.709718 84.217300
0.709930 50.062400
0.710142 66.929400
0.710354 59.249100
0.710565 25.680100
0.710777 22.520200
0.710989 87.826700
0.711201 16.717100
0.711412 20.131900
0.711624 9.514910
0.711836 32.820500
0.712047 18.227500
0.712259 31.511800
0.712471 39.588700
0.712683 28.018500
0.712894 31.581400
0.713106 9.499100
0.713318 36.193300
0.713530 42.793300
0.713741 90.513400
0.713953 29.041700
0.714165 75.115600
0.714376 33.439200
0.714588 68.292000
0.714800 29.104300
0.715012 32.780100
0.715223 34.732300
0.715435 36.258500
0.715647 58.073300
0.715859 44.694000
0.716070 30.880600
0.716282 61.981100
0.716494 77.168800
0.716705 59.651000
0.716917 55.928000
0.717129 58.771600
0.717341 30.414300
0.717552 26.327200
0.717764 58.885500
0.717976 26.817200
0.718188 49.570800
0.718399 30.778900
0.718611 44.534100
0.718823 35.445000
0.719035 51.707400
0.719246 43.985200
0.719458 28.319800
0.719670 93.339300
0.719881 77.508100
0.720093 1.797800
0.720305 82.519700
0.720517 36.917800
0.720728 19.944100
0.720940 33.988100
0.721152 6.432200
0.721364 30.584900
0.721575 26.841600
0.721787 46.932500
0.721999 33.203000
0.722210 12.546600
0.722422 26.201100
0.722634 32.858100
0.722846 52.881300
0.723057 34.526500
0.723269 78.868900
0.723481 29.946400
0.723693 39.890300
0.723904 25.448000
0.724116 19.108100
0.724328 33.652200
0.724539 10.793300
0.724751 9.539870
0.724963 52.963200
0.725175 35.818400
0.725386 48.315100
0.725598 87.471400
0.725810 59.409800
0.726022 77.067600
0.726233 61.676400
0.726445 35.660600
0.726657 81.770100
0.726869 53.503900
0.727080 26.755500
0.727292 38.414300
0.727504 73.621400
0.727715 51.619900
0.727927 40.309000
0.728139 56.812100
0.728351 42.300200
0.728562 26.425400
0.728774 51.182700
0.728986 46.618100
0.729198 49.794900
0.729409 56.643100
0.729621 23.719400
0.729833 49.325300
0.730044 20.511800
0.730256 63.274100
0.730468 49.107900
0.730680 42.592400
0.730891 63.377200
0.731103 60.911000
0.731315 63.775000
0.731527 86.633800
0.731738 53.918400
0.731950 29.036400
0.732162 23.575400
0.732373 27.616600
0.732585 34.105800
0.732797 38.826300
0.733009 29.940500
0.733220 28.295700
0.733432 45.067900
0.733644 42.752900
0.733856 48.429100
0.734067 24.917700
0.734279 11.157900
0.734491 60.113800
0.734703 54.373500
0.734914 47.573700
0.735126 34.440300
0.735338 39.724800
0.735549 49.988600
0.735761 12.368000
0.735973 15.441500
0.736185 66.431500
0.736396 31.498200
0.736608 22.960700
0.736820 94.432500
0.737032 37.231400
0.737243 59.940300
0.737455 24.283100
0.737667 64.541900
0.737878 29.799100
0.738090 35.226800
0.738302 14.731700
0.738514 41.017200
0.738725 41.261800
0.738937 48.431000
0.739149 74.750200
0.739361 66.706300
0.739572 48.235600
0.739784 74.543200
0.739996 36.362700
0.740207 42.546700
0.740419 50.552200
0.740631 47.399000
0.740843 43.328500
0.741054 24.755300
0.741266 50.020000
0.741478 56.206000
0.741690 87.345700
0.741901 9.844250
0.742113 42.776600
0.742325 28.939200
0.742537 36.879700
0.742748 63.132200
0.742960 8.650990
0.743172 59.662400
0.743383 21.231100
0.743807 20.185700
0.744019 34.582100
0.744230 62.644700
0.744442 37.129300
0.744654 45.081400
0.744866 17.985100
0.745077 23.967800
0.745289 12.393900
0.745501 45.063000
0.745712 33.080400
0.745924 88.540600
0.746136 68.961100
0.746348 38.774700
0.746559 44.192700
0.746771 43.385200
0.746983 75.003300
0.747195 44.891000
0.747406 66.029600
0.747618 49.619400
0.747830 32.573800
0.748041 64.370200
0.748253 62.265500
0.748465 43.582600
0.748677 77.856500
0.748888 48.851300
0.749100 5.297140
0.749312 10.158000
0.749524 81.909400
0.749735 57.518000
0.749947 23.090900
0.750159 86.584000
0.750371 73.602500
0.750582 56.244400
0.750794 60.961900
0.751006 78.778400
0.751217 71.518300
0.751429 63.453800
0.751641 29.903900
0.751853 67.116900
0.752064 40.378500
0.752276 36.581400
0.752488 20.670800
0.752700 45.747200
0.752911 7.108540
0.753123 33.556000
0.753335 74.283000
0.753546 32.633400
0.753758 89.947200
0.753970 32.240400
0.754182 43.713700
0.754393 18.203000
0.754605 13.486900
0.754817 65.070300
0.755029 34.856400
0.755240 87.501300
0.755452 6.285480
0.755664 51.264100
0.755876 29.284500
0.756087 58.018700
0.756299 28.303200
0.756511 77.290400
0.756722 49.891500
0.756934 77.876000
0.757146 78.015400
0.757358 49.966700
0.757569 48.265600
0.757781 42.688100
0.757993 45.928900
0.758205 71.020200
0.758416 73.908000
0.758628 47.620800
0.758840 41.883100
0.759051 44.843400
0.759263 22.344700
0.759475 30.617500
0.759687 30.656700
0.759898 28.920900
0.760110 29.052300
0.760322 35.530200
0.760534 30.409500
0.760745 69.379800
0.760957 32.155400
0.761169 18.937900
0.761380 32.515200
0.761592 41.156700
0.761804 32.048600
0.762016 76.670300
0.762227 66.522900
0.762439 32.081000
0.762651 31.521500
0.762863 74.158200
0.763074 70.954600
0.763286 48.933200
0.763498 41.828900
0.763710 53.885900
0.763921 8.397480
0.764133 17.526300
0.764345 42.068100
0.764556 58.541600
0.764768 10.144700
0.764980 37.252600
0.765192 60.652800
0.765403 63.679000
0.765615 9.798170
0.765827 66.714000
0.766039 43.994900
0.766250 53.740200
0.766462 32.858500
0.766674 22.298900
0.766885 53.703100
0.767097 62.337300
0.767309 8.050080
0.767521 60.641200
0.767732 9.933630
0.767944 8.704240
0.768156 57.353300
0.768368 47.024900
0.768579 17.427100
0.768791 21.120800
0.769003 23.388400
0.769214 61.278300
0.769426 49.994300
0.769638 33.277900
0.769850 25.371500
0.770061 69.517000
0.770273 67.856300
0.770485 50.562600
0.770697 92.565200
0.770908 56.954500
0.771120 23.437900
0.771332 47.017200
0.771544 34.521700
0.771755 29.292000
0.771967 6.510290
0.772179 37.641200
0.772390 24.366200
0.772602 17.509000
0.772814 48.283900
0.773026 37.228300
0.773237 27.821200
0.773449 30.018700
0.773661 72.156900
0.773873 41.586800
0.774084 34.086000
0.774296 61.720600
0.774508 43.499900
0.774719 31.488300
0.774931 37.591700
0.775143 49.579800
0.775355 63.116900
0.775566 82.471000
0.775778 25.379300
0.775990 51.719700
0.776202 50.121900
0.776413 69.843200
0.776625 6.982760
0.776837 41.456000
0.777048 53.104500
0.777260 37.796700
0.777472 38.542000
0.777684 60.640200
0.777895 35.097000
0.778107 91.091400
0.778319 9.931400
0.778531 29.787100
0.778742 25.431500
0.778954 49.716500
0.779166 35.745700
0.779378 9.982330
0.779589 59.355100
0.779801 47.844600
0.780013 53.285300
0.780224 30.510200
0.780436 18.972400
0.780648 75.403500
0.780860 64.779500
0.781071 96.019000
0.781283 39.070300
0.781495 66.552000
0.781707 37.111400
0.781918 34.959400
0.782130 33.802600
0.782342 66.958900
0.782553 81.567600
0.782765 13.311000
0.782977 75.230800
0.783189 39.358600
0.783400 57.557200
0.783612 50.078500
0.783824 43.578900
0.784036 56.987500
0.784247 59.226400
0.784459 37.263100
0.784671 42.357800
0.784882 65.625300
0.785094 72.913800
0.785306 10.890500
0.785518 32.897000
0.785729 60.444200
0.785941 41.796200
0.786153 59.284700
0.786365 42.832300
0.786576 48.028100
0.786788 27.256900
0.787000 17.523100
0.787212 14.637400
0.787423 49.038100
0.787635 28.785800
0.787847 62.089600
0.788058 59.427200
0.788270 67.780900
0.788482 37.413700
0.788694 49.884000
0.788905 26.565300
0.789117 29.865500
0.789329 44.684100
0.789541 35.908800
0.789752 45.541300
0.789964 33.589500
0.790176 27.497100
0.790387 65.875900
0.790599 33.474000
0.790811 44.519900
0.791023 65.214400
0.791234 41.515500
0.791446 29.299600
0.791658 36.885400
0.791870 21.913200
0.792081 62.745300
0.792293 77.140700
0.792505 16.484500
0.792716 5.770470
0.792928 24.364000
0.793140 43.911700
0.793352 20.781200
0.793563 42.204000
0.793775 28.032900
0.793987 40.172200
0.794199 30.359700
0.794410 45.954400
0.794622 46.330100
0.794834 28.975700
0.795046 46.675800
0.795257 25.438800
0.795469 25.377200
0.795681 36.614100
0.795892 23.398000
0.796104 73.987200
0.796316 58.400900
0.796528 44.403500
0.796739 15.783800
0.796951 66.102200
0.797163 33.259900
0.797375 75.018200
0.797586 23.324200
0.797798 41.233400
0.798010 32.279100
0.798221 39.317100
0.798433 27.681200
0.798645 24.878100
0.798857 59.865700
0.799068 30.616400
0.799280 38.629600
0.799492 66.907300
0.799704 14.605600
0.799915 66.048900
0.800127 36.645200
0.800339 27.865300
0.800550 83.252000
0.800762 61.732900
0.800974 67.276400
0.801186 42.386500
0.801397 51.911100
0.801609 52.845500
0.801821 21.253000
0.802033 33.043000
0.802244 20.601200
0.802456 23.294800
0.802668 43.423500
0.802880 27.459100
0.803091 31.034300
0.803303 53.027100
0.803515 36.853700
0.803726 97.738400
0.803938 48.586300
0.804150 15.315600
0.804362 33.256200
0.804573 40.760300
0.804785 34.523500
0.804997 31.525700
0.805209 61.715600
0.805420 29.672700
0.805632 9.306060
0.805844 48.410400
0.806055 14.944700
0.806267 92.636000
0.806479 51.581500
0.806691 48.256100
0.806902 46.896700
0.807114 56.416800
0.807326 70.219800
0.807538 77.166700
0.807749 66.316100
0.807961 89.193300
0.808173 50.660600
0.808385 41.311700
0.808596 62.346000
0.808808 44.070900
0.809020 14.676800
0.809231 30.462700
0.809443 62.330100
0.809655 83.457000
0.809867 55.784000
0.810078 56.234700
0.810290 40.345400
0.810502 73.128600
0.810714 40.156800
0.810925 40.583500
0.811137 24.501000
0.811349 15.079600
0.811560 57.876800
0.811772 22.520800
0.811984 8.268290
0.812196 40.739800
0.812407 57.513600
0.812619 29.639900
0.812831 54.337200
0.813043 39.425400
0.813254 49.428500
0.813466 25.025700
0.813678 39.400800
0.813889 7.981120
0.814101 46.982200
0.814313 67.957500
0.814525 40.212100
0.814736 51.447100
0.814948 24.218400
0.815160 31.573700
0.815372 8.830720
0.815583 24.078800
0.815795 32.081300
0.816007 38.031700
0.816219 28.328300
0.816430 5.207480
0.816642 55.568200
0.816854 44.832900
0.817065 38.508700
0.817277 38.493700
0.817489 7.320740
0.817701 71.347600
0.817912 30.375500
0.818124 39.270000
0.818336 9.688250
0.818548 61.524500
0.818759 37.521500
0.818971 39.822700
0.819183 20.567700
0.819394 34.849200
0.819606 16.485700
0.819818 64.509000
0.820030 28.775900
0.820241 39.622900
0.820453 9.283770
0.820665 30.783300
0.820877 75.246900
0.821088 55.229000
0.821300 72.767000
0.821512 92.272700
0.821723 27.528800
0.821935 28.022300
0.822147 35.589400
0.822359 49.205200
0.822570 49.462400
0.822782 45.429600
0.822994 34.676600
0.823206 9.972660
0.823417 63.823400
0.823629 30.144600
0.823841 69.729600
0.824053 56.114800
0.824264 46.313900
0.824476 47.811600
0.824688 75.502100
0.824899 41.735500
0.825111 50.632700
0.825323 40.739300
0.825535 33.858600
0.825746 47.779200
0.825958 38.290100
0.826170 56.860300
0.826382 53.988100
0.826593 28.468600
0.826805 46.830000
0.827017 47.285200
0.827228 56.882200
0.827440 31.994100
0.827652 51.093100
0.827864 18.596500
0.828075 65.667400
0.828287 33.324300
0.828499 52.146900
0.828711 40.612400
0.828922 68.712600
0.829134 56.400300
0.829346 35.380000
0.829557 32.167800
0.829769 31.656500
0.829981 67.489100
0.830193 94.960300
0.830404 47.036100
0.830616 49.247700
0.830828 25.265500
0.831040 24.424700
0.831251 34.359700
0.831463 45.445900
0.831675 17.305700
0.831887 37.254000
0.832098 62.515100
0.832310 28.591100
0.832522 33.275500
0.832733 60.108400
0.832945 82.295900
0.833157 44.532900
0.833369 62.520800
0.833580 55.959900
0.833792 73.343100
0.834004 80.227500
0.834216 79.856400
0.834427 33.318300
0.834639 50.235600
0.834851 57.398400
0.835062 35.687400
0.835274 36.117300
0.835486 23.793500
0.835698 86.888600
0.835909 49.193800
0.836121 95.650500
0.836333 60.705000
0.836545 51.603600
0.836756 17.918200
0.836968 67.653900
0.837180 25.711600
0.837391 55.595800
0.837603 39.517600
0.837815 72.313200
0.838027 8.727600
0.838238 33.588200
0.838450 34.156100
0.838662 52.287000
0.838874 42.125600
0.839085 92.484000
0.839297 26.057300
0.839509 65.903800
0.839721 20.261500
0.839932 16.143900
0.840144 40.071000
0.840356 51.245200
0.840567 41.812000
0.840779 38.489500
0.840991 30.715800
0.841203 21.915800
0.841414 38.049200
0.841626 94.221900
0.841838 48.015100
0.842050 63.445400
0.842261 40.077100
0.842473 17.479500
0.842685 21.271600
0.842896 35.219300
0.843108 30.608200
0.843320 14.855200
0.843532 45.223000
0.843743 18.509500
0.843955 52.721900
0.844167 89.844200
0.844379 58.165800
0.844590 34.275600
0.844802 66.150200
0.845014 19.932300
0.845225 47.477500
0.845437 51.060900
0.845649 66.578800
0.845861 43.341000
0.846072 46.621900
0.846284 38.262100
0.846496 4.387070
0.846708 9.215930
0.846919 34.609300
0.847131 40.796900
0.847343 81.591800
0.847555 58.753900
0.847766 60.789700
0.847978 63.812500
0.848190 20.446000
0.848401 34.663900
0.848613 8.507050
0.848825 51.850800
0.849037 30.250400
0.849248 49.207100
0.849460 4.249770
0.849672 31.366700
0.849884 50.859600
0.850095 16.239000
0.850307 24.308100
0.850519 49.952100
0.850730 36.472400
0.850942 66.916600
0.851154 26.519600
0.851366 82.577400
0.851577 9.655700
0.851789 7.488060
0.852001 76.274600
0.852213 37.836900
0.852424 68.389300
0.852636 28.116900
0.852848 35.529300
0.853059 23.616100
0.853271 31.867800
0.853483 36.469300
0.853695 51.492400
0.853906 76.286500
0.854118 33.662800
0.854330 20.389900
0.854542 80.535200
0.854753 37.858200
0.854965 42.174800
0.855177 38.789600
0.855389 67.049000
0.855600 86.033300
0.855812 3.939580
0.856024 45.654700
0.856235 35.336100
0.856447 85.166200
0.856659 49.017000
0.856871 36.413200
0.857082 51.173400
0.857294 78.515300
0.857506 59.747900
0.857718 90.434800
0.857929 71.096000
0.858141 9.094400
0.858353 51.965400
0.858564 35.707200
0.858776 22.798200
0.858988 38.794500
0.859200 18.976200
0.859411 32.243500
0.859623 24.063200
0.859835 39.501800
0.860047 41.738900
0.860258 47.508400
0.860470 44.027700
0.860682 29.393300
0.860893 48.391100
0.861105 28.303400
0.861317 52.395300
0.861529 66.624000
0.861740 16.683300
0.861952 54.113400
0.862164 34.465700
0.862376 38.493600
0.862587 79.532600
0.862799 61.925300
0.863011 55.711400
0.863223 41.607300
0.863434 34.561800
0.863646 52.467200
0.863858 55.870300
0.864069 69.030800
0.864281 76.124400
0.864493 29.771800
0.864705 33.589300
0.864916 52.346300
0.865128 27.271100
0.865340 64.613800
0.865552 28.986000
0.865763 34.251200
0.865975 36.025600
0.866187 94.386500
0.866398 64.120500
0.866610 48.679200
0.866822 57.293200
0.867034 66.054700
0.867245 34.443900
0.867457 44.392900
0.867669 29.990700
0.867881 40.177500
0.868092 47.701600
0.868304 43.250800
0.868516 45.171900
0.868728 49.218200
0.868939 44.532700
0.869151 47.749200
0.869363 59.077500
0.869574 38.898000
0.869786 65.710900
0.869998 51.151500
0.870210 74.720600
0.870421 63.592600
0.870633 8.810950
0.870845 65.285900
0.871057 32.482500
0.871268 73.254700
0.871480 39.321600
0.871692 50.544700
0.871903 76.854000
0.872115 25.152900
0.872327 7.769000
0.872539 35.090300
0.872750 32.385300
0.872962 69.838100
0.873174 63.880900
0.873386 52.362100
0.873597 60.976800
0.873809 49.426800
0.874021 64.584200
0.874232 39.094600
0.874444 70.056400
0.874656 47.302700
0.874868 62.203400
0.875079 5.312720
0.875291 77.026800
0.875503 26.394400
0.875715 58.898000
0.875926 21.518500
0.876138 12.009900
0.876350 40.149900
0.876562 41.099900
0.876773 51.681100
0.876985 67.870700
0.877197 32.810800
0.877408 22.673500
0.877620 58.829500
0.877832 45.519200
0.878044 39.036800
0.878255 9.631580
0.878467 46.710600
0.878679 25.891200
0.878891 86.643200
0.879102 43.930000
0.879314 43.355600
0.879526 27.624600
0.879737 25.553000
0.879949 55.165800
0.880161 38.963600
0.880373 26.602100
0.880584 21.820300
0.880796 68.642600
0.881008 7.793290
0.881220 51.496900
0.881431 65.065400
0.881643 30.593600
0.881855 46.352400
0.882066 29.682300
0.882278 55.941300
0.882490 29.901800
0.882702 11.656500
0.882913 50.672000
0.883125 9.138290
0.883337 38.129800
0.883549 78.962500
0.883760 41.571700
0.883972 42.226700
0.884184 45.361100
0.884396 59.036700
0.884607 39.795000
0.884819 15.060800
0.885031 37.035900
0.885242 38.345400
0.885454 35.956300
0.885666 31.318300
0.885878 62.308400
0.886089 76.388600
0.886301 67.383200
0.886513 37.237300
0.886725 40.631400
0.886936 51.834400
0.887148 41.339300
0.887360 22.425100
0.887571 27.315700
0.887783 81.656500
0.887995 75.651800
0.888207 44.124000
0.888418 56.256600
0.888630 42.363900
0.888842 4.185630
0.889054 35.071300
0.889265 27.447500
0.889477 26.596700
0.889689 37.813500
0.889900 14.399800
0.890112 92.851100
0.890324 14.224400
0.890536 92.066400
0.890747 54.242900
0.890959 54.393500
0.891171 49.607300
0.891383 59.041100
0.891594 45.653600
0.891806 52.376200
0.892018 38.668800
0.892230 38.039800
0.892441 72.227100
0.892653 41.692600
0.892865 33.300600
0.893076 35.680400
0.893288 61.658500
0.893500 57.798300
0.893712 74.742100
0.893923 23.958600
0.894135 46.962500
0.894347 43.481200
0.894559 47.728200
0.894770 54.676700
0.894982 48.370200
0.895194 50.796400
0.895405 48.111300
0.895617 49.955900
0.895829 54.966200
0.896041 34.107600
0.896252 26.427200
0.896464 63.883800
0.896676 51.881400
0.896888 37.962200
0.897099 41.346600
0.897311 33.430900
0.897523 75.513800
0.897734 75.011300
0.897946 25.794700
0.898158 62.251900
0.898370 94.903300
0.898581 47.181100
0.898793 44.096800
0.899005 51.407900
0.899217 49.262800
0.899428 44.294900
0.899640 43.965800
0.899852 44.273000
0.900064 7.261990
0.900275 44.528800
0.900487 40.315400
0.900699 98.451700
0.900910 66.917300
0.901122 43.103800
0.901334 9.419700
0.901546 53.588300
0.901757 19.337000
0.901969 49.437700
0.902181 24.014600
0.902393 58.122900
0.902604 10.923000
0.902816 75.753800
0.903028 41.507400
0.903239 59.799600
0.903451 5.770430
0.903663 34.359500
0.903875 70.752600
0.904086 53.507600
0.904298 68.124100
0.904510 42.726300
0.904722 59.823200
0.904933 45.668900
0.905145 55.642700
0.905357 36.166200
0.905568 56.010500
0.905780 29.576200
0.905992 36.186500
0.906204 8.565450
0.906415 25.962500
0.906627 52.302300
0.906839 37.592800
0.907051 48.113500
0.907262 62.176200
0.907474 64.186400
0.907686 44.112400
0.907898 7.230930
0.908109 87.207900
0.908321 9.777950
0.908533 52.264700
0.908744 71.703800
0.908956 28.977400
0.909168 13.047000
0.909380 43.746000
0.909591 10.205000
0.909803 3.797710
0.910015 63.860800
0.910227 30.457500
0.910438 34.947100
0.910650 27.121600
0.910862 19.479800
0.911073 38.008000
0.911285 35.012800
0.911497 21.538200
0.911709 9.269300
0.911920 46.290800
0.912132 9.037940
0.912344 60.454400
0.912556 31.822500
0.912767 30.683500
0.912979 45.871500
0.913191 49.315800
0.913402 19.586000
0.913614 21.057100
0.913826 49.236000
0.914038 17.006400
0.914249 18.737400
0.914461 57.428400
0.914673 43.782000
0.914885 70.447800
0.915096 54.845500
0.915308 43.505600
0.915520 41.577800
0.915732 61.159100
0.915943 87.944300
0.916155 36.054800
0.916367 42.526200
0.916578 36.816900
0.916790 67.230100
0.917002 41.547400
0.917214 53.156400
0.917425 85.140300
0.917637 67.558900
0.917849 76.924100
0.918061 77.210700
0.918272 49.057100
0.918484 31.221100
0.918696 28.716700
0.918907 29.304300
0.919119 59.972000
0.919331 64.267000
0.919543 65.651500
0.919754 80.440100
0.919966 29.841400
0.920178 37.331200
0.920390 56.788300
0.920601 70.649300
0.920813 28.659700
0.921025 32.256600
0.921237 40.363100
0.921448 48.118600
0.921660 52.676000
0.921872 75.298000
0.922083 81.146600
0.922295 61.479000
0.922507 18.419000
0.922719 5.021820
0.922930 20.263400
0.923142 69.928300
0.923354 9.153500
0.923566 35.622200
0.923777 6.943680
0.923989 32.743100
0.924201 41.381700
0.924412 31.442400
0.924624 30.069900
0.924836 37.381800
0.925048 41.055900
0.925259 47.919300
0.925471 51.299500
0.925683 84.215900
0.925895 62.029400
0.926106 52.492100
0.926318 44.600800
0.926530 42.296200
0.926741 29.059900
0.926953 46.733500
0.927165 31.533000
0.927377 35.612600
0.927588 61.043000
0.927800 65.010400
0.928012 73.960900
0.928224 20.696000
0.928435 20.253300
0.928647 33.450400
0.928859 45.675700
0.929071 63.611100
0.929282 82.327800
0.929494 16.698200
0.929706 43.353500
0.929917 61.489200
0.930129 48.913200
0.930341 85.851400
0.930553 20.784700
0.930764 23.015600
0.930976 30.958100
0.931188 93.330000
0.931400 57.277500
0.931611 57.786100
0.931823 29.309600
0.932035 12.005100
0.932246 64.376100
0.932458 87.662400
0.932670 43.971200
0.932882 56.771200
0.933093 43.788900
0.933305 43.265800
0.933517 6.850030
0.933729 33.531100
0.933940 50.541000
0.934152 58.562400
0.934364 50.374600
0.934575 43.716400
0.934787 57.188900
0.934999 33.225200
0.935211 33.972000
0.935422 44.808200
0.935634 39.509700
0.935846 30.361200
0.936058 52.666000
0.936269 59.791600
0.936481 14.036600
0.936693 46.672100
0.936905 71.175800
0.937116 68.699600
0.937328 56.941800
0.937540 80.173100
0.937751 66.796300
0.937963 39.050100
0.938175 56.362500
0.938387 33.344300
0.938598 59.297800
0.938810 30.004500
0.939022 73.859200
0.939234 8.855560
0.939445 20.778800
0.939657 30.809700
0.939869 39.002600
0.940080 55.582000
0.940292 58.242900
0.940504 44.535800
0.940716 42.096000
0.940927 7.428630
0.941139 59.349400
0.941351 58.162200
0.941563 66.778300
0.941774 6.262970
0.941986 27.440000
0.942198 12.130200
0.942409 22.160900
0.942621 60.486900
0.942833 57.277200
0.943045 63.542500
0.943256 62.857700
0.943468 74.863900
0.943680 26.545700
0.943892 40.223300
0.944103 15.567400
0.944315 29.137300
0.944527 54.867300
0.944739 31.197800
0.944950 95.991000
0.945162 30.471700
0.945374 53.217600
0.945585 58.365600
0.945797 23.155700
0.946009 8.812830
0.946221 42.727600
0.946432 95.400700
0.946644 40.584900
0.946856 42.629900
0.947068 50.810100
0.947279 12.967000
0.947491 49.889900
0.947703 53.840700
0.947914 41.420100
0.948126 59.024800
0.948338 34.416600
0.948550 55.860600
0.948761 96.502200
0.948973 42.247000
0.949185 39.144200
0.949397 44.287400
0.949608 28.554700
0.949820 46.647400
0.950032 76.302400
0.950243 36.038000
0.950455 57.914100
0.950667 58.529200
0.950879 39.898000
0.951090 23.420400
0.951302 48.273900
0.951514 58.425200
0.951726 9.932630
0.951937 61.117700
0.952149 31.650900
0.952361 64.917100
0.952573 45.274100
0.952784 59.396700
0.952996 40.659500
0.953208 42.945000
0.953419 66.100900
0.953631 3.604290
0.953843 11.599600
0.954055 91.893200
0.954266 8.706400
0.954478 30.404500
0.954690 29.011700
0.954902 51.512600
0.955113 43.012200
0.955325 22.506500
0.955537 2.855400
0.955748 56.959100
0.955960 57.668200
0.956172 44.174500
0.956384 21.504200
0.956595 24.965900
0.956807 41.932400
0.957019 26.102600
0.957231 9.759630
0.957442 38.450300
0.957654 17.452000
0.957866 72.262400
0.958077 45.618500
0.958289 17.908400
0.958501 46.553200
0.958713 28.681200
0.958924 70.340500
0.959136 7.014820
0.959348 65.904500
0.959560 18.343100
0.959771 36.529200
0.959983 35.369200
0.960195 30.373800
0.960407 26.656100
0.960618 53.970200
0.960830 76.812700
0.961042 36.708700
0.961253 37.359300
0.961465 27.693700
0.961677 80.792300
0.961889 30.230100
0.962100 51.768500
0.962312 76.443000
0.962524 18.498900
0.962736 57.461800
0.962947 44.204500
0.963159 28.056900
0.963371 79.864800
0.963582 56.987000
0.963794 37.711200
0.964006 54.107200
0.964218 28.227000
0.964429 51.429000
0.964641 69.246100
0.964853 26.523500
0.965065 24.388200
0.965276 57.141600
0.965488 17.867300
0.965700 40.112700
0.965911 23.386500
0.966123 69.250900
0.966335 81.426500
0.966547 51.278900
0.966758 57.128600
0.966970 45.134000
0.967182 48.395500
0.967394 19.305500
0.967605 50.810500
0.967817 74.156200
0.968029 63.487800
0.968241 39.696300
0.968452 61.260100
0.968664 69.237600
0.968876 50.688800
0.969087 43.727300
0.969299 29.557100
0.969511 41.061800
0.969723 41.257800
0.969934 56.568000
0.970146 21.284400
0.970358 10.078600
0.970570 78.080900
0.970781 30.324300
0.970993 38.834700
0.971205 22.632500
0.971416 35.449300
0.971628 50.272700
0.971840 32.822000
0.972052 50.836000
0.972263 29.693200
0.972475 11.301000
0.972687 14.519100
0.972899 45.314600
0.973110 36.534900
0.973322 55.728500
0.973534 69.507200
0.973746 27.259900
0.973957 58.620600
0.974169 68.299700
0.974381 32.582900
0.974592 47.037400
0.974804 16.616400
0.975016 5.737330
0.975228 31.957200
0.975439 32.580000
0.975651 23.915400
0.975863 32.569800
0.976075 77.050600
0.976286 49.102500
0.976498 21.814100
0.976710 58.667000
0.976921 39.640900
0.977133 53.317800
0.977345 77.752800
0.977557 40.955600
0.977768 38.240900
0.977980 22.115600
0.978192 43.535900
0.978404 6.978560
0.978615 40.534000
0.978827 51.960100
0.979039 50.077400
0.979250 46.977900
0.979462 30.364600
0.979674 54.767000
0.979886 13.795900
0.980097 33.484800
0.980309 19.007000
0.980521 44.259500
0.980733 90.018800
0.980944 62.326200
0.981156 69.501100
0.981368 44.913700
0.981580 30.504200
0.981791 26.717900
0.982003 51.609700
0.982215 30.843700
0.982426 49.466500
0.982638 67.594600
0.982850 36.109400
0.983062 18.920300
0.983273 26.837800
0.983485 78.089000
0.983697 65.629400
0.983909 29.145100
0.984120 33.226100
0.984332 60.697900
0.984544 65.692600
0.984755 12.309100
0.984967 36.834200
0.985179 52.354100
0.985391 62.524900
0.985602 59.030200
0.985814 69.948700
0.986026 84.742000
0.986238 39.638400
0.986449 47.619400
0.986661 67.153400
0.986873 76.168100
0.987084 61.714300
0.987296 52.927400
0.987508 29.568600
0.987720 26.213400
0.987931 25.281500
0.988143 27.783300
0.988355 15.903200
0.988567 86.757600
0.988778 65.834300
0.988990 37.446500
0.989202 33.689300
0.989414 42.204500
0.989625 28.929900
0.989837 39.885900
0.990049 73.753200
0.990260 37.289200
0.990472 24.928500
0.990684 65.436900
0.990896 24.820100
0.991107 52.841200
0.991319 66.363500
0.991531 68.720800
0.991743 33.065300
0.991954 4.168210
0.992166 35.727900
0.992378 24.075900
0.992589 42.506100
0.992801 40.802300
0.993013 25.067400
0.993225 29.784700
0.993436 27.614400
0.993648 50.426500
0.993860 33.113500
0.994072 25.654100
0.994283 49.273400
0.994495 50.229200
0.994707 78.256700
0.994918 15.499900
0.995130 66.692100
0.995342 31.276300
0.995554 47.730900
0.995765 27.733400
0.995977 22.336900
0.996189 46.825800
0.996401 20.622800
0.996612 40.254400
0.996824 46.321000
0.997036 9.879460
0.997248 51.916200
0.997459 38.062500
0.997671 32.885100
0.997883 90.713900
0.998094 6.180220
0.998306 19.298000
0.998518 19.880600
0.998730 47.207200
0.998941 19.558400
0.999153 30.377100
0.999365 32.945000
0.999577 46.664000
0.999788 22.758400
1.000000 48.224500
