0.000207 10.308400
0.000414 26.969700
0.000622 5.485240
0.000829 52.962700
0.001036 58.451000
0.001243 37.383300
0.001450 36.006300
0.001658 61.651100
0.001865 30.676900
0.002072 7.293340
0.002279 44.435700
0.002487 36.132100
0.002694 66.885600
0.002901 29.609600
0.003315 35.568400
0.003523 40.403500
0.003730 19.835300
0.003937 64.971900
0.004144 5.545870
0.004351 9.890540
0.004559 68.997300
0.004766 49.153600
0.004973 33.146800
0.005180 19.077000
0.005387 61.054700
0.005595 93.778000
0.005802 36.697600
0.006009 31.176800
0.006216 31.745400
0.006424 61.677200
0.006631 57.267900
0.006838 41.123900
0.007045 30.813500
0.007252 58.283600
0.007460 67.562300
0.007667 23.664800
0.007874 52.424300
0.008081 68.525500
0.008288 37.998200
0.008496 24.068900
0.008703 44.471900
0.008910 6.866530
0.009117 32.007900
0.009324 60.536900
0.009532 16.054900
0.009739 46.613900
0.009946 70.071100
0.010153 23.630000
0.010361 58.405600
0.010568 57.910800
0.010775 93.864400
0.010982 42.029800
0.011189 42.047300
0.011397 69.455600
0.011604 61.457900
0.011811 33.735300
0.012018 9.623400
0.012225 49.816600
0.012640 69.269400
0.012847 67.571800
0.013054 25.456500
0.013262 26.434600
0.015541 67.417800
0.015748 7.185570
0.015955 56.418300
0.016162 86.562500
0.016370 43.658100
0.016577 57.191300
0.016784 18.025700
0.016991 54.811500
0.017199 21.363000
0.017406 59.142600
0.017613 36.120800
0.017820 49.977400
0.018027 42.866100
0.018235 67.481700
0.018442 25.674500
0.018649 13.116700
0.018856 22.839300
0.019063 14.991300
0.019271 48.665300
0.019478 34.764800
0.027352 59.483000
0.027559 35.495700
0.027766 32.682900
0.027973 25.682000
0.028181 63.501400
0.028388 56.745600
0.028595 42.607000
0.028802 51.593600
0.029010 54.426000
0.029217 13.260800
0.029424 58.271800
0.029631 29.348900
0.029838 41.309700
0.030046 33.195300
0.030253 47.979900
0.030460 37.426600
0.030667 84.928800
0.030874 36.590400
0.031082 50.308400
0.031289 53.321000
0.031496 44.574800
0.031703 55.104700
0.031910 60.179700
0.032118 6.725720
0.032325 81.648700
0.032532 29.559600
0.032739 32.316100
0.032947 51.722500
0.033154 24.906300
0.033361 37.976000
0.033568 65.081700
0.033775 12.790900
0.033983 32.678900
0.034190 28.010200
0.034397 4.671580
0.034604 49.519500
0.034811 47.814000
0.035019 49.728500
0.035226 20.470000
0.035433 23.238800
0.035640 54.238700
0.035847 17.424000
0.036055 87.362900
0.036262 69.417800
0.036469 82.695300
0.036676 7.058610
0.036884 44.713000
0.037091 57.025100
0.037298 53.124000
0.037505 47.866600
0.037712 17.120500
0.037920 50.347100
0.038127 80.157400
0.038334 65.600200
0.038541 33.438400
0.038748 42.812600
0.038956 57.633900
0.039163 22.539000
0.039370 52.441500
0.039577 8.359650
0.039785 48.634300
0.039992 73.419400
0.040199 35.015600
0.040406 37.487700
0.040613 8.564550
0.040821 49.027300
0.041028 34.442100
0.041235 27.109300
0.041442 55.650100
0.041649 59.468500
0.041857 19.927000
0.042064 65.969500
0.042271 48.503400
0.042478 48.309500
0.042685 16.242100
0.042893 40.038800
0.043100 37.507200
0.043307 66.374900
0.043514 63.599200
0.043722 27.445800
0.043929 49.731500
0.044136 27.047800
0.044343 35.539900
0.044550 4.328510
0.044758 54.363600
0.044965 11.913000
0.045172 25.784400
0.045379 50.347200
0.045586 68.670900
0.045794 19.862100
0.046001 23.332400
0.046208 40.435500
0.046415 30.230300
0.046622 36.909800
0.046830 56.180700
0.047037 25.249400
0.047244 75.215200
0.047451 57.685800
0.047659 87.120100
0.047866 27.695900
0.048073 92.341800
0.048280 79.807000
0.048487 68.342600
0.048695 54.700600
0.048902 49.765400
0.049109 46.213500
0.049316 34.642900
0.049523 30.593700
0.049731 23.314400
0.049938 69.101700
0.050145 55.781800
0.050352 25.153600
0.050559 41.527900
0.050767 45.442400
0.050974 65.914700
0.051181 48.476300
0.051388 26.258600
0.051596 52.849300
0.055118 8.389800
0.055325 29.163600
0.055533 79.002500
0.055740 29.977500
0.055947 67.934400
0.056154 17.352000
0.056361 34.703400
0.056569 44.517300
0.061749 58.116000
0.061956 60.395800
0.062163 15.345100
0.062370 32.542900
0.062578 45.289400
0.062785 84.705600
0.062992 8.067880
0.063199 71.349400
0.063407 23.041200
0.063614 34.009000
0.063821 65.369000
0.064028 73.718500
0.064235 52.607500
0.064443 61.069900
0.064650 42.733200
0.064857 44.354600
0.065064 61.656600
0.065271 61.138000
0.065479 33.215300
0.065686 58.787700
0.065893 51.619900
0.066100 59.364400
0.066308 16.195100
0.066515 21.831800
0.066722 6.512300
0.066929 30.655900
0.067136 50.205800
0.067344 7.241000
0.067551 7.768290
0.067758 32.328100
0.067965 42.504600
0.068172 53.889600
0.068380 18.677700
0.068587 54.596300
0.068794 49.812100
0.069001 40.006800
0.069208 41.689200
0.069416 10.026400
0.069623 75.691100
0.069830 78.341800
0.070037 14.903500
0.070245 41.588400
0.070452 46.263000
0.070659 18.842600
0.070866 64.290200
0.071073 23.483100
0.071281 35.741300
0.071488 36.417300
0.071695 40.534100
0.072109 8.324900
0.072317 43.637500
0.072524 33.439400
0.072731 16.659200
0.072938 41.080600
0.073145 53.026300
0.073353 14.594500
0.073560 58.916300
0.073767 54.328100
0.073974 44.173100
0.074182 19.651700
0.074389 33.169100
0.074596 24.391500
0.074803 24.284000
0.075010 72.069600
0.075218 14.588600
0.075425 27.810000
0.075632 22.396000
0.075839 23.162100
0.076046 39.863800
0.076254 6.660110
0.076461 15.944800
0.076668 25.648500
0.076875 50.949100
0.077082 31.994900
0.077290 41.049200
0.077497 46.868000
0.077704 32.778500
0.077911 17.006800
0.078119 88.924500
0.078326 29.092700
0.078533 16.551300
0.078740 28.394300
0.078947 32.326200
0.079155 48.480800
0.079362 66.498300
0.079569 17.698100
0.079776 5.841730
0.079983 43.945100
0.080191 45.385000
0.080398 95.235800
0.080605 64.683000
0.081019 55.717400
0.081227 67.664700
0.081434 38.647900
0.081641 20.497500
0.081848 15.730200
0.082056 13.856200
0.082263 25.989100
0.082470 67.205600
0.082677 32.917300
0.082884 58.278800
0.083092 13.891300
0.083299 26.653700
0.083506 38.261100
0.083713 40.171200
0.083920 47.823100
0.084128 34.453500
0.084335 34.429200
0.084542 77.185700
0.084749 55.027200
0.084956 28.157400
0.085164 53.531900
0.085371 26.978900
0.085578 39.097900
0.085785 54.075500
0.085993 51.039800
0.086200 3.327360
0.086407 55.783500
0.086614 35.832300
0.086821 54.871900
0.087029 70.936700
0.087236 15.904000
0.087443 44.703400
0.087650 49.274900
0.087857 18.021400
0.088065 28.440900
0.088272 31.655100
0.088686 19.373100
0.088893 11.909900
0.089101 24.426700
0.089308 47.525100
0.089515 58.061600
0.089722 23.546800
0.089930 62.875100
0.090137 61.357000
0.090344 55.948200
0.090551 69.481500
0.090758 28.082000
0.090966 35.930100
0.091173 26.317200
0.091380 58.347200
0.091587 26.975500
0.091794 58.950400
0.092002 69.220700
0.092209 40.843300
0.092416 29.970300
0.092623 32.704000
0.092831 43.910300
0.093038 9.443130
0.093245 15.853500
0.093452 56.742900
0.093659 16.843500
0.093867 45.696300
0.094074 43.683600
0.094281 28.133600
0.094488 39.760500
0.094695 40.958200
0.094903 40.078700
0.095110 27.312400
0.095317 30.595300
0.095524 23.331600
0.095731 79.383800
0.095939 43.684100
0.096146 30.222700
0.096353 58.227500
0.096560 77.438800
0.096768 44.397000
0.096975 31.739300
0.097182 46.365800
0.097389 67.364100
0.097596 32.142800
0.097804 73.749000
0.098011 47.171300
0.098218 69.073200
0.098425 26.079800
0.098632 44.089200
0.101948 9.691900
0.102155 69.560400
0.102362 65.789100
0.102569 61.886900
0.102777 35.626000
0.102984 49.121500
0.103191 42.981500
0.103398 43.381400
0.103605 27.682100
0.103813 36.890300
0.104020 12.954600
0.104227 51.423600
0.104434 20.244300
0.104642 34.309900
0.104849 7.599640
0.105056 51.626900
0.105263 35.485700
0.105470 97.550200
0.105678 25.899400
0.105885 39.745900
0.106092 8.811130
0.106299 42.328100
0.106506 30.731800
0.106714 42.135600
0.106921 8.258090
0.107128 8.529770
0.107335 33.392300
0.107542 56.833800
0.107750 29.613700
0.107957 24.242400
0.108164 75.232100
0.108371 33.212300
0.108579 30.741700
0.108786 49.772200
0.108993 41.203600
0.109200 61.946300
0.109407 51.903000
0.109615 48.676500
0.109822 77.033000
0.110029 73.250800
0.110236 61.381200
0.110443 29.861500
0.110651 34.247800
0.110858 51.232300
0.111065 49.240300
0.111272 62.560900
0.111479 49.772700
0.111687 40.039200
0.111894 59.850200
0.112101 24.025400
0.112308 37.464700
0.112516 13.683600
0.112723 52.037000
0.112930 54.290600
0.113137 36.131200
0.113344 76.419500
0.113552 63.162300
0.113759 60.624200
0.113966 25.635800
0.114173 53.930900
0.114380 38.455700
0.114588 49.045000
0.114795 44.094700
0.115002 41.943600
0.115209 54.950400
0.115416 44.554500
0.115624 71.110700
0.115831 41.684600
0.116038 33.980700
0.116245 90.761100
0.116453 57.238300
0.116660 34.444600
0.116867 9.325090
0.117074 14.978700
0.117281 59.350800
0.117489 36.341800
0.117696 43.209100
0.117903 65.564900
0.118110 33.221700
0.118317 26.695200
0.118525 58.993300
0.118732 47.485100
0.118939 55.181100
0.119146 67.164900
0.119354 27.294500
0.119561 54.671100
0.119768 40.879700
0.119975 36.600500
0.120182 49.970900
0.120390 17.079800
0.120597 2.667960
0.120804 40.540300
0.121011 54.588400
0.121218 71.341100
0.121426 55.535000
0.121633 66.967200
0.121840 9.421890
0.122047 22.946400
0.122254 45.391200
0.122462 51.026700
0.122669 62.205600
0.122876 49.879000
0.123083 15.374300
0.123291 39.100000
0.123498 53.995900
0.123705 71.643900
0.123912 37.001700
0.124119 42.437300
0.124327 25.351200
0.124534 61.258600
0.124741 31.875800
0.124948 50.949300
0.125155 18.494300
0.125363 64.831300
0.125570 56.425800
0.125777 7.679880
0.125984 44.931100
0.126191 28.530900
0.126399 9.046990
0.126606 13.668000
0.126813 68.724000
0.127020 33.897400
0.127228 40.195500
0.127435 47.982600
0.127642 52.445700
0.127849 27.459500
0.128056 30.201500
0.128264 48.371500
0.128471 25.877500
0.128678 41.589900
0.128885 32.969200
0.129092 48.772500
0.129300 80.039800
0.129507 41.523200
0.129714 84.732900
0.129921 52.864900
0.130128 39.248900
0.130336 68.008000
0.130543 97.468100
0.130750 53.357200
0.130957 36.196500
0.131165 33.411200
0.131372 27.407400
0.131579 82.187800
0.131786 58.771600
0.131993 62.045300
0.132201 21.068000
0.132408 70.869300
0.132615 24.427200
0.132822 43.293800
0.133029 9.875340
0.133237 32.046500
0.133444 59.547500
0.133651 25.928300
0.133858 58.500300
0.134065 7.533840
0.134273 43.826500
0.134480 49.100500
0.134687 15.921700
0.134894 7.620000
0.135102 41.533100
0.135309 90.719500
0.135516 32.640800
0.135723 38.106300
0.135930 41.142000
0.136138 52.654900
0.136345 28.868500
0.136552 31.312400
0.136759 13.687000
0.136966 44.972300
0.137174 55.632900
0.137381 23.818800
0.137588 22.758200
0.137795 30.140900
0.138002 59.137300
0.138210 62.571400
0.138417 53.982800
0.138624 39.364800
0.138831 37.923500
0.139039 53.915000
0.139246 31.511000
0.139453 36.963900
0.139660 73.888900
0.139867 84.300800
0.140075 21.450900
0.140282 47.263600
0.140489 20.076500
0.140696 94.619100
0.140903 42.902400
0.141111 57.611900
0.141318 79.874300
0.141525 12.153700
0.141732 73.867800
0.141939 66.737800
0.142147 20.574500
0.142354 22.965700
0.142561 20.893000
0.142768 27.792100
0.142976 53.670600
0.143183 34.815000
0.143390 73.854600
0.143597 34.078900
0.143804 65.585100
0.144012 9.136990
0.144219 29.993600
0.144426 53.329300
0.144633 43.872000
0.144840 40.356400
0.145048 62.268100
0.145255 13.955800
0.145462 26.102600
0.145669 30.694600
0.145877 40.113000
0.146084 19.933600
0.146291 13.431600
0.146498 52.065700
0.146705 37.579500
0.146913 88.544600
0.147120 86.551400
0.147327 40.766600
0.147534 26.348600
0.147741 58.959200
0.147949 44.990300
0.148156 26.281100
0.148363 21.778400
0.148570 39.474100
0.148777 21.635400
0.148985 31.326400
0.149192 71.786100
0.149399 66.962400
0.149606 9.139190
0.149814 64.061000
0.150021 50.679000
0.150228 60.352600
0.150435 15.639700
0.150642 21.845400
0.150850 3.736070
0.151057 23.725800
0.151264 26.089600
0.151471 72.477600
0.151678 35.992200
0.151886 88.732600
0.152093 83.847600
0.152300 18.047900
0.152507 7.749590
0.152714 64.230400
0.152922 62.376100
0.153129 89.960700
0.153336 41.835100
0.153543 36.200800
0.153751 8.676150
0.153958 59.238900
0.154165 53.176600
0.154372 40.627000
0.154579 25.689000
0.154787 44.722600
0.154994 73.814500
0.155201 59.062900
0.155408 71.210400
0.155615 34.281700
0.155823 53.081500
0.156030 22.620500
0.156237 10.208000
0.156444 61.071200
0.156651 29.210200
0.156859 16.025100
0.157066 15.046700
0.157273 50.475400
0.157480 43.537000
0.157688 63.248400
0.157895 62.012900
0.158102 48.735700
0.158309 72.089600
0.158516 36.952700
0.158724 52.009700
0.158931 54.947300
0.159138 35.649500
0.159345 33.994900
0.159552 70.461100
0.159760 32.298900
0.159967 46.080300
0.160174 11.490500
0.160381 68.132900
0.160588 57.186300
0.162246 67.121200
0.162453 62.171800
0.162661 88.698900
0.162868 42.029200
0.163075 54.363700
0.163282 45.741000
0.163489 48.588200
0.163697 32.619300
0.163904 31.936800
0.164111 53.341300
0.164318 40.251500
0.164525 24.765700
0.164733 46.828700
0.164940 60.096000
0.165147 18.436500
0.165354 36.647600
0.165562 48.730500
0.165769 29.576400
0.165976 78.509500
0.166183 33.841300
0.166390 13.121500
0.166598 50.678300
0.166805 76.047700
0.167012 61.225700
0.167219 21.152900
0.167426 73.432800
0.167634 69.317400
0.167841 55.342100
0.168048 49.946200
0.168255 63.284000
0.168462 64.601600
0.168670 21.796700
0.168877 30.794000
0.169084 21.125600
0.169291 26.446000
0.169499 58.326100
0.169706 55.694300
0.169913 83.375100
0.170120 7.484890
0.170327 59.216800
0.170535 60.624300
0.170742 29.225300
0.170949 63.342900
0.171156 79.650900
0.171363 35.983100
0.171571 52.540000
0.171778 56.033800
0.171985 9.059790
0.172192 18.576100
0.172400 37.252100
0.172607 86.842100
0.172814 32.360100
0.173021 13.438800
0.173228 59.383800
0.173436 69.049600
0.173643 57.090300
0.173850 80.300600
0.174057 55.693800
0.174264 55.254100
0.174472 66.913300
0.174679 79.006300
0.174886 34.763500
0.175093 7.556200
0.175300 48.371600
0.175508 43.607300
0.175715 62.065100
0.175922 59.719200
0.176129 63.958200
0.176337 64.795000
0.176544 42.316900
0.176751 26.329600
0.176958 39.242800
0.177165 27.467100
0.177373 22.696100
0.177580 50.343600
0.177787 34.392600
0.177994 44.860600
0.178201 42.870100
0.178409 8.466450
0.178616 4.107480
0.178823 26.326700
0.179030 29.061200
0.179237 46.462400
0.179445 67.355800
0.179652 19.495800
0.179859 31.614900
0.180066 56.088800
0.180274 39.373800
0.180481 30.200400
0.180688 35.646400
0.180895 25.017600
0.181102 23.216600
0.181310 45.797600
0.181517 48.701100
0.181724 23.470000
0.181931 49.113800
0.182138 71.777300
0.182346 73.640300
0.182553 18.858900
0.182760 72.643800
0.182967 34.930800
0.183174 72.658600
0.183382 37.390400
0.183589 9.234820
0.183796 62.293900
0.184003 51.873400
0.184211 36.511500
0.184418 69.108000
0.184625 55.215700
0.184832 51.691400
0.185039 49.644100
0.185247 46.113800
0.185454 17.848600
0.185661 43.186900
0.185868 48.811500
0.186075 64.707800
0.186283 26.939700
0.186490 45.979300
0.186697 41.548100
0.186904 38.830100
0.187111 46.292100
0.187319 32.576100
0.187526 8.491190
0.187733 65.718900
0.187940 32.021700
0.188148 87.177100
0.188355 73.404000
0.188562 34.215600
0.188769 42.657300
0.188976 32.799700
0.189184 56.209700
0.189391 20.428000
0.189598 23.291100
0.189805 66.741600
0.190012 58.713400
0.190220 44.230700
0.190427 16.181200
0.190634 5.168840
0.190841 32.404100
0.191048 11.135100
0.191256 61.506200
0.191463 50.150500
0.191670 19.358300
0.191877 53.932900
0.192085 71.045700
0.192292 34.694000
0.192499 72.215900
0.192706 54.144800
0.192913 57.309300
0.193121 27.660900
0.193328 61.659600
0.193535 22.436300
0.193742 25.032200
0.193949 33.034900
0.194157 26.510800
0.194364 30.606100
0.194571 41.855000
0.194778 74.742400
0.194985 53.692200
0.195193 34.575600
0.195400 1.643820
0.195607 68.007800
0.195814 56.624400
0.196022 67.466700
0.196229 29.571500
0.196436 7.320360
0.196643 22.129700
0.196850 38.830600
0.197058 80.465000
0.197265 38.343300
0.197472 49.258200
0.197679 45.690300
0.197886 52.278000
0.198094 24.135500
0.198301 58.125300
0.198508 33.471300
0.198715 68.419400
0.198923 28.496700
0.199130 83.975500
0.199337 39.748600
0.199544 49.309100
0.199751 38.099800
0.199959 22.562100
0.200166 21.316700
0.200373 57.849400
0.200580 46.768000
0.200787 8.182170
0.200995 19.972600
0.201202 8.858680
0.201409 23.543100
0.201616 7.532050
0.201823 80.800400
0.202031 26.848300
0.202238 33.896000
0.202445 74.972100
0.202652 66.317400
0.202860 33.381300
0.203067 12.574500
0.203274 25.665400
0.203481 31.439300
0.203688 42.537500
0.203896 22.252700
0.204103 38.344100
0.204310 21.401000
0.204517 87.228300
0.204724 76.561700
0.204932 9.341390
0.205139 35.879900
0.205346 19.589300
0.205553 47.585400
0.205760 47.273100
0.205968 20.205700
0.206175 40.014600
0.206382 31.212200
0.206589 57.862800
0.206797 42.904400
0.207004 30.673500
0.207211 6.540920
0.207418 69.783500
0.207625 40.841900
0.207833 57.063400
0.208040 39.238800
0.208247 54.651500
0.208454 58.129200
0.208661 12.905600
0.208869 21.168800
0.209076 38.327700
0.209283 52.661300
0.209490 45.680900
0.209697 31.454700
0.209905 33.685700
0.210112 6.429220
0.210319 29.572300
0.210526 62.849100
0.210734 39.983000
0.210941 21.238600
0.211148 30.095000
0.211355 8.193040
0.211562 36.523000
0.211770 31.816200
0.211977 27.381600
0.212184 35.271900
0.212391 91.215200
0.212598 77.227000
0.212806 50.498700
0.213013 51.967700
0.213220 35.697000
0.213427 52.495500
0.213634 43.120200
0.213842 69.529000
0.214049 16.501400
0.214256 45.122100
0.214463 46.208700
0.214671 49.754300
0.214878 45.340900
0.215085 44.381800
0.215292 5.524880
0.215499 53.166800
0.215707 29.975900
0.215914 39.062400
0.216121 92.022300
0.216328 57.735300
0.216743 39.109500
0.216950 43.231300
0.217157 64.829600
0.217364 18.041900
0.217571 22.312700
0.217779 33.861000
0.217986 22.759800
0.218193 82.135600
0.218400 70.663800
0.218608 48.247600
0.218815 56.435500
0.219022 36.063400
0.219229 11.649500
0.219436 65.433700
0.219644 47.468700
0.219851 38.531600
0.220058 45.381900
0.220265 26.183500
0.220472 15.241000
0.220680 44.905700
0.220887 11.355000
0.221094 26.136800
0.221301 38.461500
0.221508 80.205300
0.221716 57.048900
0.221923 43.586900
0.222130 54.253100
0.222337 74.232800
0.222545 7.654930
0.222752 44.405800
0.222959 57.289800
0.223166 64.878500
0.223373 40.587500
0.223581 50.881400
0.223788 47.892300
0.223995 29.740800
0.224202 52.456000
0.224409 43.724000
0.224617 22.403500
0.224824 71.661000
0.225031 35.850600
0.225238 67.607000
0.225446 47.984500
0.225653 38.700100
0.225860 20.224300
0.226067 80.585700
0.226274 29.295800
0.226482 44.284200
0.226689 28.683200
0.226896 33.821800
0.227103 46.500000
0.227310 24.779300
0.227518 90.529500
0.227725 42.318900
0.227932 46.639300
0.228139 86.684600
0.228346 45.284500
0.228554 66.188600
0.228761 47.025000
0.228968 47.520500
0.229175 53.935500
0.229383 8.305130
0.229590 67.909500
0.229797 55.308800
0.230004 46.449900
0.230211 27.181600
0.230419 8.931420
0.230626 54.168100
0.230833 52.432700
0.231040 36.578100
0.231247 45.611400
0.233320 9.958660
0.233527 82.531400
0.233734 9.532880
0.233941 26.497200
0.234148 46.620200
0.234356 42.156000
0.234563 37.419400
0.234770 8.088950
0.234977 71.152700
0.235184 37.122100
0.235392 77.149300
0.235599 53.704600
0.235806 53.549700
0.236013 45.424400
0.236220 66.949800
0.236428 40.057800
0.236635 56.109200
0.236842 35.435500
0.237049 61.034200
0.237257 31.134000
0.237464 76.108400
0.237671 46.607700
0.237878 15.082800
0.238085 58.090100
0.238293 45.392600
0.238500 54.437800
0.238707 56.342900
0.238914 63.417000
0.239121 27.491700
0.239329 31.426400
0.239536 78.650000
0.239743 5.038760
0.239950 47.580500
0.240157 58.515100
0.240365 26.120000
0.240572 50.955600
0.240779 55.826600
0.240986 43.236000
0.241194 42.490700
0.241401 54.436400
0.241608 57.112300
0.241815 61.740200
0.242022 26.262300
0.242230 34.313000
0.242437 61.915100
0.242644 64.163700
0.242851 28.424500
0.243058 23.334400
0.243266 58.908900
0.243473 46.033600
0.243680 21.590600
0.243887 55.388200
0.244094 42.124000
0.244302 39.437100
0.244509 69.801400
0.244716 3.919000
0.244923 77.245400
0.245131 32.482200
0.245338 17.039300
0.245545 72.624300
0.245752 51.938400
0.245959 52.850200
0.246167 75.259600
0.246374 29.948700
0.246581 39.336700
0.246788 16.102500
0.246995 10.506000
0.247203 43.099600
0.247410 34.891400
0.247617 72.201300
0.247824 69.549500
0.248031 83.701600
0.248239 39.281800
0.248446 65.668000
0.248653 57.884300
0.248860 2.814990
0.249068 28.441700
0.249275 20.695100
0.249482 35.066500
0.249689 31.327800
0.249896 37.385700
0.250104 41.305600
0.250311 43.481100
0.250518 5.267230
0.250725 10.849900
0.250932 29.447900
0.251140 48.850300
0.251347 70.906500
0.251554 87.333300
0.251761 77.668500
0.251969 76.644400
0.252176 58.193100
0.252383 63.565200
0.252590 51.748700
0.252797 46.822400
0.253005 52.150600
0.253212 68.375300
0.253419 51.303100
0.253626 24.375900
0.253833 37.892700
0.254041 64.462100
0.254248 69.405200
0.254455 23.278500
0.254662 37.201800
0.254869 36.653400
0.255077 59.697700
0.255284 32.811700
0.255491 34.601200
0.255698 56.453400
0.255906 57.429800
0.256113 62.466900
0.256320 29.671700
0.256527 32.528600
0.256734 50.960600
0.256942 56.801200
0.257149 33.697300
0.257356 49.399700
0.257563 47.607900
0.257770 17.952300
0.257978 68.082300
0.258185 60.095400
0.258392 31.200400
0.258599 60.978100
0.258806 56.443500
0.259014 26.167700
0.259221 35.948800
0.259428 57.415400
0.259635 31.383400
0.259843 45.684500
0.260050 85.895700
0.260257 65.017200
0.260464 44.742500
0.260671 9.367120
0.260879 63.875700
0.261086 25.799100
0.261293 58.931400
0.261500 78.304700
0.261707 23.173100
0.261915 45.278300
0.262122 84.097800
0.262329 60.264600
0.262536 32.483700
0.262743 74.738200
0.262951 55.862800
0.263158 54.032300
0.263365 10.449400
0.263572 61.980500
0.263780 46.035900
0.263987 50.095500
0.264194 21.033400
0.264401 48.222400
0.264608 53.792300
0.264816 52.299500
0.265023 38.829900
0.265230 45.686800
0.265437 21.386200
0.265644 38.181700
0.265852 47.438500
0.266059 24.714300
0.266266 70.007300
0.266473 59.748200
0.266680 92.099500
0.266888 41.065300
0.267095 56.447000
0.267302 41.764700
0.267509 49.566000
0.267717 42.467200
0.267924 35.237500
0.268131 61.623300
0.268338 92.926100
0.268545 9.329290
0.268753 61.542600
0.268960 46.086600
0.269167 25.538400
0.269374 8.666980
0.269581 65.211900
0.269789 11.029000
0.269996 71.633400
0.270203 38.579100
0.270410 73.919800
0.270617 40.110500
0.270825 22.712700
0.271032 24.303900
0.271239 52.100200
0.271446 40.083300
0.271654 28.597400
0.271861 61.513500
0.272068 22.097400
0.272275 33.122200
0.272482 33.077700
0.272690 42.807800
0.272897 53.511100
0.273104 8.592590
0.273311 7.164190
0.273518 68.203600
0.273726 73.799000
0.273933 33.345900
0.274140 65.720400
0.274347 17.878800
0.274554 61.380400
0.274762 47.877000
0.274969 63.071500
0.275176 28.104000
0.275383 44.855500
0.275591 82.527500
0.275798 64.409400
0.276005 16.387100
0.276212 55.961600
0.276419 17.699700
0.276627 22.431700
0.276834 48.197100
0.277041 27.490300
0.277248 7.227440
0.277455 33.235000
0.277663 56.872200
0.277870 50.697600
0.278077 67.546500
0.278284 41.611400
0.278492 48.711800
0.278699 35.744500
0.278906 34.572200
0.279113 9.166550
0.279320 60.473000
0.279528 41.685000
0.279735 85.022100
0.279942 44.472000
0.280149 4.289910
0.280356 51.720800
0.280564 49.206000
0.280771 20.487200
0.280978 9.250770
0.281185 49.171000
0.281392 40.382500
0.281600 58.070400
0.281807 14.973200
0.282014 68.454300
0.282221 30.812600
0.282429 82.978000
0.282636 61.145900
0.282843 29.108300
0.283050 8.284140
0.283257 9.791930
0.283465 12.704900
0.283672 26.008600
0.283879 44.365200
0.284086 16.349500
0.284293 21.123100
0.284501 79.214900
0.284708 58.336700
0.284915 52.672000
0.285122 22.739900
0.285329 45.603500
0.285537 23.160800
0.285951 69.200400
0.286158 45.154600
0.286366 43.132700
0.286573 69.791100
0.286780 22.607600
0.286987 23.853000
0.287194 23.266100
0.287402 3.043890
0.287609 61.248500
0.287816 34.663000
0.288023 58.574100
0.288230 10.220600
0.288438 87.583400
0.288645 41.046300
0.288852 54.160000
0.289059 44.107000
0.289266 35.225100
0.289474 10.204900
0.289681 18.443800
0.289888 20.939300
0.290095 22.068400
0.290303 42.804700
0.290510 38.414000
0.290717 53.246400
0.290924 55.643400
0.291131 76.881400
0.291339 52.391400
0.291546 41.876800
0.291753 23.795200
0.291960 49.831100
0.292167 14.754800
0.292375 91.385500
0.292582 66.132000
0.292789 57.171400
0.292996 27.464100
0.293203 66.543200
0.293411 56.064700
0.293618 52.196500
0.293825 77.389800
0.294032 65.319700
0.294240 46.486500
0.294447 44.420600
0.294654 28.592800
0.294861 63.784800
0.295068 39.271400
0.295276 66.142400
0.295483 22.498600
0.295690 99.668000
0.295897 76.719400
0.296104 23.539100
0.296312 65.433000
0.296519 59.610100
0.296726 34.509300
0.296933 46.796900
0.297140 37.691700
0.297348 34.558700
0.297555 27.769300
0.297762 64.359600
0.297969 36.931400
0.298177 37.889200
0.298384 89.610100
0.298591 49.398100
0.298798 68.964700
0.299005 79.313900
0.299213 7.877840
0.299420 50.713800
0.299627 19.046500
0.299834 8.566940
0.300041 30.092700
0.300249 67.486800
0.300456 22.209800
0.300663 32.875700
0.300870 20.729700
0.301077 47.523400
0.301285 29.573100
0.301492 64.174600
0.301699 69.057500
0.301906 47.395200
0.302114 49.699900
0.302321 37.877200
0.302528 24.011900
0.302735 78.591500
0.302942 76.520300
0.303150 39.344800
0.303357 58.929700
0.303564 60.542400
0.303771 51.418700
0.303978 60.530400
0.304186 36.028700
0.304393 76.372600
0.304600 33.806600
0.304807 54.258900
0.305015 28.005300
0.305222 66.378700
0.305429 29.409700
0.305636 39.776300
0.305843 17.639600
0.306051 40.450800
0.306465 35.533500
0.306672 58.237200
0.306879 57.678800
0.307087 10.707900
0.307294 69.304400
0.307501 28.033700
0.307708 57.836000
0.307915 71.940400
0.308330 17.919700
0.308537 27.758300
0.308744 89.444800
0.308952 62.150100
0.309159 39.706000
0.309366 45.045900
0.309573 42.755700
0.309780 63.834000
0.309988 93.790300
0.310195 50.427900
0.310402 54.519100
0.310609 54.035500
0.310816 67.361100
0.311024 25.292100
0.311231 43.807000
0.311438 64.466300
0.311645 40.564500
0.311852 25.031500
0.312060 63.128400
0.312267 61.589500
0.312474 28.072500
0.312681 48.841400
0.312889 52.076200
0.313096 50.501300
0.313303 53.766500
0.313510 55.317000
0.313717 82.260600
0.313925 14.647900
0.314339 44.737300
0.314546 40.639100
0.314753 52.528400
0.314961 27.284500
0.315168 44.464900
0.315375 53.051500
0.315582 88.879400
0.315789 40.651000
0.315997 54.878100
0.316204 37.797500
0.316411 33.592200
0.316618 71.654900
0.316826 24.934700
0.317033 31.885800
0.317240 67.658300
0.317447 45.934300
0.317654 38.404700
0.317862 36.391700
0.318069 55.196900
0.318276 31.117400
0.318483 84.536100
0.318690 29.339900
0.318898 38.806700
0.319105 40.867800
0.319312 49.192500
0.319519 23.626500
0.319726 34.629800
0.319934 28.160400
0.320141 23.595000
0.320348 54.675000
0.320555 61.934600
0.320763 15.435600
0.320970 53.125700
0.321177 45.871500
0.321384 64.526600
0.321591 35.572400
0.321799 38.158400
0.322006 48.943700
0.322213 46.611100
0.322420 44.968900
0.322627 57.702000
0.322835 58.159900
0.323042 8.034620
0.323249 25.890400
0.323456 37.695700
0.323663 40.377300
0.323871 38.641300
0.324078 54.077500
0.324285 56.093500
0.324492 58.294200
0.324700 60.614300
0.324907 26.756700
0.325114 82.201500
0.325321 35.030600
0.325528 70.027500
0.325736 41.949400
0.325943 18.349800
0.326150 36.751800
0.326357 4.783260
0.326564 32.980700
0.326772 54.866500
0.326979 55.331300
0.327186 53.371400
0.327393 16.621300
0.327600 46.375800
0.327808 89.994500
0.328015 61.701400
0.328222 25.860800
0.328429 77.191500
0.328637 35.921900
0.328844 67.287000
0.329051 18.498100
0.329258 10.197800
0.329465 60.536000
0.329673 12.611500
0.329880 21.241500
0.330087 52.109300
0.330294 54.768500
0.330501 33.341300
0.330709 32.639600
0.330916 70.021200
0.331123 17.887000
0.331330 31.285400
0.331538 19.632600
0.331745 40.625000
0.331952 58.525000
0.332159 25.904400
0.332366 28.989700
0.332574 9.771780
0.332781 48.955800
0.332988 8.055870
0.333195 48.216800
0.333402 43.459600
0.333610 60.320200
0.333817 32.499300
0.334024 59.993900
0.334231 28.954200
0.334438 24.279200
0.334646 52.702100
0.334853 35.006200
0.335060 8.171610
0.335267 67.568400
0.335475 9.567040
0.335682 76.549300
0.335889 45.055700
0.336096 61.421100
0.336303 27.763100
0.336511 67.907600
0.336718 28.446000
0.336925 57.962200
0.337132 71.460700
0.337339 68.092100
0.337547 40.671400
0.337754 53.770100
0.337961 9.849620
0.338168 56.016500
0.338375 32.685900
0.338583 68.370000
0.338790 54.184100
0.338997 72.462100
0.339204 40.442900
0.339412 58.640300
0.339619 34.794500
0.339826 12.531700
0.340033 82.656500
0.340240 49.461400
0.340448 18.819600
0.340655 38.135000
0.340862 76.595100
0.341069 68.542000
0.341276 70.231200
0.341484 60.497800
0.341691 66.989100
0.341898 36.495100
0.342105 27.628300
0.342312 52.454200
0.342520 89.234300
0.342727 44.597100
0.342934 63.762400
0.343141 53.129900
0.343349 39.839500
0.343556 64.527700
0.343763 71.548200
0.343970 50.437600
0.344177 23.440000
0.344385 59.994300
0.344592 39.970300
0.344799 85.183500
0.345006 91.203200
0.345213 68.219300
0.345421 58.194000
0.345628 25.225100
0.345835 67.764600
0.346042 41.619200
0.346249 51.978100
0.346457 33.869400
0.346664 93.876600
0.346871 43.917000
0.347078 33.885200
0.347286 58.443300
0.347493 32.584800
0.347700 62.911200
0.347907 50.317300
0.348114 36.877900
0.348322 33.795500
0.348529 8.447140
0.348736 50.582800
0.348943 39.551700
0.349150 46.112500
0.349358 36.955300
0.349565 84.898200
0.349772 44.191000
0.349979 63.742100
0.350186 6.096760
0.350394 44.659000
0.350601 49.381900
0.350808 59.542000
0.351015 73.973100
0.351223 7.382350
0.351430 27.987000
0.351637 56.943900
0.351844 19.399900
0.352051 36.185500
0.352259 20.288500
0.352466 45.076900
0.352673 30.546300
0.352880 33.311500
0.353087 55.242900
0.353295 9.271950
0.353502 69.007100
0.353709 46.689200
0.353916 69.160500
0.354123 39.086800
0.354331 52.152800
0.354538 43.946000
0.354745 3.289200
0.354952 29.169100
0.355160 64.972600
0.355367 38.462500
0.355574 53.418000
0.355781 12.008300
0.355988 87.150400
0.356196 13.715900
0.356403 48.382700
0.356610 7.113510
0.356817 36.208600
0.357024 23.782400
0.357232 80.915400
0.357439 61.307500
0.357646 46.912300
0.357853 10.978800
0.358061 32.770500
0.358268 25.092500
0.358475 37.588700
0.358682 21.035400
0.358889 55.237500
0.359097 33.855100
0.359304 1.920130
0.359511 66.058000
0.359718 27.605100
0.359925 38.898900
0.360133 56.061900
0.360340 39.703400
0.360547 10.090800
0.360754 67.039900
0.360961 44.063500
0.361169 14.565000
0.361376 26.962400
0.361583 33.395600
0.361790 39.163500
0.361998 5.476580
0.362205 23.241300
0.362412 46.332600
0.362619 52.054200
0.362826 40.173000
0.363034 16.298500
0.363241 52.931800
0.363448 54.477000
0.363655 33.928700
0.363862 59.245400
0.364070 45.921300
0.364277 34.212500
0.364484 37.705500
0.364691 48.247000
0.364898 45.711300
0.365106 44.027600
0.365313 18.086400
0.365520 18.317000
0.365727 72.296300
0.365935 31.708100
0.366142 4.740030
0.366349 27.597200
0.366556 55.629200
0.366763 40.275700
0.366971 49.996800
0.367178 42.656200
0.367385 27.604900
0.367592 49.121600
0.367799 37.128600
0.368007 7.746150
0.368214 42.294500
0.368421 82.049200
0.368628 25.749600
0.368835 37.887100
0.369043 9.859560
0.369250 16.304600
0.369457 18.209200
0.369664 44.124300
0.369872 47.355900
0.370079 28.622800
0.370286 62.697000
0.370493 40.936000
0.370700 59.572600
0.370908 44.610700
0.371115 29.306200
0.371322 72.780300
0.371529 57.540100
0.371736 43.953900
0.371944 27.133500
0.372151 65.359000
0.372358 38.841500
0.372565 25.346500
0.372772 45.580600
0.372980 16.293000
0.373187 47.001100
0.373394 42.206500
0.373601 62.712300
0.373809 65.115300
0.374016 84.450700
0.374223 12.754300
0.374430 40.181300
0.374637 40.017200
0.374845 84.998300
0.375052 48.450200
0.375259 24.790500
0.375466 35.493100
0.375673 26.014500
0.375881 62.074200
0.376088 43.048600
0.376295 32.761500
0.376502 57.331800
0.376709 79.560600
0.376917 86.230400
0.377124 48.073600
0.377331 22.057800
0.377538 42.887800
0.377746 75.676900
0.377953 61.691500
0.378160 30.673800
0.378367 46.580400
0.378574 30.653300
0.378782 38.657600
0.378989 19.124900
0.379196 41.246800
0.379403 46.758700
0.379610 62.653100
0.379818 24.890900
0.380025 33.144300
0.380232 51.460800
0.380439 42.485000
0.380646 59.859500
0.380854 9.526730
0.381061 36.831600
0.381268 32.830000
0.381475 19.913700
0.381683 47.036400
0.381890 50.908500
0.382097 48.869000
0.382304 42.543700
0.382511 23.025500
0.382719 7.085440
0.382926 42.419700
0.383133 64.674500
0.383340 42.620900
0.383547 37.083600
0.383755 47.781000
0.383962 11.532200
0.384169 26.796600
0.384376 58.390600
0.384584 33.007200
0.384791 13.409800
0.384998 14.623700
0.385205 23.191800
0.385412 68.135500
0.385620 41.804000
0.385827 31.980300
0.386034 35.851700
0.386241 75.318800
0.386448 23.714900
0.386656 32.776700
0.386863 42.833600
0.387070 17.375800
0.387277 27.959500
0.387484 54.653000
0.387692 38.994300
0.387899 70.957500
0.388106 51.130900
0.388313 39.551000
0.388521 53.628100
0.388728 23.431300
0.388935 28.193400
0.389142 64.746400
0.389349 52.789700
0.389557 45.627400
0.389764 28.549000
0.389971 22.962200
0.390178 54.390200
0.390385 42.402600
0.390593 58.608100
0.390800 42.503100
0.391007 85.606500
0.391214 74.859100
0.391421 78.743500
0.391629 30.108700
0.391836 77.595000
0.392043 43.946800
0.392250 57.562800
0.392458 19.844800
0.392665 26.243200
0.392872 10.587800
0.393079 41.528900
0.393286 77.767600
0.393494 44.295200
0.393701 20.846200
0.393908 36.794600
0.394115 38.465500
0.394322 49.032500
0.394530 53.091100
0.394737 63.686200
0.394944 22.007800
0.395151 7.352430
0.395358 66.396400
0.395566 20.111200
0.395773 48.787400
0.395980 66.502700
0.396187 36.323100
0.396395 52.556900
0.396602 85.847500
0.396809 29.476100
0.397016 58.642900
0.397223 7.229240
0.397431 38.272000
0.397638 54.195200
0.397845 6.589330
0.398052 62.343700
0.398259 26.633800
0.398467 37.880000
0.398674 23.807900
0.398881 71.137700
0.399088 40.818100
0.399295 35.759800
0.399503 63.527700
0.399710 62.174000
0.399917 71.494100
0.400124 60.300200
0.400332 52.274200
0.400539 29.963000
0.400746 29.918000
0.400953 54.038500
0.401160 30.887900
0.401368 68.083200
0.401575 55.911800
0.401782 46.842000
0.401989 46.451600
0.402196 59.397400
0.402404 19.466400
0.402611 35.119700
0.402818 61.353900
0.403025 30.468000
0.403232 36.389900
0.403440 56.095000
0.403647 6.651820
0.403854 86.638000
0.404061 38.518500
0.404269 31.663400
0.404476 17.596300
0.404683 21.128400
0.404890 67.483400
0.405097 67.394900
0.405305 57.877700
0.405512 9.271670
0.405719 87.385400
0.405926 28.002600
0.406133 41.348300
0.406341 37.912300
0.406548 26.475400
0.406755 38.032500
0.406962 5.837340
0.407169 47.097700
0.407377 11.073500
0.407584 29.834100
0.407791 49.961600
0.407998 80.333200
0.408206 75.585600
0.408413 62.785700
0.408620 80.925200
0.408827 46.720500
0.409034 49.546300
0.409242 51.104800
0.409449 29.179500
0.409656 64.883500
0.409863 56.677100
0.410070 17.034700
0.410278 24.178300
0.410485 59.895300
0.410692 38.804200
0.410899 64.201300
0.411107 39.479700
0.411314 28.250400
0.411521 13.323400
0.411728 39.233700
0.411935 28.362100
0.412143 25.368000
0.412350 34.086600
0.412557 41.339100
0.412764 54.984400
0.412971 42.952600
0.413179 34.697100
0.413386 14.796300
0.413593 9.084920
0.413800 65.065900
0.414007 44.170100
0.414215 18.419500
0.414422 50.749400
0.414629 46.827100
0.414836 26.762700
0.415044 57.064500
0.415251 18.756800
0.415458 26.645400
0.415665 50.738000
0.415872 55.681900
0.416080 87.208700
0.416287 31.456600
0.416494 47.080100
0.416701 21.463700
0.416908 50.503900
0.417116 26.077400
0.417323 50.423700
0.417530 36.205500
0.417737 61.148200
0.417944 31.820200
0.418152 33.400300
0.418359 63.101100
0.418566 40.198000
0.418773 45.046000
0.418981 39.112500
0.419188 81.337700
0.419395 29.111200
0.419602 26.569700
0.419809 55.185300
0.420017 48.084800
0.420224 29.344800
0.420431 8.977430
0.420638 32.394700
0.420845 15.275200
0.421053 21.872900
0.421260 57.193200
0.421467 34.788400
0.421674 40.824400
0.421881 36.503900
0.422089 46.330500
0.422296 23.007100
0.422503 97.101000
0.422710 36.504200
0.422918 31.649000
0.423125 53.574400
0.423332 37.858900
0.423539 50.006500
0.423746 8.205390
0.423954 43.139700
0.424161 43.675800
0.424368 46.725600
0.424575 80.480900
0.424782 76.589800
0.424990 18.968100
0.425197 51.550600
0.425404 47.155300
0.425611 56.191100
0.425818 39.411100
0.426026 31.838700
0.426233 35.897000
0.426440 8.815880
0.426647 38.408900
0.426855 95.297600
0.427062 2.640070
0.427269 45.771100
0.427476 76.252300
0.427683 18.457400
0.427891 67.543400
0.428098 41.632100
0.428305 82.177200
0.428512 43.040900
0.428719 50.125600
0.428927 68.897500
0.429134 48.883400
0.429341 49.910300
0.429548 47.667800
0.429755 20.060500
0.429963 33.588200
0.430170 28.443600
0.430377 10.113000
0.430584 29.631800
0.430792 7.765680
0.431206 20.079600
0.431413 44.002100
0.431620 25.553000
0.431828 36.531600
0.432035 36.499900
0.432242 40.217800
0.432449 46.987900
0.432656 22.812100
0.432864 55.681000
0.433071 34.702000
0.433278 33.731300
0.433485 57.275800
0.433692 28.212800
0.433900 33.907600
0.434107 34.720100
0.434314 63.013000
0.434521 8.645000
0.434729 30.621800
0.434936 51.072500
0.435143 31.326100
0.435350 65.367100
0.435557 38.418800
0.435765 81.907000
0.435972 59.591500
0.436179 47.572800
0.436386 76.213000
0.436593 43.737800
0.436801 85.544000
0.437008 48.902200
0.437215 36.474600
0.437422 47.126900
0.437630 49.553900
0.437837 58.481700
0.438044 24.985500
0.438251 63.978500
0.438458 11.937800
0.438666 53.866000
0.438873 30.394600
0.439080 47.047000
0.439287 36.373300
0.439494 50.875400
0.439702 36.344800
0.439909 41.733700
0.440116 40.741900
0.440323 39.286300
0.440530 25.258700
0.440738 9.720630
0.440945 48.860800
0.441152 38.085400
0.441359 52.375000
0.441567 53.755200
0.441774 40.387800
0.441981 66.560200
0.442188 26.815700
0.442395 52.623200
0.442603 82.416200
0.442810 29.517100
0.443017 36.454400
0.443224 45.839100
0.443431 27.999700
0.443639 44.815100
0.443846 53.413400
0.444053 50.566100
0.444260 70.254500
0.444467 59.018300
0.444675 55.457500
0.444882 30.424600
0.445089 35.500400
0.445296 52.866000
0.445504 86.625800
0.445711 63.398600
0.445918 24.714800
0.446125 25.365800
0.446332 7.019060
0.446540 24.750400
0.446747 52.402900
0.446954 48.079100
0.447161 23.773800
0.447368 21.309200
0.447576 23.809100
0.447783 53.559700
0.447990 40.501400
0.448197 45.064300
0.448404 24.484600
0.448612 56.649000
0.448819 39.412100
0.449026 25.665000
0.449233 76.879500
0.449441 66.435800
0.449648 46.836900
0.449855 66.048300
0.450062 56.814500
0.450269 14.901900
0.450477 33.843100
0.450684 27.374500
0.450891 35.126600
0.451098 60.615600
0.451305 16.497900
0.451513 33.379100
0.451720 62.381700
0.451927 29.538400
0.452134 40.508300
0.452341 73.322400
0.452549 46.670700
0.452756 37.363900
0.452963 62.905700
0.453170 29.299900
0.453378 72.945600
0.453585 59.791900
0.453792 49.993800
0.453999 39.269300
0.454206 33.238300
0.454414 50.537300
0.454621 2.411720
0.454828 28.095800
0.455035 51.047500
0.455242 73.831600
0.455450 44.377900
0.455657 62.033600
0.455864 38.179600
0.456071 35.981700
0.456278 9.970240
0.456486 33.020300
0.456693 41.040200
0.456900 62.572500
0.457107 29.267000
0.457315 40.492500
0.457522 34.919400
0.457729 43.342300
0.457936 35.053300
0.458143 81.001600
0.458351 11.538900
0.458558 35.869300
0.458765 64.342600
0.458972 35.352600
0.459179 36.459500
0.459387 35.037100
0.459594 30.495800
0.459801 27.943700
0.460008 57.255300
0.460215 71.580400
0.460423 65.838200
0.460630 35.847700
0.460837 15.767700
0.461044 84.251800
0.461252 57.849200
0.461459 72.231900
0.461666 53.458900
0.461873 28.040700
0.462080 60.157000
0.462288 28.305600
0.462495 70.081400
0.462702 42.146000
0.462909 8.855210
0.463116 10.481700
0.463324 40.897400
0.463531 65.449700
0.463738 27.675700
0.463945 57.150900
0.464153 45.098400
0.464360 44.436800
0.464567 33.735100
0.464774 23.846300
0.464981 21.322700
0.465189 40.934500
0.465396 25.036400
0.465603 62.282400
0.465810 18.747300
0.466017 50.187000
0.466225 48.459600
0.466432 8.665270
0.466639 85.821200
0.466846 47.696800
0.467053 62.493100
0.467261 70.140900
0.467468 46.730600
0.467675 4.813650
0.467882 68.908800
0.468090 6.991940
0.468297 45.083200
0.468504 56.496400
0.468711 65.582600
0.468918 39.545400
0.469126 29.037200
0.469333 62.236000
0.469540 44.157900
0.469747 25.420900
0.469954 71.089800
0.470162 50.820900
0.470369 10.146600
0.470576 54.016200
0.470783 50.280000
0.470990 7.432870
0.471198 84.944000
0.471405 68.793300
0.471612 7.364700
0.471819 46.754600
0.472027 57.786500
0.472234 15.871000
0.472441 32.273200
0.472648 47.189800
0.472855 58.751100
0.473063 42.351300
0.473270 63.353100
0.473477 21.632100
0.473684 52.961200
0.473891 36.311900
0.474099 52.286400
0.474306 97.435100
0.474513 10.967500
0.474720 12.441200
0.474927 53.235900
0.475135 40.897500
0.475342 4.275680
0.475549 59.947700
0.475756 51.484300
0.475964 54.504800
0.476171 34.107200
0.476378 47.492400
0.476585 50.270100
0.476792 33.447700
0.477000 27.022600
0.477207 57.440700
0.477414 58.801700
0.477621 35.041400
0.477828 45.135800
0.478036 7.729780
0.478243 4.830480
0.478450 35.974100
0.478657 65.179300
0.478864 36.149200
0.479072 12.063600
0.479279 59.076100
0.479486 49.400700
0.479693 22.075400
0.479901 81.056700
0.480108 62.628200
0.480315 53.149900
0.480522 36.604900
0.480729 35.000100
0.480937 23.002500
0.481144 3.875490
0.481351 79.110000
0.481558 47.900400
0.481765 21.995500
0.481973 44.500500
0.482180 63.034200
0.482387 64.614400
0.482594 59.967100
0.482801 55.025900
0.483009 42.372900
0.483216 50.173500
0.483423 26.600700
0.483630 45.256700
0.483838 36.501700
0.484045 37.633700
0.484252 44.302200
0.484459 65.876600
0.484666 39.219500
0.484874 6.206070
0.485081 10.687700
0.485288 36.984100
0.485495 59.926700
0.485702 81.771800
0.485910 45.472500
0.486117 44.829200
0.486324 63.916200
0.486531 27.343600
0.486738 25.465900
0.486946 29.287600
0.487153 62.336700
0.487360 90.793200
0.487567 38.428700
0.487775 44.989600
0.487982 40.320800
0.488189 7.188820
0.488396 68.563900
0.488603 18.081900
0.488811 24.612800
0.489018 50.472700
0.489225 25.133200
0.489432 21.342500
0.489639 14.066900
0.489847 45.689600
0.490054 78.548600
0.490261 38.712600
0.490468 33.858900
0.490676 40.422300
0.490883 9.988000
0.491090 7.619170
0.491297 31.950700
0.491504 67.984700
0.491712 65.372400
0.491919 36.131300
0.492126 37.586200
0.492333 18.318300
0.492540 58.566000
0.492748 69.231200
0.492955 10.512700
0.493162 34.025700
0.493369 80.391900
0.493576 58.715100
0.493784 37.321400
0.493991 45.080400
0.494198 25.253700
0.494405 93.093100
0.494613 50.794900
0.494820 60.173500
0.495027 55.316000
0.495234 6.539480
0.495441 22.829000
0.495649 54.934400
0.495856 87.093200
0.496063 14.441300
0.496270 12.581200
0.496477 76.709200
0.496685 36.693300
0.496892 56.645200
0.497099 49.472900
0.497306 68.464300
0.497513 42.239300
0.497721 11.441600
0.497928 76.667900
0.498135 70.047200
0.498342 36.376000
0.498550 77.510000
0.498757 48.125500
0.498964 52.092900
0.499171 36.869400
0.499378 21.720000
0.499586 58.073500
0.499793 34.190800
0.500000 32.025800
0.500207 55.049800
0.500414 50.362500
0.500622 56.627200
0.500829 9.061070
0.501036 45.834600
0.501243 35.833200
0.501450 47.375800
0.501658 88.237700
0.501865 25.694500
0.502072 48.568800
0.502279 36.322900
0.502487 8.708650
0.502694 5.945130
0.502901 51.416700
0.503108 44.305900
0.503315 8.322640
0.503523 96.203600
0.503730 58.171200
0.503937 56.050300
0.504144 85.142900
0.504351 49.494700
0.504559 64.486600
0.504766 16.072700
0.504973 16.537000
0.505180 26.336100
0.505387 7.347280
0.505595 58.537400
0.505802 42.238300
0.506009 41.201200
0.506216 54.475500
0.506424 50.550200
0.506631 44.572800
0.506838 49.320000
0.507045 64.285600
0.507252 30.567500
0.507460 74.732200
0.507667 52.976800
0.507874 37.746300
0.508081 50.559700
0.508288 48.186700
0.508496 7.776600
0.508703 26.091200
0.508910 50.740700
0.509117 25.408100
0.509324 42.868900
0.509532 45.580100
0.509739 26.243400
0.509946 80.033700
0.510153 74.795200
0.510361 31.978900
0.510775 37.107600
0.510982 45.693600
0.511189 78.841900
0.511397 71.274000
0.511604 78.377000
0.511811 33.891100
0.512018 37.753400
0.512225 44.198000
0.512433 43.509000
0.512640 37.071900
0.512847 51.965200
0.513054 61.197400
0.513262 14.974300
0.513469 24.887800
0.513676 96.964100
0.513883 27.378300
0.514090 72.863800
0.514298 32.330900
0.514505 88.273200
0.514712 48.782600
0.514919 57.134400
0.515126 63.230500
0.515334 36.650700
0.515541 74.297900
0.515748 64.672100
0.515955 67.907000
0.516162 42.063100
0.516370 17.469200
0.516577 12.717400
0.516784 47.367100
0.516991 22.648900
0.517199 57.558500
0.517406 65.528900
0.517613 16.238300
0.517820 67.540200
0.518027 51.469100
0.518235 5.515460
0.518442 54.667200
0.518649 40.816600
0.518856 23.835600
0.519063 68.533200
0.519271 40.790800
0.519478 47.931400
0.519685 68.207000
0.519892 28.845800
0.520099 67.921600
0.520307 69.739100
0.520514 39.879000
0.520721 39.764700
0.520928 70.689500
0.521136 55.159500
0.521343 69.980100
0.521550 45.528600
0.521757 39.253200
0.521964 63.193000
0.522172 27.941300
0.522379 51.828400
0.522586 28.086800
0.522793 31.558300
0.523000 60.511800
0.523208 83.533300
0.523415 8.099360
0.523622 51.772000
0.523829 24.304300
0.524036 26.638800
0.524244 79.738200
0.524451 42.209200
0.524658 38.716800
0.524865 25.777100
0.525073 17.423900
0.525280 29.695800
0.525487 69.514200
0.525694 45.605400
0.525901 48.053900
0.526109 8.042820
0.526316 40.363500
0.526523 42.583100
0.526730 43.993500
0.526937 32.369300
0.527145 37.682500
0.527352 66.044500
0.527559 35.211500
0.527766 71.369500
0.527973 15.811100
0.528181 47.512300
0.528388 32.333400
0.528595 33.557100
0.528802 41.363100
0.529010 7.590120
0.529217 23.189000
0.529424 50.909800
0.529631 52.156100
0.529838 35.322600
0.530046 30.090800
0.530253 50.046000
0.530460 25.784800
0.530667 57.249100
0.530874 44.295700
0.531082 29.582100
0.531289 69.435300
0.531496 44.805600
0.531703 85.563900
0.531910 48.270400
0.532118 33.019700
0.532325 7.205620
0.532532 38.951000
0.532739 49.168100
0.532947 71.152900
0.533154 10.702400
0.533361 51.225200
0.533568 47.785900
0.533775 73.267000
0.533983 59.017000
0.534190 49.758200
0.534397 33.087000
0.534604 8.776500
0.534811 8.988820
0.535019 56.675300
0.535226 49.315900
0.535433 7.778040
0.535640 58.398900
0.535847 68.715400
0.536055 39.165600
0.536262 80.967100
0.536469 32.743300
0.536676 64.056100
0.536884 37.270400
0.537091 62.423600
0.537298 44.801000
0.537505 76.595000
0.537712 54.220500
0.537920 51.960900
0.538127 14.688900
0.538334 55.636900
0.538541 25.179200
0.538748 36.721500
0.538956 11.223600
0.539163 8.279830
0.539370 50.394500
0.539577 47.249200
0.539785 22.532400
0.539992 72.320400
0.540199 47.383600
0.540406 22.789700
0.540613 15.752800
0.540821 47.064200
0.541028 59.379300
0.541235 14.399200
0.541442 78.587100
0.541649 23.167900
0.541857 23.351500
0.542064 38.264600
0.542271 27.744300
0.542478 8.447090
0.542685 48.392500
0.542893 49.487900
0.543100 66.316900
0.543307 92.063600
0.543514 68.594400
0.543722 21.707400
0.543929 61.135000
0.544136 26.886700
0.544343 40.613600
0.544550 28.310400
0.544758 92.577700
0.544965 30.135500
0.545172 39.596700
0.545379 25.626300
0.545586 42.696000
0.545794 28.288400
0.546001 31.970200
0.546208 40.695900
0.546415 30.995200
0.546622 37.399200
0.546830 97.916200
0.547037 26.458900
0.547244 74.746400
0.547451 28.546300
0.547659 34.238600
0.547866 79.431600
0.548073 78.303400
0.548280 52.239600
0.548487 79.495800
0.548695 18.324200
0.548902 43.255800
0.549109 74.081700
0.549316 41.566300
0.549523 52.701900
0.549731 18.304800
0.549938 21.820500
0.550145 49.795700
0.550352 35.237600
0.550559 46.003200
0.550767 23.844300
0.550974 63.036100
0.551181 45.669000
0.551388 56.666400
0.551596 32.933600
0.551803 93.200500
0.552010 50.182200
0.552217 53.869600
0.552424 57.144200
0.552632 35.710100
0.552839 65.053400
0.553046 9.723790
0.553253 62.447300
0.553460 30.783900
0.553668 79.819400
0.553875 43.848900
0.554082 76.116100
0.554289 24.545600
0.554496 40.262700
0.554704 62.003200
0.554911 10.636600
0.555118 52.608900
0.555325 9.914160
0.555533 61.393900
0.555740 35.532700
0.555947 57.987900
0.556154 33.682100
0.556361 36.064400
0.556569 27.587000
0.556776 63.831400
0.556983 7.865130
0.557190 99.104800
0.557397 59.413600
0.557605 88.421500
0.557812 14.620800
0.558019 40.123900
0.558226 6.986950
0.558433 66.528300
0.558641 35.694200
0.558848 33.363700
0.559262 10.814700
0.559470 46.972100
0.559677 16.322400
0.559884 33.599400
0.560091 32.178600
0.560298 33.998900
0.560506 71.014400
0.560713 7.650560
0.560920 41.050600
0.561127 11.104500
0.561334 53.485900
0.561542 78.140700
0.561749 70.700000
0.561956 41.436700
0.562163 10.121800
0.562370 13.713200
0.562578 39.986500
0.562785 53.656900
0.562992 79.919700
0.563199 35.794900
0.563407 94.465900
0.563614 33.956600
0.563821 59.081900
0.564028 49.111400
0.564235 55.452400
0.564443 19.550200
0.564650 37.071300
0.564857 40.049600
0.565064 37.235400
0.565271 17.718000
0.565479 35.447500
0.565686 26.157900
0.565893 50.388000
0.566100 24.784000
0.566308 57.757900
0.566515 55.224200
0.566722 5.524520
0.566929 51.898000
0.567136 84.380200
0.567344 31.806300
0.567551 59.382500
0.567758 54.719500
0.567965 45.369300
0.568172 88.422900
0.568380 32.645600
0.568587 47.953500
0.568794 45.260800
0.569001 43.867700
0.569208 44.190200
0.569416 34.705900
0.569623 48.604400
0.569830 21.223400
0.570037 27.892200
0.570245 43.521600
0.570452 24.933900
0.570659 50.603700
0.570866 41.914100
0.571073 30.497200
0.571281 40.040800
0.571488 14.347900
0.571695 37.730100
0.571902 36.554600
0.572109 29.026300
0.572317 30.380200
0.572524 38.564100
0.572731 37.565900
0.572938 58.326200
0.573145 47.061300
0.573353 8.881650
0.573560 42.182900
0.573767 29.894300
0.573974 64.129800
0.574182 39.610800
0.574596 24.101900
0.574803 43.316600
0.575010 44.135800
0.575218 49.413700
0.575425 34.967800
0.575632 71.810800
0.575839 28.451700
0.576046 46.876900
0.576254 60.754800
0.576461 32.022900
0.576668 28.570300
0.576875 24.660500
0.577082 57.232800
0.577290 39.514600
0.577497 80.355500
0.577704 52.724900
0.577911 20.585400
0.578119 40.311300
0.578326 54.042500
0.578533 53.648600
0.578740 35.219200
0.578947 37.877000
0.579155 73.737700
0.579362 21.748200
0.579569 8.607820
0.579776 17.537200
0.579983 25.022500
0.580191 33.326200
0.580398 35.592900
0.580605 39.847900
0.580812 42.402500
0.581019 13.855200
0.581227 59.152900
0.581434 44.742100
0.581641 58.084700
0.581848 52.946900
0.582056 65.421200
0.582263 61.870600
0.582470 72.673500
0.582677 30.681200
0.582884 24.161900
0.583092 26.472400
0.583299 4.223430
0.583506 80.571400
0.583713 36.337300
0.583920 58.884900
0.584128 72.139500
0.584335 66.932700
0.584542 83.324800
0.584749 22.373800
0.584956 45.703100
0.585164 42.511800
0.585371 29.590600
0.585578 30.151400
0.585785 52.596100
0.585993 10.158900
0.586200 16.118600
0.586407 54.972600
0.586614 36.082200
0.586821 55.022900
0.587029 9.330130
0.587236 33.100200
0.587443 25.704700
0.587650 6.085320
0.587857 49.824200
0.588065 62.542100
0.588272 86.126600
0.588479 40.736700
0.588686 25.513200
0.588893 27.237500
0.589101 26.528800
0.589308 6.863090
0.589515 29.193600
0.589722 56.455500
0.589930 46.267800
0.590137 48.292200
0.590344 34.999600
0.590551 17.529700
0.590758 58.848500
0.590966 47.616700
0.591173 67.534500
0.591380 62.254700
0.591587 45.971700
0.591794 74.577800
0.592002 8.777560
0.592209 50.755600
0.592416 38.521700
0.592623 77.526500
0.592831 40.505300
0.593038 34.518900
0.593245 89.018700
0.593452 34.180000
0.593659 8.730930
0.593867 26.952700
0.594074 77.023600
0.594281 36.471600
0.594488 29.379200
0.594695 30.875200
0.594903 16.734100
0.595110 81.403100
0.595317 41.844600
0.595524 53.444200
0.595731 84.035600
0.595939 87.019800
0.596146 52.248300
0.596353 67.758900
0.596560 16.440000
0.596768 39.714800
0.596975 19.420600
0.597182 53.872000
0.597389 5.604470
0.597596 29.684500
0.597804 47.753400
0.598011 34.745900
0.598218 26.905500
0.598425 34.609300
0.598632 13.108200
0.598840 63.774300
0.599047 87.051100
0.599254 63.980700
0.599461 42.627600
0.599668 4.265280
0.599876 38.320500
0.600083 49.806800
0.600290 24.260100
0.600497 88.163600
0.600705 71.579800
0.600912 40.020900
0.601119 51.223700
0.601326 41.196900
0.601533 49.791500
0.601741 11.312900
0.601948 63.338400
0.602155 81.211100
0.602362 89.241400
0.602569 61.401900
0.602777 42.080900
0.602984 39.446900
0.603191 35.445700
0.603398 50.836800
0.603605 56.382100
0.603813 39.401500
0.604020 70.779700
0.604227 37.120400
0.604434 45.837000
0.604642 36.556400
0.604849 62.871500
0.605056 73.913900
0.605263 70.975700
0.605470 11.119800
0.605678 2.735920
0.605885 64.209300
0.606092 31.882300
0.606299 67.732800
0.606506 27.753200
0.606714 38.648100
0.606921 83.202100
0.607128 38.618100
0.607335 37.274700
0.607542 52.677000
0.607750 68.509600
0.607957 48.581500
0.608164 54.437500
0.608371 58.584100
0.608579 38.422000
0.608786 52.005200
0.608993 80.659500
0.609200 39.764400
0.609407 28.890600
0.609615 28.403700
0.609822 52.708700
0.610029 52.697600
0.610236 50.233900
0.610443 13.945600
0.610651 38.324200
0.610858 62.491700
0.611065 85.844000
0.611272 48.982100
0.611479 62.839800
0.611687 80.668300
0.611894 37.432500
0.612101 68.698900
0.612308 11.505300
0.612516 8.360580
0.612723 47.335300
0.612930 45.190400
0.613137 67.626000
0.613344 54.764400
0.613552 31.968400
0.613759 42.398700
0.613966 57.343800
0.614173 50.197300
0.614380 50.991700
0.614588 61.418000
0.614795 39.842300
0.615002 64.445900
0.615209 65.439600
0.615416 62.187500
0.615624 9.977540
0.615831 73.418200
0.616038 28.825100
0.616245 31.176200
0.616453 43.557300
0.616660 48.499300
0.616867 74.019600
0.617074 11.141400
0.617281 58.554600
0.617489 49.764600
0.617696 26.527000
0.617903 21.194700
0.618110 30.006500
0.618317 30.074300
0.618525 30.198700
0.618732 45.723400
0.618939 41.120000
0.619146 67.272200
0.619354 61.292000
0.619561 32.911300
0.619768 22.884800
0.619975 67.813700
0.620182 93.317800
0.620390 17.740400
0.620597 63.888600
0.620804 53.595400
0.621011 60.553500
0.621218 31.760300
0.621426 85.537300
0.621633 87.163500
0.621840 62.681400
0.622047 28.772600
0.622254 43.143800
0.622462 38.218000
0.622669 47.864200
0.622876 64.102600
0.623083 33.249200
0.623291 77.513600
0.623498 49.341400
0.623705 55.932700
0.623912 25.749400
0.624119 17.459800
0.624327 34.960500
0.624534 32.685300
0.624741 70.047800
0.624948 77.563000
0.625155 48.693600
0.625363 90.277400
0.625570 49.773200
0.625777 21.281300
0.625984 64.596000
0.626191 32.235400
0.626399 63.256900
0.626606 33.891500
0.626813 33.082000
0.627020 72.258900
0.627228 55.882800
0.627435 46.074400
0.627642 41.630200
0.627849 11.304500
0.628056 43.551700
0.628264 46.782300
0.628471 11.740600
0.628678 50.049100
0.628885 39.715700
0.629092 64.154500
0.629300 16.012600
0.629507 50.073600
0.629714 41.331800
0.629921 69.476200
0.630128 43.281600
0.630336 39.664700
0.630543 32.393000
0.630750 58.356200
0.630957 27.934300
0.631165 56.240300
0.631372 81.559000
0.631579 60.900500
0.631786 38.618600
0.631993 33.797100
0.632201 25.617600
0.632408 22.205000
0.632615 45.575000
0.632822 62.704400
0.633029 30.238000
0.633237 64.821300
0.633444 66.517300
0.633651 5.017840
0.633858 47.950900
0.634065 38.314500
0.634273 29.691800
0.634480 1.914140
0.634687 69.776100
0.634894 42.068200
0.635102 47.504100
0.635309 68.366100
0.635516 21.978100
0.635723 28.313700
0.635930 51.896700
0.636138 58.929000
0.636345 51.832100
0.636552 84.866500
0.636759 67.054600
0.636966 66.870800
0.637174 14.329100
0.637381 51.850100
0.637588 16.561100
0.637795 51.319000
0.638002 61.576700
0.638210 59.126400
0.638417 38.109400
0.638624 56.062400
0.638831 56.215900
0.639039 47.328600
0.639246 48.467300
0.639453 67.586200
0.639660 34.951000
0.639867 64.976400
0.640075 9.097790
0.640282 38.089600
0.640489 65.363300
0.640696 40.729500
0.640903 61.549500
0.641111 62.899800
0.641318 49.858900
0.641525 71.352700
0.641732 74.933900
0.641939 40.765200
0.642147 25.670000
0.642354 65.266100
0.642561 54.278300
0.642768 49.805400
0.642976 16.369400
0.643183 56.648900
0.643390 50.373300
0.643597 36.750600
0.643804 41.244200
0.644012 32.683600
0.644219 34.235900
0.644426 30.746700
0.644633 5.608340
0.644840 35.048700
0.645048 40.740800
0.645255 28.602100
0.645462 50.313200
0.645669 40.626300
0.645877 54.164800
0.646084 8.264920
0.646291 58.261600
0.646498 52.619900
0.646705 49.653100
0.646913 45.936300
0.647120 81.691900
0.647327 10.076800
0.647534 27.363000
0.647741 44.821200
0.647949 30.321900
0.648156 37.375200
0.648363 63.271100
0.648570 85.648000
0.648777 53.702100
0.648985 84.972800
0.649192 56.691000
0.649399 59.305500
0.649606 8.796150
0.649814 72.031200
0.650021 49.753900
0.650228 72.280600
0.650435 60.033700
0.650642 34.966000
0.650850 48.241600
0.651057 26.614600
0.651264 48.054200
0.651471 55.627300
0.651678 32.858000
0.651886 66.522500
0.652093 30.762600
0.652300 32.104800
0.652507 80.706300
0.652714 51.940100
0.652922 33.180000
0.653129 57.620900
0.653336 82.021000
0.653543 7.041070
0.653751 27.965700
0.653958 78.832800
0.654165 80.481900
0.654372 57.767600
0.654579 85.847400
0.654787 7.022640
0.654994 79.731000
0.655201 33.017200
0.655408 54.417200
0.655615 47.698200
0.656030 19.621800
0.656237 47.818500
0.656444 32.317600
0.656651 37.729800
0.656859 35.829300
0.657066 19.709900
0.657273 23.088400
0.657480 56.500800
0.657688 15.914800
0.657895 39.865100
0.658102 29.877500
0.658309 38.603800
0.658516 33.491400
0.658724 78.867500
0.658931 52.165900
0.659138 19.164600
0.659345 42.166900
0.659552 71.047600
0.659760 62.986800
0.659967 51.273300
0.660174 43.314200
0.660381 50.651600
0.660588 18.210700
0.660796 46.291800
0.661003 8.525220
0.661210 21.760900
0.661417 17.706600
0.661625 22.488500
0.661832 29.820200
0.662039 65.068100
0.662246 41.592000
0.662453 63.704900
0.662661 85.551800
0.662868 64.132900
0.663075 12.617200
0.663282 16.489200
0.663489 64.457900
0.663697 36.125800
0.663904 38.949900
0.664111 35.534300
0.664318 75.419200
0.664525 49.428200
0.664733 50.385900
0.664940 45.273200
0.665147 67.935200
0.665354 55.551200
0.665562 46.715100
0.665769 27.148300
0.665976 55.583500
0.666183 69.288900
0.666390 51.565500
0.666598 32.037400
0.666805 45.061500
0.667012 55.740000
0.667219 53.092400
0.667426 28.016600
0.667634 74.359700
0.667841 2.142570
0.668048 39.605100
0.668255 39.243600
0.668462 33.718400
0.668670 50.526100
0.668877 34.405100
0.669084 63.075400
0.669291 12.935800
0.669499 64.312600
0.669706 57.420900
0.669913 90.736400
0.670120 55.096800
0.670327 49.880300
0.670535 41.341500
0.670742 67.177000
0.670949 29.505900
0.671156 36.894100
0.671363 79.156700
0.671571 43.411900
0.671778 80.596600
0.671985 44.813300
0.672192 21.090200
0.672400 9.196870
0.672607 66.428500
0.672814 67.909400
0.673021 48.446700
0.673228 36.208400
0.673436 8.591920
0.673643 32.096300
0.673850 38.980000
0.674057 37.005300
0.674264 14.966800
0.674472 36.634000
0.674679 89.339200
0.674886 63.956200
0.675093 40.703200
0.675300 54.867500
0.675508 56.717400
0.675715 35.651400
0.675922 28.736500
0.676129 61.063800
0.676337 45.417400
0.676544 63.227900
0.676751 61.572600
0.676958 50.391000
0.677165 7.310330
0.677373 81.372900
0.677580 39.523300
0.677787 56.316000
0.677994 53.476700
0.678201 55.053000
0.678409 80.893300
0.678616 52.821800
0.678823 9.244680
0.679030 14.411300
0.679237 12.310600
0.679445 88.916100
0.679652 40.087900
0.679859 56.110700
0.680066 35.090300
0.680274 21.775700
0.680481 36.884600
0.680688 40.946800
0.680895 44.890500
0.681102 42.804600
0.681310 42.430400
0.681517 59.582500
0.681724 39.061000
0.681931 50.057900
0.682138 59.352500
0.682346 64.296200
0.682553 68.922800
0.682760 42.496200
0.682967 46.441600
0.683174 58.995000
0.683382 32.986800
0.683589 65.814400
0.683796 28.319900
0.684003 55.467900
0.684211 32.896500
0.684418 8.443730
0.684625 37.154500
0.684832 73.153200
0.685039 27.501300
0.685247 27.371400
0.685454 69.148300
0.685661 33.711000
0.685868 61.954300
0.686075 19.368800
0.686283 48.122100
0.686490 49.575400
0.686697 23.658100
0.686904 29.200400
0.687111 36.436400
0.687319 22.447700
0.687526 84.350800
0.687733 72.191500
0.687940 38.082100
0.688148 63.751200
0.688355 62.534100
0.688562 78.775600
0.688769 39.228100
0.688976 42.971700
0.689184 60.263000
0.689391 14.906700
0.689598 7.556020
0.689805 42.793200
0.690012 29.770600
0.690220 50.139100
0.690427 59.367800
0.690634 79.496000
0.690841 82.459700
0.691048 28.551300
0.691256 21.851500
0.691463 47.452900
0.691670 67.017400
0.691877 52.681000
0.692085 9.362570
0.692292 71.897000
0.692499 7.997760
0.692706 28.506300
0.692913 68.858400
0.693121 25.872400
0.693328 89.484900
0.693535 50.110400
0.693742 42.027900
0.693949 51.486900
0.694157 64.387500
0.694364 38.010600
0.694571 15.800900
0.694778 19.485100
0.694985 35.433900
0.695193 53.590500
0.695400 7.215420
0.695607 59.420700
0.695814 58.743900
0.696022 51.826800
0.696229 23.214600
0.696436 47.602900
0.696643 25.997400
0.696850 34.631600
0.697058 10.200000
0.697265 6.293850
0.697472 35.553500
0.697679 35.469100
0.697886 31.509500
0.698094 40.416300
0.698301 64.881000
0.698508 49.635800
0.698715 84.151500
0.698923 67.574300
0.699130 7.064500
0.699337 49.029800
0.699544 69.436200
0.699751 66.839700
0.699959 27.948500
0.700166 25.513800
0.700373 62.630400
0.700580 75.080600
0.700787 58.644900
0.700995 27.558900
0.701202 44.246600
0.701409 59.757300
0.701616 19.741800
0.701823 50.824500
0.702031 87.154800
0.702238 41.996000
0.702445 29.611700
0.702652 55.031600
0.703067 32.498100
0.703274 26.865500
0.703481 53.318900
0.703688 39.454600
0.703896 37.403000
0.704103 48.680300
0.704310 60.157500
0.704517 38.856400
0.704724 55.244000
0.704932 56.013300
0.705139 52.116200
0.705346 56.940900
0.705553 40.982400
0.705760 29.028800
0.705968 42.349600
0.706175 41.954500
0.706382 50.547700
0.706589 40.651900
0.706797 67.641800
0.707004 49.992500
0.707211 19.751400
0.707418 31.342300
0.707625 20.849900
0.707833 69.049900
0.708040 67.702600
0.708247 78.975900
0.708454 57.350600
0.708661 84.334100
0.708869 46.550700
0.709076 72.059400
0.709283 39.123200
0.709490 32.449100
0.709697 50.965800
0.709905 22.601000
0.710112 45.456500
0.710319 50.872400
0.710526 39.419900
0.710734 52.451800
0.710941 35.835800
0.711148 10.088300
0.711355 40.863700
0.711562 4.752480
0.711770 21.687500
0.711977 43.747200
0.712184 26.577000
0.712391 34.411600
0.712598 8.635670
0.712806 37.239100
0.713013 60.885700
0.713220 21.556600
0.713427 78.858000
0.713634 25.815400
0.713842 10.717300
0.714049 46.791500
0.714256 39.584800
0.714463 48.418000
0.714671 41.610200
0.714878 27.547300
0.715085 54.491900
0.715292 59.663300
0.715499 59.555000
0.715707 62.699400
0.715914 69.047500
0.716121 31.332000
0.716328 9.377510
0.716535 73.234600
0.716743 62.659400
0.716950 40.391900
0.717157 67.665100
0.717364 61.771700
0.717571 31.211200
0.717779 17.251000
0.717986 42.970100
0.718193 8.954730
0.718400 99.282500
0.718608 37.205000
0.718815 33.387000
0.719022 26.893700
0.719229 58.796700
0.719436 77.552300
0.719644 41.687000
0.719851 74.277300
0.720058 35.665800
0.720265 47.363200
0.720472 40.054900
0.720680 60.320300
0.720887 29.781700
0.721094 60.566100
0.721301 51.100900
0.721508 64.832900
0.721716 51.545400
0.721923 21.719200
0.722130 39.737900
0.722337 82.809300
0.722545 82.644700
0.722752 67.808200
0.722959 77.644500
0.723166 60.255500
0.723373 74.097400
0.723581 39.824600
0.723788 55.438700
0.723995 51.652700
0.724202 47.414700
0.724409 22.598500
0.724617 38.608700
0.724824 8.612590
0.725031 23.685900
0.725238 50.292400
0.725446 54.397700
0.725653 6.433780
0.725860 34.427700
0.726067 33.389200
0.726274 44.937100
0.726482 68.160400
0.726689 57.880500
0.726896 68.343200
0.727103 75.443000
0.727310 67.171000
0.727518 34.592400
0.727725 47.605500
0.727932 35.276900
0.728139 51.202000
0.728346 59.337200
0.728554 58.598900
0.728761 24.762800
0.728968 49.044300
0.729175 42.145300
0.729383 40.045600
0.729590 31.926000
0.729797 5.301320
0.730004 88.277500
0.730211 76.352000
0.730419 26.373200
0.730626 38.466100
0.730833 53.672800
0.731040 21.244300
0.731247 58.383600
0.731455 47.136400
0.731662 56.153600
0.731869 7.886840
0.732076 61.891000
0.732283 69.835700
0.732491 58.720700
0.732698 52.515600
0.732905 22.463500
0.733112 40.782700
0.733320 34.923800
0.733527 31.537100
0.733734 46.448200
0.733941 43.442800
0.734148 36.893600
0.734356 38.674900
0.734563 71.186300
0.734770 13.443700
0.734977 43.751700
0.735184 2.826610
0.735392 42.719400
0.735599 57.240400
0.735806 92.473400
0.736013 57.575700
0.736220 22.478800
0.736428 39.190100
0.736635 24.689200
0.736842 41.063300
0.737049 44.347800
0.737257 17.749000
0.737464 30.788900
0.737671 31.751800
0.737878 72.844000
0.738085 72.218700
0.738293 55.015600
0.738500 21.299700
0.738707 36.214700
0.738914 47.969900
0.739121 60.725000
0.739329 37.051100
0.739536 50.963000
0.739743 28.966300
0.739950 53.504600
0.740157 26.516500
0.740365 63.834300
0.740572 55.680800
0.740779 89.239600
0.740986 59.422000
0.741194 32.134700
0.741401 34.351800
0.741608 7.371040
0.741815 54.846500
0.742022 46.155900
0.742230 47.761900
0.742437 34.870700
0.742644 15.038400
0.742851 30.546900
0.743058 77.163300
0.743266 85.703100
0.743473 30.695000
0.743680 65.025600
0.743887 37.795800
0.744094 38.332600
0.744302 40.239600
0.744509 50.906000
0.744716 83.655700
0.744923 43.663700
0.745131 57.495700
0.745338 19.647200
0.745545 21.254800
0.745752 30.018500
0.745959 54.160800
0.746167 33.874400
0.746374 49.068200
0.746581 54.376200
0.746788 86.810600
0.746995 44.788500
0.747203 32.891800
0.747410 33.374100
0.747617 28.198900
0.747824 66.059600
0.748031 34.870500
0.748239 20.935900
0.748446 40.772000
0.748653 11.755100
0.748860 35.283500
0.749068 26.298600
0.749275 40.422100
0.749482 46.663900
0.749689 41.332800
0.749896 63.764600
0.750104 10.712900
0.750311 78.441700
0.750518 7.728670
0.750725 64.725200
0.750932 9.346520
0.751140 57.108700
0.751347 84.235200
0.751554 77.039900
0.751761 68.804800
0.751969 34.558400
0.752176 61.979100
0.752383 73.028600
0.752590 28.714600
0.752797 48.153000
0.753005 40.807500
0.753212 68.577200
0.753419 35.571700
0.753626 44.908000
0.753833 72.298300
0.754041 41.676100
0.754248 27.473400
0.754455 25.391300
0.754662 29.664500
0.754869 28.965800
0.755077 54.701500
0.755284 67.207200
0.755491 37.193200
0.755698 29.840300
0.755906 50.773400
0.756113 67.502900
0.756320 46.912200
0.756527 71.659400
0.756734 91.294600
0.756942 18.861600
0.757149 50.984500
0.757356 38.983400
0.757563 33.004100
0.757770 79.886300
0.757978 57.505800
0.758185 7.918170
0.758392 47.927600
0.758599 50.310400
0.758806 54.644400
0.759014 59.632900
0.759221 39.276900
0.759428 52.962400
0.759635 37.534400
0.759843 7.582300
0.760050 67.988400
0.760257 21.246300
0.760464 5.331670
0.760671 18.060200
0.760879 56.700200
0.761086 37.471700
0.761293 72.005300
0.761500 87.385600
0.761707 57.989900
0.761915 19.433400
0.762122 42.941700
0.762329 77.416300
0.762536 8.788790
0.762743 45.581700
0.762951 67.883900
0.763158 31.852000
0.763365 65.213200
0.763572 6.272740
0.763780 61.153800
0.763987 29.503900
0.764194 33.643000
0.764401 68.129500
0.764608 30.682600
0.764816 30.868000
0.765023 33.142100
0.765230 61.367300
0.765437 59.438300
0.765644 8.152100
0.765852 50.464000
0.766059 8.383410
0.766266 35.312600
0.766473 33.204800
0.766680 28.176800
0.766888 30.053200
0.767095 38.685900
0.767302 46.570400
0.767509 64.700000
0.767717 45.521100
0.767924 18.567700
0.768131 34.753000
0.768338 23.197400
0.768545 42.354600
0.768753 37.713700
0.768960 37.207400
0.769167 34.236500
0.769374 28.592900
0.769581 18.530300
0.769789 72.603400
0.769996 19.174200
0.770203 35.267300
0.770410 34.719000
0.770617 71.978400
0.770825 85.793700
0.771032 14.908300
0.771239 38.950000
0.771446 7.707350
0.771654 47.903900
0.771861 55.399700
0.772068 26.323900
0.772275 30.123800
0.772482 17.288100
0.772690 29.608600
0.772897 37.888300
0.773104 1.765000
0.773311 51.393800
0.773518 46.626200
0.773726 60.601600
0.773933 17.338700
0.774140 7.213010
0.774347 78.444700
0.774554 54.967300
0.774762 34.245200
0.774969 62.898300
0.775176 22.674200
0.775383 94.969700
0.775591 30.898900
0.775798 84.359500
0.776005 31.430700
0.776212 41.855100
0.776419 61.840200
0.776627 73.841700
0.776834 77.766500
0.777041 34.257400
0.777248 19.399500
0.777455 6.854730
0.777663 47.201400
0.777870 3.498020
0.778077 16.513100
0.778284 96.584300
0.778492 7.715530
0.778699 42.079900
0.778906 45.133500
0.779113 55.900000
0.779320 35.174400
0.779528 49.413900
0.779735 76.238500
0.779942 57.013700
0.780149 53.820000
0.780356 56.174200
0.780564 74.671700
0.780771 6.583530
0.780978 58.263800
0.781185 41.039000
0.781392 34.041500
0.781600 52.698500
0.781807 62.130600
0.782014 49.568400
0.782221 86.300200
0.782429 7.191250
0.782636 40.238600
0.782843 51.376800
0.783050 24.571800
0.783257 34.740300
0.783465 13.934000
0.783672 36.514400
0.783879 53.432000
0.784086 41.820900
0.784293 68.157700
0.784501 66.685300
0.784708 89.112000
0.784915 33.954600
0.785122 48.129200
0.785329 51.354300
0.785537 83.358900
0.785744 30.216400
0.785951 34.599300
0.786158 39.154200
0.786366 49.499500
0.786573 68.525100
0.786780 24.560500
0.786987 73.996500
0.787194 41.725900
0.787402 19.808000
0.787609 74.334800
0.787816 68.975900
0.788023 54.423100
0.788230 57.965100
0.788438 52.612600
0.788645 53.384500
0.788852 39.237300
0.789059 73.867500
0.789266 72.691400
0.789474 88.028000
0.789681 66.358800
0.789888 54.365400
0.790095 39.239600
0.790303 15.919200
0.790510 40.001300
0.790717 21.774500
0.790924 72.128200
0.791131 14.318800
0.791339 57.468300
0.791546 25.262900
0.791753 58.962300
0.791960 82.276900
0.792167 59.024800
0.792375 49.105400
0.792582 43.557600
0.792789 44.676700
0.792996 51.658300
0.793203 24.469200
0.793411 44.759800
0.793618 84.938300
0.793825 40.124400
0.794032 8.581430
0.794240 45.969300
0.794447 50.911100
0.794654 21.733500
0.794861 61.225400
0.795068 23.489300
0.795276 29.754700
0.795483 30.004300
0.795690 46.811900
0.795897 7.392650
0.796104 32.121200
0.796312 39.474400
0.796519 38.175500
0.796726 18.866900
0.796933 43.289800
0.797140 37.512500
0.797348 4.708330
0.797555 53.458300
0.797762 63.337700
0.797969 20.661300
0.798177 67.807900
0.798384 80.359000
0.798591 54.590200
0.798798 37.102300
0.799005 29.594100
0.799213 52.618800
0.799420 7.633790
0.799627 38.110600
0.799834 9.683130
0.800041 31.256400
0.800249 84.722400
0.800456 64.258400
0.800663 38.711000
0.800870 31.853000
0.801077 30.646500
0.801285 78.006700
0.801492 46.520600
0.801699 79.762100
0.801906 28.263900
0.802114 28.391200
0.802321 18.818400
0.802528 28.327100
0.802735 62.541800
0.802942 25.252800
0.803150 86.534100
0.803357 12.776000
0.803564 72.837600
0.803771 21.424800
0.803978 33.624500
0.804186 76.026000
0.804393 42.168800
0.804600 73.406300
0.804807 84.733800
0.805015 49.424600
0.805222 46.508400
0.805429 29.720600
0.805636 54.152300
0.805843 61.822900
0.806051 21.273700
0.806258 51.522300
0.806465 26.640800
0.806672 56.375900
0.806879 24.856400
0.807087 49.360400
0.807294 49.232900
0.807501 71.105300
0.807708 50.494500
0.807915 20.279500
0.808123 56.917900
0.808330 55.134300
0.808537 56.018600
0.808744 74.650500
0.808952 64.180100
0.809159 45.158700
0.809366 57.829100
0.809573 26.274300
0.809780 70.985700
0.809988 47.631600
0.810195 33.246700
0.810402 50.337700
0.810609 67.029800
0.810816 69.719400
0.811024 40.262500
0.811231 47.415600
0.811438 52.488300
0.811645 20.776000
0.811852 44.313500
0.812060 39.076500
0.812267 56.990800
0.812474 46.139200
0.812681 61.709700
0.812889 45.009200
0.813096 37.144100
0.813303 78.669500
0.813510 82.473700
0.813717 2.740620
0.813925 54.827800
0.814132 48.837400
0.814339 40.315700
0.814546 17.462000
0.814753 11.013800
0.814961 17.677200
0.815168 33.614400
0.815375 40.808500
0.815582 7.642100
0.815789 88.349600
0.815997 85.167400
0.816204 47.186900
0.816411 30.577900
0.816618 40.856700
0.816826 55.320100
0.817033 62.464200
0.817240 53.856900
0.817447 93.480700
0.817654 37.942800
0.817862 59.406700
0.818069 68.468600
0.818276 36.861200
0.818483 26.665400
0.818690 32.729700
0.818898 42.009900
0.819105 44.739300
0.819312 45.371100
0.819519 36.182700
0.819726 57.857300
0.819934 30.201100
0.820141 32.497600
0.820348 15.338000
0.820555 50.953600
0.820763 23.595600
0.820970 17.206100
0.821177 22.417800
0.821384 44.556700
0.821591 59.964500
0.821799 39.008100
0.822006 53.221200
0.822213 31.935100
0.822420 43.203500
0.822627 90.255900
0.822835 38.139500
0.823042 36.789700
0.823249 57.348300
0.823456 30.491000
0.823663 40.279100
0.823871 46.105800
0.824078 67.238200
0.824285 66.945300
0.824492 51.700500
0.824700 5.254350
0.824907 28.281900
0.825114 63.046900
0.825321 70.817000
0.825528 46.491100
0.825736 34.970300
0.825943 29.416800
0.826150 21.096100
0.826357 51.256900
0.826564 34.000500
0.826772 61.942700
0.826979 45.330600
0.827186 66.008400
0.827393 62.718900
0.827600 15.200700
0.827808 66.955300
0.828015 31.500500
0.828222 55.037700
0.828429 67.193400
0.828637 37.187500
0.828844 59.333900
0.829051 52.546400
0.829258 40.602500
0.829465 49.533800
0.829673 42.628700
0.829880 91.383600
0.830087 20.815500
0.830294 40.510700
0.830501 18.423600
0.830709 63.658700
0.830916 66.076700
0.831123 63.445100
0.831330 61.329100
0.831538 61.004200
0.831745 70.840200
0.831952 22.134300
0.832159 35.437900
0.832366 38.442200
0.832574 40.108200
0.832781 26.636400
0.832988 42.162700
0.833195 54.391800
0.833402 27.469500
0.833610 64.245600
0.833817 39.187800
0.834024 28.368900
0.834231 49.755900
0.834438 59.495300
0.834646 26.291400
0.834853 8.851850
0.835060 54.299000
0.835267 38.415900
0.835475 47.714700
0.835682 48.039300
0.835889 22.824300
0.836096 9.480800
0.836303 41.509100
0.836511 59.029400
0.836718 31.399600
0.836925 33.717100
0.837132 3.387740
0.837339 51.982900
0.837547 6.294080
0.837754 48.439300
0.837961 16.935700
0.838168 19.656100
0.838375 3.021750
0.838583 47.294600
0.838790 25.710300
0.838997 56.316200
0.839204 34.557700
0.839412 92.609300
0.839619 34.781200
0.839826 50.244400
0.840033 78.030400
0.840240 36.131600
0.840448 37.185700
0.840655 7.155980
0.840862 27.152300
0.841069 40.465700
0.841276 26.996600
0.841484 66.623200
0.841691 35.436400
0.841898 28.496800
0.842105 75.788000
0.842312 42.747100
0.842520 43.155300
0.842727 60.666200
0.842934 63.673400
0.843141 27.108900
0.843349 41.557200
0.843556 28.632900
0.843763 47.838300
0.843970 54.286700
0.844177 34.010300
0.844385 74.910800
0.844592 75.772000
0.844799 28.448100
0.845006 5.378420
0.845213 33.715900
0.845421 34.324200
0.845628 15.025000
0.845835 43.889500
0.846042 23.727300
0.846249 40.201600
0.846457 47.665000
0.846664 37.224300
0.846871 15.014600
0.847078 43.377600
0.847286 7.230720
0.847493 45.096600
0.847700 70.744000
0.847907 46.415800
0.848114 4.512380
0.848322 35.738300
0.848529 7.574570
0.848736 48.801000
0.848943 27.508500
0.849150 56.833500
0.849358 92.429300
0.849565 19.481500
0.849772 51.428000
0.849979 47.412500
0.850186 49.333700
0.850394 64.393300
0.850601 43.334200
0.850808 30.443900
0.851015 26.246400
0.851223 60.754600
0.851430 50.673000
0.851637 16.339300
0.851844 67.679300
0.852051 48.897600
0.852259 45.347100
0.852466 51.299600
0.852673 51.959400
0.852880 90.822100
0.853087 23.987300
0.853295 15.377600
0.853502 43.802200
0.853709 59.017500
0.853916 47.373500
0.854123 33.756600
0.854331 36.004300
0.854538 29.421500
0.854745 46.767400
0.854952 28.635600
0.855160 42.814600
0.855367 20.557100
0.855574 31.748100
0.855781 59.688200
0.855988 95.975100
0.856196 57.385100
0.856403 8.567360
0.856610 56.322800
0.856817 42.024700
0.857024 84.149500
0.857232 78.228900
0.857439 39.568300
0.857646 43.547400
0.857853 72.871600
0.858061 40.410200
0.858268 67.526000
0.858475 84.551300
0.858682 51.386000
0.858889 22.619500
0.859097 25.326200
0.859304 75.668200
0.859511 19.240600
0.859718 52.227400
0.859925 36.145000
0.860133 55.265200
0.860340 45.149400
0.860547 74.280700
0.860754 75.206100
0.860961 27.465500
0.861169 76.498700
0.861376 6.763960
0.861583 48.939400
0.861790 45.317000
0.861998 54.414500
0.862205 53.616800
0.862412 58.835200
0.862619 70.623800
0.862826 43.501800
0.863034 37.454700
0.863241 41.521500
0.863448 20.571900
0.863655 60.054300
0.863862 36.228400
0.864070 35.471600
0.864277 51.383100
0.864484 40.546800
0.864691 39.452500
0.864898 31.617400
0.865106 64.105700
0.865313 9.823590
0.865520 14.774400
0.865727 5.550340
0.865935 28.783300
0.866142 9.407250
0.866349 41.499800
0.866556 34.012300
0.866763 32.510300
0.866971 29.432600
0.867178 25.300500
0.867385 27.746300
0.867592 2.257530
0.867799 18.693700
0.868007 59.677300
0.868214 24.788200
0.868421 9.820590
0.868628 47.433500
0.868835 24.915700
0.869043 50.169500
0.869250 45.136700
0.869457 48.007600
0.869664 45.243500
0.869872 34.093100
0.870079 56.721900
0.870286 35.404900
0.870493 84.156900
0.870700 62.693900
0.870908 76.646400
0.871115 21.170900
0.871322 8.249110
0.871529 41.720100
0.871736 59.133400
0.871944 36.198400
0.872151 47.459200
0.872358 48.004300
0.872565 47.051100
0.872772 48.353800
0.872980 63.886300
0.873187 9.222390
0.873394 43.422600
0.873601 6.620020
0.873809 52.690100
0.874016 58.020300
0.874223 59.613600
0.874430 76.330500
0.874637 71.597700
0.874845 69.775400
0.875052 53.734100
0.875259 19.392900
0.875466 65.895900
0.875673 35.950100
0.875881 30.707200
0.876088 6.921000
0.876295 41.683400
0.876502 79.838100
0.876709 31.421900
0.876917 43.999000
0.877124 29.540300
0.877331 30.960300
0.877538 55.898700
0.877746 57.462900
0.877953 79.576900
0.878160 69.168800
0.878367 82.096200
0.878574 24.995100
0.878782 53.282300
0.878989 44.270700
0.879196 38.344000
0.879403 48.912500
0.879610 11.189200
0.879818 8.611400
0.880025 36.164800
0.880232 24.116900
0.880439 65.645600
0.880646 37.511600
0.880854 59.418500
0.881061 62.317900
0.881268 47.026900
0.881475 12.809800
0.881683 65.501200
0.881890 50.221400
0.882097 49.493600
0.882304 7.335520
0.882511 43.475300
0.882719 37.332400
0.882926 36.376300
0.883133 62.122600
0.883340 36.718000
0.883547 51.301000
0.883755 50.704100
0.883962 42.511600
0.884169 11.320400
0.884376 24.153100
0.884584 66.139500
0.884791 47.878100
0.884998 10.667800
0.885205 50.079200
0.885412 65.670300
0.885620 57.837200
0.885827 32.914000
0.886034 10.173600
0.886241 60.590500
0.886448 19.151700
0.886656 41.859200
0.886863 37.761600
0.887070 31.083200
0.887277 40.684300
0.887484 6.209260
0.887692 46.834600
0.887899 26.436100
0.888106 19.534900
0.888313 53.889400
0.888521 48.017500
0.888728 31.706700
0.888935 44.907800
0.889142 78.264500
0.889349 53.943700
0.889557 39.907700
0.889764 88.128500
0.889971 7.820230
0.890178 35.294700
0.890385 33.870400
0.890593 17.909900
0.890800 56.248100
0.891007 18.518800
0.891214 17.320900
0.891421 52.232800
0.891629 26.095000
0.891836 44.290000
0.892043 64.141700
0.892250 66.881500
0.892458 65.793900
0.892665 83.744700
0.892872 49.326600
0.893079 45.523600
0.893286 1.648550
0.893494 6.622410
0.893701 36.291500
0.893908 56.317700
0.894115 34.592000
0.894322 86.314200
0.894530 35.142000
0.894737 73.605000
0.894944 29.105700
0.895151 78.124500
0.895358 32.426100
0.895566 31.501800
0.895773 55.593300
0.895980 27.159300
0.896187 74.550200
0.896395 58.862800
0.896602 84.251400
0.896809 30.030300
0.897016 66.800200
0.897223 73.312200
0.897431 20.103400
0.897638 24.487900
0.897845 5.524950
0.898052 70.818100
0.898259 51.745700
0.898467 25.000600
0.898674 50.814300
0.898881 48.261000
0.899088 56.074200
0.899295 78.507200
0.899503 24.916500
0.899710 48.068400
0.899917 8.228470
0.900124 21.303300
0.900332 74.670700
0.900539 42.623900
0.900746 40.009600
0.900953 24.166400
0.901160 46.018800
0.901368 54.935700
0.901575 37.141400
0.901782 95.921200
0.901989 42.392400
0.902196 73.636800
0.902404 69.619100
0.902611 3.592820
0.902818 16.450700
0.903025 50.952000
0.903232 20.178600
0.903440 64.437900
0.903647 60.000600
0.903854 33.706400
0.904061 48.829700
0.904269 47.208300
0.904476 54.222000
0.904683 86.949100
0.904890 46.792400
0.905097 26.479800
0.905305 15.100800
0.905512 87.846600
0.905719 33.817700
0.905926 38.617200
0.906133 32.278500
0.906341 23.206200
0.906548 59.105700
0.906755 35.057600
0.906962 85.124600
0.907169 40.027000
0.907377 40.564400
0.907584 10.554900
0.907791 34.497800
0.907998 18.624800
0.908206 26.319300
0.908413 77.241400
0.908620 6.541220
0.908827 64.994400
0.909034 9.805800
0.909242 69.316300
0.909449 22.679400
0.909656 24.301800
0.909863 93.451800
0.910070 52.958600
0.910278 7.390880
0.910485 50.240400
0.910692 59.152300
0.910899 17.898200
0.911107 28.817600
0.911314 9.601360
0.911521 17.135800
0.911728 46.818800
0.911935 33.775200
0.912143 70.345300
0.912350 12.366900
0.912557 4.514240
0.912764 36.519100
0.912971 53.453200
0.913179 53.106600
0.913386 35.201100
0.913593 42.500600
0.913800 68.480100
0.914007 69.763100
0.914215 35.321200
0.914422 73.225800
0.914629 82.140500
0.914836 25.888600
0.915044 26.203300
0.915251 75.793700
0.915458 22.083800
0.915665 53.449500
0.915872 25.924500
0.916080 35.625500
0.916287 58.374900
0.916494 30.624600
0.916701 38.072000
0.916908 49.713600
0.917116 67.891800
0.917323 8.150130
0.917530 30.360600
0.917737 28.283300
0.917944 36.892100
0.918152 64.348800
0.918359 69.505400
0.918773 34.461500
0.918981 39.041500
0.919188 4.003730
0.919395 17.132000
0.919602 66.544300
0.919809 43.153400
0.920017 47.967000
0.920224 33.737800
0.920431 34.162800
0.920638 42.428700
0.920845 54.090700
0.921053 42.928700
0.921260 84.822600
0.921467 71.757400
0.921674 15.761900
0.921881 60.731900
0.922089 13.933000
0.922296 56.398200
0.922503 40.889900
0.922710 69.184700
0.922918 51.214600
0.923125 33.451500
0.923332 60.348500
0.923539 69.088300
0.923746 45.959900
0.923954 48.911700
0.924161 89.184500
0.924368 11.973900
0.924575 29.577900
0.924782 29.406800
0.924990 31.160200
0.925197 22.069100
0.925404 92.363300
0.925611 26.523900
0.925818 32.709400
0.926026 92.350000
0.926233 27.970000
0.926440 85.748300
0.926647 44.927900
0.926855 56.165200
0.927062 40.379500
0.927269 9.447410
0.927476 66.770100
0.927683 14.880400
0.927891 51.363100
0.928098 35.900300
0.928305 10.382500
0.928512 11.680900
0.928719 29.711000
0.928927 49.796900
0.929134 45.402500
0.929341 13.607000
0.929548 16.695000
0.929755 57.991900
0.929963 20.994900
0.930170 8.516930
0.930377 50.528900
0.930584 35.501400
0.930792 31.175800
0.930999 39.018600
0.931206 22.913300
0.931413 7.794220
0.931620 30.745200
0.931828 52.400200
0.932035 51.513700
0.932242 49.707500
0.932449 61.895400
0.932656 49.615500
0.932864 46.701300
0.933071 68.663400
0.933278 45.756700
0.933485 56.614500
0.933692 19.013500
0.933900 30.478900
0.934107 18.579800
0.934314 27.408800
0.934521 46.358500
0.934729 22.700000
0.934936 46.313700
0.935143 32.337500
0.935350 48.377900
0.935557 79.885900
0.935765 48.113100
0.935972 50.107700
0.936179 24.779500
0.936386 60.450700
0.936593 56.478800
0.936801 5.003590
0.937008 32.355900
0.937215 53.249500
0.937422 25.632500
0.937630 28.260600
0.937837 40.788900
0.938044 19.652900
0.938251 38.930600
0.938458 50.119600
0.938666 61.897500
0.938873 49.296700
0.939080 59.258300
0.939287 27.484700
0.939494 36.843400
0.939702 53.667500
0.939909 34.287500
0.940116 61.290400
0.940323 37.618200
0.940530 48.114800
0.940738 34.110600
0.940945 56.983800
0.941152 72.511100
0.941359 26.713500
0.941567 87.401800
0.941774 40.628800
0.941981 86.575600
0.942188 24.640000
0.942395 39.052000
0.942603 10.388300
0.942810 48.085700
0.943017 38.708500
0.943224 20.406000
0.943431 32.885100
0.943639 41.829300
0.943846 68.347500
0.944053 61.603600
0.944260 9.589290
0.944467 30.748900
0.944675 21.916200
0.944882 20.239800
0.945089 41.125200
0.945296 39.943400
0.945504 41.547100
0.945711 11.493200
0.945918 23.929800
0.946125 15.711200
0.946332 54.568500
0.946540 30.859600
0.946747 38.943400
0.946954 30.514900
0.947161 54.624600
0.947368 38.658000
0.947576 47.960900
0.947783 22.068600
0.947990 24.695100
0.948197 40.355800
0.948404 85.250600
0.948612 25.580100
0.948819 40.393200
0.949026 15.051400
0.949233 46.091700
0.949441 54.105200
0.949648 67.853600
0.949855 32.326400
0.950062 49.071800
0.950269 51.571200
0.950477 39.564000
0.950684 8.496360
0.950891 18.238300
0.951098 45.009500
0.951305 13.661000
0.951513 5.211050
0.951720 69.058700
0.951927 73.213700
0.952134 78.709700
0.952341 67.976100
0.952549 72.960700
0.952756 37.778500
0.952963 35.356300
0.953170 39.075000
0.953378 55.405700
0.953585 29.984600
0.953792 27.294300
0.953999 47.269000
0.954206 42.862900
0.954414 17.749100
0.954621 17.616600
0.954828 21.510300
0.955035 65.070500
0.955242 43.790000
0.955450 20.085800
0.955657 32.053300
0.955864 30.851200
0.956071 40.194900
0.956278 42.229200
0.956486 63.413300
0.956693 29.271000
0.956900 37.664600
0.957107 47.966400
0.957315 13.766800
0.957522 21.174100
0.957729 17.606500
0.957936 27.804700
0.958143 13.493000
0.958351 2.696200
0.958558 25.263600
0.958765 87.801200
0.958972 52.875600
0.959179 56.839800
0.959387 51.106300
0.959594 79.337500
0.959801 71.352900
0.960008 37.498300
0.960215 47.237700
0.960423 27.875200
0.960630 55.738300
0.960837 33.472300
0.961044 90.707600
0.961252 58.976800
0.961459 31.869800
0.961666 31.773500
0.961873 53.894800
0.962080 11.981500
0.962288 64.109000
0.962495 49.440300
0.962702 43.203700
0.962909 36.330000
0.963116 51.613700
0.963324 30.979600
0.963531 22.046200
0.963738 67.887800
0.963945 72.195500
0.964153 36.570200
0.964360 38.761500
0.964567 49.354500
0.964774 69.306600
0.964981 55.017900
0.965189 48.600000
0.965396 34.976800
0.965603 37.769500
0.965810 52.007200
0.966017 17.190300
0.966225 21.988500
0.966432 74.482300
0.966639 57.904700
0.966846 78.062700
0.967053 6.952780
0.967261 80.190200
0.967468 56.400700
0.967675 87.746400
0.967882 7.803280
0.968090 36.045700
0.968297 48.896800
0.968504 17.295900
0.968711 29.225200
0.968918 7.889060
0.969126 54.239500
0.969333 54.668600
0.969540 69.282900
0.969747 50.163400
0.969954 66.027700
0.970162 6.850510
0.970369 64.001700
0.970576 75.280200
0.970783 29.772200
0.970990 8.513920
0.971198 73.540400
0.971405 28.192700
0.971612 36.329900
0.971819 87.066500
0.972027 54.297100
0.972234 24.793800
0.972441 31.933400
0.972648 31.215400
0.972855 42.466500
0.973063 19.416700
0.973270 38.750600
0.973477 34.700600
0.973684 38.304000
0.973891 38.370500
0.974099 87.135400
0.974306 43.148500
0.974513 74.540600
0.974720 79.128000
0.974927 57.893100
0.975135 30.711400
0.975342 47.279800
0.975549 71.570400
0.975756 72.817300
0.975964 48.524400
0.976171 56.266300
0.976378 75.728400
0.976585 60.853500
0.976792 58.020500
0.977000 77.437400
0.977207 27.504000
0.977414 40.850400
0.977621 35.271800
0.977828 8.871320
0.978036 69.060700
0.978243 69.404900
0.978450 9.771820
0.978657 95.880700
0.978864 48.641600
0.979072 41.953000
0.979279 68.830900
0.979486 16.282900
0.979693 31.445800
0.979901 33.368400
0.980108 49.093700
0.980315 50.125100
0.980522 6.922530
0.980729 59.790500
0.980937 43.601800
0.981144 53.534300
0.981351 73.931300
0.981558 34.670400
0.981765 17.692200
0.981973 53.942200
0.982180 48.546600
0.982387 11.201100
0.982594 42.935400
0.982801 47.772100
0.983009 54.006500
0.983216 64.170700
0.983423 56.825900
0.983630 42.419200
0.983838 61.877500
0.984045 29.688300
0.984252 97.908200
0.984459 49.941400
0.984666 27.880600
0.984874 53.724600
0.985081 28.997900
0.985288 22.509500
0.985495 29.609400
0.985702 54.347200
0.985910 66.987300
0.986117 80.895200
0.986324 39.827000
0.986531 22.162300
0.986738 60.583700
0.986946 66.957800
0.987153 55.310900
0.987360 27.350300
0.987567 8.792050
0.987775 63.161000
0.987982 23.625900
0.988189 83.955300
0.988396 4.762570
0.988603 17.956200
0.988811 40.738100
0.989018 48.854200
0.989225 7.848640
0.989432 41.229400
0.989639 44.737700
0.989847 67.245900
0.990054 42.978700
0.990261 19.858500
0.990468 17.095000
0.990676 54.762700
0.990883 50.213300
0.991090 69.642500
0.991297 34.161300
0.991504 30.024400
0.991712 77.222400
0.991919 37.598100
0.992126 81.187000
0.992333 9.066590
0.992540 38.527100
0.992748 43.564800
0.992955 43.474000
0.993162 16.472900
0.993369 74.344600
0.993576 32.853900
0.993784 69.665000
0.993991 47.713100
0.994198 25.128000
0.994405 75.348200
0.994613 19.491500
0.994820 41.327700
0.995027 36.152700
0.995234 29.981800
0.995441 31.209400
0.995649 40.469900
0.995856 31.732100
0.996063 37.793100
0.996270 29.947700
0.996477 41.234200
0.996685 32.121600
0.996892 69.412900
0.997099 46.987300
0.997306 72.445200
0.997513 71.894800
0.997721 82.746000
0.997928 62.447100
0.998135 81.489400
0.998342 56.306800
0.998550 60.609200
0.998757 31.927500
0.998964 59.460000
0.999171 58.392300
0.999378 38.563000
0.999586 30.469900
0.999793 59.006100
1.000000 48.852200
