0.000204 79.835800
0.000408 45.218400
0.000611 72.404000
0.000815 8.860720
0.001019 23.613600
0.001223 76.088000
0.001427 63.657000
0.001630 76.908100
0.001834 75.746800
0.002038 24.608400
0.002242 53.508000
0.002445 85.445800
0.002649 44.958700
0.002853 25.138000
0.003057 26.028700
0.003261 43.510900
0.003464 51.752500
0.003668 33.564000
0.003872 43.849000
0.004076 46.103900
0.007336 8.389800
0.007540 8.009660
0.007744 34.504400
0.007948 62.839300
0.008152 23.425700
0.008355 7.443760
0.008559 70.706700
0.008763 14.536100
0.008967 62.500700
0.009171 38.899300
0.009374 60.306200
0.009578 58.692900
0.009782 60.067500
0.009986 73.755400
0.010190 50.618200
0.010393 39.052600
0.010597 27.005800
0.010801 67.470500
0.011005 35.366100
0.011208 60.944800
0.011412 29.177700
0.011616 53.475300
0.011820 49.018700
0.012024 15.428100
0.012227 57.770300
0.012431 32.402400
0.012635 39.389300
0.012839 37.180400
0.013043 15.410800
0.013246 40.042700
0.013450 14.863600
0.013654 49.020500
0.013858 54.598000
0.014062 41.704600
0.014265 17.692000
0.014469 40.924200
0.014673 26.826600
0.014877 50.053700
0.015080 49.025000
0.015284 50.889300
0.015488 51.308500
0.015692 1.945460
0.015896 44.118200
0.016099 52.753300
0.016303 45.663000
0.016507 38.067700
0.016711 53.261400
0.016915 31.194200
0.017118 66.771300
0.017322 34.958300
0.017526 40.543800
0.017730 63.532700
0.017934 67.964200
0.018137 18.485600
0.018341 58.461700
0.018545 40.195300
0.018749 28.152400
0.018953 63.458100
0.019156 24.478900
0.019360 54.254400
0.019564 46.901100
0.019768 36.051800
0.019971 37.683300
0.020175 95.190200
0.020379 6.442750
0.020583 58.410300
0.020787 36.930400
0.020990 33.142400
0.021194 43.428000
0.021398 16.035500
0.021602 71.036700
0.021806 3.521990
0.022009 91.131500
0.022213 79.092900
0.022417 57.642800
0.022621 31.143400
0.022825 75.168700
0.023028 50.926700
0.023232 66.871800
0.023436 94.826100
0.023640 50.157200
0.023843 39.380100
0.024047 56.749900
0.024251 9.309770
0.024455 37.918300
0.024659 69.404700
0.024862 24.571000
0.033829 59.483000
0.034033 45.552400
0.034237 54.906700
0.034441 9.211520
0.034644 55.370100
0.034848 12.350600
0.035052 39.280900
0.035256 23.643600
0.035460 35.157900
0.035663 40.736900
0.035867 49.090800
0.036071 28.726800
0.036275 20.707000
0.036479 72.577400
0.036682 34.683200
0.036886 47.924600
0.037090 23.176800
0.037294 47.715000
0.037497 39.944400
0.037701 28.115100
0.037905 50.562500
0.038109 29.416000
0.038313 77.833400
0.038516 42.460900
0.038720 36.365600
0.038924 9.886640
0.039128 36.240600
0.039332 54.670600
0.039535 58.849600
0.039739 38.203800
0.039943 50.585400
0.040147 56.391200
0.040351 48.339200
0.040554 2.891620
0.040758 38.490100
0.040962 57.848500
0.041369 32.075000
0.041573 45.848300
0.041777 43.692200
0.041981 8.596210
0.042185 89.654800
0.042388 4.532270
0.042592 71.001200
0.042796 61.665100
0.043000 64.667800
0.043204 56.276400
0.043407 49.607600
0.043611 17.603300
0.043815 34.439500
0.044019 80.110600
0.044223 79.919700
0.044426 57.790700
0.044630 45.730200
0.045038 60.136100
0.045241 40.246300
0.045445 25.707000
0.045649 24.051500
0.045853 11.034400
0.046057 40.245600
0.046260 25.863100
0.046464 55.543700
0.046668 63.161000
0.046872 26.142700
0.047076 29.758100
0.047279 71.108400
0.047483 46.175300
0.047687 81.460400
0.047891 4.320260
0.048095 41.821200
0.048298 32.733800
0.048502 18.889200
0.048706 87.150700
0.048910 21.779600
0.049114 41.648200
0.049317 48.786800
0.049521 29.896900
0.049725 17.769700
0.049929 64.429800
0.050132 52.609900
0.050336 61.205400
0.050540 15.763200
0.050948 38.005800
0.051151 53.131400
0.051355 82.869700
0.051559 38.771500
0.051967 31.584000
0.052170 40.825400
0.052374 30.111600
0.052578 64.921600
0.052782 32.660400
0.052986 30.787300
0.053189 31.343500
0.053393 45.539000
0.053597 38.626500
0.053801 21.440900
0.054004 46.804700
0.054208 31.307000
0.054412 33.895700
0.054616 71.195500
0.054820 37.434800
0.055023 18.105900
0.055227 34.829100
0.055431 39.821000
0.055635 53.466100
0.055839 52.177200
0.056042 48.012800
0.056246 39.810000
0.056450 57.627400
0.056654 9.643300
0.056858 82.529700
0.057061 21.751700
0.057265 17.046000
0.057469 51.939700
0.057673 56.467900
0.057877 60.196000
0.058080 56.665300
0.058284 21.346400
0.058488 55.618600
0.058692 26.761200
0.058895 61.997500
0.059099 40.025500
0.059303 30.676900
0.059507 31.157300
0.059711 58.372800
0.059914 56.986300
0.060118 59.910900
0.060322 13.872000
0.060526 31.799400
0.060730 14.247400
0.060933 62.393300
0.061137 38.110000
0.061341 66.033000
0.061545 57.277000
0.061749 16.864300
0.061952 45.085700
0.062156 66.707400
0.062360 30.241000
0.062564 61.369900
0.062767 26.517900
0.062971 14.364900
0.063175 82.410300
0.063379 25.836600
0.063583 39.200200
0.063786 40.926700
0.063990 56.200900
0.064194 34.727300
0.064398 53.818200
0.064602 51.223800
0.064805 23.725200
0.065009 36.563500
0.065213 54.795000
0.065417 23.180100
0.065621 5.428320
0.065824 52.675300
0.066028 34.838200
0.066232 35.782900
0.066436 39.514300
0.066639 34.496900
0.066843 23.767600
0.067047 29.940600
0.067251 36.314500
0.067455 64.710700
0.067658 47.626300
0.067862 20.691900
0.070919 9.691900
0.071123 27.193900
0.071327 10.463200
0.071530 36.713700
0.071734 44.882100
0.071938 12.142600
0.072142 68.397900
0.072346 56.463000
0.072549 49.253000
0.072753 23.058800
0.072957 45.734100
0.073161 61.856700
0.073365 22.313700
0.073568 55.263500
0.073772 40.303700
0.073976 38.450900
0.074180 30.985700
0.074587 25.930700
0.074791 47.910200
0.074995 22.344200
0.075199 49.324100
0.075402 67.204900
0.075606 58.465600
0.075810 62.966400
0.079071 67.417800
0.079478 58.258800
0.079682 56.952100
0.079886 68.359400
0.080090 6.480060
0.080293 20.397400
0.080497 8.054660
0.080701 36.878200
0.080905 87.438600
0.081109 64.925800
0.081312 28.027100
0.081516 43.330800
0.081720 73.272000
0.081924 68.225700
0.082128 19.270900
0.082331 43.737100
0.082535 36.597900
0.082739 36.435700
0.082943 39.331700
0.083147 35.851200
0.083350 73.574600
0.083554 43.867400
0.083758 47.287300
0.083962 54.371100
0.084165 39.874800
0.084369 42.789800
0.084573 46.072200
0.084777 32.669000
0.084981 38.273000
0.085184 2.485300
0.085388 77.142400
0.085592 16.563400
0.085796 14.933800
0.086000 48.899400
0.086203 41.329000
0.091706 58.116000
0.091910 30.762700
0.092113 19.134200
0.092317 55.464100
0.092521 29.054300
0.092725 78.298400
0.092928 49.186000
0.093132 86.482700
0.093336 5.785580
0.093540 42.156300
0.093744 26.517700
0.093947 46.065300
0.094151 72.505900
0.094355 50.165800
0.094559 46.413800
0.094763 41.936800
0.094966 32.913200
0.095170 39.462400
0.095374 90.293000
0.095578 28.690000
0.095782 53.669000
0.095985 28.628800
0.096189 43.763900
0.096393 9.242130
0.096597 83.289500
0.096800 78.421300
0.097004 89.604500
0.097208 13.484000
0.097412 22.028200
0.097616 42.153600
0.097819 31.706000
0.098023 74.977700
0.098227 84.738800
0.098431 53.755900
0.098635 34.480700
0.098838 18.982500
0.099042 24.760000
0.099246 25.685900
0.099450 74.327000
0.099654 36.070000
0.099857 31.144400
0.100061 42.034000
0.100265 22.887200
0.100469 46.904000
0.100673 69.514700
0.100876 36.266000
0.101080 67.852300
0.101284 25.664100
0.101488 76.800300
0.101691 85.512500
0.101895 40.809700
0.102099 30.408000
0.102303 69.013200
0.102507 77.251800
0.102710 61.078000
0.102914 27.362600
0.103118 41.809200
0.103322 58.601400
0.103526 43.119900
0.103729 43.407200
0.103933 22.429800
0.104137 33.753900
0.104341 8.456820
0.104545 43.784200
0.104748 15.721300
0.104952 39.426500
0.105156 32.517500
0.105360 32.148600
0.105563 93.811000
0.105767 24.371300
0.105971 55.471700
0.106175 55.223800
0.106379 13.334300
0.106582 63.014600
0.106786 70.922800
0.106990 42.795300
0.107194 51.834600
0.107398 31.728100
0.107601 44.764200
0.107805 20.302900
0.108009 50.916600
0.108213 28.699000
0.108417 56.980800
0.108620 35.598200
0.108824 48.093500
0.109028 38.198400
0.109232 36.668000
0.109436 46.239300
0.109843 9.805800
0.110047 17.598500
0.110251 17.835800
0.110454 10.238400
0.110658 20.717200
0.110862 35.924300
0.111066 63.406500
0.111270 34.481800
0.111473 64.175900
0.111677 42.360400
0.111881 31.575700
0.112085 20.552000
0.112289 33.339800
0.112492 76.455900
0.112696 39.954800
0.112900 31.367400
0.113104 88.674900
0.113308 43.837300
0.113511 35.343000
0.113715 44.848600
0.113919 26.571200
0.114123 28.037000
0.114326 44.700400
0.114530 53.408200
0.114734 51.139200
0.114938 47.585300
0.115142 48.416100
0.115345 27.858200
0.115549 24.957700
0.115753 33.952700
0.115957 81.934300
0.116161 39.822400
0.116364 46.447900
0.116568 70.834100
0.116772 80.463900
0.116976 32.529500
0.117180 58.524700
0.117383 22.950500
0.117587 16.945400
0.117791 76.615600
0.117995 35.070100
0.118198 47.744000
0.118402 29.858400
0.118606 21.818700
0.118810 58.300300
0.119014 61.922900
0.119217 42.828900
0.119421 79.785500
0.119625 37.873900
0.119829 56.009400
0.120033 43.650200
0.120236 41.980800
0.120440 60.584800
0.120644 66.559700
0.120848 44.437900
0.121052 67.352400
0.121255 26.547100
0.121459 84.918000
0.121663 91.052200
0.121867 17.542300
0.122071 39.339400
0.122274 76.612400
0.122478 53.003900
0.122682 38.379900
0.122886 31.103000
0.123089 49.265500
0.123293 9.649860
0.123497 41.719200
0.123701 34.002600
0.123905 34.022200
0.124108 49.330800
0.124312 17.114300
0.124516 70.813500
0.124720 22.125700
0.124924 72.176400
0.125127 60.762600
0.125331 61.095600
0.125535 65.768300
0.125739 75.451500
0.125943 34.817600
0.126146 26.220300
0.126350 59.172200
0.126554 9.574010
0.126758 27.680200
0.126961 81.214000
0.127165 75.267900
0.127369 10.050900
0.127573 37.851900
0.127777 23.005200
0.127980 64.679400
0.128184 24.613900
0.128388 36.554200
0.128592 26.615800
0.128796 69.128700
0.128999 47.521000
0.130426 67.121200
0.130630 48.829300
0.130834 57.624100
0.131037 51.034900
0.131241 17.703500
0.131445 36.189100
0.131649 40.463000
0.131852 58.925800
0.132056 14.808700
0.132260 11.064600
0.132464 46.239900
0.132668 28.562600
0.132871 44.474000
0.133075 57.193200
0.133279 33.470300
0.133483 49.770700
0.133687 31.586300
0.133890 63.079800
0.134094 50.478600
0.134298 17.945700
0.134502 61.470600
0.134706 74.553100
0.134909 55.905800
0.135113 43.576100
0.135317 77.293600
0.135521 51.532200
0.135724 36.239500
0.135928 43.599100
0.136132 29.246800
0.136336 28.497300
0.136540 76.296600
0.136743 34.488100
0.136947 30.845900
0.137151 75.377600
0.137355 86.831300
0.137559 43.358000
0.137762 84.402300
0.137966 85.204000
0.138170 15.506200
0.138374 61.301500
0.138578 18.791400
0.138781 65.894100
0.138985 42.624700
0.139189 34.177200
0.139393 44.901500
0.139596 69.846400
0.139800 65.997700
0.140004 11.578200
0.140208 38.952300
0.140412 74.717300
0.140615 39.714400
0.140819 41.646500
0.141023 46.093900
0.141227 84.906800
0.141431 63.218000
0.141634 55.225400
0.141838 66.808100
0.142042 41.019000
0.142246 37.009700
0.142450 57.368700
0.142653 6.248230
0.142857 21.444200
0.143061 48.310100
0.143265 42.831300
0.143469 24.797000
0.143672 64.785900
0.143876 32.058800
0.144080 74.281100
0.144284 43.408200
0.144487 51.513200
0.144691 29.430600
0.144895 15.044900
0.145099 30.782400
0.145303 63.360900
0.145506 8.448740
0.145710 42.424000
0.145914 24.826200
0.146118 49.191400
0.146322 62.918300
0.146525 34.233700
0.146729 58.022400
0.146933 40.887300
0.147137 47.842500
0.147341 37.331100
0.147544 64.776600
0.147748 76.642300
0.147952 46.802200
0.148156 29.111000
0.148359 31.738900
0.148563 50.775300
0.148767 74.680800
0.148971 21.621200
0.149175 58.031500
0.149378 43.238000
0.149582 36.140500
0.149786 81.376500
0.149990 38.561600
0.150194 41.891900
0.150397 55.498200
0.150601 59.936000
0.150805 68.100900
0.151009 22.915500
0.151213 49.868400
0.151416 84.506100
0.151620 36.685000
0.151824 58.818500
0.152028 8.326660
0.152232 8.418260
0.152435 40.343800
0.152639 28.358500
0.152843 33.199100
0.153047 58.277700
0.153250 38.057700
0.153454 35.762800
0.153658 95.176500
0.153862 19.448400
0.154066 20.288000
0.154269 37.447800
0.154473 40.259200
0.154677 51.792800
0.154881 1.699770
0.155085 68.992700
0.155288 27.868700
0.155492 66.382300
0.155696 9.966870
0.155900 68.761300
0.156104 59.610400
0.156307 56.599600
0.156511 58.828100
0.156715 46.970900
0.156919 35.104200
0.157122 88.343400
0.157326 5.987780
0.157530 54.668400
0.157734 43.857800
0.157938 59.099200
0.158141 8.575260
0.158345 58.296500
0.158549 28.640000
0.158753 26.945900
0.158957 32.825500
0.159160 61.354400
0.159364 32.858700
0.159568 35.485600
0.159772 23.770400
0.159976 49.823400
0.160179 72.465100
0.160383 15.825200
0.160587 39.970700
0.160791 47.850500
0.160994 20.858400
0.161198 41.895400
0.161402 46.425100
0.161606 6.713210
0.161810 28.267300
0.162013 40.781000
0.162217 15.176800
0.162421 37.718200
0.162625 75.744800
0.162829 10.016500
0.163032 13.740300
0.163236 7.346480
0.163440 36.800900
0.163644 51.192700
0.163848 24.418500
0.164051 59.348200
0.164255 15.260300
0.164459 60.046800
0.164663 46.955500
0.164867 26.768200
0.165070 46.821600
0.165274 12.958100
0.165478 41.588400
0.165682 14.078300
0.165885 63.191000
0.166089 75.561100
0.166293 58.297300
0.166497 89.576300
0.166701 41.242500
0.166904 43.249900
0.167108 21.948300
0.167312 6.977170
0.167516 32.727100
0.167720 40.642400
0.167923 43.124500
0.168127 12.946700
0.168331 11.670400
0.168535 58.975700
0.168739 31.052800
0.168942 41.960200
0.169146 56.151000
0.169350 29.288700
0.169554 71.459200
0.169757 31.378200
0.169961 34.864000
0.170165 30.784300
0.170369 19.619100
0.170573 46.631700
0.170776 11.662600
0.170980 67.160100
0.171184 52.585900
0.171388 24.043400
0.171592 58.182800
0.171795 35.879500
0.171999 15.844200
0.172203 70.411300
0.172407 27.352600
0.172611 8.402710
0.172814 59.247500
0.173018 38.612300
0.173222 51.763800
0.173426 22.366800
0.173630 6.269710
0.173833 67.549300
0.174037 27.554800
0.174241 20.666300
0.174445 56.762400
0.174648 68.305600
0.174852 69.230200
0.175056 12.605900
0.175260 33.385800
0.175464 25.518200
0.175667 38.526800
0.175871 25.942600
0.176075 48.065100
0.176279 7.900100
0.176483 60.190000
0.176686 31.552900
0.176890 30.312600
0.177094 1.907220
0.177298 30.502500
0.177502 32.934800
0.177705 63.253500
0.177909 68.761700
0.178113 18.270000
0.178317 61.530000
0.178520 44.119200
0.178724 48.270700
0.178928 11.627800
0.179132 49.639800
0.179336 37.325300
0.179539 64.922600
0.179743 30.124100
0.179947 56.152300
0.180151 87.558300
0.180355 40.403000
0.180558 53.566800
0.180762 34.279700
0.180966 35.759900
0.181170 20.694300
0.181374 93.607200
0.181577 9.568870
0.181781 40.495900
0.181985 50.797200
0.182189 52.109400
0.182393 15.132400
0.182596 43.441800
0.182800 37.746600
0.183004 83.010700
0.183208 4.572060
0.183411 53.734100
0.183615 50.469000
0.183819 48.146200
0.184023 23.580500
0.184227 28.840000
0.184430 78.029300
0.184634 65.939300
0.184838 77.152000
0.185042 51.072000
0.185246 52.780600
0.185449 73.340200
0.185653 40.457300
0.185857 91.253800
0.186061 61.323200
0.186265 7.766490
0.186468 39.847100
0.186672 30.400300
0.186876 34.660200
0.187080 20.219800
0.187283 77.444800
0.187487 41.907000
0.187691 41.988900
0.187895 45.780400
0.188099 64.740300
0.188302 56.310300
0.188506 44.613600
0.188710 47.965800
0.188914 24.805500
0.189118 60.585200
0.189321 33.618800
0.189525 44.235900
0.189729 35.583600
0.189933 39.053300
0.190137 66.510600
0.190340 28.391700
0.190544 48.389200
0.190748 32.781500
0.190952 30.353700
0.191155 51.468800
0.191359 43.363500
0.191563 21.269700
0.191767 33.820200
0.191971 12.890600
0.192174 40.935800
0.192378 34.205000
0.192582 17.393200
0.192786 52.916800
0.192990 12.225500
0.193193 40.583500
0.193397 71.330400
0.193601 23.032400
0.193805 27.817900
0.194009 77.939100
0.194212 63.239100
0.194416 39.209400
0.194620 55.510500
0.194824 8.352360
0.195028 48.308900
0.195231 9.772750
0.195435 26.301000
0.195639 89.851800
0.195843 11.349200
0.196046 35.423600
0.196250 33.919700
0.196454 17.721400
0.196658 30.659500
0.196862 52.565700
0.197065 40.312400
0.197269 54.396300
0.197473 59.942200
0.197677 52.050900
0.197881 19.970900
0.198084 38.107800
0.198288 36.265100
0.198492 27.937000
0.198696 46.899900
0.198900 9.145150
0.199103 62.184600
0.199511 11.312900
0.199715 36.290900
0.199918 16.052700
0.200122 32.187100
0.200326 8.644880
0.200530 60.604100
0.200734 37.359300
0.200937 46.909000
0.201141 56.300400
0.201345 43.558400
0.201549 72.966300
0.201753 51.676800
0.201956 93.405000
0.202160 31.723600
0.202364 34.417800
0.202568 34.586400
0.202772 27.599100
0.202975 78.117600
0.203179 38.745700
0.203383 69.068800
0.203587 29.150800
0.203791 20.683700
0.203994 33.798900
0.204198 22.558100
0.204402 66.094700
0.204606 69.239500
0.204809 20.472700
0.205013 51.385500
0.205217 24.371600
0.205421 75.019500
0.205625 56.339300
0.205828 25.939800
0.206032 65.855600
0.206236 48.675100
0.206440 58.692500
0.206644 25.804200
0.206847 54.523700
0.207051 51.771800
0.207255 6.490360
0.207459 70.585800
0.207663 22.022500
0.207866 36.775600
0.208070 82.557600
0.208274 7.481050
0.208478 24.249200
0.208681 39.859600
0.208885 6.549080
0.209089 57.104900
0.209293 70.508700
0.209497 11.098500
0.209700 52.578300
0.209904 56.978000
0.210108 45.390400
0.210312 43.945500
0.210516 50.918900
0.210719 50.632500
0.210923 4.375420
0.211127 70.893500
0.211331 8.636690
0.211535 60.256800
0.211738 24.565700
0.211942 6.184600
0.212146 56.729000
0.212350 41.983600
0.212553 32.717500
0.212757 80.084000
0.212961 18.870800
0.213165 39.000800
0.213369 32.407000
0.213572 52.666900
0.213776 48.207500
0.213980 46.210500
0.214184 60.112700
0.214388 86.104600
0.214591 46.122800
0.214795 42.406700
0.214999 46.049400
0.215203 54.041700
0.215407 32.027900
0.215610 22.661400
0.215814 76.334600
0.216018 47.146100
0.216222 57.451500
0.216426 91.633800
0.216629 5.704270
0.216833 81.132700
0.217037 43.239200
0.217241 75.496400
0.217444 28.639900
0.217648 91.296500
0.217852 18.319500
0.218056 9.157710
0.218260 47.708600
0.218463 38.977100
0.218667 55.111700
0.218871 33.619200
0.219075 3.713020
0.219279 61.564000
0.219482 37.654500
0.219686 27.363100
0.219890 46.742400
0.220094 40.782800
0.220298 81.790800
0.220501 35.787500
0.220705 59.422300
0.220909 55.503000
0.221113 20.750500
0.221316 21.627700
0.221520 43.004800
0.221724 51.047400
0.221928 33.009400
0.222132 36.207600
0.222335 34.186400
0.222539 39.019400
0.222743 31.134100
0.222947 51.756000
0.223151 40.922200
0.223354 45.577800
0.223558 56.689500
0.223762 31.788300
0.223966 33.152500
0.224170 58.346600
0.224373 60.928600
0.224577 72.448600
0.224781 46.149600
0.224985 22.232100
0.225189 37.135200
0.225392 39.666500
0.225596 79.971900
0.225800 44.906600
0.226004 17.864100
0.226207 45.497500
0.226411 8.302640
0.226615 34.386800
0.226819 46.503800
0.227023 40.301000
0.227226 34.841500
0.227430 78.773100
0.227634 39.204400
0.227838 9.375990
0.228042 56.890000
0.228245 23.913400
0.228449 27.959900
0.228653 52.805800
0.228857 58.393200
0.229061 20.495600
0.229264 35.919600
0.229468 86.808500
0.229672 24.284500
0.229876 21.404800
0.230079 67.619100
0.230283 46.209600
0.230487 83.262500
0.230691 59.513700
0.230895 40.600300
0.231098 42.434700
0.231302 61.413100
0.231506 27.090800
0.231710 50.769100
0.231914 39.241600
0.232117 40.911300
0.232321 62.317500
0.232525 40.028900
0.232729 37.368300
0.232933 32.114100
0.233136 44.087200
0.233340 45.762900
0.233544 44.929300
0.233951 17.782100
0.234155 43.568000
0.234359 40.622600
0.234563 63.172100
0.234767 40.614800
0.234970 56.589000
0.235378 43.159200
0.235582 51.362500
0.235786 46.282800
0.235989 59.489100
0.236193 60.844100
0.236397 48.248000
0.236601 88.889600
0.236805 78.067100
0.237008 23.313100
0.237212 76.122200
0.237416 5.293500
0.237620 96.491100
0.237824 34.833400
0.238027 53.013200
0.238231 54.055600
0.238435 53.376300
0.238639 22.693700
0.238842 29.597100
0.239046 60.860700
0.239250 28.588200
0.239454 38.250900
0.239658 25.778500
0.239861 47.722400
0.240065 40.036700
0.240269 17.101500
0.240473 39.427300
0.240677 86.185900
0.240880 59.032100
0.241084 64.770400
0.241288 1.702100
0.241492 80.963900
0.241696 60.514700
0.241899 87.992000
0.242103 37.103900
0.242307 55.003700
0.242511 63.684100
0.242714 30.342900
0.242918 65.120800
0.243122 38.936800
0.243326 33.809900
0.243530 36.124800
0.243733 42.694600
0.243937 59.349900
0.244141 53.067100
0.244345 71.568400
0.244549 27.213800
0.244752 35.055000
0.244956 10.055100
0.245160 29.587800
0.245364 27.961100
0.245568 41.008400
0.245771 33.712000
0.245975 39.519400
0.246179 20.018400
0.246383 73.916900
0.246587 23.857500
0.246790 27.657700
0.246994 38.592300
0.247198 58.354900
0.247402 63.259100
0.247605 87.641200
0.247809 67.066200
0.248013 33.865600
0.248217 55.613100
0.248421 36.548300
0.248624 31.142100
0.248828 32.438300
0.249032 47.697500
0.249236 24.778600
0.249440 59.451600
0.249643 35.953600
0.249847 58.033900
0.250051 37.646100
0.250255 44.672500
0.250459 50.826700
0.250662 38.174700
0.250866 80.643800
0.251070 38.126200
0.251274 61.142600
0.251477 7.914190
0.251681 69.030200
0.251885 30.727100
0.252089 17.205200
0.252293 46.495900
0.252496 17.905100
0.252700 46.820600
0.252904 48.469400
0.253108 49.517600
0.253312 26.755700
0.253515 31.073800
0.253719 26.360100
0.253923 36.432900
0.254127 44.716000
0.254331 60.672100
0.254534 48.337300
0.254738 69.079600
0.254942 30.723600
0.255146 12.663300
0.255350 29.080600
0.255553 72.676200
0.255757 91.766900
0.255961 63.925000
0.256165 35.523000
0.256368 43.290900
0.256572 48.075300
0.256776 26.484300
0.256980 31.939300
0.257184 49.046800
0.257591 23.481000
0.257795 9.250890
0.257999 62.873700
0.258203 24.439200
0.258406 79.172000
0.258610 90.648400
0.258814 17.416600
0.259018 33.674500
0.259222 56.282600
0.259425 81.182100
0.259833 53.725400
0.260037 57.226000
0.260240 31.649500
0.260444 67.667400
0.260648 46.267900
0.260852 50.237300
0.261056 42.154600
0.261259 69.873100
0.261463 46.033600
0.261667 91.468800
0.261871 32.471500
0.262075 21.126300
0.262278 42.601900
0.262482 40.781800
0.262686 2.518010
0.262890 42.579200
0.263094 30.632300
0.263297 49.002600
0.263501 50.173300
0.263705 39.243300
0.263909 19.541800
0.264112 58.225800
0.264316 46.382200
0.264520 25.336900
0.264724 52.782100
0.264928 11.873200
0.265131 28.140200
0.265335 47.003500
0.265539 33.157900
0.265743 56.288600
0.265947 68.034100
0.266150 69.027300
0.266354 12.896700
0.266558 48.865600
0.266762 54.095700
0.266966 43.010900
0.267169 40.656200
0.267373 28.163500
0.267577 20.413600
0.267781 50.795600
0.267985 28.087900
0.268188 64.424200
0.268392 59.743300
0.268596 8.493330
0.268800 68.889000
0.269003 55.139500
0.269207 52.379400
0.269411 54.864600
0.269615 31.914500
0.269819 36.562000
0.270022 60.092200
0.270226 64.666200
0.270430 49.433000
0.270634 43.169800
0.270838 55.116200
0.271041 42.205900
0.271245 60.776800
0.271449 24.984200
0.271653 29.179900
0.271857 75.004700
0.272060 17.704600
0.272264 71.286500
0.272468 33.950400
0.272672 59.550900
0.272875 38.630200
0.273079 28.333700
0.273283 46.797300
0.273487 93.383600
0.273691 82.888300
0.273894 51.427400
0.274098 58.263800
0.274302 28.018400
0.274506 47.831800
0.274710 5.812810
0.274913 19.526000
0.275117 26.427500
0.275321 41.392600
0.275525 29.224600
0.275729 66.977800
0.275932 31.516900
0.276136 31.121900
0.276340 48.090300
0.276544 10.503700
0.276748 46.691900
0.276951 77.503200
0.277155 58.164400
0.277359 9.788840
0.277563 55.062000
0.277766 11.334200
0.277970 66.014100
0.278174 45.511500
0.278378 63.884900
0.278582 21.820400
0.278785 49.612800
0.278989 37.813000
0.279193 16.963600
0.279397 62.559400
0.279601 49.158400
0.279804 10.949300
0.280008 49.628700
0.280212 34.513900
0.280416 40.288600
0.280620 25.624800
0.280823 31.248900
0.281027 34.187500
0.281231 20.438200
0.281435 8.236680
0.281638 66.752200
0.282046 28.281800
0.282250 55.450200
0.282454 24.029000
0.282657 39.414600
0.282861 57.840800
0.283065 44.392600
0.283269 49.512900
0.283473 46.226400
0.283676 72.225400
0.283880 35.912600
0.284084 55.202000
0.284288 32.684800
0.284492 50.977200
0.284695 94.366200
0.284899 7.135360
0.285103 25.429600
0.285307 83.931300
0.285510 71.431000
0.285714 44.093500
0.285918 23.502500
0.286122 6.320070
0.286326 56.196900
0.286529 81.274400
0.286733 27.605200
0.286937 40.457200
0.287141 35.360800
0.287345 47.936800
0.287548 69.364600
0.287752 29.799800
0.287956 27.539900
0.288160 69.547800
0.288364 50.164700
0.288567 51.297500
0.288771 40.177500
0.288975 62.045700
0.289179 54.598500
0.289383 57.819900
0.289586 56.833800
0.289790 47.547900
0.289994 34.756600
0.290401 9.958660
0.290605 46.976500
0.290809 79.667200
0.291013 13.941100
0.291217 38.629700
0.291420 54.241500
0.291624 36.371300
0.291828 39.724000
0.292032 30.226000
0.292236 26.381200
0.292439 19.680200
0.292643 34.909400
0.292847 37.921300
0.293051 78.286700
0.293255 47.584300
0.293458 45.407000
0.293662 34.280400
0.293866 58.833100
0.294070 52.775400
0.294273 7.267700
0.294477 63.998500
0.294681 74.366800
0.294885 7.235260
0.295089 64.637200
0.295292 53.517400
0.295496 48.243600
0.295700 66.917400
0.295904 35.318700
0.296108 40.428600
0.296311 60.889200
0.296515 56.796000
0.296719 20.681500
0.296923 71.270600
0.297127 47.997700
0.297330 16.556300
0.297534 69.002300
0.297738 58.538800
0.297942 35.662500
0.298146 49.303700
0.298349 34.737800
0.298553 36.612600
0.298757 70.367100
0.298961 15.049000
0.299164 14.567500
0.299368 53.732000
0.299572 52.449800
0.299776 50.589700
0.299980 46.567100
0.300183 55.189700
0.300387 27.593000
0.300591 36.061600
0.300795 26.174200
0.300999 33.124700
0.301202 60.561800
0.301406 53.537500
0.301610 60.651000
0.301814 11.933900
0.302018 11.995700
0.302221 49.459600
0.302425 39.065700
0.302629 57.157700
0.302833 40.020500
0.303036 34.959800
0.303240 44.046900
0.303444 69.287200
0.303648 83.407900
0.303852 18.778100
0.304055 37.042000
0.304259 58.086800
0.304463 63.891300
0.304667 67.361400
0.304871 30.263800
0.305074 38.755200
0.305278 51.590900
0.305482 65.852100
0.305686 26.738300
0.305890 68.570000
0.306093 50.813300
0.306297 36.412600
0.306501 68.442500
0.306705 27.110700
0.306908 52.856900
0.307112 38.677300
0.307316 45.391800
0.307520 68.991400
0.307724 17.643500
0.307927 35.916300
0.308131 36.705200
0.308335 95.391800
0.308539 56.539000
0.308743 8.245180
0.308946 3.183900
0.309150 24.225700
0.309354 7.915160
0.309558 26.790600
0.309762 59.850700
0.309965 34.210200
0.310169 91.696800
0.310373 37.608000
0.310577 16.410700
0.310781 41.561800
0.310984 56.463700
0.311188 25.978600
0.311392 28.755400
0.311596 82.465200
0.311799 58.299900
0.312003 39.368600
0.312207 72.608600
0.312411 34.363100
0.312615 54.191900
0.312818 60.275800
0.313022 62.134200
0.313226 64.283600
0.313430 20.818900
0.313634 35.424800
0.313837 29.007200
0.314041 59.398000
0.314245 5.829640
0.314449 26.246800
0.314653 54.409900
0.314856 37.513500
0.315060 48.980800
0.315264 64.871100
0.315468 35.232000
0.315671 82.720900
0.315875 51.172000
0.316079 76.079100
0.316283 79.121500
0.316487 34.946200
0.316690 59.340100
0.316894 5.780100
0.317098 53.485800
0.317302 75.945500
0.317506 48.779400
0.317709 35.520800
0.317913 8.824730
0.318117 37.444800
0.318321 16.014400
0.318525 57.724900
0.318728 34.787500
0.318932 44.734000
0.319136 27.350100
0.319340 53.137000
0.319544 46.937800
0.319747 89.558400
0.319951 85.622600
0.320155 27.810600
0.320359 54.473500
0.320562 63.730200
0.320766 59.362000
0.320970 39.812700
0.321174 26.850000
0.321378 32.996500
0.321581 35.622400
0.321785 89.233900
0.321989 66.021400
0.322193 5.075830
0.322397 68.572800
0.322600 37.108400
0.322804 41.459200
0.323008 10.395400
0.323212 42.742900
0.323416 39.061100
0.323619 67.008800
0.323823 39.049600
0.324027 54.602400
0.324231 62.980100
0.324434 69.713600
0.324638 51.283900
0.324842 19.836700
0.325046 42.240700
0.325250 23.806600
0.325453 32.531000
0.325657 58.578500
0.325861 51.537100
0.326065 74.047000
0.326269 30.121100
0.326472 49.143200
0.326676 85.706100
0.326880 43.495200
0.327084 57.048700
0.327288 53.230700
0.327491 39.903100
0.327695 33.494500
0.327899 44.252800
0.328103 62.013000
0.328307 21.235900
0.328510 46.231200
0.328714 23.858900
0.328918 13.323200
0.329122 49.315900
0.329325 31.143700
0.329529 45.750200
0.329733 40.618000
0.329937 46.785700
0.330141 47.088800
0.330344 51.965900
0.330548 60.189400
0.330752 36.640600
0.330956 61.654400
0.331160 60.457100
0.331363 40.333200
0.331567 55.466300
0.331771 30.975600
0.331975 58.214800
0.332179 52.697900
0.332382 67.651100
0.332586 78.195600
0.332790 24.998900
0.332994 70.740100
0.333197 40.770700
0.333401 87.160200
0.333605 28.255100
0.333809 8.187770
0.334013 44.503400
0.334216 26.649300
0.334420 48.799700
0.334624 50.963100
0.334828 42.091100
0.335032 39.494700
0.335235 56.908200
0.335439 31.079700
0.335643 52.023700
0.335847 71.541600
0.336051 41.964200
0.336254 56.072900
0.336458 36.328700
0.336662 57.271700
0.336866 38.021600
0.337069 46.747400
0.337273 65.630300
0.337477 45.549400
0.337681 46.813900
0.337885 54.897100
0.338088 27.825900
0.338292 64.001000
0.338496 8.643760
0.338700 31.384300
0.338904 15.325400
0.339107 40.271100
0.339311 32.201900
0.339515 40.075700
0.339719 9.666120
0.339923 39.355700
0.340126 14.769700
0.340330 40.431200
0.340534 32.090900
0.340738 12.426700
0.340942 22.768100
0.341145 28.671600
0.341349 55.204700
0.341553 39.792600
0.341757 36.321300
0.341960 86.408100
0.342164 47.388800
0.342368 41.101100
0.342572 62.579200
0.342776 25.968600
0.342979 36.916900
0.343183 41.511800
0.343387 61.022200
0.343591 47.347800
0.343795 33.598400
0.343998 58.133600
0.344202 86.050600
0.344406 47.824000
0.344610 21.831700
0.344814 38.914900
0.345017 27.801500
0.345221 56.306700
0.345425 63.861400
0.345629 10.124200
0.345832 68.619300
0.346036 36.355900
0.346240 27.520700
0.346444 43.679300
0.346648 58.365700
0.346851 70.543900
0.347055 47.758800
0.347259 30.924200
0.347463 38.183000
0.347667 49.999800
0.347870 17.560300
0.348074 47.059000
0.348278 40.802500
0.348482 31.151200
0.348686 83.306300
0.348889 36.018800
0.349093 29.794200
0.349297 53.841600
0.349501 16.895200
0.349705 50.739100
0.349908 33.843900
0.350112 42.208200
0.350316 16.209800
0.350520 25.262000
0.350723 34.697100
0.350927 56.800600
0.351131 91.994600
0.351335 55.971900
0.351539 29.270400
0.351742 15.849000
0.351946 33.496900
0.352150 56.695300
0.352354 20.325700
0.352558 35.208500
0.352761 57.374700
0.352965 7.499250
0.353169 32.832600
0.353373 32.652300
0.353577 73.685200
0.353780 11.317500
0.353984 34.975300
0.354188 63.557700
0.354392 43.743400
0.354595 39.500900
0.354799 38.349600
0.355003 60.550800
0.355207 43.130700
0.355411 58.975500
0.355614 44.481400
0.355818 71.264500
0.356022 25.448900
0.356226 38.836300
0.356430 43.434300
0.356633 23.181800
0.356837 31.810000
0.357041 9.972810
0.357245 59.631000
0.357449 62.773600
0.357652 11.356100
0.357856 53.797100
0.358060 79.714100
0.358264 15.198200
0.358467 56.258700
0.358671 18.364800
0.358875 51.131700
0.359079 58.421900
0.359283 62.889100
0.359486 35.416100
0.359690 44.924000
0.359894 54.771000
0.360098 66.607600
0.360302 63.353700
0.360505 33.988300
0.360913 44.863500
0.361117 23.047100
0.361321 7.861130
0.361524 43.018600
0.361728 69.262700
0.361932 57.007800
0.362136 28.192700
0.362340 54.924900
0.362543 81.314300
0.362747 34.328800
0.362951 78.849500
0.363155 51.336600
0.363358 45.432600
0.363562 63.934900
0.363766 33.567700
0.363970 6.602370
0.364174 19.826400
0.364377 88.966800
0.364581 24.695800
0.364785 25.692000
0.364989 14.518000
0.365193 49.742700
0.365396 10.142900
0.365600 42.763500
0.365804 35.557600
0.366008 19.127900
0.366212 48.021100
0.366415 18.693100
0.366619 14.917100
0.366823 77.995900
0.367027 58.537000
0.367230 51.498200
0.367434 51.160300
0.367638 7.692580
0.367842 28.002500
0.368046 30.357600
0.368249 77.206900
0.368453 49.438200
0.368657 39.202500
0.368861 92.211300
0.369065 3.822490
0.369268 32.325600
0.369472 36.756500
0.369676 51.814800
0.369880 48.681600
0.370084 29.028800
0.370287 66.507000
0.370491 36.522400
0.370695 60.146400
0.370899 49.012100
0.371103 38.355800
0.371306 27.346500
0.371510 23.462800
0.371714 58.587100
0.371918 49.885000
0.372121 27.757800
0.372325 8.241380
0.372529 42.697900
0.372733 37.311200
0.372937 57.709100
0.373140 63.882200
0.373344 76.566900
0.373548 65.507300
0.373752 19.363600
0.373956 28.903000
0.374159 56.075400
0.374363 54.414000
0.374567 60.981700
0.374771 68.022600
0.374975 66.631200
0.375178 27.120500
0.375382 49.579000
0.375586 67.159800
0.375790 23.619100
0.375993 36.767400
0.376197 40.032000
0.376401 35.100100
0.376605 39.023800
0.376809 40.604900
0.377012 62.863100
0.377216 46.124600
0.377420 36.644100
0.377624 43.359100
0.377828 3.184880
0.378031 30.143600
0.378235 18.211400
0.378439 66.926200
0.378643 18.864500
0.378847 49.774400
0.379050 59.054500
0.379254 54.146800
0.379458 9.129280
0.379662 30.398200
0.379865 45.120700
0.380069 76.316600
0.380273 36.448700
0.380477 44.496200
0.380681 36.691100
0.380884 23.010900
0.381088 46.490600
0.381292 41.780800
0.381496 71.730500
0.381700 43.153800
0.381903 28.100600
0.382107 18.766700
0.382311 65.507100
0.382515 54.080500
0.382719 34.628600
0.382922 47.024900
0.383126 35.472800
0.383330 75.171800
0.383534 36.635400
0.383738 18.994600
0.383941 7.206450
0.384145 65.307600
0.384349 7.986880
0.384553 23.384400
0.384756 53.471900
0.384960 75.060000
0.385164 60.743200
0.385368 32.135700
0.385572 68.398500
0.385775 28.300700
0.385979 65.583800
0.386183 59.900000
0.386387 66.354400
0.386591 12.036700
0.386794 17.029900
0.386998 31.900400
0.387202 32.319000
0.387406 25.954800
0.387610 29.193300
0.387813 40.100600
0.388017 36.947800
0.388221 45.748300
0.388425 70.575400
0.388628 36.977000
0.388832 45.554900
0.389036 67.130300
0.389240 18.272400
0.389444 25.384200
0.389647 28.731300
0.389851 40.486800
0.390055 48.547900
0.390259 37.851700
0.390463 27.907000
0.390666 47.284600
0.390870 58.855500
0.391074 29.740100
0.391278 30.938800
0.391685 36.023300
0.391889 54.811900
0.392093 73.282800
0.392297 22.929100
0.392501 45.274800
0.392704 69.701600
0.392908 41.924800
0.393112 31.947100
0.393316 87.044900
0.393519 31.134300
0.393723 40.329600
0.393927 51.424400
0.394131 52.771400
0.394335 58.909100
0.394538 35.110100
0.394742 14.601200
0.394946 49.602000
0.395150 73.168600
0.395354 13.227800
0.395557 63.282500
0.395761 30.848400
0.395965 58.712900
0.396169 34.083900
0.396373 48.287500
0.396576 46.311600
0.396780 9.152970
0.396984 89.194500
0.397188 9.370320
0.397391 36.165000
0.397595 43.022300
0.397799 49.433600
0.398003 70.506200
0.398207 49.617500
0.398410 31.300100
0.398614 64.067600
0.398818 59.499700
0.399022 14.575200
0.399226 60.077900
0.399429 54.747900
0.399633 74.205200
0.399837 39.040300
0.400041 22.838100
0.400245 34.934700
0.400448 64.069000
0.400652 30.183800
0.400856 51.168400
0.401060 15.699600
0.401264 58.429100
0.401467 22.276500
0.401671 29.226500
0.401875 68.785500
0.402079 35.067500
0.402282 42.427500
0.402486 64.815400
0.402690 31.230200
0.402894 79.163500
0.403098 24.863000
0.403301 46.249300
0.403505 26.854600
0.403709 20.053600
0.403913 67.181600
0.404117 29.388600
0.404320 32.662500
0.404524 55.206000
0.404728 33.206300
0.404932 39.043700
0.405136 65.535800
0.405339 20.164500
0.405543 53.406000
0.405747 53.588200
0.405951 50.787100
0.406154 64.573100
0.406358 58.633600
0.406562 52.940800
0.406766 27.942000
0.406970 24.154500
0.407173 55.988500
0.407377 34.657100
0.407581 50.422900
0.407785 33.216500
0.407989 55.306400
0.408192 37.234000
0.408396 41.995500
0.408600 42.012300
0.408804 34.226300
0.409008 61.430300
0.409211 40.801200
0.409415 26.172000
0.409619 66.511400
0.409823 54.567500
0.410026 72.866900
0.410230 31.710500
0.410434 54.744100
0.410638 66.067600
0.410842 54.108400
0.411045 13.978800
0.411249 30.607300
0.411453 66.196600
0.411657 76.051900
0.411861 42.739700
0.412064 69.269400
0.412268 38.896600
0.412472 49.723600
0.412676 33.469400
0.412880 17.972600
0.413083 40.865700
0.413287 58.735000
0.413491 34.958600
0.413695 54.121000
0.413899 77.956800
0.414102 10.138500
0.414306 36.802300
0.414510 46.181800
0.414714 22.484400
0.414917 38.879400
0.415121 33.145300
0.415325 32.929500
0.415529 17.091600
0.415733 63.590400
0.415936 52.345100
0.416140 31.160800
0.416344 46.714000
0.416548 55.660400
0.416752 73.946900
0.416955 60.189200
0.417159 31.278900
0.417363 33.232100
0.417567 18.041200
0.417771 69.133800
0.417974 23.397400
0.418178 54.696800
0.418382 49.090200
0.418586 37.192200
0.418789 25.962100
0.418993 33.724700
0.419197 26.743600
0.419401 7.833640
0.419605 48.435600
0.419808 44.778200
0.420012 8.104430
0.420216 19.822100
0.420420 25.874900
0.420624 71.582300
0.420827 17.547400
0.421031 22.858500
0.421235 62.227300
0.421439 61.313300
0.421643 43.128400
0.421846 43.972300
0.422050 65.478300
0.422254 45.745000
0.422458 58.961800
0.422662 59.449500
0.422865 58.528100
0.423069 42.721600
0.423273 80.182200
0.423477 53.979100
0.423680 60.309300
0.423884 25.978300
0.424088 7.975150
0.424292 20.148700
0.424496 22.558500
0.424699 64.704200
0.424903 8.715880
0.425107 59.313700
0.425311 3.592610
0.425515 33.406700
0.425718 55.106100
0.425922 26.437400
0.426126 49.807500
0.426330 61.067600
0.426534 60.516200
0.426737 44.320800
0.426941 85.315800
0.427145 72.055100
0.427349 43.787100
0.427552 9.777190
0.427756 30.997400
0.427960 65.428500
0.428164 94.081400
0.428368 29.947000
0.428571 71.902900
0.428775 32.377500
0.428979 42.437100
0.429183 77.301000
0.429387 37.123500
0.429590 60.126000
0.429794 56.311800
0.429998 38.855800
0.430202 16.592100
0.430406 77.536000
0.430609 43.075000
0.430813 46.807700
0.431017 73.147300
0.431221 43.339000
0.431424 44.106900
0.431628 27.204900
0.431832 34.702500
0.432036 39.914700
0.432240 12.719300
0.432443 41.131600
0.432647 67.394900
0.432851 3.674390
0.433055 83.327700
0.433259 58.749800
0.433462 44.209500
0.433666 35.401000
0.433870 56.118800
0.434074 32.704800
0.434278 54.827700
0.434481 14.748800
0.434685 49.160900
0.434889 56.121100
0.435093 58.210900
0.435297 23.634600
0.435500 18.871800
0.435704 40.013800
0.435908 46.059100
0.436112 55.013900
0.436315 45.444700
0.436519 61.833300
0.436723 29.520500
0.436927 32.333000
0.437131 59.194900
0.437334 27.233100
0.437538 33.714000
0.437742 10.971100
0.437946 64.702400
0.438150 44.493500
0.438353 15.314300
0.438557 36.362500
0.438761 68.583800
0.438965 22.400000
0.439169 65.047000
0.439372 49.181600
0.439576 45.041900
0.439780 39.582000
0.439984 52.199000
0.440187 47.655500
0.440391 36.858900
0.440595 18.074200
0.440799 67.872800
0.441003 8.316110
0.441206 60.333000
0.441410 52.808600
0.441614 63.070500
0.441818 66.889300
0.442022 61.144400
0.442225 64.424300
0.442429 58.056600
0.442633 71.169200
0.442837 28.462300
0.443041 72.513200
0.443244 28.523400
0.443448 66.224700
0.443652 73.470500
0.443856 52.653600
0.444060 94.480700
0.444263 60.290800
0.444467 31.721700
0.444671 37.066100
0.444875 26.713800
0.445078 88.555500
0.445282 67.358400
0.445486 30.820300
0.445690 43.895600
0.445894 62.535400
0.446097 57.049000
0.446301 46.934100
0.446505 47.479900
0.446709 31.667600
0.446913 23.579300
0.447116 28.846400
0.447320 14.793000
0.447524 75.936300
0.447728 38.363200
0.447932 8.279790
0.448135 62.845300
0.448339 48.400600
0.448543 43.755300
0.448747 36.106500
0.448950 45.375900
0.449154 34.361000
0.449358 45.644500
0.449562 38.036600
0.449766 46.208600
0.449969 44.372200
0.450173 55.102000
0.450377 63.336800
0.450581 24.208500
0.450785 37.536500
0.450988 56.996800
0.451192 12.847800
0.451396 43.006400
0.451600 10.130800
0.451804 33.656900
0.452007 75.785700
0.452211 1.740750
0.452415 18.230300
0.452619 61.001600
0.452822 17.357600
0.453026 36.859700
0.453230 3.067220
0.453434 48.494500
0.453638 17.211300
0.453841 50.885500
0.454045 79.169400
0.454249 68.104400
0.454453 56.322900
0.454657 38.771100
0.454860 37.150600
0.455064 44.739300
0.455268 8.799460
0.455472 80.548800
0.455676 24.543600
0.455879 67.767900
0.456083 28.538400
0.456287 13.029400
0.456491 42.476100
0.456695 2.707440
0.456898 28.158600
0.457102 24.015300
0.457306 55.188300
0.457510 12.028300
0.457713 53.301200
0.457917 11.806500
0.458121 34.796000
0.458325 52.760500
0.458529 78.338800
0.458732 21.070500
0.458936 58.273500
0.459140 36.000900
0.459344 54.619300
0.459548 24.706700
0.459751 54.357300
0.459955 9.500860
0.460159 12.442400
0.460363 62.304900
0.460567 61.260600
0.460770 88.901500
0.460974 40.767600
0.461178 21.143900
0.461382 37.986700
0.461585 8.492120
0.461789 14.432600
0.461993 43.689200
0.462197 27.924800
0.462401 24.286100
0.462604 69.763000
0.462808 9.232130
0.463012 31.974200
0.463216 36.970500
0.463420 74.171700
0.463623 36.708400
0.463827 30.943300
0.464031 43.943100
0.464235 60.968900
0.464439 41.239300
0.464642 16.383100
0.464846 49.655400
0.465050 40.773800
0.465254 46.982300
0.465458 79.423700
0.465661 43.275000
0.465865 66.902800
0.466069 62.424300
0.466273 26.746900
0.466476 51.305800
0.466680 34.094600
0.466884 10.577400
0.467088 17.630800
0.467292 19.744000
0.467495 49.457800
0.467699 82.571900
0.467903 64.965400
0.468107 33.589000
0.468311 70.916200
0.468514 5.824710
0.468718 21.955700
0.468922 30.397800
0.469126 12.733300
0.469330 38.416700
0.469533 61.527000
0.469737 21.329900
0.469941 28.059700
0.470145 47.450500
0.470348 37.475200
0.470552 8.628530
0.470756 64.478300
0.470960 47.542200
0.471164 32.754000
0.471367 29.374100
0.471571 34.787400
0.471775 23.500500
0.471979 77.021100
0.472183 7.910820
0.472386 43.066900
0.472590 15.556300
0.472794 6.014310
0.472998 52.867400
0.473202 61.887500
0.473405 46.857000
0.473609 28.999700
0.473813 93.497300
0.474017 16.103300
0.474221 19.664600
0.474424 33.453500
0.474628 37.242500
0.474832 32.610200
0.475036 57.616200
0.475239 76.115100
0.475443 17.361400
0.475647 22.079200
0.475851 42.854800
0.476055 55.733200
0.476258 49.280800
0.476462 68.279400
0.476666 74.326500
0.476870 48.864300
0.477074 39.591500
0.477277 60.600300
0.477481 11.654900
0.477685 77.810400
0.477889 63.086200
0.478093 21.926500
0.478296 9.639930
0.478500 63.105700
0.478704 30.496700
0.478908 66.592700
0.479111 34.539400
0.479315 42.409700
0.479519 32.450900
0.479723 68.690900
0.479927 34.066700
0.480130 58.629800
0.480334 7.795840
0.480538 41.918500
0.480742 50.903500
0.480946 38.388300
0.481149 9.944480
0.481353 14.529700
0.481557 60.584600
0.481761 45.753000
0.481965 53.591500
0.482168 42.541400
0.482372 50.405600
0.482576 35.069200
0.482780 62.955700
0.482983 17.214800
0.483187 8.053880
0.483391 40.844700
0.483595 36.375000
0.483799 59.524200
0.484002 73.439100
0.484206 29.114900
0.484410 29.027200
0.484614 59.030300
0.484818 75.093100
0.485021 26.527000
0.485225 46.250300
0.485429 61.435300
0.485633 86.791100
0.485837 66.711600
0.486040 39.461700
0.486244 8.106660
0.486448 62.663600
0.486652 34.385200
0.486856 22.977500
0.487059 44.976700
0.487263 54.639400
0.487467 6.567880
0.487671 50.975100
0.487874 39.828800
0.488078 21.649800
0.488282 18.807600
0.488486 55.918900
0.488690 32.345100
0.488893 27.555800
0.489097 47.831200
0.489301 31.354900
0.489505 6.229640
0.489709 17.255400
0.489912 77.699900
0.490116 74.572700
0.490320 34.729300
0.490524 95.651400
0.490728 13.729400
0.490931 49.868100
0.491135 53.116300
0.491339 28.766300
0.491543 80.724300
0.491746 35.904300
0.491950 24.465900
0.492154 36.420900
0.492358 26.225600
0.492562 39.052700
0.492765 37.731400
0.492969 74.433100
0.493173 27.312900
0.493377 26.268300
0.493581 90.317000
0.493784 75.201200
0.493988 46.660500
0.494192 76.751300
0.494396 27.933300
0.494600 43.553300
0.494803 63.902600
0.495007 63.099600
0.495211 48.349100
0.495415 31.154800
0.495619 20.457200
0.495822 31.178500
0.496026 60.311000
0.496230 23.234900
0.496434 52.040300
0.496637 82.269600
0.496841 48.299300
0.497045 69.321200
0.497249 26.646200
0.497453 56.636900
0.497656 31.841300
0.497860 58.692700
0.498064 50.084500
0.498268 36.599400
0.498472 48.365500
0.498675 54.904800
0.498879 46.278000
0.499083 50.112700
0.499287 62.947700
0.499491 48.749900
0.499694 74.125800
0.499898 97.282300
0.500102 16.318000
0.500306 14.556100
0.500509 58.646500
0.500713 86.494400
0.500917 66.280700
0.501121 63.765300
0.501325 61.685200
0.501528 46.831600
0.501732 38.545400
0.501936 44.158000
0.502140 18.250400
0.502344 39.880300
0.502547 22.910500
0.502751 47.299600
0.502955 75.262100
0.503159 36.923000
0.503363 58.777700
0.503566 44.649700
0.503770 28.990800
0.503974 32.440300
0.504178 40.483700
0.504381 36.021400
0.504585 28.368800
0.504789 35.542500
0.504993 43.001900
0.505197 37.782400
0.505400 72.441000
0.505604 69.418000
0.505808 45.094700
0.506012 56.021700
0.506216 50.990500
0.506419 22.320700
0.506623 22.320800
0.506827 92.454600
0.507031 9.703880
0.507235 22.766100
0.507438 21.730900
0.507642 25.077000
0.507846 44.162800
0.508050 38.477800
0.508254 63.209300
0.508457 41.175800
0.508661 50.477100
0.508865 48.637300
0.509069 34.873600
0.509272 43.455200
0.509476 22.441100
0.509680 31.192000
0.509884 7.525330
0.510088 17.035700
0.510291 88.153100
0.510495 45.308400
0.510699 51.664300
0.510903 20.216600
0.511107 63.309700
0.511310 8.109360
0.511514 34.989900
0.511718 78.287500
0.511922 39.160600
0.512126 49.320100
0.512329 28.010900
0.512533 52.819700
0.512737 66.581800
0.512941 33.107900
0.513144 54.995700
0.513348 40.497700
0.513552 49.799900
0.513756 12.730000
0.513960 30.690300
0.514163 79.987100
0.514367 62.398400
0.514571 32.822100
0.514775 46.535700
0.514979 50.425900
0.515182 12.723000
0.515386 65.333800
0.515590 26.017700
0.515794 31.860400
0.515998 49.556900
0.516201 74.344000
0.516405 61.182700
0.516609 51.701500
0.516813 8.624610
0.517017 87.870600
0.517220 69.507300
0.517424 28.690900
0.517628 48.300400
0.517832 33.656600
0.518035 38.887100
0.518239 35.862800
0.518443 54.190700
0.518647 33.328600
0.518851 27.668300
0.519054 47.595000
0.519258 29.094700
0.519462 15.843000
0.519666 69.992000
0.519870 46.156400
0.520073 62.650300
0.520277 31.151000
0.520481 30.343000
0.520685 55.887000
0.520889 8.030430
0.521092 30.770600
0.521296 61.606100
0.521500 64.460500
0.521704 24.265000
0.521907 43.329600
0.522111 35.019000
0.522315 13.123600
0.522519 13.837400
0.522723 88.957100
0.522926 39.575300
0.523130 69.225500
0.523334 36.152600
0.523538 54.098700
0.523742 19.109000
0.523945 26.759700
0.524149 19.239600
0.524353 60.409900
0.524557 55.872700
0.524761 29.654300
0.524964 65.877100
0.525168 46.165200
0.525372 46.300000
0.525576 44.615800
0.525779 13.344100
0.525983 30.691800
0.526187 43.259800
0.526391 23.681000
0.526595 71.187300
0.526798 41.762400
0.527002 47.132800
0.527206 48.841000
0.527410 29.487200
0.527614 34.656200
0.527817 8.857530
0.528021 43.518300
0.528225 49.688600
0.528429 45.897700
0.528633 23.594300
0.528836 58.556000
0.529040 48.965400
0.529244 40.220900
0.529448 7.111070
0.529855 69.529000
0.530059 33.057800
0.530263 60.894100
0.530467 31.026300
0.530670 31.025800
0.530874 60.965000
0.531078 25.290200
0.531282 34.305000
0.531486 33.077300
0.531689 49.523900
0.531893 87.454100
0.532097 48.580900
0.532301 53.445100
0.532505 74.913900
0.532708 22.003300
0.532912 8.580460
0.533116 81.961200
0.533320 57.808600
0.533524 40.635700
0.533727 71.189800
0.533931 60.145200
0.534135 48.111600
0.534339 49.135700
0.534542 77.530900
0.534746 36.841300
0.534950 36.292200
0.535154 27.707900
0.535358 50.139600
0.535561 13.465200
0.535765 50.541300
0.535969 39.323100
0.536173 24.193500
0.536377 74.087500
0.536580 27.243500
0.536784 67.909100
0.536988 40.219900
0.537192 34.783600
0.537396 45.557200
0.537599 37.983000
0.537803 33.471600
0.538007 25.173000
0.538211 12.996600
0.538415 21.911600
0.538618 84.498200
0.538822 20.088700
0.539026 48.667900
0.539230 9.819360
0.539433 97.576700
0.539637 20.687400
0.539841 74.717200
0.540045 19.803000
0.540249 37.548100
0.540452 9.441450
0.540656 25.207500
0.540860 27.746300
0.541064 76.939600
0.541268 43.090600
0.541471 96.334100
0.541675 34.876900
0.541879 50.954600
0.542083 30.072800
0.542287 35.777200
0.542490 52.547100
0.542694 67.975000
0.542898 9.589760
0.543102 23.442700
0.543305 48.932400
0.543509 66.216900
0.543713 27.989100
0.543917 23.885100
0.544121 38.905100
0.544324 36.096800
0.544528 42.832000
0.544732 66.649600
0.544936 80.911100
0.545140 25.425700
0.545343 86.921200
0.545547 28.979500
0.545751 29.983400
0.545955 32.957700
0.546159 43.943800
0.546362 36.577600
0.546566 23.599000
0.546770 58.679400
0.546974 39.648800
0.547178 25.549500
0.547381 41.561100
0.547585 30.236200
0.547789 29.271500
0.547993 72.793100
0.548196 33.198100
0.548400 53.257000
0.548604 67.396800
0.548808 63.748900
0.549012 53.985800
0.549215 37.730600
0.549419 24.195900
0.549623 16.966500
0.549827 43.070800
0.550031 66.703700
0.550234 50.673900
0.550438 56.699900
0.550642 47.014100
0.550846 70.175600
0.551050 20.098700
0.551253 27.677100
0.551457 30.771200
0.551661 69.349100
0.551865 45.542900
0.552068 27.867600
0.552272 64.799700
0.552476 80.136000
0.552680 79.901100
0.552884 47.671200
0.553087 59.269200
0.553291 5.298420
0.553495 47.491900
0.553699 12.628900
0.553903 60.519000
0.554106 29.063600
0.554310 34.176400
0.554514 53.777900
0.554718 63.082100
0.554922 14.332000
0.555125 51.860700
0.555329 33.748000
0.555533 29.222900
0.555737 49.914200
0.555940 38.630300
0.556144 37.568900
0.556348 68.654800
0.556552 91.142200
0.556756 47.933100
0.556959 54.965200
0.557163 66.251400
0.557367 47.673900
0.557571 58.675900
0.557775 46.271400
0.557978 55.203400
0.558182 52.275900
0.558386 96.936200
0.558590 22.504700
0.558794 20.339300
0.558997 53.145000
0.559201 36.151800
0.559405 39.831400
0.559609 46.466700
0.559813 26.276600
0.560016 5.009730
0.560220 41.251700
0.560424 48.517600
0.560628 9.263260
0.560831 86.522300
0.561035 30.219400
0.561239 46.974300
0.561443 36.686000
0.561647 48.708700
0.561850 10.089300
0.562054 8.358480
0.562258 74.026200
0.562462 56.128000
0.562666 40.462600
0.562869 52.831400
0.563073 63.312700
0.563277 57.804800
0.563481 59.140800
0.563685 72.716700
0.563888 42.785900
0.564092 28.756900
0.564296 62.829100
0.564500 42.826500
0.564703 45.554700
0.564907 16.618700
0.565111 32.295200
0.565315 32.221300
0.565519 42.458900
0.565722 44.584600
0.565926 31.224100
0.566130 41.360100
0.566334 51.765100
0.566538 32.787400
0.566741 38.063000
0.566945 92.705000
0.567149 19.111900
0.567353 77.787300
0.567557 29.214900
0.567760 44.786100
0.567964 51.136400
0.568168 65.953300
0.568372 54.752600
0.568576 27.556600
0.568779 38.302100
0.568983 19.220100
0.569187 19.679200
0.569391 9.262220
0.569594 60.753800
0.569798 87.567000
0.570002 28.573100
0.570206 48.240500
0.570410 46.011700
0.570613 26.162300
0.570817 26.432100
0.571021 13.120400
0.571225 58.261500
0.571429 50.295900
0.571632 86.330000
0.571836 36.656300
0.572040 58.219600
0.572244 50.510800
0.572448 42.161400
0.572651 55.521900
0.572855 44.320300
0.573059 56.840800
0.573263 61.819400
0.573466 15.301800
0.573670 33.510100
0.573874 59.958600
0.574078 56.570400
0.574282 38.826000
0.574485 51.160400
0.574689 37.060600
0.574893 31.261600
0.575097 14.873000
0.575301 45.728000
0.575504 20.921200
0.575708 36.564900
0.575912 23.458100
0.576116 52.463300
0.576320 40.594300
0.576523 38.477100
0.576727 41.819200
0.576931 82.112300
0.577135 49.255900
0.577338 6.716010
0.577542 39.196400
0.577746 26.954200
0.577950 38.815600
0.578154 58.434400
0.578357 71.356800
0.578561 36.290100
0.578765 42.814900
0.578969 68.258600
0.579173 43.734900
0.579376 51.854900
0.579580 30.375400
0.579784 41.443100
0.579988 66.052100
0.580192 66.114700
0.580395 49.479600
0.580599 49.850000
0.581007 55.960000
0.581211 58.736200
0.581414 38.036400
0.581618 60.310300
0.581822 15.755200
0.582026 55.053800
0.582229 19.551300
0.582433 39.687600
0.582637 6.597170
0.582841 74.591000
0.583045 40.324500
0.583248 59.659500
0.583452 26.066100
0.583656 52.463100
0.583860 54.299100
0.584064 26.286600
0.584267 75.908300
0.584471 63.190500
0.584675 63.492900
0.584879 56.586100
0.585083 62.773000
0.585286 26.816800
0.585490 40.220200
0.585694 44.169700
0.585898 18.989100
0.586101 62.498900
0.586305 33.707700
0.586509 31.001200
0.586713 19.717500
0.586917 39.147100
0.587120 50.902000
0.587324 9.757430
0.587528 26.718500
0.587732 61.376400
0.587936 59.857500
0.588139 54.666100
0.588343 39.587800
0.588547 15.420900
0.588955 31.655000
0.589158 75.541900
0.589362 79.457200
0.589566 75.224200
0.589770 43.254000
0.589974 52.903000
0.590177 57.706100
0.590381 84.189100
0.590585 67.307700
0.590789 29.441900
0.590992 8.820750
0.591196 8.612100
0.591400 51.133800
0.591604 76.473600
0.591808 31.871500
0.592011 18.579400
0.592215 44.690100
0.592419 66.753900
0.592623 33.577300
0.592827 35.505700
0.593030 17.084800
0.593234 46.703700
0.593438 20.412900
0.593642 33.846600
0.593846 8.580270
0.594049 36.271600
0.594253 7.846280
0.594457 29.463700
0.594661 44.739400
0.594864 26.102400
0.595068 75.765800
0.595272 38.168200
0.595476 66.311400
0.595680 54.371600
0.595883 35.648700
0.596087 77.379000
0.596291 68.392600
0.596495 79.654800
0.596699 66.653300
0.596902 36.470600
0.597106 64.114700
0.597310 15.417200
0.597514 44.721500
0.597718 93.545900
0.597921 8.764440
0.598125 35.627000
0.598329 81.362700
0.598533 25.328900
0.598736 27.166000
0.598940 38.302700
0.599144 55.989300
0.599348 31.124300
0.599552 35.630800
0.599755 38.130800
0.599959 78.371200
0.600163 52.168200
0.600367 61.029700
0.600571 16.981300
0.600774 26.371800
0.600978 90.539300
0.601182 86.489900
0.601386 47.145600
0.601590 60.691700
0.601793 33.306100
0.601997 36.095200
0.602201 38.168700
0.602405 23.447700
0.602609 42.114700
0.602812 30.959600
0.603016 24.888300
0.603220 72.036200
0.603424 57.566500
0.603627 51.619500
0.603831 26.260700
0.604035 53.419600
0.604239 52.473900
0.604443 94.561000
0.604646 67.657100
0.604850 23.754900
0.605054 91.972300
0.605258 14.863700
0.605462 48.621800
0.605665 20.971000
0.605869 29.441300
0.606073 45.205300
0.606277 53.659300
0.606481 33.129600
0.606684 27.725300
0.606888 35.826900
0.607092 15.194700
0.607296 47.254800
0.607499 18.229000
0.607703 37.251200
0.607907 35.416000
0.608111 39.347300
0.608518 44.932500
0.608722 70.810500
0.608926 94.181500
0.609130 39.841000
0.609334 16.360500
0.609537 34.363000
0.609741 73.897100
0.609945 59.325200
0.610149 42.795000
0.610353 21.910400
0.610556 32.398000
0.610760 38.748200
0.610964 50.197000
0.611168 45.130700
0.611372 37.567100
0.611575 32.871500
0.611779 63.049900
0.611983 80.657200
0.612187 54.635800
0.612390 40.939300
0.612594 25.163500
0.612798 57.501800
0.613002 28.965300
0.613206 29.199800
0.613409 60.173500
0.613613 81.748000
0.613817 18.693500
0.614021 7.720300
0.614225 9.975520
0.614428 21.579700
0.614632 47.462800
0.614836 24.104500
0.615040 60.240800
0.615244 28.436700
0.615447 46.835100
0.615651 93.843500
0.615855 53.946100
0.616059 49.666700
0.616262 30.857300
0.616466 8.472920
0.616670 67.228600
0.616874 68.285600
0.617078 34.728300
0.617281 20.143400
0.617485 78.019600
0.617689 42.603200
0.617893 40.263900
0.618097 33.450300
0.618300 4.344770
0.618504 66.001000
0.618708 22.980500
0.618912 74.726300
0.619116 68.775300
0.619319 59.028800
0.619523 58.520200
0.619727 50.855400
0.619931 47.567800
0.620135 68.140900
0.620338 52.482600
0.620542 14.302400
0.620746 7.991900
0.620950 49.258300
0.621153 49.897600
0.621357 31.353600
0.621561 53.869200
0.621765 86.399400
0.621969 63.676300
0.622172 24.139700
0.622376 57.939800
0.622580 66.027400
0.622784 7.449790
0.622988 26.610700
0.623191 46.511900
0.623395 70.787200
0.623599 31.871800
0.623803 31.620100
0.624007 41.345100
0.624210 30.733700
0.624414 63.184300
0.624618 63.186600
0.624822 68.861400
0.625025 49.314000
0.625229 37.795300
0.625433 52.509900
0.625637 20.263300
0.625841 30.301600
0.626044 7.379980
0.626248 57.669100
0.626452 44.745100
0.626656 78.691100
0.626860 49.359700
0.627063 61.688100
0.627267 65.636600
0.627471 12.334600
0.627675 49.821500
0.627879 66.201700
0.628082 21.160600
0.628286 56.579700
0.628490 50.520500
0.628694 52.203800
0.628897 59.721400
0.629101 54.310200
0.629305 22.193300
0.629509 40.001500
0.629713 57.589900
0.629916 55.508500
0.630120 23.018600
0.630324 58.208900
0.630528 6.160450
0.630732 55.776900
0.630935 77.961800
0.631139 88.620200
0.631343 34.160900
0.631547 45.809300
0.631751 80.736300
0.631954 56.417800
0.632158 81.583500
0.632362 25.264300
0.632566 73.792100
0.632770 32.736500
0.632973 77.742700
0.633177 58.230500
0.633381 27.811600
0.633585 82.634800
0.633788 21.177700
0.633992 66.684600
0.634196 53.424300
0.634400 33.590000
0.634604 9.530090
0.634807 45.719800
0.635011 39.266800
0.635215 58.265000
0.635419 55.305500
0.635623 26.464700
0.635826 59.269600
0.636030 40.967500
0.636234 56.017800
0.636438 56.997100
0.636642 31.070500
0.636845 32.077400
0.637049 14.129300
0.637253 64.560000
0.637457 50.912700
0.637660 10.258000
0.637864 27.067500
0.638068 2.797720
0.638272 45.652400
0.638476 86.810400
0.638679 31.607400
0.638883 22.298300
0.639087 49.806600
0.639291 9.239520
0.639495 66.198700
0.639698 42.350400
0.639902 35.440100
0.640106 22.845700
0.640310 47.833700
0.640514 41.311700
0.640717 57.202900
0.640921 38.245100
0.641125 29.845600
0.641329 60.654500
0.641533 72.142500
0.641736 71.289000
0.641940 46.441000
0.642144 35.147000
0.642348 46.405100
0.642551 59.643900
0.642755 22.288500
0.642959 43.477400
0.643163 51.217900
0.643367 87.705400
0.643570 82.385000
0.643774 63.303400
0.643978 54.564300
0.644182 5.383540
0.644386 49.838900
0.644589 50.262000
0.644793 39.872600
0.644997 46.025400
0.645201 67.531700
0.645405 26.489600
0.645608 65.522900
0.645812 31.069700
0.646016 61.796600
0.646220 22.814000
0.646423 48.804200
0.646627 46.620400
0.646831 31.880700
0.647035 39.189100
0.647239 31.047300
0.647442 37.478100
0.647646 49.687500
0.647850 39.369100
0.648054 65.064900
0.648258 48.451700
0.648461 47.730400
0.648665 31.240100
0.648869 89.135600
0.649073 25.079300
0.649277 62.402100
0.649480 52.092400
0.649684 16.431100
0.649888 61.587800
0.650092 54.248500
0.650295 63.628000
0.650499 35.375800
0.650703 42.006700
0.650907 60.944400
0.651111 66.425200
0.651314 29.796300
0.651518 8.569040
0.651722 18.520200
0.652130 34.501300
0.652333 24.368500
0.652537 44.694400
0.652741 91.835300
0.652945 74.427700
0.653149 40.588100
0.653352 17.749500
0.653556 80.760900
0.653760 68.280500
0.653964 46.253900
0.654168 28.571900
0.654371 75.910200
0.654575 37.559800
0.654779 40.366700
0.654983 23.850500
0.655186 17.553400
0.655390 77.927300
0.655594 47.031500
0.655798 31.831100
0.656002 21.257000
0.656205 12.876100
0.656409 47.800100
0.656613 65.623200
0.656817 77.762900
0.657021 26.029000
0.657224 41.529800
0.657428 42.119500
0.657632 22.741400
0.657836 43.824000
0.658040 68.057600
0.658243 81.002400
0.658447 21.609500
0.658651 54.133800
0.658855 42.143700
0.659058 41.754500
0.659262 27.249900
0.659466 52.941900
0.659670 39.635600
0.659874 36.158100
0.660077 23.827200
0.660281 40.347800
0.660485 20.471900
0.660689 28.429800
0.660893 63.948400
0.661096 31.488500
0.661300 39.862900
0.661504 44.040000
0.661708 64.745400
0.661912 44.419900
0.662115 6.945710
0.662319 41.058400
0.662523 58.468400
0.662727 47.324300
0.662931 37.405400
0.663134 47.113700
0.663338 65.263200
0.663542 57.541800
0.663746 53.872100
0.663949 27.585600
0.664153 54.524800
0.664357 40.180500
0.664561 43.131100
0.664765 8.900360
0.664968 50.477500
0.665172 83.607900
0.665376 43.643300
0.665580 39.040200
0.665784 48.502200
0.665987 53.767400
0.666191 66.885600
0.666395 12.522900
0.666599 4.634080
0.666803 48.896400
0.667006 79.682600
0.667210 18.063300
0.667414 68.474500
0.667618 63.896600
0.667821 47.881100
0.668025 31.087100
0.668229 9.819180
0.668433 37.596300
0.668637 54.891600
0.668840 33.973900
0.669044 48.595800
0.669248 36.591100
0.669452 71.581600
0.669656 31.415200
0.669859 48.134800
0.670063 72.257100
0.670267 21.612300
0.670471 71.722700
0.670675 65.797300
0.670878 27.268700
0.671082 26.449900
0.671286 64.442400
0.671490 36.624200
0.671693 55.957800
0.671897 22.417500
0.672101 57.966700
0.672305 34.707600
0.672509 15.480100
0.672712 31.964300
0.672916 47.164200
0.673120 19.938900
0.673324 47.972000
0.673528 17.531800
0.673731 71.986800
0.673935 22.620500
0.674139 57.496500
0.674343 76.931400
0.674547 66.916300
0.674750 18.533000
0.674954 23.039200
0.675158 61.256200
0.675362 36.468200
0.675566 41.179600
0.675769 15.387800
0.675973 8.101170
0.676177 87.170300
0.676381 47.461100
0.676584 44.619400
0.676788 83.931800
0.676992 68.309400
0.677196 16.923100
0.677400 61.365300
0.677603 63.450700
0.677807 64.454700
0.678011 49.818500
0.678215 51.859400
0.678419 52.081200
0.678622 67.707700
0.678826 28.379600
0.679030 15.184200
0.679234 85.649800
0.679438 31.131300
0.679641 21.099100
0.679845 17.398500
0.680049 31.360700
0.680253 74.972000
0.680456 88.676700
0.680660 45.556400
0.680864 9.178060
0.681068 22.270900
0.681272 27.280200
0.681475 65.892200
0.681679 25.713400
0.681883 75.350300
0.682087 22.153100
0.682291 93.585000
0.682494 8.893200
0.682698 45.931400
0.682902 64.402100
0.683106 61.788300
0.683310 79.990400
0.683513 14.396500
0.683717 21.362100
0.683921 60.552500
0.684125 64.261400
0.684329 20.140200
0.684532 64.841900
0.684736 44.946500
0.684940 39.774700
0.685144 38.172600
0.685347 42.692800
0.685551 73.370500
0.685755 28.823200
0.685959 62.808700
0.686163 44.105400
0.686366 20.739000
0.686570 36.854500
0.686774 55.651700
0.686978 33.407900
0.687182 33.776800
0.687385 86.310000
0.687589 67.121000
0.687793 54.722600
0.687997 41.941400
0.688201 52.489100
0.688404 86.390400
0.688608 65.094500
0.688812 76.340300
0.689016 92.380800
0.689219 27.353100
0.689423 34.882700
0.689627 94.893000
0.689831 71.831700
0.690035 28.090600
0.690238 45.207600
0.690442 9.945950
0.690646 76.046900
0.690850 48.229400
0.691054 28.152200
0.691257 9.379820
0.691461 29.169000
0.691665 73.984300
0.691869 27.727300
0.692073 35.931300
0.692276 53.948400
0.692480 48.374000
0.692684 32.443700
0.692888 48.985700
0.693092 19.521400
0.693295 35.345700
0.693499 29.713500
0.693703 22.654900
0.693907 26.103700
0.694110 43.130800
0.694314 30.213400
0.694518 29.374200
0.694722 26.479600
0.694926 59.996500
0.695129 35.647200
0.695333 67.877100
0.695537 46.161600
0.695741 30.917600
0.695945 75.352400
0.696148 36.043300
0.696352 10.975000
0.696556 37.168700
0.696760 23.116200
0.696964 63.078900
0.697167 32.670100
0.697371 58.762900
0.697575 16.003200
0.697779 52.508800
0.697982 34.026200
0.698186 47.935200
0.698390 30.924700
0.698594 41.176700
0.698798 28.223500
0.699001 38.281600
0.699205 27.224600
0.699409 29.850100
0.699613 24.953500
0.699817 65.017800
0.700020 46.763000
0.700224 52.311700
0.700428 48.197200
0.700632 98.827600
0.700836 10.291500
0.701039 13.568700
0.701243 29.101900
0.701447 62.745700
0.701651 56.220000
0.701854 83.151900
0.702058 49.332300
0.702262 60.589500
0.702466 59.015700
0.702670 47.375400
0.702873 63.440200
0.703077 43.718200
0.703281 31.318300
0.703485 19.316800
0.703689 48.371600
0.703892 31.236000
0.704096 50.207500
0.704300 35.872500
0.704504 69.441700
0.704708 41.225900
0.704911 39.919200
0.705115 37.774700
0.705319 31.843400
0.705523 47.849100
0.705727 27.879900
0.705930 52.289600
0.706134 37.093800
0.706338 9.786110
0.706542 24.979900
0.706745 55.154800
0.706949 41.126900
0.707153 81.604800
0.707357 35.798100
0.707561 38.383000
0.707764 49.658300
0.707968 59.535400
0.708172 48.655600
0.708376 24.476400
0.708580 36.437500
0.708783 5.756800
0.708987 63.769300
0.709191 64.106800
0.709395 25.365800
0.709599 6.856110
0.709802 56.384600
0.710006 36.032400
0.710210 34.204600
0.710414 35.311800
0.710617 28.182300
0.710821 45.092600
0.711025 17.473300
0.711229 97.011300
0.711433 22.184100
0.711636 68.151400
0.711840 31.047600
0.712044 74.072700
0.712248 34.248400
0.712452 63.348900
0.712655 58.616500
0.712859 33.807400
0.713063 57.037600
0.713267 8.676900
0.713471 46.338100
0.713674 93.752800
0.713878 31.551200
0.714082 47.244800
0.714286 55.595300
0.714490 44.036300
0.714693 60.447700
0.714897 28.860500
0.715101 66.627700
0.715305 69.713300
0.715508 44.642700
0.715712 36.027700
0.715916 62.329500
0.716120 34.970000
0.716324 54.312100
0.716527 40.506800
0.716731 39.124500
0.716935 77.256300
0.717139 9.554960
0.717343 35.021000
0.717546 32.803100
0.717750 39.025200
0.717954 58.913600
0.718158 29.904900
0.718362 82.896700
0.718565 86.558300
0.718769 27.847600
0.718973 25.181000
0.719177 30.474000
0.719380 81.665900
0.719584 5.519740
0.719788 88.724500
0.719992 85.207300
0.720196 34.849800
0.720399 34.978100
0.720603 48.465800
0.720807 35.831800
0.721011 49.234400
0.721215 37.959100
0.721418 31.735800
0.721622 58.345800
0.721826 50.734100
0.722030 18.757300
0.722234 42.023100
0.722437 43.153400
0.722641 58.002000
0.722845 48.285800
0.723049 63.360600
0.723252 33.764600
0.723456 66.195300
0.723660 39.895300
0.723864 20.123600
0.724068 66.109600
0.724271 27.828400
0.724475 46.278200
0.724679 42.529800
0.724883 38.364200
0.725087 60.667800
0.725290 19.859000
0.725494 34.562200
0.725698 9.844620
0.725902 12.011000
0.726106 16.722700
0.726309 16.680800
0.726513 56.964200
0.726717 42.749900
0.726921 44.086600
0.727125 47.690400
0.727328 78.884300
0.727532 23.656000
0.727736 57.240400
0.727940 42.698000
0.728143 27.902900
0.728347 4.889600
0.728551 50.661200
0.728755 38.632700
0.728959 64.227900
0.729162 79.491600
0.729366 60.364700
0.729570 46.543800
0.729774 58.185100
0.729978 78.082800
0.730181 31.077400
0.730385 36.182000
0.730589 80.725200
0.730793 70.442500
0.730997 43.455100
0.731200 23.814400
0.731404 52.727800
0.731608 46.834600
0.731812 61.794900
0.732015 39.843600
0.732219 76.975500
0.732423 12.080000
0.732627 12.242000
0.732831 44.426900
0.733034 35.793400
0.733238 52.050000
0.733442 84.340900
0.733646 76.867900
0.733850 21.810500
0.734053 35.768400
0.734257 38.247100
0.734461 39.155400
0.734665 46.894500
0.734869 87.822000
0.735072 49.864000
0.735276 43.135200
0.735480 51.016200
0.735684 14.447800
0.735888 24.253300
0.736091 42.073700
0.736295 13.571800
0.736499 38.374600
0.736703 54.388900
0.736906 28.709900
0.737110 24.008300
0.737314 17.603900
0.737518 31.049600
0.737722 66.663300
0.737925 55.350800
0.738129 23.763100
0.738333 64.974000
0.738537 22.502600
0.738741 42.152100
0.738944 41.500400
0.739148 12.015300
0.739352 36.415800
0.739556 25.196900
0.739760 31.749000
0.739963 27.123700
0.740167 38.779900
0.740371 45.335300
0.740575 72.814800
0.740778 41.539900
0.740982 4.884710
0.741186 7.303370
0.741390 50.240400
0.741594 75.792800
0.741797 40.975500
0.742001 27.738300
0.742205 62.032800
0.742409 48.109400
0.742613 82.810300
0.742816 42.522400
0.743020 57.559000
0.743224 9.553220
0.743428 51.278900
0.743632 51.138300
0.743835 77.194500
0.744039 97.630100
0.744243 71.367000
0.744447 57.138200
0.744650 67.986600
0.744854 9.983290
0.745058 64.129000
0.745262 49.743500
0.745466 48.465100
0.745669 67.747300
0.745873 44.834700
0.746077 23.260400
0.746281 44.654200
0.746485 54.777100
0.746688 41.285500
0.746892 33.235400
0.747096 57.678100
0.747300 51.246200
0.747504 20.577700
0.747707 25.305700
0.747911 36.021900
0.748115 21.291600
0.748319 41.715000
0.748523 48.535100
0.748726 62.035600
0.748930 62.993800
0.749134 84.733400
0.749338 47.344200
0.749541 33.208800
0.749745 20.823400
0.749949 38.893800
0.750153 1.858500
0.750357 47.910300
0.750560 19.238500
0.750764 21.900800
0.750968 66.564400
0.751172 66.122200
0.751376 44.690300
0.751579 30.288100
0.751783 61.738200
0.751987 72.771900
0.752191 55.797500
0.752395 49.037100
0.752598 40.854400
0.752802 57.321400
0.753006 72.640800
0.753210 46.348200
0.753413 54.872600
0.753617 31.045600
0.753821 45.082000
0.754025 51.986700
0.754229 62.817500
0.754432 63.232800
0.754636 35.281100
0.754840 21.271300
0.755044 45.902500
0.755248 16.879600
0.755451 46.577600
0.755655 52.406100
0.755859 22.207300
0.756063 60.293900
0.756267 35.061700
0.756470 33.132400
0.756674 60.730500
0.756878 50.506900
0.757082 43.927100
0.757286 76.054700
0.757489 60.059200
0.757693 28.689600
0.757897 53.231300
0.758101 78.210100
0.758304 54.486700
0.758508 59.317500
0.758712 56.971500
0.758916 8.818660
0.759120 53.949400
0.759323 19.065300
0.759527 35.360400
0.759731 16.726200
0.759935 26.426900
0.760139 16.907800
0.760342 44.197800
0.760546 30.602000
0.760750 20.492900
0.760954 37.939200
0.761158 37.013800
0.761361 47.657200
0.761565 29.618300
0.761769 66.078300
0.761973 19.723500
0.762176 71.877400
0.762380 35.403300
0.762584 26.121200
0.762788 89.394000
0.762992 19.588900
0.763195 57.967400
0.763399 35.528600
0.763603 56.960800
0.763807 45.843600
0.764011 53.736000
0.764214 37.441100
0.764418 33.190400
0.764622 32.046400
0.764826 6.110410
0.765030 43.149200
0.765233 42.583700
0.765437 6.919300
0.765641 12.826200
0.765845 11.267200
0.766049 35.775300
0.766252 39.736900
0.766456 37.303600
0.766660 56.534100
0.766864 8.801470
0.767067 26.263500
0.767271 24.848600
0.767475 79.862600
0.767679 66.222100
0.767883 38.447900
0.768086 57.344900
0.768290 49.481100
0.768494 84.788000
0.768698 24.966700
0.768902 31.498400
0.769105 22.938200
0.769309 63.341100
0.769513 48.841100
0.769717 34.527600
0.769921 46.134700
0.770124 69.655100
0.770328 43.244000
0.770532 30.809800
0.770736 67.561600
0.770939 47.050600
0.771143 54.516900
0.771347 39.632600
0.771551 22.461700
0.771755 46.104700
0.771958 34.110100
0.772162 42.770800
0.772366 37.807000
0.772570 9.399690
0.772774 63.396200
0.772977 67.360800
0.773181 24.870800
0.773385 64.244000
0.773589 41.957500
0.773793 67.764100
0.773996 56.226200
0.774200 37.913400
0.774404 11.480000
0.774608 60.610100
0.774811 24.273800
0.775015 37.628800
0.775219 5.609210
0.775423 34.795200
0.775627 40.699200
0.775830 61.808600
0.776034 44.008700
0.776238 62.262900
0.776442 62.307400
0.776646 44.336900
0.776849 39.184400
0.777053 18.002900
0.777257 67.954400
0.777461 30.757900
0.777665 57.185400
0.777868 11.434400
0.778072 22.231500
0.778276 31.186200
0.778480 44.636000
0.778684 64.570000
0.778887 54.676400
0.779091 39.482500
0.779295 47.972800
0.779499 39.178900
0.779702 37.992900
0.779906 17.189200
0.780110 15.593100
0.780314 51.081000
0.780518 74.295000
0.780721 26.650400
0.780925 32.185000
0.781129 56.820100
0.781333 69.174600
0.781537 39.866300
0.781740 47.656100
0.781944 66.401800
0.782148 32.768400
0.782352 58.304300
0.782556 41.135700
0.782759 50.390500
0.782963 41.743900
0.783167 66.436100
0.783574 8.324900
0.783778 24.429700
0.783982 71.554900
0.784186 21.676400
0.784390 68.154800
0.784593 7.893300
0.784797 38.587500
0.785001 29.685500
0.785205 9.376090
0.785409 66.518400
0.785612 11.843000
0.785816 96.038200
0.786020 76.849100
0.786224 16.324200
0.786428 40.932100
0.786631 29.282500
0.786835 36.682800
0.787039 18.387600
0.787243 55.266700
0.787447 52.482400
0.787650 36.179100
0.787854 83.971000
0.788058 56.819800
0.788262 44.658200
0.788465 56.360000
0.788669 37.289300
0.788873 46.131800
0.789077 46.852500
0.789281 91.700900
0.789484 8.114030
0.789688 59.888300
0.789892 95.190300
0.790096 19.018100
0.790300 39.388600
0.790503 54.701000
0.790707 65.288000
0.790911 47.128300
0.791115 43.946800
0.791319 82.839500
0.791522 48.128000
0.791726 62.386000
0.791930 67.557500
0.792134 19.126400
0.792337 78.457800
0.792541 41.466300
0.792745 12.821500
0.792949 69.857500
0.793153 56.787000
0.793356 27.515800
0.793560 39.564500
0.793764 40.330600
0.793968 7.368830
0.794172 71.643200
0.794375 57.293100
0.794579 26.112900
0.794783 6.615140
0.794987 41.817000
0.795191 73.742900
0.795394 37.552200
0.795598 32.151100
0.795802 9.686420
0.796006 59.787300
0.796209 25.576100
0.796413 63.219000
0.796617 35.700200
0.796821 56.924300
0.797025 27.871800
0.797228 10.224100
0.797432 46.104900
0.797636 22.003500
0.797840 57.616800
0.798044 60.396700
0.798247 76.875400
0.798451 28.690800
0.798655 29.830500
0.798859 35.309100
0.799063 14.935800
0.799266 50.189200
0.799470 28.688100
0.799674 16.682500
0.799878 36.681700
0.800082 21.923400
0.800285 18.298100
0.800489 12.040900
0.800693 40.317000
0.800897 44.973600
0.801100 46.120100
0.801304 65.750300
0.801508 52.698800
0.801712 26.764000
0.801916 45.548900
0.802119 27.462100
0.802323 22.033600
0.802527 52.708000
0.802731 17.863500
0.802935 67.558000
0.803138 62.021800
0.803342 39.380500
0.803546 29.636200
0.803750 80.937100
0.803954 21.565300
0.804157 14.641100
0.804361 86.603800
0.804565 33.315000
0.804769 41.433700
0.804972 37.708000
0.805176 57.193000
0.805380 41.006300
0.805584 27.669800
0.805788 28.856000
0.805991 36.678900
0.806195 51.301300
0.806399 52.294300
0.806603 55.978100
0.806807 79.956600
0.807010 54.270800
0.807214 46.856600
0.807418 66.212700
0.807622 41.055900
0.807826 20.215000
0.808029 7.155140
0.808233 66.905700
0.808437 38.902500
0.808641 27.901300
0.808845 40.078900
0.809048 32.386700
0.809252 21.955100
0.809456 24.970400
0.809660 53.562200
0.809863 58.864500
0.810067 39.112700
0.810271 9.142340
0.810475 55.521000
0.810679 49.084600
0.810882 70.023500
0.811086 24.483000
0.811290 61.039000
0.811494 32.934100
0.811698 62.090400
0.811901 18.857000
0.812105 89.845700
0.812309 57.281700
0.812513 38.374200
0.812717 80.874700
0.812920 33.703000
0.813124 74.132200
0.813328 49.825700
0.813532 34.187200
0.813735 59.825700
0.813939 31.170900
0.814143 42.674300
0.814347 68.599900
0.814551 40.477000
0.814754 54.569600
0.814958 79.000200
0.815162 58.926500
0.815366 34.218800
0.815570 43.741100
0.815773 16.716700
0.815977 28.918700
0.816181 26.423300
0.816385 53.662500
0.816589 73.751900
0.816792 14.012300
0.816996 17.400900
0.817200 61.689400
0.817404 20.839000
0.817607 33.891400
0.817811 73.044700
0.818015 65.694200
0.818219 51.158900
0.818423 69.797800
0.818626 29.720600
0.818830 27.116600
0.819034 9.718990
0.819238 64.681800
0.819442 69.628400
0.819645 16.385100
0.819849 74.435700
0.820053 46.135300
0.820257 26.481700
0.820461 78.430000
0.820664 68.750800
0.820868 57.121600
0.821072 33.927200
0.821276 51.318000
0.821480 26.046200
0.821683 60.067000
0.821887 66.040100
0.822091 6.956270
0.822295 34.389700
0.822498 67.363300
0.822702 58.158700
0.822906 26.186300
0.823110 43.911500
0.823314 48.476600
0.823517 49.051500
0.823721 52.996800
0.823925 46.487300
0.824129 74.738500
0.824333 57.605400
0.824536 80.639900
0.824740 15.927200
0.824944 41.115400
0.825148 36.649500
0.825352 44.322300
0.825555 25.438100
0.825759 44.957000
0.825963 68.796100
0.826167 72.013400
0.826370 23.157400
0.826574 31.499500
0.826778 37.951500
0.826982 36.449500
0.827186 57.039000
0.827389 32.048400
0.827593 70.095300
0.827797 85.856400
0.828001 66.694800
0.828205 24.866000
0.828408 67.147000
0.828612 58.499200
0.828816 32.019000
0.829020 22.690700
0.829224 80.005800
0.829427 38.610400
0.829631 21.415400
0.829835 69.812700
0.830039 58.273200
0.830243 61.071100
0.830446 10.064600
0.830650 42.731400
0.830854 51.333400
0.831058 25.649700
0.831261 8.336500
0.831465 42.806600
0.831669 29.924100
0.831873 36.258900
0.832077 15.699400
0.832280 30.120000
0.832484 45.124400
0.832688 31.508100
0.832892 32.979900
0.833096 51.109000
0.833299 62.111200
0.833503 36.003400
0.833707 48.985500
0.833911 9.212710
0.834115 28.946000
0.834318 68.664200
0.834522 35.339500
0.834726 25.747600
0.834930 37.028100
0.835133 57.355400
0.835337 64.879300
0.835541 8.708300
0.835745 51.797300
0.835949 9.197910
0.836152 68.969400
0.836356 91.737200
0.836560 66.140800
0.836764 32.528300
0.836968 50.208000
0.837171 21.756400
0.837375 28.972900
0.837579 59.029700
0.837783 58.913200
0.837987 9.510680
0.838190 44.335300
0.838394 11.008700
0.838598 41.182200
0.838802 53.016200
0.839006 43.832800
0.839209 29.445600
0.839413 32.322100
0.839617 12.626900
0.839821 41.562600
0.840024 37.616800
0.840228 6.939280
0.840432 19.485600
0.840636 60.188700
0.840840 18.757900
0.841043 57.023600
0.841247 49.007200
0.841451 48.707900
0.841655 37.988200
0.841859 33.874700
0.842062 24.055400
0.842266 75.586200
0.842470 38.549700
0.842674 43.265000
0.842878 61.141100
0.843081 55.640000
0.843285 73.415500
0.843489 59.306200
0.843693 59.228700
0.843896 73.197200
0.844100 16.311100
0.844304 7.502560
0.844508 33.736700
0.844712 42.543400
0.844915 51.986000
0.845119 22.367200
0.845323 56.280600
0.845527 12.984800
0.845731 40.349600
0.845934 27.944600
0.846138 19.982600
0.846342 48.440600
0.846546 10.166400
0.846750 75.999900
0.846953 38.916400
0.847157 54.308700
0.847361 46.311900
0.847565 39.104700
0.847768 68.956300
0.847972 31.692500
0.848176 2.175510
0.848380 39.831700
0.848584 83.977500
0.848787 62.949600
0.848991 74.429100
0.849195 44.669900
0.849399 6.926830
0.849603 24.570200
0.849806 9.168150
0.850010 42.497300
0.850214 8.706960
0.850418 13.351600
0.850622 55.755300
0.850825 43.073100
0.851029 29.963900
0.851233 62.272800
0.851437 51.036800
0.851641 48.683200
0.851844 63.315200
0.852048 29.498000
0.852252 20.641500
0.852456 50.401000
0.852659 57.006900
0.852863 31.578400
0.853067 41.303000
0.853271 32.218600
0.853475 54.053500
0.853678 61.595800
0.853882 60.179400
0.854086 27.648500
0.854290 32.724800
0.854494 49.869900
0.854697 29.704400
0.854901 65.135500
0.855105 52.336500
0.855309 85.338000
0.855513 9.517980
0.855716 32.393100
0.855920 25.010700
0.856124 69.120900
0.856328 51.052700
0.856531 3.595940
0.856735 22.428900
0.856939 28.467700
0.857143 40.121800
0.857347 53.550800
0.857550 76.513200
0.857754 32.599200
0.857958 67.433200
0.858162 84.306200
0.858366 49.030300
0.858569 26.999200
0.858773 43.194700
0.858977 24.544700
0.859181 28.667800
0.859385 49.019900
0.859588 17.691600
0.859792 55.741100
0.859996 25.753500
0.860200 11.234700
0.860404 58.229600
0.860607 12.838100
0.860811 30.121500
0.861015 19.533300
0.861219 47.232800
0.861422 52.530600
0.861626 17.874500
0.861830 60.652700
0.862034 50.090300
0.862238 30.063600
0.862441 62.733700
0.862645 37.008700
0.862849 41.573000
0.863053 54.012200
0.863257 84.269300
0.863460 16.576400
0.863664 29.364900
0.863868 52.643900
0.864072 58.472100
0.864276 26.062100
0.864479 34.416300
0.864683 71.465900
0.864887 28.942100
0.865091 39.698800
0.865294 57.247000
0.865498 5.808550
0.865702 27.192400
0.865906 27.609700
0.866110 67.644600
0.866313 44.055800
0.866517 10.658700
0.866721 46.192400
0.866925 71.266700
0.867129 52.841300
0.867332 51.102900
0.867536 31.975700
0.867740 31.035000
0.867944 21.597900
0.868148 43.108200
0.868351 33.889200
0.868555 41.565700
0.868759 2.921170
0.868963 53.649200
0.869166 9.541610
0.869370 20.990700
0.869574 46.750700
0.869778 29.228800
0.869982 7.766340
0.870185 24.812600
0.870389 52.186800
0.870593 4.070760
0.870797 61.503400
0.871001 36.823800
0.871204 47.482900
0.871408 22.856100
0.871612 44.231600
0.871816 51.620900
0.872020 48.291800
0.872223 12.358600
0.872427 51.000000
0.872631 4.230150
0.872835 28.380400
0.873039 41.721300
0.873242 51.508300
0.873446 44.257000
0.873650 24.165300
0.873854 35.896400
0.874057 78.318100
0.874261 60.368100
0.874465 40.642300
0.874669 63.276500
0.874873 26.225200
0.875076 64.522700
0.875280 48.541800
0.875484 51.608200
0.875688 35.154400
0.875892 52.591300
0.876095 37.306300
0.876299 47.851800
0.876503 66.536700
0.876707 33.288700
0.876911 44.176200
0.877114 64.538900
0.877318 22.053100
0.877522 39.936000
0.877726 26.474900
0.877929 50.147100
0.878133 32.711600
0.878337 27.549500
0.878541 11.758200
0.878745 34.371600
0.878948 26.639100
0.879152 39.160100
0.879356 79.543400
0.879560 87.741100
0.879764 42.825600
0.879967 21.636300
0.880171 45.895300
0.880375 27.001600
0.880579 20.915000
0.880783 41.741400
0.880986 76.712200
0.881190 59.891800
0.881394 51.965000
0.881598 69.332800
0.881802 74.961400
0.882005 17.330200
0.882209 56.919800
0.882413 69.494200
0.882617 68.586400
0.882820 52.627500
0.883024 33.535300
0.883228 25.689700
0.883432 59.789000
0.883636 53.961200
0.883839 50.033000
0.884043 28.056800
0.884247 60.687000
0.884451 78.825500
0.884655 27.363300
0.884858 27.091300
0.885062 46.505600
0.885266 20.852600
0.885470 44.146700
0.885674 42.088100
0.885877 50.015500
0.886081 20.568700
0.886285 53.252000
0.886489 68.664500
0.886692 70.976500
0.886896 21.703600
0.887100 53.875200
0.887304 38.210000
0.887508 36.592800
0.887711 25.044300
0.887915 48.133100
0.888119 33.227100
0.888323 4.927180
0.888527 18.180800
0.888730 24.701600
0.888934 83.787600
0.889138 34.905800
0.889342 58.731800
0.889546 36.497700
0.889749 24.646300
0.889953 39.740600
0.890157 50.229900
0.890361 36.406400
0.890564 33.767100
0.890768 64.517900
0.890972 43.716700
0.891176 69.779600
0.891380 29.705000
0.891583 38.792000
0.891787 29.917400
0.891991 13.600100
0.892195 56.639800
0.892399 54.081300
0.892602 22.595100
0.892806 59.549000
0.893010 35.209500
0.893214 60.755800
0.893418 46.501000
0.893621 19.991100
0.893825 67.531600
0.894029 36.746900
0.894233 64.343200
0.894437 95.602300
0.894640 28.536000
0.894844 50.814000
0.895048 64.616600
0.895252 46.477800
0.895455 34.716900
0.895659 69.263800
0.895863 23.391200
0.896067 5.973850
0.896271 59.219000
0.896474 33.110100
0.896678 41.999900
0.896882 30.249000
0.897086 37.128200
0.897290 62.786700
0.897493 6.526930
0.897697 68.936900
0.897901 29.255700
0.898105 27.034200
0.898309 26.330700
0.898512 52.368100
0.898716 26.920400
0.898920 34.911600
0.899124 47.561200
0.899327 61.878800
0.899531 22.513500
0.899735 82.633300
0.899939 48.469200
0.900143 57.826800
0.900346 52.998900
0.900550 46.907700
0.900754 50.815800
0.900958 62.739300
0.901162 46.678400
0.901365 51.412000
0.901569 61.058500
0.901773 46.670800
0.901977 53.905100
0.902181 79.910400
0.902384 33.984500
0.902588 61.251700
0.902792 36.068800
0.902996 58.156200
0.903200 50.088400
0.903403 48.320100
0.903607 33.782900
0.903811 64.802500
0.904015 8.124520
0.904218 58.480400
0.904422 66.153500
0.904626 24.723200
0.904830 26.534300
0.905034 21.008300
0.905237 31.066100
0.905441 57.864000
0.905645 46.561400
0.905849 10.131100
0.906053 36.532800
0.906256 84.132000
0.906460 78.593100
0.906664 31.158000
0.906868 32.654200
0.907072 52.735600
0.907275 21.371700
0.907479 41.674000
0.907683 39.530300
0.907887 94.494100
0.908090 49.463000
0.908294 54.338200
0.908498 72.294900
0.908702 50.583400
0.908906 44.756600
0.909109 37.118000
0.909313 44.225700
0.909517 48.325300
0.909721 32.019700
0.909925 31.377100
0.910128 57.261100
0.910332 53.596400
0.910536 25.333400
0.910740 41.691700
0.910944 21.952000
0.911147 22.864700
0.911351 44.556000
0.911555 28.069700
0.911759 27.964100
0.911963 77.644800
0.912166 50.247200
0.912370 65.214700
0.912574 51.950500
0.912778 23.789600
0.912981 40.446400
0.913185 38.385100
0.913389 33.775900
0.913593 9.379220
0.913797 66.581900
0.914000 23.636100
0.914204 82.320800
0.914408 15.787500
0.914612 24.276800
0.914816 91.535500
0.915019 49.876700
0.915223 9.276220
0.915427 31.773900
0.915631 18.498600
0.915835 36.960700
0.916038 28.939400
0.916242 38.864700
0.916446 31.005700
0.916650 37.590000
0.916853 18.101100
0.917057 36.707700
0.917261 39.042300
0.917465 23.928500
0.917669 43.007300
0.917872 76.752900
0.918076 19.311200
0.918280 22.212200
0.918484 9.116910
0.918688 49.857000
0.918891 34.182300
0.919095 21.416700
0.919299 55.851200
0.919503 95.319700
0.919707 72.323300
0.919910 64.680700
0.920114 31.229700
0.920318 51.043500
0.920522 97.547600
0.920725 22.852100
0.920929 63.034500
0.921133 42.200100
0.921337 86.903200
0.921541 38.788900
0.921744 67.104500
0.921948 54.533100
0.922152 30.477100
0.922356 54.737200
0.922560 31.998500
0.922763 63.127300
0.922967 42.751200
0.923171 36.748700
0.923375 8.109020
0.923579 64.099300
0.923782 36.796300
0.923986 8.865220
0.924190 51.272300
0.924394 31.395700
0.924598 35.801800
0.924801 86.747500
0.925005 34.499300
0.925209 10.443600
0.925413 48.711400
0.925616 6.992540
0.925820 35.125600
0.926024 9.968050
0.926228 46.845200
0.926432 23.308200
0.926635 45.523700
0.926839 19.352400
0.927043 37.453900
0.927247 52.541000
0.927451 71.335800
0.927654 34.847200
0.927858 64.163200
0.928062 34.449400
0.928266 49.446400
0.928470 14.410000
0.928673 7.896600
0.928877 9.920250
0.929081 52.008600
0.929285 23.139000
0.929488 86.980300
0.929692 14.340300
0.929896 59.989900
0.930100 29.399600
0.930304 82.669200
0.930507 29.217900
0.930711 26.788200
0.930915 57.924800
0.931119 38.146700
0.931323 9.366240
0.931526 69.200400
0.931730 11.009100
0.931934 34.486800
0.932138 26.081100
0.932342 10.031300
0.932545 82.882200
0.932749 9.407520
0.932953 15.636200
0.933157 10.061200
0.933361 52.689800
0.933564 40.648700
0.933768 85.570700
0.933972 28.423300
0.934176 87.332800
0.934379 25.084700
0.934583 48.171800
0.934787 34.165900
0.934991 83.836100
0.935195 30.869100
0.935398 61.874500
0.935602 23.307200
0.935806 26.750000
0.936010 49.941300
0.936214 66.828400
0.936417 17.970700
0.936621 27.457200
0.936825 46.937400
0.937029 54.826300
0.937233 54.790900
0.937436 34.583400
0.937640 3.063620
0.937844 12.414700
0.938048 47.895200
0.938251 43.171800
0.938455 59.942900
0.938659 47.906400
0.938863 75.139700
0.939067 59.135300
0.939270 78.628100
0.939474 64.876500
0.939678 39.520100
0.939882 48.658600
0.940086 51.151300
0.940289 25.687900
0.940493 57.508900
0.940697 46.188300
0.940901 59.222200
0.941105 53.811800
0.941308 35.985300
0.941512 20.714800
0.941716 42.303000
0.941920 52.087300
0.942123 36.665100
0.942327 38.391400
0.942531 28.289600
0.942735 39.126300
0.942939 30.147300
0.943142 68.679500
0.943346 31.598400
0.943550 90.786600
0.943754 25.362700
0.943958 33.637900
0.944161 22.294000
0.944365 83.230900
0.944569 54.703600
0.944773 30.085000
0.944977 79.681800
0.945180 45.337900
0.945384 93.117800
0.945588 53.938400
0.945792 30.077700
0.945996 48.497600
0.946199 57.045100
0.946403 59.233500
0.946607 42.154500
0.946811 23.419600
0.947014 75.847000
0.947218 42.300200
0.947422 84.322200
0.947626 36.429900
0.947830 29.729700
0.948033 56.125100
0.948237 55.766800
0.948441 26.846100
0.948645 76.386200
0.948849 38.498600
0.949052 62.701500
0.949256 51.119600
0.949460 30.241600
0.949664 26.322800
0.949868 23.579200
0.950071 23.412800
0.950275 55.922400
0.950479 1.741740
0.950683 24.973800
0.950886 88.303300
0.951090 22.559400
0.951294 47.365300
0.951498 40.292900
0.951702 27.703700
0.951905 35.931800
0.952109 35.800200
0.952313 47.395400
0.952517 53.183100
0.952721 64.611500
0.952924 63.057500
0.953128 63.421000
0.953332 12.490100
0.953536 57.233400
0.953740 38.485700
0.953943 35.847100
0.954147 43.153600
0.954351 27.470800
0.954555 44.634200
0.954759 56.723800
0.954962 58.938500
0.955166 49.175400
0.955370 50.407000
0.955574 75.804400
0.955777 51.345700
0.955981 57.202300
0.956185 42.684700
0.956389 27.089600
0.956593 49.110200
0.956796 49.025400
0.957000 23.633700
0.957204 41.635000
0.957408 13.639200
0.957612 32.586200
0.957815 19.233500
0.958019 40.531900
0.958223 35.335300
0.958427 22.874200
0.958631 59.245900
0.958834 28.385000
0.959038 27.089100
0.959242 35.992000
0.959446 42.424300
0.959649 49.821800
0.959853 31.738400
0.960057 48.012300
0.960261 77.712100
0.960465 9.336050
0.960668 63.531800
0.960872 33.063700
0.961076 40.900100
0.961280 44.385000
0.961484 63.225400
0.961687 29.512200
0.961891 44.477900
0.962095 27.417800
0.962299 40.088800
0.962503 51.393800
0.962706 78.845800
0.962910 42.380600
0.963114 80.640100
0.963318 28.517400
0.963521 22.757500
0.963725 43.787700
0.963929 30.864200
0.964133 45.881800
0.964337 73.820200
0.964540 39.883900
0.964744 32.620300
0.964948 38.656400
0.965152 52.031900
0.965356 16.748600
0.965559 9.702420
0.965763 49.931600
0.965967 55.152500
0.966171 31.094900
0.966375 38.810500
0.966578 7.340510
0.966782 50.874100
0.966986 71.489500
0.967190 35.244000
0.967394 86.540700
0.967597 46.630900
0.967801 22.901300
0.968005 49.072100
0.968209 21.872200
0.968412 11.109900
0.968616 87.222400
0.968820 64.422600
0.969024 45.472300
0.969228 40.733200
0.969431 7.251920
0.969635 83.972700
0.969839 33.274100
0.970043 50.530100
0.970247 37.547200
0.970450 24.812300
0.970654 30.739400
0.970858 34.382400
0.971062 50.977600
0.971266 57.868600
0.971469 21.649600
0.971673 31.863700
0.971877 32.681200
0.972081 51.584000
0.972284 76.083600
0.972488 60.335700
0.972692 78.946800
0.972896 65.724800
0.973100 79.922200
0.973303 64.392100
0.973507 50.177300
0.973711 24.312200
0.973915 73.297800
0.974119 50.367200
0.974322 63.386100
0.974526 13.655200
0.974730 35.443500
0.974934 93.252400
0.975138 16.185100
0.975341 71.188800
0.975545 40.587900
0.975749 7.621260
0.975953 28.410500
0.976157 83.037100
0.976360 91.351000
0.976564 57.658400
0.976768 68.408200
0.976972 50.820200
0.977175 52.489400
0.977379 68.266500
0.977583 43.413900
0.977787 33.149100
0.977991 82.327300
0.978194 1.962160
0.978398 27.236400
0.978602 58.686500
0.978806 30.870000
0.979010 74.269300
0.979213 9.387870
0.979417 26.545700
0.979621 13.578400
0.979825 48.968000
0.980029 59.219400
0.980232 76.457400
0.980436 32.958700
0.980640 21.615900
0.980844 32.056800
0.981047 48.888900
0.981251 17.608100
0.981455 44.708500
0.981659 52.062800
0.981863 17.795400
0.982066 49.196600
0.982270 63.938900
0.982474 41.126200
0.982678 25.990400
0.982882 64.113300
0.983085 28.408000
0.983289 41.588700
0.983493 32.359000
0.983697 31.276800
0.983901 11.636200
0.984104 48.560200
0.984308 50.816000
0.984512 22.739300
0.984716 45.614500
0.984920 51.945000
0.985123 36.353100
0.985327 40.847200
0.985531 30.703600
0.985735 10.173300
0.985938 8.447360
0.986142 40.666100
0.986346 7.076570
0.986550 43.819000
0.986754 39.738300
0.986957 48.625800
0.987161 74.813600
0.987365 55.979100
0.987569 94.551400
0.987773 30.096300
0.987976 88.848800
0.988180 9.460450
0.988384 52.918500
0.988588 30.145900
0.988792 68.477300
0.988995 43.691500
0.989199 71.514400
0.989403 48.741900
0.989607 27.694700
0.989810 8.141740
0.990014 14.146400
0.990218 35.405100
0.990422 14.581400
0.990626 24.523200
0.990829 31.319000
0.991033 17.978700
0.991237 17.927100
0.991441 20.306700
0.991645 7.136110
0.991848 20.598600
0.992052 55.449100
0.992256 37.627300
0.992460 29.654800
0.992664 34.234000
0.992867 37.014400
0.993071 80.080500
0.993275 43.275800
0.993479 31.576300
0.993682 23.060100
0.993886 37.946800
0.994090 72.086400
0.994294 64.662700
0.994498 86.321000
0.994701 40.502500
0.994905 46.048900
0.995109 71.252500
0.995313 60.884400
0.995517 29.371000
0.995720 88.022800
0.995924 22.248400
0.996128 60.483700
0.996332 28.059400
0.996536 94.546200
0.996739 48.079100
0.996943 27.214900
0.997147 44.260900
0.997351 21.409600
0.997555 42.238400
0.997758 39.626200
0.997962 47.785500
0.998166 17.665100
0.998370 93.055400
0.998573 49.936500
0.998777 31.823900
0.998981 61.785700
0.999185 2.416910
0.999389 70.653500
0.999592 47.755700
0.999796 11.319700
1.000000 8.948550
